2167.90482 14.280 0.005
2190.86203 14.949 0.005
2193.82642 15.003 0.005
2202.82570 15.079 0.005
2215.77895 14.965 0.005
2221.85710 14.859 0.005
2224.82699 14.822 0.005
2227.73782 14.802 0.005
2229.74359 14.779 0.005
2231.71184 14.768 0.005
2233.68011 14.745 0.005
2237.59949 14.742 0.005
2239.66051 14.724 0.005
2241.75215 14.698 0.005
2243.82242 14.678 0.005
2248.67918 14.583 0.005
2250.76815 14.536 0.005
2252.73751 14.465 0.005
2254.72859 14.389 0.005
2257.73256 14.288 0.005
2260.75430 14.191 0.005
2265.78691 14.014 0.005
2266.77749 13.979 0.005
2270.80353 13.887 0.005
2272.65307 13.837 0.005
2274.78046 13.805 0.005
2276.83838 13.784 0.005
2278.79523 13.777 0.005
2280.77797 13.780 0.005
2282.77519 13.780 0.005
2289.83767 13.834 0.005
2291.82371 13.848 0.005
2293.79260 13.875 0.005
2295.81646 13.898 0.005
2297.80254 13.930 0.005
2300.82759 13.973 0.005
2302.78881 13.986 0.005
2315.71261 14.142 0.005
2324.57896 14.273 0.005
2328.56087 14.330 0.005
2340.55075 14.481 0.005
2373.50334 14.450 0.005
2385.56646 14.353 0.005
2534.89892 14.264 0.005
2539.90607 14.214 0.005
2545.87325 14.170 0.005
2557.83404 13.949 0.005
2561.83211 13.897 0.005
2565.83351 13.867 0.005
2574.79571 13.856 0.005
2578.85212 13.855 0.005
2584.74790 13.889 0.005
2590.82553 13.942 0.005
2596.83197 14.017 0.005
2606.72846 14.195 0.005
2609.83706 14.262 0.005
2614.80014 14.375 0.005
2619.67618 14.498 0.005
2621.80414 14.549 0.005
2624.70114 14.627 0.005
2629.82222 14.763 0.005
2632.71633 14.807 0.005
2635.81684 14.849 0.005
2638.81004 14.861 0.005
2641.77821 14.859 0.005
2643.78146 14.866 0.005
2645.78017 14.851 0.005
2647.70917 14.827 0.005
2650.78790 14.775 0.005
2653.66303 14.714 0.005
2655.71975 14.649 0.005
2657.65456 14.612 0.005
2659.80838 14.562 0.005
2660.71862 14.539 0.005
2662.72624 14.494 0.005
2664.74005 14.454 0.005
2666.79391 14.413 0.005
2668.82014 14.385 0.005
2675.81248 14.319 0.005
2677.79950 14.327 0.005
2679.81815 14.317 0.005
2682.73741 14.312 0.005
2687.64032 14.287 0.005
2692.58317 14.247 0.005
2697.52955 14.155 0.005
2702.52835 14.067 0.005
2708.55716 13.981 0.005
2724.52705 13.900 0.005
2871.91850 13.979 0.005
2884.87815 13.970 0.005
2890.90012 13.977 0.005
2896.85279 13.992 0.005
2902.78739 14.029 0.005
2911.89592 14.113 0.005
2917.79943 14.173 0.005
2923.80161 14.253 0.005
2926.85467 14.290 0.005
2931.78314 14.343 0.005
2934.82354 14.369 0.005
2940.80394 14.415 0.005
2943.80813 14.429 0.005
2947.81663 14.438 0.005
2950.73060 14.431 0.005
2954.75384 14.414 0.005
2956.79939 14.393 0.005
2958.84402 14.384 0.005
2962.83825 14.358 0.005
2965.84739 14.324 0.005
2967.78719 14.304 0.005
2970.84116 14.268 0.005
2974.77916 14.226 0.005
2976.66866 14.211 0.005
2979.65208 14.182 0.005
2981.67339 14.190 0.005
2983.78531 14.163 0.005
2985.82798 14.147 0.005
2987.72672 14.132 0.005
2989.66941 14.125 0.005
2991.74165 14.112 0.005
2993.74935 14.092 0.005
2995.82457 14.071 0.005
2997.79352 14.047 0.005
2998.74105 14.044 0.005
3000.74351 14.020 0.005
3002.74133 14.007 0.005
3004.73430 13.995 0.005
3006.72727 13.979 0.005
3008.74174 13.963 0.005
3010.78814 13.953 0.005
3011.80449 13.948 0.005
3016.73815 13.963 0.005
3018.76858 13.989 0.005
3020.83229 14.005 0.005
3021.85726 14.021 0.005
3023.71821 14.023 0.005
3025.68988 14.051 0.005
3027.73533 14.081 0.005
3029.72018 14.111 0.005
3031.79058 14.137 0.005
3034.62189 14.185 0.005
3036.65226 14.218 0.005
3039.59417 14.275 0.005
3042.70171 14.339 0.005
3044.64115 14.371 0.005
3046.62718 14.408 0.005
3047.72948 14.423 0.005
3048.66057 14.443 0.005
3049.68410 14.453 0.005
3051.65348 14.490 0.005
3053.62869 14.510 0.005
3055.64574 14.557 0.005
3057.67087 14.576 0.005
3059.61547 14.605 0.005
3061.60778 14.619 0.005
3066.57738 14.650 0.005
3068.60525 14.657 0.005
3070.67559 14.673 0.005
3073.69389 14.675 0.005
3076.61763 14.675 0.005
3079.60232 14.686 0.005
3082.68666 14.687 0.005
3085.58645 14.684 0.005
3088.54675 14.666 0.005
3091.52966 14.640 0.005
3100.50915 14.480 0.005
3103.52740 14.447 0.005
3106.54865 14.420 0.005
3109.53430 14.412 0.005
3112.58975 14.409 0.005
3116.56781 14.417 0.005
3127.56502 14.345 0.005
3133.52551 14.254 0.005
3223.92374 14.980 0.005
3242.87460 14.747 0.005
3249.92197 14.604 0.005
3258.90930 14.515 0.005
3264.87550 14.505 0.005
3271.82324 14.506 0.005
3274.82725 14.477 0.005
3278.90017 14.432 0.005
3282.80683 14.332 0.005
3287.83136 14.117 0.005
3295.78907 13.951 0.005
3301.84258 13.860 0.005
3305.75159 13.804 0.005
3307.77641 13.789 0.005
3309.81285 13.793 0.005
3311.80645 13.795 0.005
3320.86991 13.807 0.005
3327.82230 13.864 0.005
3330.79837 13.897 0.005
3336.65079 13.980 0.005
3339.83394 14.023 0.005
3350.76674 14.223 0.005
3353.82293 14.267 0.005
3357.76363 14.363 0.005
3360.74037 14.430 0.005
3365.85977 14.555 0.005
3373.82386 14.712 0.005
3378.75068 14.750 0.005
3394.63385 14.500 0.005
3395.80663 14.472 0.005
3399.78759 14.397 0.005
3403.77468 14.347 0.005
3408.69788 14.291 0.005
3413.54404 14.266 0.005
3418.60641 14.218 0.005
3427.57394 14.144 0.005
3434.52580 14.110 0.005
3440.54999 14.092 0.005
3447.51920 14.045 0.005
3456.54479 14.015 0.005
3469.49968 13.977 0.005
3478.49224 13.985 0.005
3601.90264 13.969 0.005
3619.90534 14.074 0.005
3630.78674 14.250 0.005
3636.84414 14.358 0.005
3640.79405 14.448 0.005
3651.82787 14.673 0.005
3654.87405 14.708 0.005
3658.83774 14.764 0.005
3665.85669 14.773 0.005
3670.82628 14.736 0.005
3673.83656 14.692 0.005
3676.83668 14.660 0.005
3685.77604 14.533 0.005
3687.86276 14.503 0.005
3690.78472 14.483 0.005
3693.82032 14.461 0.005
3695.85144 14.459 0.005
3698.84107 14.466 0.005
3701.71003 14.458 0.005
3703.79382 14.463 0.005
3705.85801 14.454 0.005
3708.84571 14.464 0.005
3712.80329 14.455 0.005
3715.76897 14.439 0.005
3718.70477 14.417 0.005
3720.85457 14.397 0.005
3724.77216 14.301 0.005
3728.75020 14.171 0.005
3731.81329 14.069 0.005
3733.67601 14.019 0.005
3735.66388 13.960 0.005
3737.82240 13.911 0.005
3740.78577 13.865 0.005
3745.82831 13.787 0.005
3747.83109 13.782 0.005
3749.77840 13.770 0.005
3751.79226 13.769 0.005
3753.74165 13.775 0.005
3755.74168 13.780 0.005
3757.73144 13.799 0.005
3759.82172 13.820 0.005
3763.69381 13.858 0.005
3766.71036 13.886 0.005
3770.73795 13.959 0.005
3773.76916 14.005 0.005
3776.74353 14.057 0.005
3783.61079 14.190 0.005
3788.58505 14.293 0.005
3793.59060 14.398 0.005
3801.52641 14.530 0.005
3811.51713 14.665 0.005
3826.50218 14.630 0.005
3958.90229 14.535 0.005
3965.86196 14.552 0.005
3970.88201 14.567 0.005
3982.83277 14.572 0.005
3993.78542 14.577 0.005
3999.87695 14.542 0.005
4003.75285 14.500 0.005
4006.77397 14.464 0.005
4008.79488 14.432 0.005
4013.80647 14.314 0.005
4019.80764 14.131 0.005
4024.80066 13.992 0.005
4026.86965 13.946 0.005
4029.81398 13.888 0.005
4032.85059 13.850 0.005
4039.68282 13.814 0.005
4041.75653 13.813 0.005
4043.76152 13.809 0.005
4046.85468 13.824 0.005
4049.72479 13.836 0.005
4052.78617 13.852 0.005
4056.83146 13.887 0.005
4059.72618 13.924 0.005
4064.79641 14.003 0.005
4066.79375 14.041 0.005
4069.74686 14.091 0.005
4071.67482 14.128 0.005
4076.74702 14.233 0.005
4079.78851 14.292 0.005
4082.83641 14.348 0.005
4084.80165 14.384 0.005
4086.82675 14.411 0.005
4103.66237 14.654 0.005
4106.58318 14.672 0.005
4111.80551 14.672 0.005
4117.74612 14.615 0.005
4121.72842 14.569 0.005
4127.67473 14.470 0.005
4132.76369 14.406 0.005
4143.55098 14.318 0.005
4157.54974 14.298 0.005
4169.50694 14.110 0.005
4198.53673 13.838 0.005
4343.86960 13.926 0.005
4348.83845 13.932 0.005
4353.86982 13.963 0.005
4358.82182 13.999 0.005
4364.90817 14.062 0.005
4367.88201 14.089 0.005
4371.77633 14.135 0.005
4373.85967 14.163 0.005
4378.76306 14.230 0.005
4381.75126 14.279 0.005
4386.86911 14.348 0.005
4390.83110 14.399 0.005
4394.87770 14.441 0.005
4399.80541 14.491 0.005
4408.71036 14.511 0.005
4412.79275 14.503 0.005
4423.74309 14.454 0.005
4427.74519 14.434 0.005
4430.74846 14.433 0.005
4433.76606 14.425 0.005
4437.76401 14.440 0.005
4440.70821 14.429 0.005
4443.80071 14.438 0.005
4449.77164 14.415 0.005
4451.80725 14.389 0.005
4455.77261 14.303 0.005
4457.80385 14.257 0.005
4459.77108 14.207 0.005
4463.76780 14.129 0.005
4465.78459 14.074 0.005
4468.74881 14.011 0.005
4470.70435 13.989 0.005
4473.74752 13.957 0.005
4476.76851 13.921 0.005
4482.80939 13.884 0.005
4485.79975 13.865 0.005
4490.64698 13.853 0.005
4494.71302 13.860 0.005
4498.73686 13.879 0.005
4501.73419 13.916 0.005
4506.66821 13.981 0.005
4508.69507 13.995 0.005
4509.75918 14.009 0.005
4512.72930 14.063 0.005
4518.66949 14.176 0.005
4521.71006 14.233 0.005
4523.68911 14.281 0.005
4525.65371 14.324 0.005
4531.63742 14.419 0.005
4537.68209 14.492 0.005
4539.60137 14.516 0.005
4542.51879 14.553 0.005
4545.61618 14.555 0.005
4547.58418 14.563 0.005
4552.61740 14.574 0.005
4559.60163 14.543 0.005
4568.56980 14.481 0.005
4575.54675 14.430 0.005
4589.50909 14.420 0.005
4616.48101 14.010 0.005
4685.89954 14.614 0.005
4699.86271 14.667 0.005
4708.92199 14.599 0.005
4720.86028 14.480 0.005
4725.80078 14.465 0.005
4729.90169 14.455 0.005
4734.87479 14.468 0.005
4749.75768 14.352 0.005
4753.83766 14.235 0.005
4757.84057 14.138 0.005
4760.86281 14.074 0.005
4765.87541 13.999 0.005
4769.77145 13.955 0.005
4772.80356 13.941 0.005
4775.82120 13.918 0.005
4777.83466 13.910 0.005
4782.68460 13.922 0.005
4784.78466 13.930 0.005
4789.69344 13.952 0.005
4793.69973 13.985 0.005
4796.74633 14.014 0.005
4798.69359 14.030 0.005
4801.65949 14.052 0.005
4803.70501 14.078 0.005
4805.80539 14.092 0.005
4808.73993 14.128 0.005
4810.79996 14.158 0.005
4813.78076 14.198 0.005
4815.76454 14.235 0.005
4817.76201 14.261 0.005
4819.77108 14.299 0.005
4822.75089 14.344 0.005
4824.76892 14.385 0.005
4826.78180 14.410 0.005
4833.78460 14.512 0.005
4835.79514 14.532 0.005
4837.79425 14.565 0.005
4839.74558 14.563 0.005
4841.80992 14.564 0.005
4843.80977 14.567 0.005
4846.79965 14.558 0.005
4848.82953 14.540 0.005
4852.78609 14.475 0.005
4854.78755 14.439 0.005
4856.79408 14.415 0.005
4861.74915 14.325 0.005
4867.71314 14.250 0.005
4869.68207 14.232 0.005
4871.68977 14.220 0.005
4875.67570 14.206 0.005
4877.70079 14.208 0.005
4879.70751 14.214 0.005
4882.72624 14.223 0.005
4885.68812 14.233 0.005
4889.64615 14.231 0.005
4902.64453 14.130 0.005
4911.66329 13.960 0.005
4915.58246 13.910 0.005
4919.58768 13.868 0.005
4925.60037 13.842 0.005
4929.56760 13.846 0.005
4932.60273 13.839 0.005
4935.58062 13.851 0.005
4939.58747 13.851 0.005
4944.54969 13.910 0.005
4949.54663 13.960 0.005
