2187.83173 13.747 0.006
2194.79678 13.761 0.006
2206.80518 13.822 0.006
2215.85040 13.883 0.006
2225.73139 13.950 0.006
2227.80590 13.960 0.006
2229.81183 13.971 0.006
2231.78023 13.974 0.006
2233.74836 13.974 0.006
2237.66795 13.965 0.006
2239.72874 13.970 0.006
2241.83712 13.969 0.006
2244.70015 13.960 0.006
2249.81241 13.948 0.006
2251.66669 13.944 0.006
2253.83122 13.942 0.006
2255.63971 13.944 0.006
2257.84928 13.955 0.006
2260.83616 13.965 0.006
2262.80109 13.986 0.006
2265.83503 13.992 0.006
2266.71941 14.002 0.006
2270.75104 14.033 0.006
2272.77299 14.048 0.006
2274.82830 14.068 0.006
2276.66671 14.082 0.006
2279.65776 14.112 0.006
2281.83300 14.146 0.006
2283.67718 14.164 0.006
2288.83294 14.223 0.006
2290.84107 14.227 0.006
2292.84930 14.248 0.006
2294.81739 14.262 0.006
2298.85407 14.295 0.006
2303.78427 14.346 0.006
2315.76814 14.487 0.006
2329.52847 14.598 0.006
2335.54537 14.613 0.006
2341.54420 14.554 0.006
2349.50328 14.445 0.006
2391.56521 13.808 0.006
2548.88495 14.456 0.006
2553.84558 14.403 0.006
2558.76598 14.322 0.006
2562.77920 14.256 0.006
2566.81380 14.149 0.006
2576.79556 13.914 0.006
2579.79427 13.853 0.006
2586.83367 13.794 0.006
2591.80163 13.753 0.006
2598.77885 13.739 0.006
2606.80806 13.751 0.006
2610.70587 13.765 0.006
2615.74234 13.796 0.006
2619.74865 13.810 0.006
2622.70129 13.823 0.006
2625.68605 13.825 0.006
2628.67840 13.829 0.006
2630.68941 13.838 0.006
2632.83692 13.847 0.006
2636.78683 13.865 0.006
2639.70320 13.884 0.006
2642.78094 13.908 0.006
2644.77692 13.931 0.006
2646.76540 13.953 0.006
2649.78776 13.970 0.006
2651.80812 13.994 0.006
2653.83539 14.023 0.006
2655.86524 14.032 0.006
2658.73800 14.034 0.006
2660.79929 14.060 0.006
2662.79751 14.086 0.006
2667.59428 14.106 0.006
2672.64020 14.128 0.006
2675.77879 14.162 0.006
2677.81400 14.187 0.006
2679.83253 14.207 0.006
2683.64682 14.210 0.006
2688.62603 14.270 0.006
2693.62060 14.324 0.006
2697.60361 14.379 0.006
2703.51170 14.447 0.006
2709.55629 14.510 0.006
2727.50548 14.643 0.006
2877.86993 14.302 0.006
2894.87342 14.390 0.006
2899.87512 14.398 0.006
2905.78279 14.450 0.006
2908.84129 14.453 0.006
2912.86419 14.475 0.006
2917.88017 14.500 0.006
2923.88245 14.510 0.006
2927.78428 14.515 0.006
2931.86312 14.492 0.006
2935.75663 14.469 0.006
2941.71702 14.415 0.006
2944.74809 14.377 0.006
2948.71140 14.318 0.006
2951.76671 14.278 0.006
2954.83873 14.226 0.006
2957.78603 14.154 0.006
2961.80977 14.078 0.006
2964.75718 14.013 0.006
2966.83637 13.962 0.006
2968.79754 13.930 0.006
2971.74586 13.880 0.006
2975.68778 13.812 0.006
2977.80906 13.799 0.006
2979.72819 13.785 0.006
2980.85175 13.772 0.006
2981.71788 13.760 0.006
2983.84968 13.757 0.006
2985.76145 13.756 0.006
2987.80426 13.746 0.006
2989.74498 13.730 0.006
2991.81762 13.736 0.006
2992.80616 13.735 0.006
2994.83018 13.731 0.006
2997.83972 13.739 0.006
2999.82024 13.738 0.006
3001.81968 13.749 0.006
3003.78808 13.758 0.006
3005.74944 13.762 0.006
3007.77183 13.768 0.006
3009.76577 13.780 0.006
3011.82029 13.808 0.006
3013.79170 13.806 0.006
3016.81360 13.819 0.006
3017.79924 13.814 0.006
3019.75303 13.838 0.006
3020.87678 13.838 0.006
3023.79186 13.856 0.006
3025.79478 13.865 0.006
3027.81544 13.868 0.006
3029.79811 13.879 0.006
3032.64689 13.889 0.006
3034.72896 13.910 0.006
3036.72500 13.917 0.006
3039.66696 13.925 0.006
3041.75642 13.934 0.006
3043.70262 13.937 0.006
3045.76523 13.949 0.006
3046.70044 13.960 0.006
3047.74444 13.963 0.006
3048.73337 13.966 0.006
3050.73052 13.987 0.006
3054.73281 14.006 0.006
3056.71970 14.015 0.006
3057.68600 14.027 0.006
3059.65951 14.038 0.006
3062.56149 14.063 0.006
3066.65019 14.089 0.006
3069.64549 14.110 0.006
3071.57869 14.135 0.006
3074.59197 14.156 0.006
3076.69616 14.180 0.006
3079.69650 14.207 0.006
3083.56654 14.247 0.006
3085.66450 14.285 0.006
3088.62237 14.298 0.006
3091.62624 14.329 0.006
3097.55207 14.398 0.006
3100.58784 14.416 0.006
3103.59805 14.442 0.006
3106.62470 14.496 0.006
3110.58222 14.525 0.006
3114.54077 14.540 0.006
3125.53188 14.484 0.006
3132.51128 14.420 0.006
3224.91951 13.789 0.006
3244.89371 13.988 0.006
3245.92438 13.998 0.006
3250.85472 14.046 0.006
3260.90661 14.183 0.006
3265.90456 14.252 0.006
3271.89674 14.338 0.006
3274.89981 14.370 0.006
3279.85335 14.429 0.006
3283.71497 14.474 0.006
3295.86259 14.600 0.006
3300.71823 14.616 0.006
3302.74068 14.657 0.006
3305.82417 14.654 0.006
3307.84902 14.654 0.006
3310.67548 14.658 0.006
3315.76690 14.658 0.006
3321.78623 14.623 0.006
3324.77649 14.595 0.006
3329.62632 14.544 0.006
3335.67210 14.442 0.006
3340.71780 14.340 0.006
3350.84801 14.146 0.006
3352.85882 14.106 0.006
3356.84739 14.047 0.006
3359.73984 14.005 0.006
3366.78023 13.938 0.006
3375.81786 13.871 0.006
3378.83067 13.881 0.006
3385.60396 13.890 0.006
3394.76849 13.890 0.006
3402.79977 13.849 0.006
3405.54434 13.832 0.006
3410.66070 13.806 0.006
3416.56765 13.789 0.006
3425.53382 13.801 0.006
3432.56356 13.826 0.006
3438.52258 13.872 0.006
3448.55433 14.000 0.006
3458.52377 14.147 0.006
3607.92184 13.828 0.006
3625.87565 13.858 0.006
3630.87250 13.897 0.006
3638.82370 13.940 0.006
3640.87348 13.949 0.006
3652.77815 14.066 0.006
3655.81714 14.119 0.006
3659.80092 14.153 0.006
3663.76429 14.210 0.006
3670.84115 14.314 0.006
3673.74607 14.346 0.006
3681.80505 14.463 0.006
3685.86429 14.509 0.006
3688.79618 14.552 0.006
3690.85727 14.583 0.006
3693.86484 14.622 0.006
3696.80139 14.669 0.006
3699.81416 14.708 0.006
3702.67490 14.743 0.006
3704.77186 14.744 0.006
3706.84559 14.766 0.006
3711.83418 14.785 0.006
3714.63580 14.741 0.006
3717.78507 14.685 0.006
3722.84026 14.588 0.006
3726.79221 14.526 0.006
3730.79087 14.477 0.006
3733.75654 14.417 0.006
3735.79947 14.375 0.006
3738.77224 14.308 0.006
3740.83583 14.261 0.006
3743.80809 14.180 0.006
3747.60233 14.061 0.006
3749.82239 14.007 0.006
3751.83766 13.965 0.006
3753.80166 13.933 0.006
3755.81452 13.903 0.006
3758.79646 13.861 0.006
3761.81135 13.854 0.006
3764.76286 13.825 0.006
3766.78290 13.811 0.006
3771.69229 13.774 0.006
3774.68377 13.779 0.006
3777.64335 13.768 0.006
3780.65242 13.788 0.006
3784.57639 13.783 0.006
3789.54261 13.803 0.006
3795.54468 13.830 0.006
3802.54301 13.845 0.006
3813.51571 13.863 0.006
3831.49178 13.811 0.006
3959.92435 13.833 0.006
3966.85011 13.767 0.006
3973.85937 13.717 0.006
3982.90610 13.727 0.006
3990.85068 13.793 0.006
4002.88880 13.886 0.006
4003.79552 13.888 0.006
4006.84501 13.911 0.006
4008.86583 13.921 0.006
4013.87790 13.963 0.006
4021.80165 13.987 0.006
4024.87219 14.009 0.006
4027.77658 14.024 0.006
4030.71110 14.047 0.006
4036.76575 14.102 0.006
4039.75387 14.114 0.006
4041.82761 14.127 0.006
4045.73434 14.160 0.006
4047.71272 14.165 0.006
4050.66811 14.171 0.006
4052.85718 14.200 0.006
4057.76930 14.236 0.006
4060.70870 14.265 0.006
4065.79278 14.306 0.006
4068.76278 14.326 0.006
4070.80853 14.347 0.006
4074.86379 14.383 0.006
4078.81523 14.414 0.006
4082.74621 14.465 0.006
4084.81633 14.477 0.006
4086.84142 14.509 0.006
4096.67604 14.621 0.006
4103.84031 14.702 0.006
4106.68716 14.720 0.006
4112.84382 14.732 0.006
4120.81089 14.629 0.006
4124.79666 14.561 0.006
4128.67472 14.477 0.006
4141.71274 14.112 0.006
4158.55154 13.752 0.006
4170.51010 13.634 0.006
4343.91247 14.385 0.006
4348.91365 14.214 0.006
4354.84164 14.031 0.006
4361.86896 13.848 0.006
4365.86258 13.729 0.006
4369.83402 13.641 0.006
4372.82204 13.601 0.006
4378.80567 13.547 0.006
4382.76307 13.555 0.006
4387.76500 13.569 0.006
4391.76642 13.615 0.006
4396.80281 13.655 0.006
4400.81084 13.706 0.006
4408.82242 13.808 0.006
4415.83211 13.913 0.006
4423.85218 14.031 0.006
4428.70723 14.082 0.006
4430.81993 14.121 0.006
4433.85098 14.150 0.006
4437.77849 14.186 0.006
4440.78352 14.211 0.006
4444.72862 14.240 0.006
4449.84320 14.265 0.006
4452.80562 14.285 0.006
4455.82052 14.279 0.006
4458.82773 14.277 0.006
4462.83321 14.288 0.006
4465.84476 14.292 0.006
4467.80976 14.299 0.006
4472.75787 14.317 0.006
4479.79272 14.340 0.006
4483.85469 14.356 0.006
4487.85084 14.369 0.006
4493.61914 14.375 0.006
4497.81214 14.380 0.006
4500.68507 14.400 0.006
4503.58792 14.392 0.006
4506.75419 14.400 0.006
4508.70895 14.408 0.006
4510.75256 14.392 0.006
4519.71966 14.362 0.006
4522.58190 14.330 0.006
4524.69083 14.323 0.006
4531.65217 14.240 0.006
4534.68176 14.206 0.006
4536.68280 14.171 0.006
4539.61772 14.143 0.006
4542.61914 14.103 0.006
4545.65965 14.066 0.006
4551.57902 13.963 0.006
4560.57007 13.819 0.006
4568.58947 13.714 0.006
4576.48841 13.657 0.006
4591.49937 13.693 0.006
4686.91753 14.523 0.006
4700.88557 14.411 0.006
4709.88769 14.272 0.006
4721.85083 14.123 0.006
4725.87203 14.090 0.006
4729.85650 14.032 0.006
4740.87041 13.982 0.006
4741.78438 13.986 0.006
4749.80487 14.030 0.006
4754.83345 14.057 0.006
4758.76793 14.057 0.006
4761.80269 14.069 0.006
4766.83572 14.064 0.006
4769.84248 14.017 0.006
4773.73467 13.993 0.006
4776.67567 13.950 0.006
4778.76397 13.924 0.006
4782.75615 13.883 0.006
4786.80710 13.827 0.006
4789.74048 13.810 0.006
4792.67106 13.792 0.006
4795.84162 13.776 0.006
4796.86145 13.776 0.006
4799.79521 13.766 0.006
4801.72783 13.782 0.006
4804.69635 13.793 0.006
4806.74941 13.813 0.006
4808.82942 13.834 0.006
4811.66862 13.872 0.006
4813.85209 13.890 0.006
4815.83619 13.921 0.006
4817.83924 13.945 0.006
4819.84854 13.971 0.006
4820.81900 13.982 0.006
4822.81055 14.008 0.006
4824.84012 14.049 0.006
4831.69685 14.156 0.006
4835.82243 14.235 0.006
4837.80906 14.244 0.006
4839.84420 14.298 0.006
4842.78842 14.340 0.006
4846.84316 14.411 0.006
4850.82010 14.476 0.006
4853.83452 14.525 0.006
4862.63101 14.623 0.006
4865.77128 14.680 0.006
4868.78106 14.730 0.006
4870.75371 14.753 0.006
4874.70377 14.780 0.006
4876.71717 14.808 0.006
4877.75816 14.834 0.006
4882.75303 14.853 0.006
4883.58004 14.865 0.006
4886.57304 14.848 0.006
4890.64717 14.894 0.006
4901.55966 14.774 0.006
4904.62696 14.734 0.006
4915.60576 14.523 0.006
4920.64128 14.379 0.006
4927.59670 14.235 0.006
4931.60397 14.171 0.006
4934.56759 14.111 0.006
4938.55553 14.040 0.006
4941.54512 13.997 0.006
4945.56197 13.952 0.006
4949.56014 13.931 0.006
4955.53723 13.928 0.006
