2166.89225 14.654 0.006
2173.81269 14.884 0.006
2189.88410 15.107 0.006
2192.78709 15.120 0.006
2201.79989 15.036 0.006
2212.83157 14.831 0.006
2217.81638 14.745 0.006
2223.83622 14.664 0.006
2228.85320 14.658 0.006
2232.78651 14.660 0.006
2234.78069 14.653 0.006
2238.74437 14.664 0.006
2240.86054 14.646 0.006
2242.86646 14.631 0.006
2248.75405 14.583 0.006
2251.71599 14.516 0.006
2253.80009 14.472 0.006
2255.67502 14.395 0.006
2261.69529 14.114 0.006
2269.80975 13.838 0.006
2271.75714 13.798 0.006
2273.84220 13.767 0.006
2274.62533 13.755 0.006
2276.69820 13.727 0.006
2278.63250 13.721 0.006
2280.63070 13.711 0.006
2282.63927 13.701 0.006
2289.77292 13.697 0.006
2291.78101 13.701 0.006
2293.74677 13.707 0.006
2295.76867 13.704 0.006
2297.76198 13.718 0.006
2299.80255 13.717 0.006
2303.69283 13.748 0.006
2327.52137 14.047 0.006
2332.55426 14.147 0.006
2333.51831 14.162 0.006
2339.50649 14.288 0.006
2347.50118 14.443 0.006
2402.49504 14.338 0.006
2524.89092 14.736 0.006
2537.89084 15.083 0.006
2542.85382 15.190 0.006
2556.79377 15.327 0.006
2559.84196 15.301 0.006
2563.88722 15.215 0.006
2564.80994 15.176 0.006
2578.73633 14.845 0.006
2583.77184 14.782 0.006
2589.81418 14.708 0.006
2596.70245 14.708 0.006
2605.70369 14.476 0.006
2609.69443 14.275 0.006
2614.62929 14.094 0.006
2620.81492 13.959 0.006
2623.78582 13.914 0.006
2627.65087 13.848 0.006
2629.67440 13.816 0.006
2631.69437 13.793 0.006
2634.72217 13.769 0.006
2635.59458 13.757 0.006
2637.79365 13.754 0.006
2639.61953 13.743 0.006
2641.68471 13.745 0.006
2643.69350 13.742 0.006
2645.68323 13.751 0.006
2647.64093 13.751 0.006
2650.85606 13.754 0.006
2653.62253 13.766 0.006
2655.73580 13.764 0.006
2657.58850 13.773 0.006
2659.60350 13.785 0.006
2661.82147 13.797 0.006
2665.84044 13.824 0.006
2668.59044 13.855 0.006
2670.59556 13.877 0.006
2672.58214 13.898 0.006
2674.60353 13.924 0.006
2676.58998 13.960 0.006
2678.65893 14.013 0.006
2680.58846 14.035 0.006
2682.63699 14.079 0.006
2686.63153 14.160 0.006
2695.61388 14.401 0.006
2700.56799 14.517 0.006
2706.58679 14.677 0.006
2713.55186 14.844 0.006
2840.92954 13.585 0.006
2868.86931 14.038 0.006
2885.83428 14.511 0.006
2892.86389 14.680 0.006
2897.83323 14.777 0.006
2903.87901 14.819 0.006
2906.88217 14.854 0.006
2911.76200 14.811 0.006
2916.80605 14.712 0.006
2922.79596 14.529 0.006
2925.88447 14.422 0.006
2930.79710 14.287 0.006
2933.84145 14.208 0.006
2939.84975 14.107 0.006
2942.79937 14.067 0.006
2944.84379 14.034 0.006
2946.84569 13.994 0.006
2948.86215 13.952 0.006
2952.83623 13.898 0.006
2956.67549 13.879 0.006
2958.70219 13.861 0.006
2962.71307 13.825 0.006
2965.73217 13.788 0.006
2967.83170 13.765 0.006
2970.79706 13.740 0.006
2974.73486 13.709 0.006
2976.76957 13.691 0.006
2978.73338 13.662 0.006
2980.68969 13.637 0.006
2982.64912 13.616 0.006
2984.69968 13.589 0.006
2986.77778 13.573 0.006
2988.74706 13.570 0.006
2990.61923 13.558 0.006
2992.76977 13.549 0.006
2994.61602 13.533 0.006
2995.62563 13.551 0.006
2997.63461 13.527 0.006
2999.75431 13.530 0.006
3001.72547 13.528 0.006
3003.69963 13.528 0.006
3005.69041 13.521 0.006
3007.70484 13.526 0.006
3009.70288 13.536 0.006
3011.67221 13.539 0.006
3013.67545 13.552 0.006
3017.68584 13.585 0.006
3019.61342 13.592 0.006
3023.59453 13.635 0.006
3024.79557 13.652 0.006
3026.79189 13.679 0.006
3028.80382 13.704 0.006
3031.66579 13.750 0.006
3033.72975 13.788 0.006
3035.73609 13.824 0.006
3038.71447 13.890 0.006
3041.58263 13.954 0.006
3043.61805 14.011 0.006
3045.65168 14.063 0.006
3047.60577 14.108 0.006
3049.61138 14.161 0.006
3051.57867 14.206 0.006
3053.57379 14.263 0.006
3055.57292 14.319 0.006
3057.59777 14.373 0.006
3060.62026 14.449 0.006
3064.62457 14.538 0.006
3067.68158 14.606 0.006
3070.52990 14.663 0.006
3073.59656 14.703 0.006
3075.64578 14.745 0.006
3078.56588 14.784 0.006
3082.55527 14.778 0.006
3084.63217 14.760 0.006
3087.59386 14.708 0.006
3090.55047 14.617 0.006
3093.55805 14.561 0.006
3099.49243 14.388 0.006
3102.51922 14.313 0.006
3108.53629 14.209 0.006
3112.50665 14.163 0.006
3116.49494 14.155 0.006
3126.50065 14.118 0.006
3144.51599 13.869 0.006
3241.88819 14.579 0.006
3247.92105 14.677 0.006
3256.89960 14.820 0.006
3263.87451 14.808 0.006
3268.89005 14.780 0.006
3273.86534 14.692 0.006
3277.85456 14.582 0.006
3281.84468 14.510 0.006
3287.70623 14.354 0.006
3289.85839 14.305 0.006
3296.86162 14.152 0.006
3301.71263 14.058 0.006
3303.88162 14.022 0.006
3306.85628 13.969 0.006
3308.87309 13.942 0.006
3311.68342 13.882 0.006
3320.72620 13.723 0.006
3327.69525 13.693 0.006
3338.80191 13.718 0.006
3350.62821 13.800 0.006
3354.63391 13.820 0.006
3358.68738 13.832 0.006
3361.78766 13.851 0.006
3363.74260 13.859 0.006
3367.69641 13.885 0.006
3372.71485 13.924 0.006
3378.62756 13.973 0.006
3382.60575 14.025 0.006
3391.69047 14.149 0.006
3395.68651 14.225 0.006
3399.66259 14.297 0.006
3402.67948 14.356 0.006
3404.61005 14.410 0.006
3408.56067 14.498 0.006
3412.60612 14.588 0.006
3416.58953 14.673 0.006
3424.59259 14.844 0.006
3430.56698 14.934 0.006
3437.50516 15.022 0.006
3445.50987 14.953 0.006
3453.53165 14.804 0.006
3462.50689 14.535 0.006
3582.91346 14.453 0.006
3589.92025 14.673 0.006
3617.90570 15.136 0.006
3629.84537 14.832 0.006
3634.81078 14.668 0.006
3639.86367 14.534 0.006
3641.85457 14.520 0.006
3650.84992 14.412 0.006
3653.87777 14.352 0.006
3657.83102 14.277 0.006
3661.81488 14.192 0.006
3666.81111 14.082 0.006
3671.83949 13.927 0.006
3675.82654 13.812 0.006
3683.84767 13.707 0.006
3687.74041 13.677 0.006
3689.84090 13.661 0.006
3692.76472 13.657 0.006
3694.77967 13.651 0.006
3696.72213 13.655 0.006
3699.72467 13.651 0.006
3701.77579 13.661 0.006
3703.86295 13.664 0.006
3706.81353 13.677 0.006
3711.68721 13.699 0.006
3713.70093 13.710 0.006
3716.80009 13.731 0.006
3719.78099 13.744 0.006
3725.77266 13.811 0.006
3727.74747 13.828 0.006
3730.64276 13.877 0.006
3732.66727 13.901 0.006
3734.76527 13.938 0.006
3736.78162 13.976 0.006
3737.67018 13.995 0.006
3739.76923 14.045 0.006
3742.59217 14.087 0.006
3745.70368 14.163 0.006
3747.73324 14.211 0.006
3749.61605 14.252 0.006
3751.72018 14.316 0.006
3753.59179 14.349 0.006
3755.62933 14.411 0.006
3757.66221 14.486 0.006
3759.72642 14.531 0.006
3762.71474 14.626 0.006
3765.73329 14.704 0.006
3770.57479 14.830 0.006
3773.58217 14.912 0.006
3776.58122 14.995 0.006
3779.57122 15.069 0.006
3782.62095 15.078 0.006
3787.54580 15.083 0.006
3791.59302 15.065 0.006
3799.51754 14.906 0.006
3806.52255 14.681 0.006
3821.49549 14.301 0.006
3945.92011 14.850 0.006
3963.91496 15.158 0.006
3969.84684 15.076 0.006
3975.89687 14.957 0.006
3981.82610 14.801 0.006
3995.87651 14.598 0.006
4001.82964 14.594 0.006
4005.80750 14.564 0.006
4007.81156 14.560 0.006
4011.80732 14.504 0.006
4018.80319 14.420 0.006
4023.83533 14.341 0.006
4026.74171 14.285 0.006
4028.87787 14.213 0.006
4031.76558 14.132 0.006
4037.87472 13.980 0.006
4040.84165 13.936 0.006
4042.85735 13.909 0.006
4046.73237 13.865 0.006
4048.82194 13.847 0.006
4052.66409 13.821 0.006
4053.86171 13.815 0.006
4056.70857 13.817 0.006
4058.64666 13.811 0.006
4063.64070 13.826 0.006
4066.63851 13.830 0.006
4069.70411 13.835 0.006
4071.63272 13.841 0.006
4076.70498 13.894 0.006
4079.71767 13.927 0.006
4083.63459 13.992 0.006
4085.65056 14.019 0.006
4092.81719 14.141 0.006
4104.83677 14.402 0.006
4112.68870 14.560 0.006
4117.67755 14.657 0.006
4121.65357 14.708 0.006
4124.73641 14.743 0.006
4129.74899 14.790 0.006
4142.60797 14.719 0.006
4150.59641 14.567 0.006
4155.50971 14.427 0.006
4166.53855 14.151 0.006
4196.48804 13.644 0.006
4341.86409 14.779 0.006
4347.81398 14.748 0.006
4351.85945 14.742 0.006
4357.86804 14.718 0.006
4363.79654 14.704 0.006
4366.84711 14.697 0.006
4369.88763 14.662 0.006
4372.79055 14.621 0.006
4376.88095 14.540 0.006
4379.88738 14.447 0.006
4383.89154 14.306 0.006
4386.74852 14.218 0.006
4388.88645 14.180 0.006
4393.75948 14.096 0.006
4398.83573 14.055 0.006
4403.84215 14.040 0.006
4411.77109 14.036 0.006
4411.83279 14.029 0.006
4418.72195 14.057 0.006
4422.81854 14.090 0.006
4429.74978 14.162 0.006
4432.68669 14.191 0.006
4436.72608 14.242 0.006
4439.79182 14.299 0.006
4443.66151 14.361 0.006
4448.81548 14.454 0.006
4451.65571 14.504 0.006
4455.65451 14.602 0.006
4457.71001 14.635 0.006
4460.74011 14.702 0.006
4464.70278 14.778 0.006
4467.69529 14.840 0.006
4471.69699 14.922 0.006
4476.66404 14.966 0.006
4480.66382 15.049 0.006
4484.74281 15.086 0.006
4488.66533 15.089 0.006
4493.66748 15.033 0.006
4498.64612 14.960 0.006
4501.63917 14.919 0.006
4506.57726 14.798 0.006
4508.58727 14.760 0.006
4510.66613 14.710 0.006
4516.61586 14.528 0.006
4519.68229 14.446 0.006
4521.53105 14.414 0.006
4524.51623 14.361 0.006
4530.59565 14.274 0.006
4532.62394 14.258 0.006
4537.58559 14.189 0.006
4540.63289 14.139 0.006
4544.59072 14.055 0.006
4547.53325 13.998 0.006
4556.54895 13.872 0.006
4561.52644 13.814 0.006
4568.48110 13.824 0.006
4575.50398 13.884 0.006
4592.50121 13.988 0.006
4600.48470 14.052 0.006
4682.90859 15.098 0.006
4691.91693 14.936 0.006
4704.92230 14.807 0.006
4719.84493 14.620 0.006
4724.79116 14.472 0.006
4727.88168 14.402 0.006
4733.88797 14.243 0.006
4747.86966 13.871 0.006
4752.82893 13.810 0.006
4756.83811 13.784 0.006
4760.71611 13.763 0.006
4762.84480 13.763 0.006
4768.82275 13.765 0.006
4771.86508 13.788 0.006
4775.69845 13.810 0.006
4777.71300 13.817 0.006
4781.67638 13.855 0.006
4783.83059 13.892 0.006
4788.76016 13.953 0.006
4791.77067 14.007 0.006
4794.74207 14.047 0.006
4797.72327 14.103 0.006
4800.68480 14.057 0.006
4802.79807 14.210 0.006
4804.82249 14.263 0.006
4805.84529 14.280 0.006
4807.80031 14.318 0.006
4809.83809 14.359 0.006
4812.68714 14.419 0.006
4814.70324 14.458 0.006
4816.70010 14.501 0.006
4818.75610 14.538 0.006
4820.73364 14.559 0.006
4823.76001 14.601 0.006
4825.83353 14.644 0.006
4832.83245 14.707 0.006
4835.66365 14.747 0.006
4837.72143 14.728 0.006
4840.68706 14.703 0.006
4842.67180 14.696 0.006
4844.67093 14.674 0.006
4847.73795 14.657 0.006
4849.73483 14.630 0.006
4852.74368 14.576 0.006
4854.71956 14.523 0.006
4856.71511 14.476 0.006
4865.68094 14.312 0.006
4867.67069 14.287 0.006
4870.68391 14.234 0.006
4873.71459 14.194 0.006
4875.68642 14.171 0.006
4877.60847 14.140 0.006
4879.66515 14.118 0.006
4884.67760 14.033 0.006
4888.56520 13.955 0.006
4902.60152 13.657 0.006
4911.61085 13.647 0.006
4919.54505 13.661 0.006
4925.55549 13.671 0.006
4929.52684 13.682 0.006
4932.56217 13.683 0.006
4936.52623 13.694 0.006
4938.52480 13.700 0.006
4942.54108 13.726 0.006
4949.50936 13.781 0.006
