 455.69959 15.611 0.006
 456.68072 15.599 0.008
 456.79026 15.593 0.006
 457.64119 15.570 0.006
 457.69981 15.572 0.006
 457.81709 15.576 0.006
 458.67362 15.555 0.006
 459.63696 15.555 0.006
 459.84261 15.547 0.006
 461.64554 15.503 0.006
 461.77376 15.506 0.006
 462.60231 15.494 0.006
 465.75347 15.424 0.006
 466.84106 15.392 0.006
 468.77000 15.341 0.006
 469.77891 15.318 0.006
 470.79680 15.282 0.006
 472.81472 15.247 0.006
 473.73042 15.210 0.006
 475.57526 15.160 0.006
 477.79283 15.098 0.006
 478.79854 15.085 0.006
 479.79879 15.072 0.006
 480.63526 15.047 0.006
 481.53310 15.023 0.006
 482.82578 15.008 0.006
 483.53123 14.986 0.006
 484.52941 14.975 0.006
 485.53399 14.964 0.006
 486.52615 14.940 0.006
 487.55355 14.937 0.006
 488.56593 14.921 0.006
 489.52600 14.912 0.006
 490.53467 14.904 0.006
 491.53622 14.904 0.006
 492.52138 14.892 0.006
 493.52452 14.895 0.006
 494.51948 14.891 0.006
 494.77896 14.884 0.006
 495.52157 14.887 0.006
 496.51674 14.871 0.006
 496.73314 14.878 0.006
 498.51607 14.865 0.006
 499.77850 14.834 0.006
 500.77599 14.829 0.006
 501.54053 14.815 0.006
 507.52672 14.785 0.006
 508.56934 14.785 0.006
 509.52390 14.769 0.006
 510.55460 14.761 0.006
 510.71983 14.752 0.006
 511.61923 14.744 0.006
 512.55356 14.761 0.006
 513.53769 14.751 0.006
 513.64949 14.734 0.006
 514.51732 14.749 0.006
 514.61280 14.728 0.006
 515.51398 14.714 0.006
 516.51748 14.715 0.006
 517.51703 14.706 0.006
 518.55388 14.694 0.006
 519.50693 14.687 0.006
 519.65644 14.686 0.006
 519.73427 14.682 0.006
 520.67318 14.685 0.006
 521.50910 14.686 0.006
 521.64663 14.697 0.006
 521.71041 14.689 0.006
 523.51435 14.693 0.006
 524.49985 14.671 0.006
 524.53989 14.668 0.006
 525.56305 14.664 0.006
 526.50321 14.677 0.006
 526.59894 14.657 0.006
 527.49801 14.640 0.006
 528.55781 14.662 0.006
 530.53774 14.632 0.006
 530.63535 14.639 0.006
 531.51079 14.631 0.006
 531.60980 14.631 0.006
 532.49941 14.642 0.006
 533.49843 14.644 0.006
 533.62432 14.635 0.006
 534.50769 14.642 0.006
 535.51207 14.630 0.006
 536.66112 14.611 0.006
 540.49929 14.630 0.006
 552.61106 14.706 0.006
 554.52541 14.749 0.006
 558.51846 14.805 0.006
 560.54082 14.826 0.006
 561.48134 14.837 0.006
 562.47337 14.869 0.006
 564.48231 14.896 0.006
 573.47319 15.023 0.006
 673.82752 15.328 0.006
 689.85375 14.987 0.006
 699.79981 14.913 0.006
 701.79706 14.905 0.006
 704.83886 14.881 0.006
 706.78517 14.880 0.006
 707.83852 14.895 0.006
 715.80440 14.839 0.006
 720.78448 14.824 0.006
 722.81494 14.799 0.006
 726.77295 14.770 0.006
 728.81272 14.756 0.006
 729.86754 14.730 0.006
 733.76840 14.724 0.006
 741.86320 14.627 0.006
 744.86867 14.622 0.006
 745.71034 14.623 0.006
 747.77735 14.627 0.006
 748.73148 14.635 0.006
 751.71467 14.653 0.006
 755.67495 14.702 0.006
 759.78806 14.750 0.006
 760.76454 14.764 0.006
 761.84951 14.775 0.006
 765.79110 14.820 0.006
 769.78190 14.892 0.006
 774.78845 14.961 0.006
 778.77182 15.035 0.006
 780.84259 15.065 0.006
 781.77667 15.074 0.006
 783.82565 15.130 0.006
 788.78774 15.208 0.006
 789.74416 15.228 0.006
 792.78421 15.271 0.006
 795.84592 15.327 0.006
 796.84660 15.359 0.006
 797.84410 15.373 0.006
 798.84115 15.389 0.006
 805.76652 15.521 0.008
 816.70889 15.699 0.008
 817.81513 15.714 0.008
 818.85106 15.739 0.008
 819.84509 15.729 0.008
 822.77328 15.794 0.008
 825.73253 15.837 0.008
 827.64306 15.839 0.008
 828.82762 15.866 0.008
 829.66212 15.854 0.009
 830.79350 15.855 0.008
 831.63874 15.882 0.009
 832.71490 15.918 0.008
 833.54000 15.904 0.009
 834.76208 15.905 0.009
 837.80706 15.920 0.008
 839.59391 15.911 0.008
 841.81591 15.940 0.008
 842.78108 15.930 0.009
 844.64914 15.919 0.009
 850.67018 15.918 0.009
 854.73094 15.873 0.009
 856.73754 15.847 0.009
 858.61884 15.800 0.009
 860.76549 15.770 0.009
 864.70495 15.667 0.008
 875.60060 15.405 0.006
 880.51762 15.355 0.006
 887.60848 15.319 0.006
 892.68184 15.291 0.006
 895.50421 15.250 0.006
 897.50297 15.238 0.006
 918.49781 14.995 0.006
 922.48630 14.958 0.006
 928.50485 14.919 0.006
 931.52729 14.894 0.006
 934.49946 14.884 0.006
 947.53196 14.837 0.006
 950.50187 14.803 0.006
 952.49353 14.789 0.006
1053.92286 15.893 0.008
1068.81366 15.796 0.009
1069.80458 15.747 0.008
1071.80338 15.705 0.009
1077.82995 15.562 0.008
1083.77912 15.438 0.008
1088.84794 15.328 0.006
1092.88049 15.260 0.006
1102.77230 15.088 0.006
1106.82933 15.056 0.006
1112.81083 15.060 0.006
1116.78708 15.072 0.006
1126.68688 15.076 0.006
1128.83966 15.049 0.006
1131.85028 15.031 0.006
1132.78418 15.025 0.006
1136.81753 14.989 0.006
1142.70979 14.943 0.006
1151.80437 14.903 0.006
1154.81225 14.915 0.006
1157.80553 14.914 0.006
1160.83903 14.927 0.006
1163.78047 14.947 0.006
1166.81443 14.973 0.006
1169.79497 15.002 0.006
1171.84342 15.029 0.006
1174.76976 15.035 0.006
1175.85106 15.047 0.006
1179.84506 15.094 0.006
1183.73987 15.110 0.006
1185.85462 15.136 0.006
1187.81017 15.159 0.006
1189.83319 15.174 0.006
1191.83859 15.198 0.006
1194.74595 15.245 0.006
1196.62647 15.299 0.008
1201.76115 15.374 0.008
1204.74679 15.418 0.008
1207.63961 15.497 0.008
1211.72001 15.564 0.008
1214.61313 15.651 0.008
1217.66654 15.696 0.008
1219.72235 15.745 0.009
1223.59067 15.859 0.009
1226.68337 15.948 0.009
1228.65717 15.967 0.010
1231.59862 16.035 0.009
1234.67615 16.110 0.009
1239.69685 16.160 0.010
1241.71346 16.191 0.010
1243.52044 16.198 0.010
1245.60515 16.219 0.010
1247.70457 16.232 0.010
1248.67227 16.226 0.010
1254.52375 16.179 0.010
1259.51615 16.112 0.010
1264.51036 16.059 0.010
1267.52952 15.983 0.010
1273.53570 15.921 0.009
1275.51469 15.902 0.009
1278.54725 15.869 0.009
1288.49203 15.740 0.009
1290.62175 15.728 0.009
1298.53329 15.619 0.008
1301.53858 15.594 0.008
1306.47984 15.546 0.008
1312.47275 15.458 0.008
1316.48810 15.399 0.006
1319.52871 15.346 0.006
1327.45939 15.313 0.010
1330.46572 15.297 0.008
1331.46849 15.322 0.006
1332.46393 15.287 0.008
1333.46951 15.277 0.008
1335.46591 15.289 0.006
1338.49545 15.281 0.008
1342.46520 15.268 0.006
1395.91498 15.326 0.008
1400.90082 15.376 0.008
1412.91115 15.536 0.008
1415.92049 15.586 0.009
1430.87524 15.920 0.009
1432.87246 15.957 0.009
1435.77641 16.021 0.010
1437.77012 16.088 0.010
1440.81660 16.142 0.009
1443.85963 16.174 0.010
1446.89180 16.236 0.011
1448.78285 16.248 0.011
1454.82862 16.288 0.011
1458.81849 16.289 0.011
1459.84592 16.292 0.010
1462.75726 16.276 0.010
1470.79760 16.197 0.009
1475.79728 16.136 0.009
1477.68184 16.085 0.009
1479.72271 16.076 0.009
1484.73838 16.004 0.009
1487.76409 15.966 0.008
1491.69221 15.913 0.009
1493.84413 15.891 0.009
1494.73771 15.882 0.009
1497.79358 15.827 0.008
1499.70138 15.790 0.009
1502.69666 15.719 0.008
1503.84657 15.691 0.008
1505.73710 15.635 0.008
1507.80826 15.604 0.008
1510.78434 15.550 0.008
1512.74338 15.516 0.008
1514.85459 15.485 0.008
1515.70871 15.476 0.008
1517.74038 15.469 0.006
1518.84532 15.454 0.006
1521.69948 15.426 0.006
1523.64653 15.416 0.008
1525.75053 15.416 0.006
1527.74327 15.411 0.006
1528.82238 15.416 0.006
1529.68657 15.408 0.008
1531.80392 15.407 0.006
1538.76015 15.374 0.006
1542.68406 15.347 0.006
1544.72671 15.343 0.006
1547.79905 15.334 0.006
1548.77678 15.355 0.006
1549.79554 15.346 0.006
1552.69463 15.348 0.006
1553.77034 15.340 0.006
1554.78554 15.335 0.006
1555.77255 15.325 0.006
1561.56573 15.329 0.006
1562.77196 15.346 0.006
1564.66083 15.337 0.006
1567.61836 15.358 0.006
1570.58554 15.390 0.006
1573.62582 15.399 0.006
1576.61120 15.431 0.006
1579.67413 15.449 0.006
1581.72579 15.484 0.009
1583.72469 15.481 0.008
1585.65984 15.494 0.008
1588.61001 15.513 0.008
1591.68774 15.530 0.008
1593.59138 15.534 0.008
1595.71208 15.552 0.008
1599.68436 15.596 0.008
1600.69793 15.584 0.008
1604.54859 15.607 0.008
1606.52330 15.607 0.008
1609.62392 15.646 0.008
1610.58678 15.641 0.008
1611.65740 15.659 0.008
1613.56339 15.674 0.008
1615.50969 15.688 0.008
1617.50913 15.701 0.008
1619.53165 15.723 0.009
1621.50420 15.740 0.008
1623.50263 15.768 0.009
1625.50461 15.788 0.008
1627.50476 15.797 0.008
1629.54967 15.821 0.008
1630.55852 15.841 0.009
1632.50505 15.856 0.008
1634.54517 15.884 0.009
1635.61662 15.888 0.009
1643.53662 15.954 0.009
1645.49378 15.997 0.009
1650.55196 16.010 0.011
1653.54940 16.062 0.010
1655.52306 16.046 0.010
1657.51446 16.059 0.010
1660.53965 16.059 0.010
1662.49055 16.071 0.009
1664.50536 16.055 0.009
1667.55909 16.035 0.009
1671.48847 15.964 0.009
1676.49320 15.915 0.009
1690.49716 15.681 0.009
1768.91418 15.419 0.006
1769.84664 15.424 0.006
1771.87687 15.428 0.008
1773.89973 15.456 0.006
1775.91980 15.465 0.008
1789.90133 15.565 0.006
1790.86332 15.578 0.006
1803.89280 15.673 0.008
1809.81887 15.711 0.008
1812.84213 15.738 0.008
1814.85696 15.756 0.008
1818.84984 15.786 0.008
1822.84226 15.848 0.009
1828.86742 15.889 0.008
1829.83865 15.902 0.009
1830.85212 15.913 0.009
1834.89105 15.941 0.013
1846.86857 15.980 0.008
1850.79820 16.002 0.009
1855.84030 16.043 0.009
1859.76633 16.043 0.009
1863.74808 16.014 0.009
1865.80276 16.005 0.008
1867.77170 15.957 0.008
1869.74510 15.940 0.008
1870.77545 15.914 0.008
1871.85961 15.911 0.008
1873.81930 15.874 0.008
2167.89750 15.611 0.006
2193.81977 16.066 0.008
2202.81910 16.209 0.008
2215.77230 16.343 0.009
2221.85050 16.382 0.009
2224.82039 16.377 0.009
2227.73123 16.395 0.009
2229.73699 16.393 0.009
2231.70525 16.358 0.009
2233.67352 16.370 0.009
2239.65392 16.302 0.009
2241.74559 16.263 0.009
2243.81060 16.270 0.009
2248.67259 16.214 0.008
2250.76154 16.159 0.009
2252.73094 16.149 0.008
2254.72198 16.122 0.008
2257.72599 16.075 0.008
2260.74771 16.019 0.008
2265.78032 15.909 0.008
2266.77086 15.873 0.008
2270.79693 15.804 0.006
2272.64649 15.732 0.006
2274.77385 15.656 0.006
2276.83178 15.599 0.006
2278.78864 15.565 0.006
2280.77139 15.518 0.006
2282.76859 15.482 0.006
2289.83105 15.395 0.006
2291.81709 15.391 0.006
2293.78598 15.382 0.006
2295.80986 15.368 0.006
2297.79592 15.381 0.006
2300.82096 15.381 0.006
2302.78220 15.390 0.006
2315.70598 15.418 0.006
2324.57165 15.375 0.006
2328.55351 15.357 0.006
2334.54673 15.327 0.006
2340.54339 15.324 0.006
2373.49593 15.658 0.008
2385.55905 15.839 0.008
2534.89158 15.189 0.006
2539.89872 15.213 0.006
2545.86657 15.274 0.006
2553.75872 15.366 0.006
2557.82675 15.411 0.006
2561.82482 15.464 0.006
2565.82690 15.500 0.006
2574.78911 15.612 0.008
2578.84550 15.662 0.006
2584.74129 15.765 0.008
2590.81826 15.866 0.008
2596.82469 15.980 0.009
2606.72122 16.173 0.008
2609.82979 16.229 0.010
2614.79653 16.304 0.009
2619.67257 16.381 0.009
2621.80053 16.382 0.009
2624.69755 16.403 0.009
2627.78884 16.399 0.011
2629.81564 16.396 0.010
2632.70973 16.386 0.009
2635.81028 16.335 0.009
2638.80344 16.266 0.009
2641.77163 16.231 0.009
2643.77785 16.213 0.008
2645.77357 16.178 0.008
2647.70258 16.138 0.008
2650.78428 16.123 0.009
2653.65642 16.111 0.009
2655.71314 16.109 0.008
2657.64795 16.090 0.008
2659.80174 16.089 0.009
2660.71202 16.085 0.008
2662.71797 16.071 0.008
2664.73341 16.052 0.009
2666.78728 16.037 0.008
2668.77880 16.027 0.008
2675.80586 15.921 0.006
2679.81153 15.840 0.008
2682.73375 15.765 0.008
2687.63312 15.633 0.008
2692.57596 15.503 0.006
2697.52231 15.390 0.006
2702.52116 15.296 0.006
2708.54992 15.187 0.006
2724.51978 15.159 0.006
2871.91126 16.175 0.009
2884.87090 15.774 0.008
2890.89288 15.671 0.008
2896.84555 15.623 0.006
2902.78017 15.563 0.006
2911.88873 15.509 0.006
2917.79225 15.467 0.006
2923.79440 15.457 0.006
2926.84750 15.433 0.006
2931.77599 15.429 0.006
2934.81641 15.428 0.006
2940.79679 15.476 0.006
2943.80097 15.500 0.006
2947.80951 15.548 0.006
2950.72347 15.573 0.006
2954.74673 15.611 0.008
2956.79228 15.636 0.006
2958.83688 15.666 0.008
2962.83114 15.719 0.006
2965.84033 15.749 0.006
2967.78008 15.745 0.008
2970.83404 15.785 0.006
2974.77207 15.810 0.006
2976.66156 15.836 0.008
2979.64497 15.884 0.008
2981.66632 15.874 0.010
2983.77312 15.907 0.008
2985.82085 15.930 0.008
2987.71959 15.945 0.008
2989.66228 15.969 0.008
2991.73452 15.983 0.008
2993.74225 16.003 0.008
2995.81747 16.029 0.008
2997.78638 16.049 0.008
2998.73390 16.067 0.008
3000.73640 16.103 0.009
3002.72432 16.120 0.008
3004.72721 16.158 0.008
3006.72017 16.163 0.008
3008.73461 16.197 0.008
3010.78106 16.236 0.009
3011.79738 16.242 0.009
3016.73103 16.304 0.009
3018.76143 16.356 0.009
3020.82518 16.388 0.009
3023.71112 16.390 0.009
3025.68275 16.406 0.008
3027.72819 16.407 0.009
3029.71305 16.396 0.009
3031.78341 16.405 0.010
3034.61476 16.367 0.008
3036.64513 16.351 0.009
3039.58702 16.335 0.009
3042.69455 16.285 0.009
3044.63399 16.241 0.009
3046.61997 16.204 0.009
3047.72231 16.158 0.009
3048.65340 16.170 0.008
3049.67696 16.149 0.008
3051.64628 16.101 0.008
3053.62151 16.051 0.008
3055.63855 16.023 0.008
3057.66369 15.972 0.008
3059.60833 15.921 0.006
3061.60059 15.871 0.008
3066.57018 15.731 0.008
3068.59806 15.683 0.008
3070.66839 15.640 0.008
3073.68668 15.567 0.006
3076.61042 15.532 0.006
3079.58947 15.506 0.006
3082.67946 15.489 0.006
3085.57924 15.473 0.006
3088.53951 15.460 0.006
3091.52239 15.450 0.006
3096.57090 15.426 0.006
3100.50190 15.393 0.006
3103.52014 15.349 0.006
3106.54140 15.326 0.006
3109.52701 15.294 0.006
3112.58248 15.268 0.006
3116.56055 15.246 0.006
3127.55769 15.243 0.006
3133.51819 15.284 0.006
3223.91645 16.420 0.010
3242.86735 16.384 0.009
3249.91474 16.238 0.009
3264.86829 15.915 0.006
3271.81605 15.747 0.008
3274.82004 15.710 0.008
3278.89301 15.671 0.006
3282.78520 15.632 0.006
3287.82416 15.573 0.006
3295.78192 15.545 0.006
3301.83545 15.504 0.006
3305.74445 15.488 0.006
3307.76930 15.482 0.006
3309.80572 15.471 0.006
3311.79936 15.463 0.006
3320.86277 15.465 0.006
3327.81521 15.485 0.006
3330.79127 15.481 0.006
3336.64368 15.500 0.006
3339.82214 15.516 0.006
3350.75967 15.593 0.006
3353.81587 15.620 0.006
3357.75653 15.634 0.006
3360.73326 15.659 0.006
3365.85269 15.706 0.006
3373.81676 15.780 0.008
3378.74355 15.854 0.006
3394.62670 15.991 0.008
3395.79948 16.028 0.008
3399.78044 16.033 0.008
3403.76754 16.056 0.008
3408.69072 16.125 0.008
3413.53695 16.181 0.008
3417.63082 16.195 0.008
3427.58121 16.283 0.009
3434.51868 16.259 0.008
3440.54283 16.201 0.008
3447.51203 15.956 0.008
3456.53758 15.741 0.006
3469.49247 15.545 0.006
3478.48500 15.482 0.006
3601.89545 16.069 0.008
3619.89816 16.070 0.008
3630.77954 16.041 0.008
3636.83699 16.006 0.008
3640.78690 16.011 0.006
3651.82076 15.930 0.006
3654.86697 15.876 0.006
3658.83065 15.776 0.008
3661.87639 15.723 0.006
3665.84960 15.638 0.006
3670.81920 15.563 0.006
3673.82948 15.516 0.006
3676.82962 15.447 0.006
3685.76898 15.395 0.006
3687.85572 15.383 0.006
3690.77765 15.380 0.006
3693.81328 15.379 0.006
3695.84438 15.350 0.006
3698.83404 15.364 0.006
3701.70299 15.349 0.006
3703.78678 15.356 0.006
3705.85097 15.371 0.006
3708.83870 15.361 0.006
3712.79625 15.427 0.006
3715.76191 15.439 0.006
3718.69773 15.465 0.006
3720.84751 15.485 0.006
3724.76512 15.547 0.006
3728.74315 15.596 0.006
3731.80622 15.656 0.006
3733.66898 15.695 0.006
3735.65683 15.719 0.006
3737.81535 15.768 0.006
3740.77871 15.807 0.006
3742.78923 15.841 0.008
3745.82126 15.888 0.006
3747.82404 15.918 0.008
3749.77133 15.932 0.008
3751.78518 15.969 0.008
3753.73457 16.003 0.006
3755.73465 16.008 0.008
3757.72438 16.036 0.006
3759.81466 16.068 0.008
3763.68668 16.103 0.006
3766.70328 16.115 0.008
3770.73083 16.117 0.008
3773.76209 16.141 0.008
3776.73644 16.176 0.009
3783.60371 16.173 0.008
3788.57792 16.138 0.008
3793.58347 16.128 0.008
3801.51924 16.090 0.008
3811.50995 16.100 0.008
3826.49496 16.138 0.008
3958.88503 16.067 0.009
3965.85482 16.146 0.008
3970.87493 16.185 0.008
3982.82569 16.261 0.008
3999.86991 16.177 0.008
4003.74581 16.142 0.006
4006.76695 16.107 0.006
4008.78786 16.084 0.006
4013.79947 16.008 0.008
4019.80063 16.005 0.006
4024.79368 15.962 0.006
4026.86268 16.030 0.008
4029.80703 16.057 0.008
4032.84360 16.054 0.008
4039.67585 16.058 0.008
4041.74955 16.019 0.008
4043.75457 16.029 0.008
4046.84772 15.993 0.008
4049.71784 15.986 0.006
4052.77918 15.937 0.006
4056.82447 15.894 0.006
4059.71922 15.869 0.006
4064.78772 15.831 0.006
4066.78682 15.805 0.006
4069.73993 15.778 0.006
4071.66789 15.777 0.006
4076.74007 15.744 0.006
4079.78157 15.720 0.006
4082.82945 15.717 0.006
4084.79473 15.685 0.006
4086.81977 15.676 0.006
4103.65542 15.583 0.006
4106.57619 15.582 0.006
4111.79855 15.633 0.006
4117.73915 15.700 0.006
4121.71710 15.720 0.008
4127.66775 15.777 0.006
4132.75669 15.844 0.008
4143.54394 16.001 0.008
4157.54270 16.191 0.009
4168.57699 16.343 0.009
4198.52959 16.652 0.011
4343.86249 15.916 0.008
4348.83137 16.009 0.008
4353.86273 16.093 0.008
4358.81475 16.183 0.009
4364.90110 16.289 0.009
4367.87495 16.329 0.009
4370.89664 16.383 0.010
4373.85261 16.424 0.009
4378.75605 16.501 0.010
4381.74423 16.530 0.011
4386.86211 16.591 0.010
4390.82409 16.643 0.010
4394.87069 16.674 0.010
4399.79841 16.733 0.011
4408.70341 16.719 0.011
4412.78579 16.649 0.010
4423.73615 16.464 0.009
4427.73820 16.362 0.009
4430.74152 16.260 0.009
4433.75908 16.165 0.009
4437.75704 16.012 0.009
4440.70129 15.935 0.008
4443.79373 15.869 0.008
4449.76467 15.763 0.008
4451.80028 15.762 0.008
4455.76567 15.741 0.008
4457.79690 15.745 0.008
4459.76412 15.732 0.008
4463.76085 15.751 0.006
4465.77761 15.738 0.006
4468.74187 15.734 0.006
4470.69740 15.742 0.006
4473.74056 15.747 0.008
4476.76152 15.729 0.006
4482.80240 15.734 0.008
4485.79275 15.699 0.008
4490.63999 15.662 0.008
4494.70605 15.607 0.008
4498.73026 15.587 0.006
4501.72762 15.548 0.006
4506.66162 15.504 0.006
4508.68848 15.502 0.006
4509.75259 15.488 0.006
4512.72230 15.479 0.006
4518.66249 15.473 0.008
4521.70303 15.503 0.006
4523.68205 15.522 0.008
4525.64666 15.546 0.006
4531.63038 15.631 0.006
4534.55926 15.679 0.006
4537.67504 15.729 0.006
4539.59433 15.764 0.008
4542.51171 15.810 0.008
4545.60905 15.881 0.008
4547.57711 15.916 0.008
4552.61028 16.025 0.008
4559.59451 16.202 0.009
4568.56269 16.383 0.009
4575.53963 16.579 0.010
4589.50191 16.846 0.014
4616.47378 16.869 0.014
4685.89243 15.928 0.008
4699.85558 15.743 0.008
4708.91493 15.694 0.006
4720.85319 15.729 0.006
4725.79370 15.776 0.008
4728.90487 15.795 0.008
4734.86772 15.869 0.008
4749.75067 16.092 0.008
4753.83068 16.138 0.009
4757.83358 16.214 0.009
4760.83512 16.260 0.008
4765.86844 16.336 0.010
4769.76448 16.381 0.009
4772.79659 16.456 0.009
4775.81422 16.507 0.009
4777.82770 16.509 0.009
4782.67763 16.586 0.010
4784.77769 16.633 0.010
4789.68650 16.668 0.009
4792.86300 16.725 0.014
4796.73936 16.769 0.010
4798.68665 16.797 0.011
4801.65252 16.824 0.011
4803.69810 16.853 0.011
4805.79847 16.866 0.010
4808.73298 16.885 0.011
4810.79300 16.886 0.010
4813.77383 16.854 0.014
4815.75756 16.897 0.013
4817.75506 16.857 0.010
4819.76412 16.866 0.010
4822.74394 16.839 0.010
4824.76197 16.783 0.010
4826.77485 16.766 0.010
4833.77762 16.567 0.009
4835.78820 16.569 0.009
4837.78730 16.450 0.011
4839.73862 16.424 0.009
4841.80294 16.396 0.009
4843.80278 16.336 0.010
4846.79267 16.298 0.009
4848.82258 16.275 0.009
4852.77906 16.244 0.009
4854.78040 16.195 0.008
4856.78710 16.147 0.008
4861.74217 16.137 0.008
4867.70611 16.086 0.008
4869.67511 16.094 0.008
4871.68274 16.093 0.009
4875.66867 16.097 0.008
4877.69379 16.122 0.008
4879.70050 16.128 0.008
4882.71921 16.115 0.008
4885.68108 16.053 0.008
4889.63911 16.057 0.008
4902.63741 15.968 0.008
4911.65619 15.974 0.006
4915.57537 15.934 0.008
4919.58059 15.930 0.008
4925.59370 15.931 0.006
4929.56090 15.944 0.008
4932.59604 15.936 0.008
4935.57390 15.964 0.008
4939.58075 15.965 0.008
4944.54627 16.021 0.008
4949.53987 16.061 0.006
4954.53850 16.108 0.009
