2162.87556 13.888 0.006
2171.84219 13.843 0.006
2183.80152 13.813 0.006
2184.80107 13.806 0.006
2188.85166 13.795 0.006
2200.78375 13.786 0.006
2206.71887 13.787 0.006
2216.84299 13.797 0.006
2223.70766 13.809 0.006
2226.68378 13.814 0.006
2228.72752 13.817 0.006
2230.63910 13.817 0.006
2232.66085 13.819 0.006
2238.59811 13.824 0.006
2240.72462 13.823 0.006
2242.73553 13.823 0.006
2244.78625 13.828 0.006
2249.65455 13.825 0.006
2251.85191 13.823 0.006
2253.63852 13.827 0.006
2256.64702 13.824 0.006
2259.64156 13.818 0.006
2262.64674 13.820 0.006
2272.61263 13.828 0.006
2276.62339 13.834 0.006
2279.61788 13.834 0.006
2281.66526 13.838 0.006
2283.70094 13.841 0.006
2288.68644 13.852 0.006
2290.72435 13.854 0.006
2292.69442 13.851 0.006
2294.66496 13.860 0.006
2296.68388 13.852 0.006
2298.70546 13.852 0.006
2300.65711 13.870 0.006
2302.63070 13.865 0.006
2304.63538 13.872 0.006
2315.55867 13.894 0.006
2322.52912 13.913 0.006
2325.54958 13.930 0.006
2330.55831 13.952 0.006
2337.51009 13.987 0.006
2343.50610 14.022 0.006
2353.50022 14.059 0.006
2370.50496 14.108 0.006
2403.48345 14.163 0.006
2518.90949 14.157 0.006
2526.83918 14.166 0.006
2540.84741 14.170 0.006
2544.76754 14.173 0.006
2550.88541 14.164 0.006
2554.85075 14.151 0.006
2558.86185 14.151 0.006
2562.87808 14.145 0.006
2571.80847 14.148 0.006
2577.74712 14.145 0.006
2580.77593 14.145 0.006
2588.81251 14.141 0.006
2593.80165 14.143 0.006
2599.72154 14.140 0.006
2607.67978 14.123 0.006
2617.66923 14.126 0.006
2620.61279 14.118 0.006
2622.78852 14.126 0.006
2624.78318 14.107 0.006
2626.59684 14.124 0.006
2629.59347 14.115 0.006
2631.77717 14.120 0.006
2634.54769 14.113 0.006
2637.58555 14.103 0.006
2640.62517 14.105 0.006
2642.62339 14.094 0.006
2644.61362 14.093 0.006
2649.63646 14.083 0.006
2651.68531 14.085 0.006
2654.63760 14.075 0.006
2656.71262 14.058 0.006
2658.69830 14.057 0.006
2661.71773 14.035 0.006
2663.62137 14.023 0.006
2665.64527 14.009 0.006
2667.61185 13.996 0.006
2669.65399 13.989 0.006
2671.58113 13.992 0.006
2673.58935 13.981 0.006
2675.58892 13.966 0.006
2677.58677 13.965 0.006
2679.61224 13.948 0.006
2681.63469 13.951 0.006
2685.57435 13.926 0.006
2690.52860 13.914 0.006
2694.52092 13.910 0.006
2698.58811 13.901 0.006
2704.57064 13.901 0.006
2711.52578 13.912 0.006
2730.50946 13.953 0.006
2872.88165 13.846 0.006
2879.87271 13.825 0.006
2884.81864 13.803 0.006
2888.85135 13.789 0.006
2893.84280 13.767 0.006
2897.80441 13.767 0.006
2903.85039 13.747 0.006
2906.79910 13.735 0.006
2910.77216 13.727 0.006
2915.77621 13.716 0.006
2921.77804 13.709 0.006
2924.86780 13.706 0.006
2927.88586 13.719 0.006
2941.80965 13.732 0.006
2943.68485 13.744 0.006
2946.71158 13.749 0.006
2949.69463 13.753 0.006
2952.68619 13.764 0.006
2955.74789 13.763 0.006
2957.68044 13.769 0.006
2960.70137 13.774 0.006
2963.68810 13.768 0.006
2966.65362 13.783 0.006
2968.81661 13.784 0.006
2971.82394 13.798 0.006
2975.62227 13.801 0.006
2977.71336 13.807 0.006
2979.75043 13.817 0.006
2983.65811 13.824 0.006
2985.83917 13.832 0.006
2988.60222 13.837 0.006
2990.79015 13.837 0.006
2992.61221 13.846 0.006
2994.72062 13.839 0.006
2997.60356 13.848 0.006
2999.62313 13.851 0.006
3001.60107 13.857 0.006
3003.63005 13.853 0.006
3005.65942 13.848 0.006
3007.61205 13.851 0.006
3009.60985 13.851 0.006
3011.64204 13.851 0.006
3013.61755 13.852 0.006
3016.61800 13.851 0.006
3018.60313 13.855 0.006
3020.64427 13.842 0.006
3022.67627 13.835 0.006
3024.65832 13.845 0.006
3026.62735 13.842 0.006
3028.63279 13.843 0.006
3030.66805 13.851 0.006
3032.77182 13.849 0.006
3034.82133 13.831 0.006
3037.59891 13.840 0.006
3040.57448 13.824 0.006
3042.55948 13.830 0.006
3045.57141 13.804 0.006
3047.52321 13.809 0.006
3049.52872 13.792 0.006
3051.52228 13.787 0.006
3053.51480 13.771 0.006
3055.51692 13.759 0.006
3057.51295 13.757 0.006
3059.51548 13.749 0.006
3060.50910 13.742 0.006
3061.51018 13.727 0.006
3064.51306 13.722 0.006
3067.52020 13.713 0.006
3069.50448 13.707 0.006
3071.66617 13.718 0.006
3074.68825 13.706 0.006
3077.58933 13.689 0.006
3081.58056 13.684 0.006
3083.58762 13.688 0.006
3086.52352 13.683 0.006
3089.51086 13.695 0.006
3092.49347 13.706 0.006
3098.49049 13.719 0.006
3101.51200 13.726 0.006
3104.48344 13.743 0.006
3108.48048 13.756 0.006
3112.47579 13.775 0.006
3115.50250 13.789 0.006
3123.48129 13.818 0.006
3132.47745 13.837 0.006
3230.85382 13.843 0.006
3238.85270 13.855 0.006
3246.86973 13.866 0.006
3251.90053 13.866 0.006
3254.85742 13.877 0.006
3261.89035 13.883 0.006
3272.87009 13.890 0.006
3275.86890 13.894 0.006
3280.86847 13.890 0.006
3283.80875 13.886 0.006
3289.72176 13.902 0.006
3294.72844 13.907 0.006
3296.67685 13.903 0.006
3298.75721 13.902 0.006
3300.81384 13.899 0.006
3303.72115 13.904 0.006
3306.72263 13.907 0.006
3308.73924 13.907 0.006
3310.77175 13.899 0.006
3314.69297 13.909 0.006
3321.61355 13.898 0.006
3328.82274 13.889 0.006
3335.82676 13.884 0.006
3336.69100 13.881 0.006
3340.81221 13.883 0.006
3349.63501 13.881 0.006
3353.62781 13.880 0.006
3356.62148 13.879 0.006
3360.63468 13.866 0.006
3369.65336 13.844 0.006
3377.61433 13.821 0.006
3381.61283 13.812 0.006
3386.62469 13.805 0.006
3390.62765 13.804 0.006
3395.73767 13.826 0.006
3398.60516 13.825 0.006
3400.59064 13.823 0.006
3403.59936 13.830 0.006
3406.52890 13.833 0.006
3410.55252 13.825 0.006
3415.52844 13.837 0.006
3421.59788 13.810 0.006
3429.54909 13.811 0.006
3434.53796 13.818 0.006
3442.50967 13.802 0.006
3450.51148 13.783 0.006
3568.94315 14.001 0.006
3592.87351 13.988 0.006
3608.88036 13.983 0.006
3614.86322 13.977 0.006
3621.89571 13.974 0.006
3628.87519 13.967 0.006
3633.74627 13.976 0.006
3639.75193 13.985 0.006
3641.74584 13.989 0.006
3646.80689 14.002 0.006
3652.85864 14.018 0.006
3656.79723 14.028 0.006
3661.73259 14.055 0.006
3665.73599 14.059 0.006
3671.70190 14.064 0.006
3673.87427 14.058 0.006
3683.73986 14.069 0.006
3686.78594 14.060 0.006
3689.70286 14.057 0.006
3692.62446 14.063 0.006
3695.68994 14.049 0.006
3697.72210 14.050 0.006
3700.68704 14.036 0.006
3702.77321 14.032 0.006
3704.86285 14.042 0.006
3707.64672 14.036 0.006
3712.86172 14.033 0.006
3716.65543 14.014 0.006
3720.63819 14.003 0.006
3724.66986 14.005 0.006
3727.60470 14.008 0.006
3731.60631 13.983 0.006
3736.61692 13.982 0.006
3739.59153 13.966 0.006
3742.64215 13.971 0.006
3745.73085 13.955 0.006
3748.59120 13.955 0.006
3750.61703 13.938 0.006
3752.57167 13.941 0.006
3755.58351 13.933 0.006
3758.58752 13.927 0.006
3760.72295 13.913 0.006
3762.60017 13.915 0.006
3766.58170 13.920 0.006
3769.58268 13.920 0.006
3772.60558 13.917 0.006
3775.57852 13.909 0.006
3778.57919 13.898 0.006
3781.59021 13.883 0.006
3785.56276 13.874 0.006
3790.53158 13.863 0.006
3796.57201 13.829 0.006
3804.50772 13.790 0.006
3816.51282 13.752 0.006
3934.93895 14.089 0.006
3960.85732 14.075 0.006
3967.88676 14.051 0.006
3973.88220 14.027 0.006
3979.83171 13.982 0.006
3987.81238 13.940 0.006
3994.86503 13.892 0.006
4001.74473 13.868 0.006
4004.74742 13.854 0.006
4008.70247 13.839 0.006
4011.86565 13.830 0.006
4016.87424 13.813 0.006
4021.82096 13.795 0.006
4025.83294 13.782 0.006
4028.74291 13.776 0.006
4030.81460 13.773 0.006
4036.87343 13.766 0.006
4040.70917 13.762 0.006
4042.72548 13.774 0.006
4045.82485 13.765 0.006
4048.68852 13.763 0.006
4050.76133 13.772 0.006
4053.73076 13.770 0.006
4057.65932 13.780 0.006
4060.59423 13.793 0.006
4065.61585 13.792 0.006
4068.63154 13.807 0.006
4070.62801 13.812 0.006
4073.78733 13.814 0.006
4077.64075 13.831 0.006
4080.62264 13.832 0.006
4084.65430 13.838 0.006
4092.73108 13.853 0.006
4100.79137 13.873 0.006
4104.69613 13.905 0.006
4107.63374 13.911 0.006
4117.59921 13.957 0.006
4121.60017 13.974 0.006
4123.56176 13.984 0.006
4125.68828 14.005 0.006
4129.66073 14.003 0.006
4144.53199 14.088 0.006
4153.51547 14.114 0.006
4160.57553 14.124 0.006
4174.54855 14.113 0.006
4310.93805 13.849 0.006
4345.82232 14.055 0.006
4349.88337 14.088 0.006
4355.79743 14.114 0.006
4361.78326 14.144 0.006
4368.86673 14.152 0.006
4371.73022 14.147 0.006
4376.74951 14.149 0.006
4378.89683 14.153 0.006
4379.75528 14.155 0.006
4383.76011 14.153 0.006
4387.85507 14.152 0.006
4391.86076 14.135 0.006
4397.73246 14.101 0.006
4402.81106 14.094 0.006
4406.76133 14.068 0.006
4409.83046 14.050 0.006
4416.69770 14.019 0.006
4420.81024 13.992 0.006
4424.82992 13.977 0.006
4428.79792 13.965 0.006
4431.73319 13.944 0.006
4435.69816 13.940 0.006
4438.82708 13.931 0.006
4441.80121 13.927 0.006
4444.64371 13.924 0.006
4450.65738 13.925 0.006
4453.64081 13.912 0.006
4456.64483 13.916 0.006
4458.62926 13.911 0.006
4462.64393 13.922 0.006
4467.62596 13.926 0.006
4471.61434 13.938 0.006
4474.79845 13.932 0.006
4478.65360 13.959 0.006
4482.67837 13.977 0.006
4485.66012 13.972 0.006
4487.65705 13.987 0.006
4492.71906 13.998 0.006
4497.61002 14.004 0.006
4499.66077 13.998 0.006
4502.59169 14.004 0.006
4507.56319 14.003 0.006
4509.56077 14.023 0.006
4515.52658 14.021 0.006
4520.51540 14.021 0.006
4523.53900 14.024 0.006
4525.51114 14.031 0.006
4531.50823 14.040 0.006
4537.50204 14.047 0.006
4543.57493 14.059 0.006
4547.49546 14.064 0.006
4556.49397 14.100 0.006
4561.49664 14.110 0.006
4570.47685 14.136 0.006
4581.47400 14.186 0.006
4675.91970 13.979 0.006
4690.85884 13.919 0.006
4702.87259 13.919 0.006
4715.84271 13.916 0.006
4721.80586 13.924 0.006
4726.74167 13.907 0.006
4730.88073 13.923 0.006
4743.79431 13.912 0.006
4750.80044 13.893 0.006
4755.81924 13.903 0.006
4758.85811 13.898 0.006
4762.71364 13.886 0.006
4767.85328 13.889 0.006
4771.73337 13.886 0.006
4773.82545 13.890 0.006
4776.76722 13.886 0.006
4779.73837 13.901 0.006
4782.85470 13.900 0.006
4787.68606 13.933 0.006
4789.83075 13.939 0.006
4792.71045 13.953 0.006
4795.66137 13.957 0.006
4799.65891 13.974 0.006
4802.66671 13.984 0.006
4805.61478 13.980 0.006
4807.64374 13.999 0.006
4810.63036 13.994 0.006
4813.62565 14.007 0.006
4815.63890 14.010 0.006
4817.64368 14.009 0.006
4819.63732 14.013 0.006
4821.67408 14.018 0.006
4825.68978 14.026 0.006
4831.73452 14.029 0.006
4834.65496 14.043 0.006
4836.66465 14.042 0.006
4838.65871 14.034 0.006
4841.65230 14.030 0.006
4843.65342 14.031 0.006
4845.66774 14.036 0.006
4847.68293 14.037 0.006
4849.67465 14.021 0.006
4851.70323 14.025 0.006
4853.68188 14.016 0.006
4855.66936 14.023 0.006
4857.64545 14.005 0.006
4863.59474 13.982 0.006
4866.62894 13.963 0.006
4867.61722 13.951 0.006
4869.55855 13.952 0.006
4871.59658 13.927 0.006
4873.59212 13.896 0.006
4875.52547 13.890 0.006
4877.57273 13.895 0.006
4877.58516 13.883 0.006
4879.58647 13.877 0.006
4882.58266 13.865 0.006
4883.67237 13.862 0.006
4887.53757 13.840 0.006
4899.62160 13.809 0.006
4903.57698 13.802 0.006
4913.53777 13.785 0.006
4917.52509 13.780 0.006
4921.52204 13.782 0.006
4927.51865 13.790 0.006
4931.52615 13.800 0.006
4935.49268 13.817 0.006
4939.49976 13.835 0.006
4944.51209 13.856 0.006
4950.49236 13.864 0.006
