2162.88312 13.948 0.005
2171.84576 13.916 0.005
2183.80511 13.888 0.005
2184.80467 13.875 0.005
2188.85523 13.870 0.005
2191.76540 13.855 0.005
2200.78705 13.812 0.005
2206.72217 13.789 0.005
2216.84629 13.758 0.005
2223.71094 13.739 0.005
2226.68707 13.740 0.005
2228.73083 13.732 0.005
2230.64239 13.724 0.005
2232.66414 13.734 0.005
2234.65691 13.725 0.005
2238.60138 13.740 0.005
2240.72790 13.746 0.005
2244.78956 13.743 0.005
2249.65783 13.763 0.005
2251.85520 13.765 0.005
2253.64569 13.770 0.005
2256.65032 13.784 0.005
2259.64485 13.788 0.005
2262.65002 13.790 0.005
2272.61593 13.822 0.005
2276.62669 13.832 0.005
2279.62117 13.843 0.005
2281.66859 13.845 0.005
2283.70423 13.858 0.005
2288.68973 13.880 0.005
2290.72763 13.896 0.005
2292.69773 13.902 0.005
2294.66831 13.917 0.005
2296.68725 13.918 0.005
2298.70882 13.926 0.005
2300.66048 13.940 0.005
2302.63407 13.955 0.005
2304.63874 13.958 0.005
2315.56204 14.003 0.005
2322.53270 14.086 0.005
2325.55316 14.042 0.005
2330.56189 14.059 0.005
2337.51366 14.074 0.005
2343.50969 14.077 0.005
2353.50388 14.067 0.005
2370.50858 14.003 0.005
2518.91309 13.981 0.005
2526.84276 14.008 0.005
2540.85098 14.066 0.005
2544.77112 14.074 0.005
2550.88899 14.087 0.005
2554.85432 14.083 0.005
2558.86541 14.097 0.005
2562.88626 14.110 0.005
2577.75048 14.113 0.005
2580.77929 14.107 0.005
2588.81606 14.095 0.005
2593.80519 14.092 0.005
2599.72508 14.081 0.005
2607.68331 14.056 0.005
2617.67272 14.023 0.005
2620.61625 14.014 0.005
2622.79200 14.014 0.005
2624.78668 14.012 0.005
2626.60018 14.020 0.005
2629.59682 14.005 0.005
2631.78064 14.012 0.005
2634.55103 14.008 0.005
2640.62853 13.990 0.005
2642.62675 13.992 0.005
2644.61696 13.979 0.005
2649.63996 13.980 0.005
2651.68878 13.969 0.005
2654.64096 13.963 0.005
2656.71596 13.942 0.005
2658.70577 13.947 0.005
2661.72109 13.945 0.005
2663.62475 13.924 0.005
2665.64985 13.932 0.005
2667.61522 13.923 0.005
2669.65735 13.918 0.005
2671.58449 13.905 0.005
2673.59273 13.914 0.005
2675.59229 13.905 0.005
2677.59014 13.904 0.005
2679.61701 13.901 0.005
2681.63825 13.895 0.005
2685.57788 13.892 0.005
2690.53209 13.901 0.005
2694.52984 13.907 0.005
2698.59165 13.921 0.005
2704.57415 13.937 0.005
2711.52936 13.977 0.005
2731.48336 14.114 0.005
2872.88521 14.182 0.005
2879.87627 14.159 0.005
2884.82219 14.158 0.005
2888.85489 14.150 0.005
2893.84631 14.142 0.005
2897.80794 14.129 0.005
2903.85390 14.129 0.005
2906.80261 14.133 0.005
2910.77569 14.132 0.005
2915.77972 14.134 0.005
2921.78156 14.136 0.005
2924.87130 14.152 0.005
2929.86902 14.154 0.005
2932.83715 14.154 0.005
2941.81315 14.147 0.005
2943.68833 14.157 0.005
2946.71510 14.149 0.005
2949.69812 14.146 0.005
2952.68969 14.152 0.005
2955.75138 14.154 0.005
2957.68392 14.148 0.005
2960.70482 14.155 0.005
2963.69156 14.169 0.005
2966.65707 14.153 0.005
2968.82010 14.156 0.005
2971.82741 14.164 0.005
2975.62573 14.173 0.005
2979.75389 14.179 0.005
2983.66158 14.200 0.005
2985.84264 14.205 0.005
2988.60558 14.213 0.005
2990.79771 14.202 0.005
2992.61567 14.229 0.005
2994.72409 14.244 0.005
2997.60701 14.244 0.005
2999.62660 14.255 0.005
3001.60453 14.259 0.005
3003.63352 14.276 0.005
3005.66291 14.298 0.005
3007.61553 14.289 0.005
3009.61332 14.303 0.005
3011.64552 14.322 0.005
3013.62103 14.314 0.005
3016.62150 14.332 0.005
3018.60663 14.349 0.005
3020.64777 14.347 0.005
3022.67976 14.354 0.005
3024.66178 14.362 0.005
3026.63085 14.358 0.005
3028.63626 14.367 0.005
3030.67153 14.369 0.005
3032.77530 14.374 0.005
3034.82482 14.372 0.005
3037.60242 14.360 0.005
3040.57797 14.363 0.005
3045.57488 14.356 0.005
3047.52671 14.343 0.005
3049.53221 14.342 0.005
3051.52578 14.332 0.005
3053.51831 14.327 0.005
3055.52043 14.301 0.005
3057.51646 14.295 0.005
3059.51901 14.283 0.005
3060.51261 14.270 0.005
3061.51371 14.271 0.005
3064.51659 14.245 0.005
3067.52373 14.223 0.005
3069.50803 14.202 0.005
3071.66967 14.196 0.005
3075.50769 14.157 0.005
3077.59288 14.145 0.005
3081.58409 14.112 0.005
3083.59118 14.102 0.005
3086.52704 14.082 0.005
3089.51439 14.053 0.005
3092.49703 14.047 0.005
3098.49405 14.009 0.005
3101.51555 13.994 0.005
3104.48700 13.991 0.005
3108.48404 13.970 0.005
3112.47936 13.960 0.005
3115.50607 13.951 0.005
3123.48489 13.939 0.005
3132.48099 13.956 0.005
3230.85738 14.270 0.005
3246.87325 14.253 0.005
3251.90407 14.233 0.005
3254.86096 14.216 0.005
3261.89387 14.181 0.005
3272.87359 14.119 0.005
3275.87242 14.107 0.005
3280.87197 14.081 0.005
3283.81225 14.076 0.005
3289.72525 14.063 0.005
3294.73193 14.065 0.005
3296.68035 14.050 0.005
3298.76072 14.043 0.005
3300.81733 14.049 0.005
3303.72467 14.042 0.005
3306.72613 14.046 0.005
3308.74273 14.041 0.005
3310.77521 14.050 0.005
3314.69642 14.050 0.005
3321.61700 14.063 0.005
3328.82622 14.075 0.005
3335.83023 14.097 0.005
3336.69446 14.088 0.005
3340.81570 14.096 0.005
3349.63847 14.116 0.005
3353.63127 14.120 0.005
3356.62498 14.124 0.005
3360.63816 14.129 0.005
3369.65682 14.154 0.005
3377.61780 14.169 0.005
3381.61632 14.168 0.005
3386.62818 14.173 0.005
3390.63116 14.182 0.005
3395.74116 14.185 0.005
3398.60866 14.195 0.005
3400.59412 14.196 0.005
3403.60287 14.199 0.005
3406.53237 14.194 0.005
3410.55597 14.189 0.005
3415.53190 14.189 0.005
3421.60135 14.185 0.005
3429.55258 14.195 0.005
3434.54145 14.205 0.005
3442.51321 14.212 0.005
3450.51498 14.217 0.005
3568.94666 13.896 0.005
3592.87702 13.739 0.005
3608.88388 13.720 0.005
3614.86672 13.738 0.005
3621.89922 13.764 0.005
3628.87868 13.793 0.005
3633.74976 13.808 0.005
3639.75542 13.839 0.005
3641.74932 13.849 0.005
3646.81036 13.890 0.005
3652.86211 13.903 0.005
3656.80067 13.908 0.005
3674.82747 13.939 0.005
3683.74332 13.934 0.005
3686.78940 13.935 0.005
3689.70629 13.925 0.005
3692.62791 13.913 0.005
3695.69339 13.926 0.005
3698.64559 13.923 0.005
3700.69048 13.917 0.005
3702.77666 13.904 0.005
3705.68243 13.908 0.005
3707.65016 13.901 0.005
3713.62170 13.894 0.005
3716.65888 13.885 0.005
3720.64162 13.872 0.005
3724.67328 13.868 0.005
3727.60813 13.869 0.005
3731.60974 13.853 0.005
3736.62037 13.866 0.005
3739.59497 13.856 0.005
3742.64559 13.848 0.005
3745.73431 13.840 0.005
3748.59463 13.844 0.005
3750.62050 13.854 0.005
3752.57510 13.853 0.005
3755.58694 13.853 0.005
3758.59097 13.856 0.005
3760.72642 13.843 0.005
3762.60361 13.848 0.005
3766.58515 13.858 0.005
3769.58614 13.863 0.005
3772.61066 13.863 0.005
3775.58199 13.875 0.005
3778.58268 13.886 0.005
3781.59369 13.888 0.005
3785.56625 13.903 0.005
3790.53504 13.907 0.005
3796.57550 13.924 0.005
3804.51121 13.932 0.005
3816.51637 13.930 0.005
3934.94248 14.102 0.005
3960.86080 14.212 0.005
3967.89025 14.221 0.005
3973.88569 14.225 0.005
3979.83517 14.231 0.005
3987.81587 14.204 0.005
3994.86850 14.188 0.005
4001.74816 14.151 0.005
4004.75088 14.145 0.005
4008.70590 14.115 0.005
4011.86905 14.109 0.005
4016.87764 14.074 0.005
4021.82441 14.043 0.005
4025.83634 14.015 0.005
4028.74630 13.997 0.005
4030.81803 13.975 0.005
4036.87684 13.934 0.005
4040.71257 13.922 0.005
4042.72888 13.898 0.005
4045.82825 13.894 0.005
4048.69192 13.878 0.005
4050.76472 13.878 0.005
4053.73414 13.873 0.005
4055.68392 13.870 0.005
4057.66275 13.867 0.005
4060.59764 13.859 0.005
4065.61925 13.855 0.005
4068.63495 13.863 0.005
4070.63140 13.861 0.005
4073.79077 13.859 0.005
4077.64414 13.862 0.005
4080.62603 13.857 0.005
4084.65772 13.853 0.005
4092.73446 13.853 0.005
4100.79475 13.842 0.005
4104.69952 13.848 0.005
4107.63713 13.862 0.005
4117.60263 13.853 0.005
4121.60356 13.846 0.005
4123.58031 13.850 0.005
4125.69167 13.838 0.005
4129.66414 13.832 0.005
4144.53544 13.797 0.005
4153.51894 13.786 0.005
4160.58497 13.784 0.005
4174.55198 13.789 0.005
4310.94140 13.942 0.005
4345.82577 14.035 0.005
4349.88685 14.056 0.005
4355.80089 14.073 0.005
4361.78669 14.093 0.005
4364.77047 14.105 0.005
4368.87016 14.128 0.005
4371.73367 14.129 0.005
4376.75296 14.154 0.005
4378.90027 14.157 0.005
4379.75870 14.157 0.005
4383.76355 14.174 0.005
4387.85848 14.191 0.005
4391.86417 14.203 0.005
4397.73586 14.207 0.005
4402.81446 14.234 0.005
4406.76473 14.252 0.005
4409.83386 14.244 0.005
4416.70108 14.252 0.005
4420.81363 14.260 0.005
4424.83330 14.267 0.005
4428.80131 14.254 0.005
4431.73660 14.246 0.005
4435.70156 14.234 0.005
4438.83047 14.228 0.005
4441.80458 14.223 0.005
4444.64710 14.198 0.005
4450.66077 14.184 0.005
4453.64421 14.159 0.005
4456.64821 14.157 0.005
4458.63265 14.142 0.005
4462.64729 14.145 0.005
4467.62935 14.132 0.005
4471.61776 14.122 0.005
4474.80186 14.112 0.005
4478.65702 14.104 0.005
4482.68180 14.117 0.005
4485.66354 14.102 0.005
4487.66046 14.111 0.005
4492.72246 14.098 0.005
4497.65367 14.091 0.005
4499.67608 14.084 0.005
4502.59503 14.082 0.005
4507.56650 14.071 0.005
4509.56408 14.061 0.005
4515.53001 14.043 0.005
4520.51883 14.027 0.005
4523.54243 13.999 0.005
4525.51461 13.996 0.005
4531.51169 13.956 0.005
4537.50552 13.926 0.005
4540.50409 13.916 0.005
4543.57840 13.907 0.005
4547.49893 13.892 0.005
4556.49745 13.865 0.005
4561.50011 13.841 0.005
4570.48035 13.827 0.005
4581.47749 13.821 0.005
4675.92318 13.819 0.005
4690.86232 13.824 0.005
4702.87606 13.837 0.005
4715.84616 13.858 0.005
4721.80929 13.868 0.005
4726.74513 13.876 0.005
4730.88417 13.899 0.005
4743.79774 13.945 0.005
4750.80387 13.982 0.005
4755.82268 14.015 0.005
4758.86154 14.035 0.005
4762.71704 14.057 0.005
4767.85669 14.094 0.005
4771.73677 14.125 0.005
4773.82884 14.142 0.005
4776.77063 14.165 0.005
4779.74178 14.175 0.005
4782.85812 14.197 0.005
4787.68945 14.221 0.005
4789.83412 14.242 0.005
4792.71384 14.248 0.005
4795.66476 14.271 0.005
4799.66233 14.303 0.005
4802.67012 14.313 0.005
4805.61816 14.339 0.005
4807.64714 14.360 0.005
4810.63376 14.360 0.005
4813.62904 14.388 0.005
4815.64231 14.391 0.005
4817.64708 14.398 0.005
4819.64073 14.421 0.005
4821.67748 14.415 0.005
4825.69319 14.450 0.005
4831.73794 14.497 0.005
4834.65837 14.514 0.005
4836.66804 14.526 0.005
4838.66210 14.524 0.005
4841.65572 14.550 0.005
4843.65682 14.552 0.005
4845.67115 14.580 0.005
4847.68632 14.584 0.005
4849.67804 14.613 0.005
4851.70662 14.603 0.005
4853.68530 14.598 0.005
4855.67278 14.620 0.005
4857.64886 14.605 0.005
4867.62064 14.625 0.005
4869.56198 14.639 0.005
4871.60002 14.637 0.005
4873.59554 14.635 0.005
4875.52890 14.653 0.005
4879.58992 14.649 0.005
4882.58608 14.650 0.005
4883.67581 14.644 0.005
4887.54100 14.628 0.005
4899.62505 14.593 0.005
4903.58044 14.582 0.005
4913.54123 14.500 0.005
4917.52855 14.469 0.005
4921.52552 14.423 0.005
4927.52200 14.393 0.005
4931.52949 14.342 0.005
4935.49603 14.326 0.005
4939.50311 14.297 0.005
4944.51546 14.266 0.005
4950.49574 14.211 0.005
