2166.84886 13.584 0.006
2172.89886 13.581 0.006
2183.89214 13.569 0.006
2189.85456 13.559 0.006
2192.75850 13.581 0.015
2201.76819 13.582 0.007
2212.80299 13.573 0.008
2217.78740 13.575 0.008
2226.78234 13.579 0.005
2228.82578 13.585 0.008
2230.73922 13.600 0.007
2232.75943 13.600 0.007
2234.75340 13.601 0.010
2238.70400 13.612 0.008
2240.83301 13.616 0.008
2242.83873 13.625 0.008
2248.72000 13.619 0.009
2251.74964 13.615 0.006
2253.76724 13.618 0.007
2255.69553 13.615 0.005
2261.66777 13.613 0.006
2264.80361 13.623 0.011
2269.77649 13.617 0.009
2271.71997 13.607 0.006
2273.81513 13.608 0.007
2275.78861 13.611 0.008
2277.79138 13.585 0.008
2279.78824 13.592 0.008
2281.75106 13.570 0.008
2283.80822 13.581 0.006
2289.74509 13.555 0.006
2291.75118 13.569 0.006
2293.71954 13.560 0.006
2295.74061 13.552 0.007
2297.73154 13.565 0.006
2299.76393 13.553 0.008
2301.66936 13.559 0.006
2303.66472 13.552 0.005
2323.56592 13.579 0.010
2326.57292 13.583 0.007
2332.51630 13.587 0.005
2338.53885 13.582 0.007
2355.50426 13.547 0.006
2387.49452 13.604 0.006
2521.91435 13.559 0.007
2542.82675 13.580 0.008
2544.88439 13.588 0.009
2551.87463 13.564 0.006
2555.89858 13.559 0.006
2559.81256 13.573 0.009
2563.85780 13.564 0.006
2573.78507 13.565 0.005
2577.84783 13.567 0.005
2583.74432 13.574 0.007
2589.78434 13.559 0.008
2594.80118 13.544 0.005
2599.85599 13.545 0.010
2609.66222 13.546 0.005
2611.66624 13.551 0.005
2617.81290 13.549 0.006
2620.78186 13.534 0.008
2623.75513 13.517 0.012
2626.68022 13.547 0.010
2627.62201 13.537 0.005
2628.84729 13.536 0.006
2630.83606 13.538 0.006
2632.62679 13.508 0.006
2635.62196 13.501 0.006
2637.76214 13.514 0.006
2639.77836 13.499 0.009
2641.65265 13.490 0.006
2643.66418 13.559 0.006
2645.65615 13.474 0.008
2647.58289 13.479 0.008
2651.65078 13.530 0.008
2653.67515 13.494 0.006
2655.66021 13.505 0.011
2657.79394 13.516 0.005
2659.66112 13.516 0.007
2661.68580 13.540 0.006
2665.78771 13.534 0.006
2671.79365 13.576 0.006
2675.72410 13.552 0.006
2677.75845 13.563 0.007
2679.74951 13.570 0.005
2682.60766 13.588 0.006
2686.57685 13.585 0.007
2695.58496 13.573 0.007
2700.53594 13.570 0.005
2706.51733 13.551 0.005
2713.52098 13.535 0.006
2735.50111 13.570 0.010
2841.92511 13.593 0.006
2868.88777 13.685 0.008
2890.83088 13.670 0.006
2895.86662 13.674 0.012
2900.82229 13.683 0.006
2906.85332 13.713 0.008
2910.88665 13.724 0.006
2915.88682 13.665 0.014
2921.88552 13.693 0.006
2925.85538 13.681 0.006
2933.81239 13.674 0.012
2939.82081 13.659 0.006
2941.83890 13.638 0.013
2943.71364 13.659 0.008
2946.81669 13.662 0.006
2948.80701 13.679 0.006
2952.80308 13.658 0.007
2955.85796 13.671 0.005
2958.67327 13.677 0.005
2962.68421 13.672 0.009
2965.70125 13.677 0.006
2967.80060 13.674 0.006
2970.71379 13.710 0.006
2974.70576 13.712 0.008
2976.73962 13.684 0.009
2978.63418 13.710 0.006
2980.66057 13.717 0.006
2982.61976 13.708 0.008
2984.66091 13.716 0.006
2986.74874 13.750 0.007
2988.71674 13.725 0.008
2990.65009 13.724 0.006
2992.73664 13.736 0.007
2994.64686 13.743 0.008
2998.69257 13.738 0.006
2999.78460 13.748 0.008
3003.65897 13.746 0.006
3005.61596 13.749 0.006
3007.73441 13.727 0.006
3009.67026 13.742 0.008
3011.61582 13.734 0.006
3013.64647 13.722 0.007
3017.62176 13.733 0.009
3018.71358 13.732 0.005
3020.78880 13.719 0.005
3022.81533 13.717 0.007
3024.76386 13.719 0.006
3028.76865 13.698 0.008
3030.77352 13.695 0.006
3033.70082 13.694 0.009
3035.70711 13.683 0.008
3038.68545 13.690 0.006
3040.68506 13.690 0.007
3042.62860 13.693 0.009
3044.56256 13.695 0.006
3046.57800 13.692 0.006
3048.56294 13.699 0.010
3050.58182 13.697 0.006
3052.57884 13.692 0.007
3054.57969 13.696 0.006
3056.57688 13.698 0.008
3058.57058 13.700 0.006
3060.59111 13.728 0.006
3064.58901 13.693 0.006
3067.65259 13.721 0.007
3069.61269 13.692 0.008
3073.52208 13.718 0.006
3075.61677 13.714 0.008
3078.53665 13.704 0.006
3082.52562 13.721 0.007
3084.60158 13.718 0.010
3087.56309 13.719 0.008
3090.51874 13.715 0.006
3093.50011 13.731 0.005
3098.60900 13.702 0.006
3101.56672 13.698 0.006
3104.53987 13.685 0.008
3107.51983 13.700 0.006
3111.51341 13.666 0.005
3114.50738 13.649 0.006
3115.53170 13.667 0.006
3126.47181 13.667 0.007
3144.48709 13.642 0.005
3224.88729 13.580 0.006
3239.92128 13.568 0.006
3247.89226 13.577 0.008
3256.87058 13.542 0.006
3263.83749 13.567 0.010
3268.86118 13.520 0.006
3273.83281 13.510 0.005
3276.85087 13.522 0.006
3281.81578 13.565 0.007
3289.82925 13.556 0.006
3294.82742 13.565 0.007
3296.83278 13.567 0.008
3298.86332 13.586 0.008
3301.68371 13.585 0.006
3303.85271 13.596 0.006
3306.82733 13.584 0.012
3308.84435 13.613 0.006
3310.87657 13.594 0.006
3320.68759 13.557 0.006
3323.64058 13.547 0.005
3325.78123 13.565 0.006
3329.81665 13.548 0.010
3334.71648 13.548 0.006
3338.77223 13.545 0.007
3349.78850 13.538 0.006
3351.77331 13.560 0.006
3354.74147 13.535 0.005
3358.62781 13.539 0.006
3361.72354 13.547 0.008
3363.71372 13.584 0.006
3367.66723 13.547 0.011
3372.68600 13.540 0.006
3377.72218 13.544 0.005
3386.74796 13.528 0.008
3391.59328 13.554 0.006
3395.65733 13.555 0.008
3398.70505 13.552 0.006
3402.65032 13.552 0.006
3404.57813 13.558 0.006
3408.53157 13.553 0.007
3412.57696 13.558 0.005
3414.60853 13.558 0.005
3419.57573 13.564 0.006
3426.51486 13.537 0.006
3433.56595 13.571 0.006
3443.53655 13.558 0.006
3453.50289 13.580 0.007
3574.93773 13.561 0.006
3588.92843 13.587 0.006
3589.87945 13.596 0.007
3614.91978 13.584 0.005
3617.87646 13.580 0.006
3629.81597 13.554 0.005
3634.78205 13.535 0.006
3639.89231 13.541 0.007
3641.82599 13.543 0.007
3650.82135 13.572 0.007
3653.84931 13.578 0.005
3657.79984 13.610 0.007
3660.76559 13.597 0.007
3664.80103 13.615 0.008
3668.73732 13.620 0.005
3671.87292 13.613 0.006
3676.84831 13.604 0.008
3684.79247 13.563 0.007
3687.71154 13.537 0.008
3689.81013 13.538 0.008
3692.73453 13.517 0.006
3694.80844 13.502 0.010
3696.68377 13.532 0.006
3699.69603 13.492 0.006
3701.74690 13.506 0.008
3704.71343 13.541 0.006
3706.76763 13.500 0.006
3711.65861 13.522 0.006
3713.67230 13.526 0.007
3716.72136 13.540 0.005
3719.73670 13.566 0.008
3722.80728 13.579 0.006
3726.67156 13.580 0.008
3728.64428 13.585 0.010
3731.74486 13.601 0.011
3733.63101 13.563 0.010
3734.73399 13.648 0.007
3736.75286 13.643 0.008
3737.64149 13.616 0.006
3739.70361 13.621 0.008
3741.73098 13.649 0.005
3743.70774 13.619 0.006
3746.75013 13.630 0.007
3748.70276 13.625 0.006
3750.70893 13.607 0.009
3752.71702 13.606 0.006
3754.73826 13.594 0.006
3755.65805 13.602 0.005
3757.63216 13.609 0.006
3759.59778 13.598 0.005
3762.68267 13.585 0.009
3765.70457 13.564 0.011
3769.74518 13.593 0.006
3772.71346 13.553 0.006
3775.70536 13.541 0.005
3778.68390 13.544 0.011
3782.59204 13.537 0.006
3786.56806 13.537 0.006
3791.56440 13.569 0.006
3798.56405 13.565 0.006
3805.55123 13.559 0.006
3820.49656 13.560 0.007
3938.94570 13.598 0.005
3961.92688 13.606 0.006
3968.90896 13.594 0.007
3974.90496 13.571 0.006
3981.79794 13.556 0.007
3988.87390 13.560 0.007
3995.83290 13.565 0.005
4002.82903 13.579 0.006
4005.77910 13.562 0.006
4007.78327 13.537 0.006
4011.76369 13.565 0.006
4018.74535 13.544 0.006
4023.79775 13.541 0.006
4026.71344 13.547 0.006
4028.84949 13.553 0.006
4031.73721 13.553 0.006
4037.84614 13.568 0.007
4040.81350 13.536 0.007
4042.82827 13.569 0.006
4046.70409 13.595 0.006
4048.79302 13.577 0.006
4052.63592 13.592 0.008
4053.83359 13.577 0.007
4056.65428 13.630 0.005
4059.66442 13.574 0.006
4064.62890 13.586 0.007
4066.60849 13.595 0.006
4069.67586 13.588 0.006
4071.60095 13.575 0.007
4076.65406 13.585 0.005
4079.68928 13.595 0.005
4082.67964 13.581 0.006
4084.75948 13.585 0.006
4087.67895 13.583 0.006
4093.76797 13.604 0.007
4102.65620 13.579 0.006
4104.80297 13.587 0.008
4109.66384 13.591 0.005
4113.68245 13.593 0.006
4119.62065 13.613 0.006
4122.66951 13.622 0.006
4125.71692 13.633 0.006
4129.71634 13.628 0.005
4142.57454 13.662 0.008
4154.53277 13.681 0.005
4165.57872 13.657 0.012
4183.52499 13.663 0.006
4340.89943 13.615 0.007
4346.88672 13.619 0.005
4350.90612 13.647 0.006
4357.83973 13.625 0.005
4363.76822 13.620 0.006
4365.79184 13.616 0.005
4369.78742 13.619 0.006
4372.76210 13.601 0.008
4376.85266 13.596 0.005
4379.85923 13.594 0.005
4383.86331 13.605 0.005
4388.80337 13.636 0.005
4393.73118 13.636 0.006
4398.80639 13.597 0.006
4403.74704 13.601 0.005
4411.74221 13.590 0.005
4417.82508 13.581 0.008
4421.73747 13.578 0.006
4425.81069 13.582 0.005
4429.72145 13.593 0.005
4432.76299 13.578 0.006
4436.68949 13.587 0.005
4439.73368 13.599 0.005
4442.71107 13.589 0.005
4448.76675 13.616 0.006
4450.77141 13.624 0.007
4453.74723 13.621 0.010
4456.76058 13.633 0.007
4459.67061 13.632 0.005
4462.67260 13.634 0.006
4465.71282 13.639 0.008
4469.66598 13.646 0.005
4478.77075 13.639 0.008
4481.76951 13.618 0.008
4484.67925 13.618 0.005
4487.74163 13.598 0.006
4492.69418 13.589 0.008
4494.72864 13.611 0.010
4499.61036 13.603 0.005
4502.68322 13.598 0.008
4507.64194 13.591 0.008
4509.63921 13.582 0.008
4516.54750 13.563 0.005
4520.63647 13.578 0.006
4522.54646 13.569 0.006
4530.56563 13.586 0.006
4532.55767 13.571 0.006
4537.55571 13.587 0.009
4540.60444 13.604 0.007
4549.56089 13.606 0.008
4560.49936 13.657 0.007
4567.51093 13.636 0.006
4574.53195 13.613 0.008
4592.46960 13.577 0.007
4681.92300 13.606 0.006
4691.88870 13.612 0.006
4702.90065 13.590 0.005
4719.81624 13.581 0.006
4722.90502 13.564 0.005
4726.89061 13.534 0.007
4731.86697 13.534 0.006
4747.83939 13.551 0.006
4751.88571 13.533 0.006
4756.80974 13.527 0.005
4759.85680 13.548 0.005
4762.81658 13.556 0.005
4768.79455 13.585 0.006
4771.83669 13.589 0.005
4774.84607 13.595 0.006
4776.87104 13.615 0.006
4780.83245 13.600 0.005
4783.80234 13.591 0.006
4788.73178 13.603 0.006
4791.70915 13.571 0.005
4794.71347 13.572 0.006
4797.69492 13.576 0.008
4800.73815 13.557 0.009
4804.79391 13.539 0.006
4805.81697 13.541 0.007
4807.76786 13.541 0.005
4814.67495 13.546 0.006
4816.67177 13.560 0.006
4818.69396 13.560 0.006
4825.80155 13.592 0.006
4831.84392 13.601 0.006
4834.77324 13.619 0.005
4837.67324 13.659 0.005
4841.73812 13.647 0.007
4843.73732 13.653 0.006
4850.72129 13.646 0.008
4852.71533 13.629 0.006
4855.72274 13.634 0.007
4857.70089 13.610 0.006
4863.65492 13.591 0.005
4870.65558 13.603 0.006
4873.68615 13.582 0.006
4875.58321 13.558 0.006
4876.61385 13.554 0.006
4878.63877 13.554 0.006
4882.55803 13.573 0.006
4884.62044 13.566 0.005
4888.53686 13.560 0.006
4900.56847 13.573 0.006
4904.59420 13.592 0.008
4913.57197 13.596 0.006
4918.54859 13.581 0.005
4924.56289 13.574 0.008
4928.55829 13.575 0.007
4930.50953 13.581 0.007
4934.50630 13.574 0.005
4938.49757 13.584 0.006
4942.51413 13.590 0.007
4947.50748 13.575 0.006
