2166.85961 14.636 0.006
2185.82550 14.819 0.006
2189.86524 14.860 0.006
2192.76843 14.902 0.006
2201.77885 15.006 0.006
2212.81291 15.116 0.006
2217.79730 15.154 0.006
2223.81787 15.190 0.006
2226.79223 15.188 0.006
2228.83565 15.190 0.006
2232.76932 15.197 0.006
2234.76327 15.205 0.006
2238.71395 15.210 0.006
2240.84287 15.189 0.006
2242.84860 15.187 0.006
2248.72986 15.142 0.006
2251.75951 15.115 0.006
2253.78287 15.110 0.006
2255.70541 15.086 0.006
2258.70486 15.056 0.006
2269.78637 14.921 0.006
2271.73468 14.906 0.006
2273.82502 14.891 0.006
2275.79848 14.859 0.006
2277.80126 14.849 0.006
2279.79809 14.822 0.006
2281.76094 14.811 0.006
2283.81813 14.797 0.006
2289.75499 14.742 0.006
2291.76111 14.729 0.006
2293.72947 14.725 0.006
2295.75051 14.718 0.006
2297.74144 14.693 0.006
2299.77384 14.676 0.006
2303.67467 14.647 0.006
2326.58363 14.547 0.006
2332.52706 14.535 0.006
2338.54960 14.510 0.006
2356.49276 14.472 0.006
2387.50545 14.493 0.006
2524.87020 14.775 0.006
2537.87189 14.688 0.006
2542.83676 14.654 0.006
2544.89515 14.632 0.006
2551.88535 14.577 0.006
2559.82327 14.508 0.006
2563.86848 14.461 0.006
2577.85776 14.371 0.006
2583.75419 14.384 0.006
2589.79498 14.411 0.006
2594.81177 14.413 0.006
2605.76248 14.433 0.006
2609.67284 14.458 0.006
2611.67665 14.462 0.006
2617.82328 14.500 0.006
2620.79230 14.519 0.006
2623.76551 14.540 0.006
2626.69061 14.563 0.006
2627.63239 14.572 0.006
2628.85773 14.575 0.006
2630.84647 14.596 0.006
2632.63716 14.611 0.006
2635.63181 14.640 0.006
2637.77201 14.657 0.006
2639.78826 14.683 0.006
2641.66253 14.691 0.006
2643.67461 14.710 0.006
2645.66603 14.730 0.006
2647.59279 14.742 0.006
2651.66122 14.784 0.006
2653.68578 14.800 0.006
2655.67087 14.810 0.006
2657.80383 14.826 0.006
2659.67184 14.827 0.006
2661.69573 14.830 0.006
2665.79762 14.852 0.006
2671.80354 14.843 0.006
2675.73402 14.846 0.006
2677.76893 14.845 0.006
2679.75947 14.847 0.006
2682.61820 14.834 0.006
2686.61134 14.834 0.006
2691.55665 14.826 0.006
2695.59548 14.809 0.006
2700.54648 14.805 0.006
2713.53159 14.745 0.006
2841.93586 14.473 0.006
2868.89838 14.650 0.006
2890.84148 14.807 0.006
2895.87718 14.839 0.006
2900.83287 14.875 0.006
2906.86384 14.907 0.006
2910.89719 14.932 0.006
2915.89734 14.956 0.006
2922.77751 14.966 0.006
2925.86588 14.951 0.006
2930.77847 14.931 0.006
2933.82287 14.907 0.006
2939.83126 14.862 0.006
2941.84930 14.845 0.006
2943.72413 14.832 0.006
2946.82717 14.797 0.006
2948.81749 14.788 0.006
2952.81352 14.752 0.006
2956.65690 14.715 0.006
2958.68371 14.705 0.006
2962.69460 14.669 0.006
2965.71165 14.647 0.006
2967.81101 14.630 0.006
2970.77661 14.607 0.006
2974.71617 14.578 0.006
2976.75004 14.567 0.006
2978.64456 14.554 0.006
2980.67100 14.541 0.006
2982.63013 14.523 0.006
2984.67128 14.520 0.006
2986.75914 14.516 0.006
2988.72710 14.501 0.006
2990.66050 14.497 0.006
2992.75015 14.494 0.006
2994.65792 14.503 0.006
2996.74823 14.497 0.006
2998.70295 14.506 0.006
2999.79609 14.508 0.006
3001.67370 14.511 0.006
3003.66937 14.526 0.006
3005.62638 14.534 0.006
3007.74482 14.548 0.006
3009.68065 14.556 0.006
3011.62624 14.570 0.006
3013.65690 14.584 0.006
3017.63219 14.612 0.006
3018.72405 14.628 0.006
3020.79927 14.648 0.006
3022.82574 14.652 0.006
3024.77428 14.669 0.006
3026.77161 14.678 0.006
3028.78367 14.682 0.006
3030.78393 14.696 0.006
3033.71125 14.706 0.006
3035.71753 14.714 0.006
3038.69592 14.719 0.006
3040.69554 14.736 0.006
3042.63911 14.739 0.006
3044.57301 14.740 0.006
3046.58848 14.747 0.006
3048.57344 14.753 0.006
3050.59230 14.749 0.006
3052.58935 14.755 0.006
3054.59019 14.756 0.006
3056.58739 14.754 0.006
3058.58116 14.743 0.006
3060.60161 14.750 0.006
3064.60616 14.747 0.006
3067.66313 14.747 0.006
3069.62322 14.743 0.006
3073.53801 14.757 0.006
3075.62736 14.750 0.006
3078.54722 14.753 0.006
3082.53622 14.757 0.006
3084.61215 14.755 0.006
3087.57445 14.756 0.006
3090.53043 14.748 0.006
3093.51073 14.742 0.006
3098.61965 14.726 0.006
3101.57732 14.709 0.006
3104.55056 14.698 0.006
3111.52409 14.699 0.006
3114.51807 14.689 0.006
3126.48249 14.707 0.006
3144.49779 14.755 0.006
3224.89797 14.526 0.006
3239.93193 14.533 0.006
3247.90288 14.502 0.006
3256.88113 14.483 0.006
3263.85595 14.482 0.006
3268.87170 14.475 0.006
3273.84328 14.482 0.006
3276.86139 14.484 0.006
3281.82631 14.500 0.006
3289.83974 14.528 0.006
3294.83789 14.517 0.006
3296.84323 14.545 0.006
3298.87379 14.537 0.006
3301.69415 14.555 0.006
3303.86318 14.555 0.006
3306.83780 14.569 0.006
3308.85478 14.581 0.006
3311.66489 14.594 0.006
3320.69803 14.634 0.006
3323.65099 14.640 0.006
3329.82706 14.639 0.006
3334.72686 14.678 0.006
3338.78264 14.692 0.006
3349.79885 14.749 0.006
3351.78371 14.753 0.006
3354.75184 14.766 0.006
3358.63818 14.776 0.006
3361.73395 14.784 0.006
3363.72410 14.787 0.006
3367.67764 14.800 0.006
3372.69641 14.805 0.006
3377.73258 14.801 0.006
3386.75837 14.792 0.006
3391.60372 14.763 0.006
3395.66779 14.766 0.006
3398.71551 14.758 0.006
3402.66077 14.760 0.006
3404.58863 14.755 0.006
3408.54205 14.746 0.006
3412.58734 14.744 0.006
3414.61890 14.735 0.006
3419.58976 14.728 0.006
3426.52524 14.686 0.006
3433.57644 14.654 0.006
3443.55819 14.594 0.006
3453.51340 14.569 0.006
3575.91858 14.582 0.006
3589.89001 14.638 0.006
3617.88693 14.752 0.006
3629.82641 14.732 0.006
3634.79255 14.703 0.006
3639.90277 14.690 0.006
3641.83640 14.692 0.006
3650.83174 14.668 0.006
3653.85974 14.672 0.006
3657.81024 14.662 0.006
3660.77593 14.653 0.006
3664.81141 14.651 0.006
3668.74770 14.664 0.006
3672.75722 14.661 0.006
3676.85865 14.662 0.006
3684.80285 14.660 0.006
3687.72185 14.661 0.006
3689.82042 14.660 0.006
3692.74483 14.657 0.006
3694.81882 14.644 0.006
3696.69410 14.643 0.006
3699.70631 14.636 0.006
3701.75724 14.622 0.006
3704.72372 14.618 0.006
3706.77791 14.613 0.006
3711.66891 14.606 0.006
3713.68257 14.598 0.006
3716.73164 14.602 0.006
3719.75940 14.600 0.006
3722.81861 14.599 0.006
3726.68184 14.599 0.006
3728.65459 14.601 0.006
3731.75513 14.611 0.006
3733.64132 14.613 0.006
3734.74428 14.612 0.006
3736.76317 14.620 0.006
3737.65182 14.614 0.006
3739.71392 14.626 0.006
3741.82018 14.631 0.006
3743.71805 14.633 0.006
3746.76045 14.640 0.006
3748.71309 14.643 0.006
3750.71926 14.661 0.006
3752.72733 14.663 0.006
3754.74863 14.671 0.006
3755.66839 14.680 0.006
3757.64250 14.685 0.006
3759.60815 14.690 0.006
3762.69300 14.698 0.006
3765.71494 14.710 0.006
3769.75553 14.716 0.006
3772.72384 14.719 0.006
3775.71579 14.718 0.006
3778.69428 14.718 0.006
3782.60243 14.710 0.006
3786.57848 14.703 0.006
3791.57481 14.692 0.006
3798.57453 14.656 0.006
3805.56171 14.624 0.006
3820.50707 14.561 0.006
3945.90201 14.493 0.006
3961.93727 14.536 0.006
3968.91936 14.557 0.006
3974.91529 14.591 0.006
3981.80832 14.630 0.006
3988.89020 14.660 0.006
3995.84325 14.702 0.006
4002.83935 14.740 0.006
4005.78937 14.755 0.006
4007.79357 14.768 0.006
4011.77400 14.792 0.006
4018.75956 14.801 0.006
4023.81307 14.808 0.006
4026.72367 14.779 0.006
4028.85973 14.772 0.006
4031.74746 14.754 0.006
4037.85636 14.720 0.006
4040.82366 14.704 0.006
4042.83845 14.701 0.006
4046.71430 14.683 0.006
4048.80323 14.670 0.006
4052.64610 14.659 0.006
4053.84383 14.653 0.006
4056.68734 14.639 0.006
4059.67456 14.612 0.006
4064.64269 14.578 0.006
4066.62044 14.573 0.006
4069.68603 14.556 0.006
4071.61395 14.555 0.006
4076.68287 14.554 0.006
4079.69945 14.557 0.006
4082.68979 14.565 0.006
4084.76966 14.564 0.006
4087.68910 14.573 0.006
4093.77812 14.572 0.006
4102.66637 14.577 0.006
4104.81315 14.567 0.006
4109.67402 14.563 0.006
4113.69261 14.573 0.006
4119.63085 14.572 0.006
4122.67969 14.567 0.006
4125.72709 14.565 0.006
4129.72655 14.558 0.006
4142.58934 14.566 0.006
4150.56135 14.573 0.006
4166.51966 14.588 0.006
4184.50923 14.606 0.006
4340.90980 14.581 0.006
4346.89792 14.583 0.006
4350.91648 14.589 0.006
4357.85007 14.590 0.006
4363.77852 14.597 0.006
4365.80215 14.590 0.006
4369.79775 14.580 0.006
4372.77244 14.572 0.006
4376.86298 14.561 0.006
4379.86952 14.542 0.006
4383.87358 14.522 0.006
4388.86754 14.505 0.006
4393.74143 14.490 0.006
4398.81663 14.479 0.006
4403.75726 14.482 0.006
4411.75245 14.497 0.006
4417.83526 14.505 0.006
4421.74766 14.506 0.006
4425.82086 14.508 0.006
4429.73161 14.531 0.006
4432.77320 14.523 0.006
4436.69968 14.522 0.006
4439.74383 14.515 0.006
4442.72123 14.517 0.006
4448.77691 14.485 0.006
4450.78160 14.483 0.006
4453.75741 14.471 0.006
4456.77075 14.478 0.006
4459.68077 14.462 0.006
4462.68280 14.482 0.006
4465.72302 14.492 0.006
4469.67614 14.507 0.006
4474.67817 14.516 0.006
4478.78095 14.522 0.006
4481.77972 14.520 0.006
4484.68945 14.528 0.006
4487.75183 14.517 0.006
4492.70443 14.527 0.006
4494.73888 14.521 0.006
4499.63586 14.536 0.006
4502.69308 14.536 0.006
4507.65183 14.554 0.006
4509.64907 14.556 0.006
4516.59773 14.620 0.006
4520.66968 14.635 0.006
4522.55677 14.661 0.006
4524.57079 14.666 0.006
4530.57599 14.703 0.006
4532.56800 14.721 0.006
4537.56608 14.740 0.006
4540.61481 14.760 0.006
4549.57124 14.805 0.006
4560.50981 14.832 0.006
4567.52138 14.844 0.006
4574.54242 14.842 0.006
4592.48008 14.753 0.006
4681.93344 14.526 0.006
4691.89912 14.535 0.006
4702.91104 14.519 0.006
4719.82659 14.492 0.006
4726.90096 14.502 0.006
4731.87729 14.526 0.006
4747.84968 14.556 0.006
4752.81084 14.569 0.006
4756.81998 14.567 0.006
4759.86704 14.570 0.006
4762.82681 14.569 0.006
4768.80477 14.569 0.006
4771.84691 14.577 0.006
4774.85628 14.574 0.006
4777.69369 14.582 0.006
4780.84265 14.589 0.006
4783.81259 14.595 0.006
4788.74194 14.617 0.006
4791.71934 14.626 0.006
4794.72367 14.634 0.006
4797.70506 14.647 0.006
4800.74833 14.665 0.006
4802.77994 14.679 0.006
4804.80408 14.680 0.006
4805.82715 14.681 0.006
4807.77804 14.695 0.006
4810.73597 14.710 0.006
4812.79555 14.719 0.006
4814.68516 14.729 0.006
4816.68199 14.741 0.006
4818.70412 14.742 0.006
4820.71095 14.747 0.006
4823.72454 14.756 0.006
4825.81173 14.761 0.006
4831.85409 14.757 0.006
4832.81434 14.766 0.006
4834.78341 14.751 0.006
4837.68341 14.758 0.006
4839.71196 14.756 0.006
4841.74828 14.755 0.006
4843.74752 14.743 0.006
4846.71345 14.755 0.006
4850.73152 14.752 0.006
4852.72552 14.748 0.006
4855.73296 14.747 0.006
4857.71112 14.747 0.006
4863.66735 14.737 0.006
4866.67826 14.718 0.006
4868.67635 14.720 0.006
4870.66582 14.705 0.006
4873.69645 14.679 0.006
4875.59348 14.675 0.006
4876.62416 14.658 0.006
4878.64908 14.655 0.006
4882.56832 14.621 0.006
4884.63071 14.623 0.006
4888.54718 14.595 0.006
4900.57883 14.527 0.006
4904.60457 14.505 0.006
4913.58240 14.500 0.006
4918.55901 14.518 0.006
4924.57851 14.523 0.006
4928.56831 14.540 0.006
4930.51954 14.539 0.006
4934.51636 14.561 0.006
4938.50764 14.578 0.006
4942.52420 14.590 0.006
4947.51758 14.594 0.006
