 726.82081 13.465 0.006
 728.88463 13.476 0.006
 739.85461 13.537 0.006
 744.76294 13.549 0.006
 745.84755 13.550 0.006
 746.83344 13.551 0.006
 747.72887 13.555 0.006
 748.68091 13.556 0.006
 750.79384 13.560 0.006
 751.79462 13.562 0.006
 752.85244 13.561 0.006
 754.79869 13.564 0.006
 755.77665 13.568 0.006
 759.70252 13.562 0.006
 761.78372 13.561 0.006
 766.83341 13.559 0.006
 773.78896 13.541 0.006
 776.81415 13.534 0.006
 778.84356 13.530 0.006
 780.77451 13.520 0.006
 782.80315 13.514 0.006
 788.83057 13.490 0.006
 792.74061 13.475 0.006
 795.82593 13.465 0.006
 798.75022 13.454 0.006
 817.74846 13.378 0.006
 819.82511 13.359 0.006
 824.69579 13.350 0.006
 826.78844 13.336 0.006
 827.68520 13.336 0.006
 828.74486 13.331 0.006
 829.69247 13.331 0.006
 830.75059 13.318 0.006
 831.58783 13.322 0.006
 832.57045 13.311 0.006
 832.75746 13.314 0.006
 833.57702 13.313 0.006
 834.71167 13.301 0.006
 835.79876 13.301 0.006
 837.66066 13.301 0.006
 839.65908 13.303 0.006
 841.74810 13.293 0.006
 842.73806 13.288 0.006
 844.59295 13.293 0.006
 846.76489 13.290 0.006
 850.75571 13.285 0.006
 854.77292 13.286 0.006
 855.70261 13.283 0.006
 856.66460 13.277 0.006
 857.72327 13.282 0.006
 858.68644 13.286 0.006
 859.75317 13.282 0.006
 860.64612 13.285 0.006
 865.56342 13.298 0.006
 867.61853 13.294 0.006
 874.68219 13.323 0.006
 876.59825 13.327 0.006
 876.70072 13.324 0.006
 878.68828 13.341 0.006
 880.62258 13.346 0.006
 885.58169 13.367 0.006
 887.66680 13.369 0.006
 890.69042 13.386 0.006
 892.53719 13.388 0.006
 893.70342 13.399 0.006
 896.50514 13.401 0.006
 900.55861 13.411 0.006
 919.56050 13.441 0.006
 925.51358 13.457 0.006
 931.57158 13.467 0.006
 934.52039 13.467 0.006
 950.51360 13.465 0.006
 951.50711 13.468 0.006
1072.89673 13.502 0.006
1079.80512 13.537 0.006
1080.80870 13.542 0.006
1083.81924 13.550 0.006
1084.81469 13.559 0.006
1086.84271 13.559 0.006
1090.77037 13.585 0.006
1091.87818 13.589 0.006
1092.82076 13.589 0.006
1093.83283 13.588 0.006
1106.76175 13.603 0.006
1108.78275 13.606 0.006
1114.79218 13.601 0.006
1119.83542 13.589 0.006
1120.73996 13.591 0.006
1126.75976 13.575 0.006
1129.82406 13.562 0.006
1131.83001 13.559 0.006
1132.81960 13.557 0.006
1137.80177 13.539 0.006
1138.84308 13.537 0.006
1142.76975 13.526 0.006
1152.72736 13.490 0.006
1154.74288 13.482 0.006
1155.69911 13.484 0.006
1157.75299 13.467 0.006
1159.75867 13.458 0.006
1161.82268 13.455 0.006
1163.82457 13.447 0.006
1164.83948 13.445 0.006
1166.75696 13.437 0.006
1167.78318 13.432 0.006
1168.76582 13.414 0.006
1171.73472 13.399 0.006
1175.73208 13.383 0.006
1179.78147 13.358 0.006
1181.74496 13.362 0.006
1183.82986 13.348 0.006
1185.82723 13.344 0.006
1187.78254 13.336 0.006
1189.71898 13.343 0.006
1191.75767 13.342 0.006
1192.81646 13.341 0.006
1193.80837 13.345 0.006
1194.68401 13.341 0.006
1201.77251 13.336 0.006
1202.76662 13.335 0.006
1204.68822 13.333 0.006
1206.78840 13.333 0.006
1207.69863 13.336 0.006
1211.67514 13.345 0.006
1213.63857 13.342 0.006
1214.71732 13.341 0.006
1215.54341 13.347 0.006
1216.61148 13.347 0.006
1217.67910 13.355 0.006
1219.61633 13.352 0.006
1221.58696 13.361 0.006
1223.67711 13.370 0.006
1224.55678 13.375 0.006
1226.56504 13.379 0.006
1227.57210 13.386 0.006
1232.66169 13.411 0.006
1235.56285 13.416 0.006
1237.54678 13.423 0.006
1238.64880 13.425 0.006
1241.54902 13.440 0.006
1242.62002 13.443 0.006
1243.56613 13.451 0.006
1245.53469 13.456 0.006
1247.66906 13.460 0.006
1248.63679 13.466 0.006
1251.59135 13.485 0.006
1254.54521 13.491 0.006
1255.57822 13.495 0.006
1257.60987 13.496 0.006
1260.59593 13.506 0.006
1264.58634 13.523 0.006
1266.58808 13.532 0.006
1267.60420 13.530 0.006
1274.58724 13.542 0.006
1275.52661 13.537 0.006
1278.50925 13.543 0.006
1281.51731 13.543 0.006
1290.48705 13.531 0.006
1296.57791 13.518 0.006
1300.52403 13.523 0.006
1305.50246 13.510 0.006
1308.53345 13.499 0.006
1315.49266 13.476 0.006
1318.47535 13.472 0.006
1329.46098 13.424 0.006
1331.47998 13.395 0.006
1431.82333 13.484 0.006
1433.81990 13.495 0.006
1435.86779 13.503 0.006
1437.86052 13.511 0.006
1440.89948 13.525 0.006
1443.79081 13.531 0.006
1447.76456 13.562 0.006
1448.85533 13.563 0.006
1453.77536 13.590 0.006
1454.89137 13.588 0.006
1455.77350 13.597 0.006
1458.75948 13.598 0.006
1459.88103 13.598 0.006
1460.76165 13.610 0.006
1461.72738 13.607 0.006
1471.73784 13.629 0.006
1475.83226 13.624 0.006
1478.75698 13.622 0.006
1481.81918 13.619 0.006
1484.82349 13.609 0.006
1487.81628 13.603 0.006
1488.86434 13.593 0.006
1491.75503 13.586 0.006
1493.69694 13.575 0.006
1495.74037 13.562 0.006
1498.66154 13.546 0.006
1500.80207 13.541 0.006
1503.69237 13.522 0.006
1505.79921 13.511 0.006
1507.69521 13.503 0.006
1508.81185 13.494 0.006
1509.67335 13.495 0.006
1510.63887 13.491 0.006
1511.72153 13.475 0.006
1512.75554 13.476 0.006
1514.77001 13.464 0.006
1516.81579 13.454 0.006
1517.84770 13.450 0.006
1518.68764 13.443 0.006
1520.71295 13.437 0.006
1522.71364 13.427 0.006
1523.71381 13.423 0.006
1525.68976 13.413 0.006
1527.75509 13.399 0.006
1528.68102 13.392 0.006
1529.80647 13.386 0.006
1531.69841 13.382 0.006
1538.65555 13.346 0.006
1541.61137 13.334 0.006
1542.76572 13.336 0.006
1544.66804 13.330 0.006
1546.67726 13.330 0.006
1546.69273 13.329 0.006
1547.69432 13.329 0.006
1548.67149 13.326 0.006
1551.70084 13.331 0.006
1552.63378 13.325 0.006
1553.65749 13.330 0.006
1554.63610 13.330 0.006
1555.66053 13.336 0.006
1556.63469 13.336 0.006
1560.62643 13.342 0.006
1564.54555 13.366 0.006
1568.62226 13.384 0.006
1571.63191 13.396 0.006
1575.64630 13.419 0.006
1578.68661 13.440 0.006
1580.69740 13.443 0.006
1582.63191 13.452 0.006
1585.62270 13.468 0.006
1588.62593 13.485 0.006
1591.58977 13.502 0.006
1595.58301 13.527 0.006
1599.64902 13.543 0.006
1600.60191 13.547 0.006
1601.60903 13.564 0.006
1602.67551 13.558 0.006
1604.60710 13.565 0.006
1606.56407 13.571 0.006
1609.52029 13.588 0.006
1610.53519 13.588 0.006
1611.59533 13.590 0.006
1613.57567 13.590 0.006
1614.64674 13.595 0.006
1616.50437 13.588 0.006
1618.64990 13.599 0.006
1619.54362 13.603 0.006
1621.53977 13.595 0.006
1623.63693 13.591 0.006
1625.61799 13.594 0.006
1627.58824 13.591 0.006
1628.52813 13.587 0.006
1630.49983 13.593 0.006
1631.49762 13.583 0.006
1633.61305 13.574 0.006
1635.49606 13.588 0.006
1643.57206 13.580 0.006
1644.49905 13.575 0.006
1645.50515 13.570 0.006
1653.49046 13.564 0.006
1655.53443 13.563 0.006
1657.54388 13.564 0.006
1660.51875 13.554 0.006
1662.52609 13.552 0.006
1664.54915 13.541 0.006
1669.51908 13.532 0.006
1672.49173 13.520 0.006
1687.48942 13.443 0.006
1695.47478 13.383 0.006
1766.86753 13.480 0.006
1768.85318 13.490 0.006
1773.91153 13.493 0.006
1782.84275 13.512 0.006
1788.85116 13.520 0.006
1804.84643 13.530 0.006
1811.86699 13.534 0.006
1815.84315 13.529 0.006
1818.88547 13.521 0.006
1822.72485 13.516 0.006
1829.87412 13.490 0.006
1844.78195 13.411 0.006
1850.76331 13.388 0.006
1854.82034 13.368 0.006
1858.76742 13.353 0.006
1860.80979 13.346 0.006
1863.78290 13.345 0.006
1866.73361 13.338 0.006
1868.71470 13.341 0.006
1870.83575 13.342 0.006
1872.85156 13.342 0.006
1874.75650 13.330 0.006
2166.85243 13.405 0.006
2172.90243 13.398 0.006
2183.89570 13.379 0.006
2189.85811 13.382 0.006
2192.76180 13.380 0.006
2201.77173 13.371 0.006
2212.80630 13.357 0.006
2217.79070 13.344 0.006
2223.81128 13.343 0.006
2226.78564 13.335 0.006
2228.82907 13.333 0.006
2232.76274 13.328 0.006
2234.75669 13.322 0.006
2238.70735 13.323 0.006
2240.83629 13.323 0.006
2242.84203 13.317 0.006
2248.72329 13.316 0.006
2251.75292 13.318 0.006
2253.77052 13.316 0.006
2255.69883 13.308 0.006
2258.69829 13.304 0.006
2269.77979 13.307 0.006
2271.72327 13.298 0.006
2273.81842 13.307 0.006
2275.79191 13.310 0.006
2277.79467 13.311 0.006
2279.79152 13.319 0.006
2281.75434 13.310 0.006
2283.81153 13.316 0.006
2291.75449 13.345 0.006
2295.74391 13.351 0.006
2297.73483 13.348 0.006
2299.76725 13.356 0.006
2301.67267 13.355 0.006
2303.66804 13.352 0.006
2326.57647 13.386 0.006
2332.51987 13.387 0.006
2338.54243 13.379 0.006
2355.50784 13.347 0.006
2387.49816 13.286 0.006
2521.91793 13.482 0.006
2542.83008 13.471 0.006
2544.88798 13.470 0.006
2551.87821 13.460 0.006
2559.81612 13.456 0.006
2563.86136 13.436 0.006
2577.85114 13.422 0.006
2583.74762 13.411 0.006
2589.78788 13.415 0.006
2594.80471 13.418 0.006
2599.85951 13.413 0.006
2609.66576 13.416 0.006
2611.66969 13.420 0.006
2617.81636 13.410 0.006
2620.78536 13.414 0.006
2623.75858 13.418 0.006
2626.68368 13.411 0.006
2627.62546 13.416 0.006
2628.85077 13.413 0.006
2630.83952 13.420 0.006
2632.63025 13.415 0.006
2635.62525 13.419 0.006
2639.78166 13.439 0.006
2641.65595 13.425 0.006
2643.66764 13.423 0.006
2645.65943 13.427 0.006
2647.58618 13.426 0.006
2651.65425 13.432 0.006
2653.67846 13.427 0.006
2655.66349 13.433 0.006
2657.79724 13.431 0.006
2659.66443 13.435 0.006
2661.68910 13.435 0.006
2665.79103 13.419 0.006
2671.79696 13.413 0.006
2673.72989 13.413 0.006
2675.72739 13.401 0.006
2679.75284 13.386 0.006
2682.61117 13.375 0.006
2686.58562 13.367 0.006
2691.53109 13.358 0.006
2695.58845 13.349 0.006
2700.53944 13.336 0.006
2706.52086 13.328 0.006
2713.52449 13.316 0.006
2841.92868 13.615 0.006
2890.83442 13.684 0.006
2895.87016 13.672 0.006
2900.82580 13.683 0.006
2906.85681 13.672 0.006
2910.89015 13.669 0.006
2915.89032 13.646 0.006
2921.88904 13.642 0.006
2925.85887 13.625 0.006
2930.77145 13.624 0.006
2933.81586 13.618 0.006
2939.82428 13.581 0.006
2941.84237 13.593 0.006
2943.71714 13.570 0.006
2946.82019 13.542 0.006
2948.81049 13.541 0.006
2952.80653 13.514 0.006
2955.86143 13.502 0.006
2958.67671 13.502 0.006
2962.68767 13.463 0.006
2965.70470 13.461 0.006
2967.80407 13.452 0.006
2970.71726 13.441 0.006
2974.70924 13.419 0.006
2976.74308 13.413 0.006
2978.63762 13.401 0.006
2980.66403 13.397 0.006
2982.62321 13.394 0.006
2984.66437 13.385 0.006
2986.75219 13.381 0.006
2988.72017 13.376 0.006
2990.65356 13.374 0.006
2992.74008 13.370 0.006
2994.65094 13.366 0.006
2996.74125 13.361 0.006
2998.69603 13.356 0.006
2999.78805 13.358 0.006
3001.66679 13.359 0.006
3003.66244 13.350 0.006
3005.61941 13.349 0.006
3007.73787 13.350 0.006
3009.67371 13.351 0.006
3011.61927 13.347 0.006
3013.64994 13.349 0.006
3017.62523 13.348 0.006
3018.71707 13.351 0.006
3020.79227 13.344 0.006
3022.81879 13.337 0.006
3024.76732 13.337 0.006
3026.76465 13.337 0.006
3028.77213 13.339 0.006
3030.77700 13.335 0.006
3033.70429 13.336 0.006
3035.71058 13.330 0.006
3038.68892 13.326 0.006
3040.68855 13.319 0.006
3042.63209 13.320 0.006
3044.56602 13.320 0.006
3046.58150 13.312 0.006
3048.56644 13.314 0.006
3050.58532 13.313 0.006
3052.58234 13.311 0.006
3054.58317 13.308 0.006
3056.58038 13.306 0.006
3060.59462 13.306 0.006
3064.59248 13.305 0.006
3067.65611 13.301 0.006
3069.61620 13.304 0.006
3073.52559 13.308 0.006
3075.62030 13.301 0.006
3078.54017 13.300 0.006
3082.52915 13.291 0.006
3084.60509 13.300 0.006
3087.56664 13.286 0.006
3090.52229 13.277 0.006
3093.50363 13.279 0.006
3098.61256 13.278 0.006
3101.57025 13.280 0.006
3104.54347 13.279 0.006
3111.51695 13.294 0.006
3114.51093 13.306 0.006
3115.53524 13.312 0.006
3126.47537 13.360 0.006
3144.49066 13.436 0.006
3224.89084 13.318 0.006
3239.92483 13.287 0.006
3247.89578 13.305 0.006
3256.87408 13.317 0.006
3263.84102 13.330 0.006
3268.86468 13.325 0.006
3273.83630 13.314 0.006
3276.85436 13.302 0.006
3281.81929 13.288 0.006
3289.83275 13.255 0.006
3294.83092 13.233 0.006
3296.83625 13.218 0.006
3298.86679 13.225 0.006
3301.68717 13.218 0.006
3303.85619 13.203 0.006
3306.83080 13.199 0.006
3308.84782 13.188 0.006
3311.65796 13.187 0.006
3320.69107 13.159 0.006
3323.64405 13.156 0.006
3329.82011 13.190 0.006
3334.71994 13.156 0.006
3338.77568 13.173 0.006
3349.79197 13.170 0.006
3351.77677 13.173 0.006
3354.74493 13.187 0.006
3358.63123 13.213 0.006
3361.72701 13.235 0.006
3363.71716 13.237 0.006
3367.67068 13.263 0.006
3372.68946 13.287 0.006
3377.72562 13.318 0.006
3380.74126 13.323 0.006
3386.75142 13.358 0.006
3391.59674 13.382 0.006
3395.66081 13.396 0.006
3398.70850 13.399 0.006
3402.65380 13.411 0.006
3404.58162 13.408 0.006
3408.53507 13.415 0.006
3412.58041 13.414 0.006
3414.61197 13.417 0.006
3419.57919 13.430 0.006
3426.51831 13.437 0.006
3433.56944 13.431 0.006
3443.54003 13.417 0.006
3453.50640 13.405 0.006
3574.94128 13.394 0.006
3588.93195 13.340 0.006
3589.88298 13.348 0.006
3614.92326 13.269 0.006
3617.87994 13.261 0.006
3629.81943 13.245 0.006
3634.78555 13.257 0.006
3639.89581 13.260 0.006
3641.82945 13.260 0.006
3650.82481 13.278 0.006
3653.85276 13.280 0.006
3657.80330 13.284 0.006
3660.76904 13.290 0.006
3664.80449 13.293 0.006
3668.74079 13.316 0.006
3671.87635 13.315 0.006
3676.85174 13.338 0.006
3684.79592 13.361 0.006
3687.71498 13.364 0.006
3689.81356 13.371 0.006
3692.73796 13.367 0.006
3694.81188 13.376 0.006
3696.68720 13.376 0.006
3699.69946 13.382 0.006
3701.75031 13.389 0.006
3704.71686 13.388 0.006
3706.77105 13.393 0.006
3711.66204 13.402 0.006
3713.67571 13.410 0.006
3716.72476 13.404 0.006
3719.75251 13.421 0.006
3722.81072 13.416 0.006
3726.67498 13.416 0.006
3728.64773 13.451 0.006
3731.74829 13.418 0.006
3733.63444 13.422 0.006
3734.73741 13.424 0.006
3736.75630 13.417 0.006
3737.64489 13.419 0.006
3739.70703 13.417 0.006
3743.71119 13.411 0.006
3746.75358 13.412 0.006
3748.70620 13.417 0.006
3750.71237 13.411 0.006
3752.72044 13.418 0.006
3754.74170 13.427 0.006
3755.66149 13.422 0.006
3757.63560 13.414 0.006
3759.60122 13.423 0.006
3762.68609 13.422 0.006
3765.70802 13.436 0.006
3769.74861 13.430 0.006
3772.71691 13.435 0.006
3775.70885 13.438 0.006
3778.68736 13.438 0.006
3782.59548 13.449 0.006
3786.57153 13.461 0.006
3791.56787 13.463 0.006
3798.56754 13.464 0.006
3805.55472 13.456 0.006
3820.50005 13.456 0.006
3944.93363 13.405 0.006
3961.93035 13.440 0.006
3968.91241 13.444 0.006
3974.90838 13.457 0.006
3981.80140 13.468 0.006
3988.87734 13.490 0.006
3995.83634 13.494 0.006
4002.83245 13.499 0.006
4005.78249 13.501 0.006
4007.78669 13.503 0.006
4011.76713 13.512 0.006
4018.75270 13.524 0.006
4023.80621 13.529 0.006
4026.71686 13.526 0.006
4028.85290 13.530 0.006
4031.74063 13.537 0.006
4037.84952 13.552 0.006
4040.81687 13.549 0.006
4042.83166 13.547 0.006
4046.70748 13.547 0.006
4048.79642 13.556 0.006
4052.63931 13.555 0.006
4053.83699 13.546 0.006
4059.66778 13.550 0.006
4064.63228 13.541 0.006
4066.61187 13.542 0.006
4069.67925 13.538 0.006
4071.60432 13.531 0.006
4076.65741 13.522 0.006
4079.69266 13.509 0.006
4082.68301 13.508 0.006
4084.76287 13.502 0.006
4087.68233 13.498 0.006
4093.77135 13.483 0.006
4102.65956 13.478 0.006
4104.80636 13.457 0.006
4109.66723 13.476 0.006
4113.68582 13.478 0.006
4119.62403 13.483 0.006
4122.67291 13.482 0.006
4125.72028 13.482 0.006
4129.71974 13.487 0.006
4142.57797 13.489 0.006
4150.55444 13.480 0.006
4154.53619 13.483 0.006
4165.58216 13.448 0.006
4184.50226 13.421 0.006
4340.90288 13.439 0.006
4346.89097 13.432 0.006
4350.90956 13.422 0.006
4357.84318 13.406 0.006
4363.77162 13.404 0.006
4365.79526 13.394 0.006
4369.79087 13.395 0.006
4372.76555 13.380 0.006
4376.85610 13.383 0.006
4379.86266 13.381 0.006
4383.86674 13.379 0.006
4388.86071 13.379 0.006
4393.73461 13.393 0.006
4398.80981 13.377 0.006
4403.75043 13.382 0.006
4411.74560 13.384 0.006
4417.82846 13.376 0.006
4421.74085 13.366 0.006
4425.81407 13.355 0.006
4429.72482 13.346 0.006
4432.76637 13.331 0.006
4436.69288 13.315 0.006
4439.73706 13.303 0.006
4442.71444 13.290 0.006
4448.77012 13.269 0.006
4450.77481 13.265 0.006
4453.75062 13.248 0.006
4456.76396 13.242 0.006
4459.67398 13.236 0.006
4462.67597 13.234 0.006
4465.71621 13.231 0.006
4469.66935 13.226 0.006
4474.67137 13.215 0.006
4478.77413 13.209 0.006
4481.77292 13.202 0.006
4484.68265 13.202 0.006
4487.74501 13.204 0.006
4492.69759 13.205 0.006
4494.73202 13.215 0.006
4499.61366 13.217 0.006
4502.68649 13.224 0.006
4507.64524 13.225 0.006
4509.64251 13.222 0.006
4522.54988 13.266 0.006
4524.56389 13.268 0.006
4530.56906 13.288 0.006
4532.56110 13.295 0.006
4537.55915 13.306 0.006
4540.60790 13.318 0.006
4549.56432 13.323 0.006
4560.50283 13.308 0.006
4567.51440 13.307 0.006
4574.53542 13.302 0.006
4592.47308 13.317 0.006
4681.92649 13.259 0.006
4691.89218 13.258 0.006
4702.90411 13.272 0.006
4719.81967 13.284 0.006
4722.90844 13.293 0.006
4726.89406 13.290 0.006
4731.87042 13.303 0.006
4747.84281 13.319 0.006
4751.88911 13.328 0.006
4756.81316 13.317 0.006
4759.86023 13.314 0.006
4762.82000 13.307 0.006
4768.79795 13.287 0.006
4771.84008 13.280 0.006
4774.84947 13.264 0.006
4777.68690 13.261 0.006
4780.83586 13.248 0.006
4783.80575 13.236 0.006
4788.73515 13.213 0.006
4791.71255 13.205 0.006
4794.71687 13.204 0.006
4797.69831 13.197 0.006
4800.74153 13.191 0.006
4802.77315 13.188 0.006
4804.79728 13.187 0.006
4805.82038 13.184 0.006
4807.77124 13.182 0.006
4810.72919 13.200 0.006
4812.78876 13.189 0.006
4814.67835 13.195 0.006
4816.67515 13.201 0.006
4818.69733 13.195 0.006
4820.70416 13.204 0.006
4823.71776 13.209 0.006
4825.80495 13.217 0.006
4831.84732 13.231 0.006
4832.80754 13.239 0.006
4834.77663 13.246 0.006
4837.67662 13.257 0.006
4839.70517 13.268 0.006
4841.74149 13.271 0.006
4843.74071 13.284 0.006
4846.70666 13.287 0.006
4850.72470 13.299 0.006
4852.71874 13.290 0.006
4855.72614 13.294 0.006
4857.70429 13.303 0.006
4863.65834 13.306 0.006
4866.67143 13.304 0.006
4868.66951 13.297 0.006
4870.65897 13.316 0.006
4873.68958 13.305 0.006
4875.58661 13.316 0.006
4876.61728 13.306 0.006
4878.64221 13.317 0.006
4882.56145 13.323 0.006
4884.62388 13.325 0.006
4888.54030 13.307 0.006
4900.57193 13.335 0.006
4904.59766 13.332 0.006
4913.57544 13.347 0.006
4918.55204 13.341 0.006
4924.56625 13.356 0.006
4928.56164 13.346 0.006
4930.51286 13.360 0.006
4934.50967 13.364 0.006
4938.50091 13.369 0.006
4942.51750 13.374 0.006
4947.51084 13.386 0.006
