2166.84886 14.983 0.005
2172.89886 14.995 0.005
2183.89214 15.011 0.006
2189.85456 15.008 0.005
2192.75850 14.984 0.005
2201.76819 14.985 0.005
2212.80299 14.985 0.005
2217.78740 14.990 0.005
2226.78234 14.998 0.005
2228.82578 14.996 0.005
2232.75943 14.982 0.005
2234.75340 14.973 0.005
2238.70400 14.968 0.005
2240.83301 14.971 0.005
2242.83873 14.973 0.005
2248.72000 14.974 0.005
2251.74964 14.968 0.005
2253.76724 14.975 0.005
2255.69553 14.979 0.005
2258.69500 14.980 0.005
2261.66777 14.971 0.005
2269.77649 14.969 0.005
2271.71997 14.966 0.005
2273.81513 14.978 0.005
2275.78861 14.978 0.005
2277.79138 14.980 0.005
2279.78824 14.987 0.005
2281.75106 14.982 0.005
2283.80822 14.989 0.005
2289.74509 14.984 0.005
2291.75118 14.980 0.005
2293.71954 14.984 0.005
2295.74061 14.964 0.005
2297.73154 14.950 0.005
2299.76393 14.943 0.005
2301.66936 14.928 0.005
2303.66472 14.921 0.005
2326.57292 14.932 0.005
2332.51630 14.939 0.006
2338.53885 14.933 0.005
2355.50426 14.918 0.006
2387.49452 14.973 0.006
2521.91435 14.919 0.005
2542.82675 14.992 0.005
2544.88439 14.995 0.005
2551.87463 14.982 0.005
2555.89858 14.975 0.006
2559.81256 14.941 0.005
2563.85780 14.918 0.005
2577.84783 14.951 0.005
2583.74432 14.985 0.005
2589.78434 15.031 0.005
2594.80118 15.051 0.006
2599.85599 15.022 0.005
2609.66222 14.984 0.005
2611.66624 14.972 0.005
2617.81290 14.954 0.005
2620.78186 14.944 0.005
2623.75513 14.951 0.005
2626.68022 14.967 0.005
2627.62201 14.961 0.006
2628.84729 14.967 0.005
2630.83606 14.984 0.006
2632.62679 14.989 0.005
2635.62196 15.007 0.005
2637.76214 15.015 0.005
2639.77836 15.015 0.005
2641.65265 15.017 0.005
2643.66418 15.017 0.005
2645.65615 15.014 0.005
2647.58289 15.011 0.005
2651.65078 14.964 0.005
2653.67515 14.952 0.005
2655.66021 14.947 0.005
2657.79394 14.926 0.005
2659.66112 14.919 0.005
2661.68580 14.919 0.005
2665.78771 14.912 0.005
2671.79365 14.937 0.005
2675.72410 14.959 0.005
2677.75845 14.989 0.006
2679.74951 14.982 0.005
2682.60766 14.996 0.005
2686.57685 15.006 0.006
2695.58496 15.017 0.005
2700.53594 14.996 0.005
2706.51733 14.959 0.006
2713.52098 14.918 0.005
2735.50111 14.953 0.006
2841.92511 15.005 0.006
2868.88777 14.948 0.005
2890.83088 14.991 0.006
2895.86662 15.030 0.005
2900.82229 15.043 0.005
2906.85332 15.055 0.005
2910.88665 15.026 0.005
2915.88682 14.988 0.005
2921.88552 14.923 0.005
2925.85538 14.915 0.005
2933.81239 14.905 0.005
2939.82081 14.925 0.005
2941.83890 14.938 0.005
2943.71364 14.954 0.005
2946.81669 14.971 0.005
2948.80701 14.985 0.005
2952.80308 15.003 0.005
2955.85796 15.003 0.006
2958.67327 14.995 0.006
2962.68421 14.954 0.005
2965.70125 14.927 0.005
2967.80060 14.915 0.005
2970.71379 14.898 0.005
2974.70576 14.898 0.005
2976.73962 14.911 0.005
2978.63418 14.915 0.005
2980.66057 14.928 0.005
2982.61976 14.931 0.005
2984.66091 14.940 0.005
2986.74874 14.963 0.005
2988.71674 14.982 0.005
2990.65009 14.989 0.005
2992.73664 15.013 0.005
2994.64686 15.020 0.005
2996.73350 15.027 0.005
2998.69257 15.043 0.005
2999.78460 15.041 0.005
3001.66333 15.045 0.005
3003.65897 15.036 0.005
3005.61596 15.035 0.005
3007.73441 15.025 0.005
3009.67026 15.000 0.005
3011.61582 14.991 0.005
3013.64647 14.966 0.005
3017.62176 14.952 0.005
3018.71358 14.956 0.005
3020.78880 14.938 0.005
3022.81533 14.926 0.005
3024.76386 14.923 0.005
3026.76118 14.915 0.005
3028.76865 14.903 0.005
3030.77352 14.912 0.005
3033.70082 14.930 0.005
3035.70711 14.951 0.005
3038.68545 14.976 0.005
3040.68506 14.971 0.005
3042.62860 14.992 0.005
3044.56256 15.009 0.005
3046.57800 15.005 0.005
3048.56294 15.002 0.005
3050.58182 14.999 0.005
3052.57884 15.010 0.005
3054.57969 15.000 0.005
3056.57688 14.998 0.005
3058.57058 14.998 0.005
3060.59111 14.989 0.005
3064.58901 14.978 0.005
3067.65259 14.958 0.005
3069.61269 14.950 0.005
3073.52208 14.947 0.005
3075.61677 14.946 0.005
3078.53665 14.941 0.005
3082.52562 14.954 0.005
3084.60158 14.956 0.005
3087.56309 14.968 0.005
3090.51874 14.976 0.005
3093.50011 14.977 0.006
3098.60900 14.952 0.005
3101.56672 14.952 0.006
3104.53987 14.937 0.005
3111.51341 14.931 0.005
3114.50738 14.917 0.005
3115.53170 14.923 0.005
3126.47181 14.923 0.005
3144.48709 15.002 0.006
3224.88729 14.943 0.005
3239.92128 14.887 0.005
3247.89226 14.916 0.005
3256.87058 14.951 0.005
3263.83749 14.949 0.005
3268.86118 14.922 0.005
3273.83281 14.896 0.005
3276.85087 14.872 0.005
3281.81578 14.876 0.005
3289.82925 14.918 0.005
3294.82742 14.951 0.005
3296.83278 14.952 0.005
3298.86332 14.965 0.005
3301.68371 14.978 0.005
3303.85271 15.000 0.005
3306.82733 15.006 0.005
3308.84435 15.010 0.005
3310.87657 15.010 0.006
3320.68759 14.947 0.005
3323.64058 14.935 0.005
3325.78123 14.922 0.005
3329.81665 14.903 0.005
3334.71648 14.911 0.005
3338.77223 14.913 0.005
3349.78850 14.912 0.005
3351.77331 14.921 0.005
3354.74147 14.926 0.005
3358.62781 14.928 0.005
3361.72354 14.936 0.005
3363.71372 14.923 0.005
3367.66723 14.915 0.005
3372.68600 14.911 0.005
3377.72218 14.899 0.005
3386.74796 14.923 0.005
3391.59328 14.939 0.005
3395.65733 14.955 0.005
3398.70505 14.963 0.005
3402.65032 14.970 0.005
3404.57813 14.981 0.005
3408.53157 14.973 0.005
3412.57696 14.964 0.005
3414.60853 14.951 0.005
3419.57573 14.933 0.005
3426.51486 14.886 0.005
3433.56595 14.875 0.005
3443.53655 14.911 0.005
3453.50289 14.934 0.005
3574.93773 14.981 0.005
3588.92843 14.959 0.005
3589.87945 14.956 0.005
3614.91978 15.072 0.005
3617.87646 15.067 0.005
3629.81597 15.043 0.005
3634.78205 15.048 0.005
3639.89231 15.015 0.005
3641.82599 15.016 0.005
3650.82135 14.956 0.005
3653.84931 14.956 0.005
3657.79984 14.948 0.005
3660.76559 14.946 0.005
3664.80103 14.939 0.005
3668.73732 14.923 0.005
3671.87292 14.908 0.005
3676.84831 14.907 0.005
3684.79247 14.870 0.005
3687.71154 14.868 0.005
3689.81013 14.864 0.005
3692.73453 14.870 0.005
3694.80844 14.889 0.005
3696.68377 14.897 0.005
3699.69603 14.914 0.005
3701.74690 14.935 0.005
3704.71343 14.954 0.005
3706.76763 14.977 0.005
3711.65861 14.996 0.005
3713.67230 15.005 0.005
3716.72136 15.007 0.005
3719.73670 15.001 0.005
3722.80728 14.987 0.005
3726.67156 14.965 0.005
3728.64428 14.951 0.005
3731.74486 14.904 0.005
3733.63101 14.894 0.005
3734.73399 14.877 0.005
3736.75286 14.864 0.005
3737.64149 14.860 0.005
3739.70361 14.842 0.005
3741.73098 14.837 0.005
3743.70774 14.830 0.005
3746.75013 14.833 0.005
3748.70276 14.851 0.005
3750.70893 14.872 0.005
3752.71702 14.883 0.005
3754.73826 14.897 0.005
3755.65805 14.913 0.005
3757.63216 14.915 0.005
3759.59778 14.940 0.005
3762.68267 14.964 0.005
3765.70457 14.981 0.005
3769.74518 14.997 0.005
3772.71346 14.979 0.005
3775.70536 14.982 0.005
3778.68390 14.985 0.005
3782.59204 14.961 0.005
3786.56806 14.938 0.005
3791.56440 14.916 0.005
3798.56405 14.924 0.005
3805.55123 14.950 0.005
3820.49656 14.967 0.005
3938.94570 14.979 0.006
3961.92688 15.061 0.005
3968.90896 15.032 0.005
3974.90496 15.013 0.005
3981.79794 15.001 0.005
3988.87390 14.965 0.005
3995.83290 14.940 0.005
4002.82903 14.930 0.005
4005.77910 14.924 0.005
4007.78327 14.930 0.005
4011.76369 14.939 0.005
4018.74535 14.967 0.005
4023.79775 14.988 0.005
4026.71344 14.981 0.005
4028.84949 14.982 0.005
4031.73721 14.976 0.005
4037.84614 14.937 0.005
4040.81350 14.925 0.005
4042.82827 14.902 0.005
4046.70409 14.884 0.005
4048.79302 14.890 0.005
4052.63592 14.894 0.005
4053.83359 14.902 0.005
4056.65428 14.925 0.005
4059.66442 14.917 0.005
4064.62890 14.924 0.005
4066.60849 14.940 0.005
4069.67586 14.954 0.005
4071.60095 14.957 0.005
4076.65406 14.971 0.005
4079.68928 14.972 0.005
4082.67964 14.967 0.005
4084.75948 14.956 0.005
4087.67895 14.949 0.005
4093.76797 14.906 0.005
4102.65620 14.875 0.005
4104.80297 14.871 0.005
4109.66384 14.898 0.005
4113.68245 14.904 0.005
4119.62065 14.935 0.005
4122.66951 14.947 0.005
4125.71692 14.956 0.005
4129.71634 14.970 0.005
4142.57454 14.966 0.005
4150.55102 14.923 0.005
4154.53277 14.925 0.006
4165.57872 14.947 0.005
4183.52499 14.979 0.006
4340.89943 14.951 0.005
4346.88672 14.942 0.005
4350.90612 14.946 0.005
4357.83973 14.976 0.005
4363.76822 14.980 0.005
4365.79184 14.973 0.006
4369.78742 14.987 0.005
4372.76210 14.988 0.005
4376.85266 14.976 0.005
4379.85923 14.965 0.005
4383.86331 14.941 0.005
4388.80337 14.933 0.005
4393.73118 14.943 0.005
4398.80639 14.936 0.005
4403.74704 14.926 0.005
4411.74221 14.923 0.005
4417.82508 14.930 0.005
4421.73747 14.935 0.005
4425.81069 14.941 0.005
4429.72145 14.945 0.006
4432.76299 14.944 0.005
4436.68949 14.939 0.005
4439.73368 14.934 0.005
4442.71107 14.925 0.005
4448.76675 14.919 0.005
4450.77141 14.928 0.005
4453.74723 14.924 0.005
4456.76058 14.923 0.005
4459.67061 14.942 0.005
4462.67260 14.935 0.005
4465.71282 14.948 0.005
4469.66598 14.955 0.005
4474.66798 14.953 0.005
4478.77075 14.938 0.005
4481.76951 14.941 0.005
4484.67925 14.947 0.005
4487.74163 14.955 0.005
4492.69418 14.950 0.005
4494.72864 14.948 0.005
4499.61036 14.949 0.005
4502.68322 14.966 0.005
4507.64194 14.969 0.005
4509.63921 14.965 0.005
4516.54750 14.956 0.006
4520.63647 14.945 0.006
4522.54646 14.939 0.005
4524.56049 14.934 0.005
4530.56563 14.938 0.005
4532.55767 14.940 0.005
4537.55571 14.931 0.005
4540.60444 14.910 0.005
4549.56089 14.916 0.005
4560.49936 14.962 0.005
4567.51093 14.992 0.005
4574.53195 15.018 0.005
4592.46960 14.968 0.006
4681.92300 14.990 0.005
4691.88870 14.935 0.005
4702.90065 14.941 0.005
4719.81624 14.985 0.005
4722.90502 14.976 0.005
4726.89061 14.965 0.005
4731.86697 14.930 0.005
4747.83939 14.903 0.005
4751.88571 14.901 0.005
4756.80974 14.926 0.005
4759.85680 14.940 0.005
4762.81658 14.948 0.005
4768.79455 14.954 0.005
4771.83669 14.947 0.005
4774.84607 14.936 0.005
4776.87104 14.929 0.006
4780.83245 14.915 0.005
4783.80234 14.904 0.005
4788.73178 14.909 0.005
4791.70915 14.921 0.005
4794.71347 14.930 0.005
4797.69492 14.940 0.005
4800.73815 14.935 0.005
4802.76977 14.948 0.005
4804.79391 14.956 0.005
4805.81697 14.958 0.005
4807.76786 14.962 0.005
4810.72582 14.974 0.005
4812.78539 14.962 0.006
4814.67495 14.957 0.005
4816.67177 14.963 0.005
4818.69396 14.962 0.005
4820.70078 14.958 0.005
4823.71439 14.956 0.005
4825.80155 14.956 0.005
4831.84392 14.936 0.005
4832.80416 14.936 0.005
4834.77324 14.927 0.005
4837.67324 14.924 0.005
4839.70177 14.915 0.005
4841.73812 14.917 0.005
4843.73732 14.919 0.005
4846.70328 14.921 0.005
4850.72129 14.934 0.005
4852.71533 14.938 0.005
4855.72274 14.957 0.005
4857.70089 14.959 0.005
4863.65492 14.953 0.005
4866.66801 14.937 0.005
4868.66611 14.936 0.005
4870.65558 14.932 0.005
4873.68615 14.922 0.005
4875.58321 14.917 0.005
4876.61385 14.906 0.005
4878.63877 14.911 0.005
4882.55803 14.924 0.005
4884.62044 14.926 0.005
4888.53686 14.913 0.005
4900.56847 14.928 0.005
4904.59420 14.934 0.005
4913.57197 14.940 0.005
4918.54859 14.942 0.005
4924.56289 14.954 0.005
4928.55829 14.947 0.005
4930.50953 14.951 0.005
4934.50630 14.940 0.005
4938.49757 14.950 0.005
4942.51413 14.943 0.005
4947.50748 14.941 0.005
