2165.90781 14.105 0.006
2166.82639 14.097 0.006
2172.87516 14.118 0.006
2189.83242 14.211 0.006
2191.86676 14.218 0.006
2200.86778 14.255 0.006
2212.78174 14.309 0.006
2217.76665 14.294 0.006
2223.78693 14.311 0.006
2226.76177 14.311 0.006
2228.80529 14.309 0.006
2232.73892 14.300 0.006
2234.73269 14.302 0.006
2238.68353 14.288 0.006
2240.81245 14.288 0.006
2242.81825 14.291 0.006
2244.86487 14.283 0.006
2249.75148 14.263 0.006
2251.78397 14.258 0.006
2253.74440 14.246 0.006
2255.85416 14.248 0.006
2258.66107 14.234 0.006
2261.64668 14.222 0.006
2265.74871 14.198 0.006
2271.66182 14.160 0.006
2273.65753 14.169 0.006
2275.76778 14.160 0.006
2277.76255 14.157 0.006
2279.76765 14.158 0.006
2281.78152 14.148 0.006
2283.78464 14.157 0.006
2289.71377 14.144 0.006
2291.72123 14.143 0.006
2293.69334 14.145 0.006
2295.72011 14.134 0.006
2297.71097 14.129 0.006
2299.73336 14.130 0.006
2302.58061 14.131 0.006
2317.63015 14.107 0.006
2326.54894 14.093 0.006
2338.51662 14.119 0.006
2344.50940 14.119 0.006
2354.51119 14.145 0.006
2368.49521 14.182 0.006
2401.49721 14.188 0.006
2520.90608 14.323 0.006
2521.88540 14.334 0.006
2537.83878 14.377 0.006
2539.81387 14.372 0.006
2542.80625 14.359 0.006
2545.78791 14.371 0.006
2551.85236 14.357 0.006
2555.87643 14.338 0.006
2559.78533 14.325 0.006
2563.83554 14.302 0.006
2577.82538 14.224 0.006
2580.85482 14.203 0.006
2589.76163 14.149 0.006
2599.82219 14.099 0.006
2620.75892 14.032 0.006
2623.70321 14.023 0.006
2627.59943 14.011 0.006
2629.62433 14.005 0.006
2631.67359 14.011 0.006
2634.66847 14.012 0.006
2637.69448 14.000 0.006
2639.80927 14.006 0.006
2641.63191 14.016 0.006
2645.63567 14.010 0.006
2646.66309 14.013 0.006
2650.71939 14.026 0.006
2652.70958 14.023 0.006
2654.81413 14.037 0.006
2657.72867 14.041 0.006
2659.69765 14.053 0.006
2661.79735 14.059 0.006
2665.76732 14.060 0.006
2667.78748 14.075 0.006
2673.67649 14.087 0.006
2675.70341 14.099 0.006
2677.73807 14.100 0.006
2679.72879 14.107 0.006
2681.76064 14.103 0.006
2686.55395 14.129 0.006
2690.63220 14.116 0.006
2695.56280 14.126 0.006
2700.51384 14.140 0.006
2705.58573 14.138 0.006
2712.54819 14.133 0.006
2734.49789 14.096 0.006
2869.87918 14.129 0.006
2884.84123 14.065 0.006
2890.80902 14.049 0.006
2895.84472 14.031 0.006
2900.80037 14.020 0.006
2906.83134 14.000 0.006
2910.86481 13.993 0.006
2915.86098 13.986 0.006
2921.86328 13.998 0.006
2925.83937 13.995 0.006
2929.84371 13.999 0.006
2939.79887 14.044 0.006
2942.77429 14.068 0.006
2946.79472 14.077 0.006
2948.83981 14.094 0.006
2952.77909 14.123 0.006
2955.83613 14.146 0.006
2957.76367 14.156 0.006
2961.74702 14.182 0.006
2963.80525 14.193 0.006
2966.74466 14.210 0.006
2974.67339 14.257 0.006
2975.79852 14.271 0.006
2979.83502 14.291 0.006
2981.84224 14.302 0.006
2983.74302 14.311 0.006
2986.72549 14.324 0.006
2988.69238 14.325 0.006
2990.71702 14.336 0.006
2992.71385 14.338 0.006
2994.80461 14.340 0.006
2996.68012 14.358 0.006
2998.66339 14.363 0.006
3000.68021 14.367 0.006
3002.66742 14.372 0.006
3004.66716 14.377 0.006
3006.61286 14.374 0.006
3010.68743 14.391 0.006
3012.78287 14.405 0.006
3016.70158 14.395 0.006
3018.69144 14.403 0.006
3020.76678 14.408 0.006
3022.79321 14.389 0.006
3024.74182 14.397 0.006
3026.71087 14.397 0.006
3028.74660 14.385 0.006
3030.75165 14.387 0.006
3033.67357 14.387 0.006
3035.67974 14.393 0.006
3038.66340 14.390 0.006
3041.56054 14.396 0.006
3043.59035 14.390 0.006
3045.62939 14.386 0.006
3047.58354 14.377 0.006
3049.58925 14.374 0.006
3050.55988 14.362 0.006
3052.55417 14.379 0.006
3054.55584 14.375 0.006
3056.55498 14.370 0.006
3058.54801 14.357 0.006
3060.56911 14.351 0.006
3069.58937 14.348 0.006
3072.63747 14.347 0.006
3075.59205 14.353 0.006
3078.51332 14.350 0.006
3081.66682 14.342 0.006
3084.57902 14.333 0.006
3087.53997 14.341 0.006
3089.64263 14.343 0.006
3092.58141 14.358 0.006
3098.58437 14.342 0.006
3101.54468 14.343 0.006
3104.51611 14.347 0.006
3110.52445 14.343 0.006
3113.50809 14.356 0.006
3125.50554 14.369 0.006
3135.47146 14.348 0.006
3229.88560 14.138 0.006
3239.89950 14.163 0.006
3247.87041 14.187 0.006
3256.84185 14.238 0.006
3268.83925 14.287 0.006
3273.79813 14.312 0.006
3276.88361 14.306 0.006
3281.79381 14.346 0.006
3283.89362 14.358 0.006
3289.80751 14.385 0.006
3294.80545 14.381 0.006
3296.81088 14.393 0.006
3298.84145 14.401 0.006
3301.66172 14.393 0.006
3303.81319 14.405 0.006
3306.80560 14.384 0.006
3308.82238 14.386 0.006
3310.85472 14.382 0.006
3314.82224 14.369 0.006
3321.70103 14.340 0.006
3325.75893 14.333 0.006
3329.79415 14.290 0.006
3334.69029 14.282 0.006
3338.74633 14.265 0.006
3349.71848 14.216 0.006
3352.63300 14.218 0.006
3355.65486 14.200 0.006
3359.71385 14.195 0.006
3363.69176 14.205 0.006
3369.75391 14.217 0.006
3372.66379 14.215 0.006
3377.69794 14.243 0.006
3381.80849 14.251 0.006
3386.78058 14.264 0.006
3391.57135 14.288 0.006
3395.62611 14.285 0.006
3398.68288 14.303 0.006
3400.66926 14.307 0.006
3403.65804 14.316 0.006
3406.59199 14.317 0.006
3410.60973 14.319 0.006
3415.56531 14.321 0.006
3421.56977 14.334 0.006
3428.56876 14.328 0.006
3436.56307 14.315 0.006
3443.50579 14.291 0.006
3452.52561 14.283 0.006
3585.93905 14.312 0.006
3588.90656 14.327 0.006
3590.90844 14.325 0.006
3614.89775 14.308 0.006
3629.79311 14.236 0.006
3634.75123 14.213 0.006
3640.74760 14.180 0.006
3644.88989 14.169 0.006
3650.79968 14.137 0.006
3653.82757 14.140 0.006
3656.88353 14.137 0.006
3661.78993 14.131 0.006
3666.78711 14.148 0.006
3671.78550 14.143 0.006
3675.79992 14.144 0.006
3683.82308 14.151 0.006
3687.68492 14.159 0.006
3689.78851 14.156 0.006
3692.70905 14.172 0.006
3694.84131 14.180 0.006
3696.66184 14.200 0.006
3699.67411 14.200 0.006
3701.72527 14.199 0.006
3704.74655 14.207 0.006
3706.74506 14.197 0.006
3711.63685 14.194 0.006
3713.65046 14.190 0.006
3716.68393 14.199 0.006
3719.66118 14.199 0.006
3725.74450 14.197 0.006
3727.69245 14.180 0.006
3733.60947 14.174 0.006
3734.71230 14.171 0.006
3736.73128 14.160 0.006
3738.65318 14.149 0.006
3740.68817 14.145 0.006
3743.65366 14.132 0.006
3746.72758 14.116 0.006
3748.68019 14.101 0.006
3750.57247 14.094 0.006
3752.69371 14.081 0.006
3754.68211 14.078 0.006
3758.70299 14.064 0.006
3762.66106 14.048 0.006
3765.65166 14.046 0.006
3769.72363 14.021 0.006
3772.69177 14.010 0.006
3775.66376 14.003 0.006
3778.66221 13.997 0.006
3781.72326 13.982 0.006
3786.54630 13.967 0.006
3791.54191 13.960 0.006
3798.54226 13.950 0.006
3805.52745 13.942 0.006
3819.50630 14.001 0.006
3937.94655 13.993 0.006
3961.90113 13.988 0.006
3968.88366 14.010 0.006
3974.86923 14.031 0.006
3981.77673 14.048 0.006
3987.90075 14.059 0.006
3995.80837 14.085 0.006
4002.80776 14.100 0.006
4004.82898 14.105 0.006
4007.76162 14.097 0.006
4011.74231 14.086 0.006
4018.78170 14.067 0.006
4023.77611 14.056 0.006
4026.69209 14.040 0.006
4028.82809 14.036 0.006
4031.71584 14.026 0.006
4037.81619 13.982 0.006
4040.79151 13.975 0.006
4042.80699 13.949 0.006
4046.68176 13.937 0.006
4048.77112 13.912 0.006
4051.76077 13.905 0.006
4053.81208 13.893 0.006
4056.63193 13.895 0.006
4059.64296 13.881 0.006
4064.66563 13.878 0.006
4067.66610 13.870 0.006
4069.65420 13.863 0.006
4072.69136 13.868 0.006
4076.76180 13.870 0.006
4079.63672 13.885 0.006
4084.73782 13.901 0.006
4087.65759 13.913 0.006
4093.80593 13.950 0.006
4102.61220 14.011 0.006
4104.78089 14.011 0.006
4109.63775 14.050 0.006
4113.66101 14.063 0.006
4118.56793 14.081 0.006
4120.65404 14.098 0.006
4124.68478 14.116 0.006
4127.63868 14.127 0.006
4132.61670 14.137 0.006
4142.55164 14.127 0.006
4150.52873 14.124 0.006
4153.60331 14.117 0.006
4165.53371 14.087 0.006
4180.52360 14.071 0.006
4341.83816 13.975 0.006
4345.89729 13.974 0.006
4350.87173 13.986 0.006
4355.87932 13.999 0.006
4361.84008 14.028 0.006
4364.84691 14.034 0.006
4367.75940 14.057 0.006
4370.79627 14.067 0.006
4376.83138 14.095 0.006
4379.83772 14.114 0.006
4383.84198 14.123 0.006
4388.78185 14.137 0.006
4392.83611 14.140 0.006
4398.78493 14.152 0.006
4403.72473 14.160 0.006
4410.85189 14.163 0.006
4417.73981 14.160 0.006
4421.71582 14.158 0.006
4421.77174 14.152 0.006
4425.73580 14.152 0.006
4429.69999 14.160 0.006
4431.83982 14.151 0.006
4435.85864 14.142 0.006
4439.71236 14.145 0.006
4442.68961 14.133 0.006
4448.74305 14.124 0.006
4450.74992 14.119 0.006
4453.72558 14.101 0.006
4456.73894 14.092 0.006
4458.68658 14.077 0.006
4461.63663 14.075 0.006
4465.65746 14.055 0.006
4468.68825 14.051 0.006
4473.62453 14.033 0.006
4477.71206 14.012 0.006
4483.69357 14.001 0.006
4486.69202 13.990 0.006
4490.69026 13.964 0.006
4493.76107 13.961 0.006
4498.62566 13.948 0.006
4501.61871 13.936 0.006
4503.61519 13.936 0.006
4508.56251 13.931 0.006
4510.64430 13.918 0.006
4516.52500 13.931 0.006
4520.61500 13.939 0.006
4523.59854 13.943 0.006
4530.54197 13.975 0.006
4532.51398 13.962 0.006
4535.59307 13.998 0.006
4538.61370 14.019 0.006
4540.58296 14.013 0.006
4544.54883 14.037 0.006
4546.60084 14.039 0.006
4566.55182 14.119 0.006
4574.51023 14.128 0.006
4591.47373 14.068 0.006
4681.90187 14.035 0.006
4691.86739 14.050 0.006
4704.89815 14.057 0.006
4717.86398 14.067 0.006
4722.88363 14.073 0.006
4726.82454 14.103 0.006
4730.84640 14.090 0.006
4747.81759 14.102 0.006
4750.89090 14.097 0.006
4756.78835 14.091 0.006
4759.83551 14.084 0.006
4762.79521 14.075 0.006
4768.77324 14.067 0.006
4771.81517 14.067 0.006
4774.79589 14.063 0.006
4776.84959 14.059 0.006
4780.78259 14.061 0.006
4783.78052 14.062 0.006
4788.70705 14.068 0.006
4791.68349 14.064 0.006
4794.65328 14.062 0.006
4797.67060 14.052 0.006
4800.71668 14.054 0.006
4802.74836 14.054 0.006
4805.71772 14.059 0.006
4807.68032 14.046 0.006
4809.67307 14.049 0.006
4812.66067 14.070 0.006
4814.64872 14.062 0.006
4816.65036 14.061 0.006
4818.67251 14.068 0.006
4820.67944 14.067 0.006
4823.68305 14.064 0.006
4825.77182 14.076 0.006
4831.81375 14.075 0.006
4834.74697 14.077 0.006
4836.74935 14.096 0.006
4838.69995 14.090 0.006
4841.71650 14.103 0.006
4843.71580 14.105 0.006
4846.68171 14.119 0.006
4848.70758 14.125 0.006
4850.69968 14.128 0.006
4852.69386 14.139 0.006
4854.69698 14.144 0.006
4856.69342 14.136 0.006
4859.66598 14.145 0.006
4865.71267 14.150 0.006
4867.64893 14.157 0.006
4870.63440 14.164 0.006
4873.65689 14.161 0.006
4875.61485 14.170 0.006
4877.64022 14.154 0.006
4879.56866 14.149 0.006
4882.66176 14.160 0.006
4884.59927 14.152 0.006
4887.63565 14.145 0.006
4901.63884 14.107 0.006
4916.53131 14.042 0.006
4920.56286 14.041 0.006
4926.51964 14.019 0.006
4931.55647 14.005 0.006
4935.52310 14.000 0.006
4939.53006 13.985 0.006
4955.48973 13.959 0.006
