2166.84886 13.856 0.006
2172.89886 13.921 0.006
2183.89214 13.862 0.006
2189.85456 13.864 0.006
2192.75850 13.905 0.006
2201.76819 13.908 0.006
2212.80299 13.893 0.006
2217.78740 13.868 0.006
2226.78234 13.915 0.006
2228.82578 13.912 0.006
2232.75943 13.896 0.006
2234.75340 13.916 0.006
2238.70400 13.911 0.006
2240.83301 13.937 0.006
2242.83873 13.912 0.006
2248.72000 13.922 0.006
2251.74964 13.913 0.006
2253.76724 13.945 0.006
2255.69553 13.912 0.006
2258.69500 13.971 0.006
2261.66777 13.927 0.006
2269.77649 13.979 0.006
2271.71997 13.992 0.006
2273.81513 13.996 0.006
2275.78861 13.979 0.006
2277.79138 13.994 0.006
2279.78824 14.003 0.006
2281.75106 14.005 0.006
2283.80822 14.014 0.006
2289.74509 14.019 0.006
2291.75118 13.989 0.006
2293.71954 14.015 0.006
2295.74061 14.056 0.006
2297.73154 14.017 0.006
2299.76393 14.054 0.006
2301.66936 14.070 0.006
2303.66472 14.053 0.006
2326.57292 14.227 0.006
2332.51630 14.188 0.006
2338.53885 14.224 0.006
2355.50426 14.270 0.006
2387.49452 14.203 0.006
2521.91435 14.061 0.006
2542.82675 14.029 0.006
2544.88439 14.018 0.006
2551.87463 14.024 0.006
2555.89858 14.009 0.006
2559.81256 14.000 0.006
2563.85780 13.974 0.006
2577.84783 13.953 0.006
2583.74432 13.932 0.006
2589.78434 13.933 0.006
2594.80118 13.934 0.006
2599.85599 13.908 0.006
2609.66222 13.890 0.006
2611.66624 13.895 0.006
2617.81290 13.908 0.006
2620.78186 13.913 0.006
2623.75513 13.921 0.006
2626.68022 13.898 0.006
2627.62201 13.926 0.006
2628.84729 13.914 0.006
2630.83606 13.919 0.006
2632.62679 13.912 0.006
2635.62196 13.942 0.006
2637.76214 13.932 0.006
2639.77836 13.926 0.006
2641.65265 13.950 0.006
2643.66418 13.934 0.006
2645.65615 13.938 0.006
2647.58289 13.949 0.006
2651.65078 13.941 0.006
2653.67515 13.947 0.006
2655.66021 13.946 0.006
2657.79394 13.945 0.006
2659.66112 13.959 0.006
2661.68580 13.952 0.006
2665.78771 13.961 0.006
2671.79365 13.963 0.006
2675.72410 13.996 0.006
2677.75845 13.996 0.006
2679.74951 13.992 0.006
2682.60766 14.011 0.006
2686.57685 14.041 0.006
2695.58496 14.050 0.006
2700.53594 14.077 0.006
2706.51733 14.121 0.006
2713.52098 14.088 0.006
2735.50111 14.037 0.006
2841.92511 14.007 0.006
2868.88777 14.060 0.006
2890.83088 14.104 0.006
2895.86662 14.072 0.006
2900.82229 14.093 0.006
2906.85332 14.090 0.006
2910.88665 14.098 0.006
2915.88682 14.058 0.006
2921.88552 14.081 0.006
2925.85538 14.076 0.006
2933.81239 14.041 0.006
2939.82081 14.046 0.006
2941.83890 14.044 0.006
2943.71364 13.999 0.006
2946.81669 14.027 0.006
2948.80701 14.012 0.006
2952.80308 14.016 0.006
2955.85796 13.966 0.006
2958.67327 13.986 0.006
2962.68421 13.938 0.006
2965.70125 13.942 0.006
2967.80060 13.924 0.006
2970.71379 13.922 0.006
2974.70576 13.902 0.006
2976.73962 13.911 0.006
2978.63418 13.897 0.006
2980.66057 13.886 0.006
2982.61976 13.864 0.006
2984.66091 13.870 0.006
2986.74874 13.873 0.006
2988.71674 13.849 0.006
2990.65009 13.845 0.006
2992.73664 13.848 0.006
2994.64686 13.832 0.006
2996.73350 13.843 0.006
2998.69257 13.817 0.006
2999.78460 13.819 0.006
3001.66333 13.823 0.006
3003.65897 13.809 0.006
3005.61596 13.802 0.006
3007.73441 13.795 0.006
3009.67026 13.819 0.006
3011.61582 13.795 0.006
3013.64647 13.786 0.006
3017.62176 13.773 0.006
3018.71358 13.767 0.006
3020.78880 13.773 0.006
3022.81533 13.760 0.006
3024.76386 13.788 0.006
3026.76118 13.780 0.006
3028.76865 13.752 0.006
3030.77352 13.772 0.006
3033.70082 13.774 0.006
3035.70711 13.777 0.006
3038.68545 13.794 0.006
3040.68506 13.791 0.006
3042.62860 13.791 0.006
3044.56256 13.798 0.006
3046.57800 13.791 0.006
3048.56294 13.802 0.006
3050.58182 13.812 0.006
3052.57884 13.814 0.006
3054.57969 13.825 0.006
3056.57688 13.825 0.006
3058.57058 13.833 0.006
3060.59111 13.833 0.006
3064.58901 13.851 0.006
3067.65259 13.872 0.006
3069.61269 13.870 0.006
3073.52208 13.898 0.006
3075.61677 13.902 0.006
3078.53665 13.922 0.006
3082.52562 13.933 0.006
3084.60158 13.938 0.006
3087.56309 13.950 0.006
3090.51874 13.986 0.006
3093.50011 13.994 0.006
3098.60900 14.011 0.006
3101.56672 14.040 0.006
3104.53987 14.048 0.006
3111.51341 14.101 0.006
3114.50738 14.094 0.006
3115.53170 14.100 0.006
3126.47181 14.147 0.006
3144.48709 14.173 0.006
3224.88729 14.092 0.006
3239.92128 14.072 0.006
3247.89226 14.094 0.006
3256.87058 14.074 0.006
3263.83749 14.064 0.006
3268.86118 14.067 0.006
3273.83281 14.073 0.006
3276.85087 14.074 0.006
3281.81578 14.070 0.006
3289.82925 14.066 0.006
3294.82742 14.049 0.006
3296.83278 14.061 0.006
3298.86332 14.101 0.006
3301.68371 14.062 0.006
3303.85271 14.057 0.006
3306.82733 14.039 0.006
3308.84435 14.076 0.006
3310.87657 14.054 0.006
3320.68759 14.066 0.006
3323.64058 14.073 0.006
3325.78123 14.072 0.006
3329.81665 14.071 0.006
3334.71648 14.092 0.006
3338.77223 14.090 0.006
3349.78850 14.112 0.006
3351.77331 14.089 0.006
3354.74147 14.088 0.006
3358.62781 14.076 0.006
3361.72354 14.047 0.006
3363.71372 14.046 0.006
3367.66723 14.026 0.006
3372.68600 13.996 0.006
3377.72218 13.973 0.006
3386.74796 13.931 0.006
3391.59328 13.935 0.006
3395.65733 13.908 0.006
3398.70505 13.909 0.006
3402.65032 13.907 0.006
3404.57813 13.908 0.006
3408.53157 13.889 0.006
3412.57696 13.876 0.006
3414.60853 13.883 0.006
3419.57573 13.880 0.006
3426.51486 13.879 0.006
3433.56595 13.877 0.006
3443.53655 13.905 0.006
3453.50289 13.891 0.006
3574.93773 14.290 0.006
3588.92843 14.241 0.006
3589.87945 14.239 0.006
3614.91978 14.193 0.006
3617.87646 14.145 0.006
3629.81597 14.152 0.006
3634.78205 14.082 0.006
3639.89231 14.071 0.006
3641.82599 14.074 0.006
3650.82135 14.052 0.006
3653.84931 14.068 0.006
3657.79984 14.053 0.006
3660.76559 14.067 0.006
3664.80103 14.046 0.006
3668.73732 14.078 0.006
3671.87292 14.063 0.006
3676.84831 14.069 0.006
3684.79247 14.061 0.006
3687.71154 14.072 0.006
3689.81013 14.063 0.006
3692.73453 14.078 0.006
3694.80844 14.085 0.006
3696.68377 14.089 0.006
3699.69603 14.083 0.006
3701.74690 14.080 0.006
3704.71343 14.079 0.006
3706.76763 14.084 0.006
3711.65861 14.065 0.006
3713.67230 14.080 0.006
3716.72136 14.065 0.006
3719.73670 14.064 0.006
3722.80728 14.065 0.006
3726.67156 14.051 0.006
3728.64428 14.031 0.006
3731.74486 14.012 0.006
3733.63101 14.036 0.006
3734.73399 14.026 0.006
3736.75286 14.027 0.006
3737.64149 14.037 0.006
3739.70361 14.032 0.006
3741.73098 14.057 0.006
3743.70774 14.013 0.006
3746.75013 14.019 0.006
3748.70276 13.998 0.006
3750.70893 14.001 0.006
3752.71702 13.995 0.006
3754.73826 13.984 0.006
3755.65805 14.004 0.006
3757.63216 13.964 0.006
3759.59778 13.954 0.006
3762.68267 13.941 0.006
3765.70457 13.917 0.006
3769.74518 13.932 0.006
3772.71346 13.899 0.006
3775.70536 13.876 0.006
3778.68390 13.868 0.006
3782.59204 13.862 0.006
3786.56806 13.847 0.006
3791.56440 13.861 0.006
3798.56405 13.852 0.006
3805.55123 13.851 0.006
3820.49656 13.891 0.006
3938.94570 14.190 0.006
3961.92688 14.309 0.006
3968.90896 14.347 0.006
3974.90496 14.330 0.006
3981.79794 14.342 0.006
3988.87390 14.301 0.006
3995.83290 14.315 0.006
4002.82903 14.285 0.006
4005.77910 14.248 0.006
4007.78327 14.290 0.006
4011.76369 14.260 0.006
4018.74535 14.231 0.006
4023.79775 14.183 0.006
4026.71344 14.144 0.006
4028.84949 14.134 0.006
4031.73721 14.123 0.006
4037.84614 14.070 0.006
4040.81350 14.079 0.006
4042.82827 14.058 0.006
4046.70409 14.045 0.006
4048.79302 14.018 0.006
4052.63592 14.016 0.006
4053.83359 14.008 0.006
4056.65428 14.036 0.006
4059.66442 13.997 0.006
4064.62890 13.974 0.006
4066.60849 13.989 0.006
4069.67586 13.971 0.006
4071.60095 13.974 0.006
4076.65406 13.963 0.006
4079.68928 13.961 0.006
4082.67964 13.952 0.006
4084.75948 13.967 0.006
4087.67895 13.989 0.006
4093.76797 13.967 0.006
4102.65620 13.940 0.006
4104.80297 13.943 0.006
4109.66384 13.980 0.006
4113.68245 13.986 0.006
4119.62065 14.006 0.006
4122.66951 13.992 0.006
4125.71692 13.959 0.006
4129.71634 14.013 0.006
4142.57454 13.917 0.006
4150.55102 13.911 0.006
4154.53277 13.844 0.006
4165.57872 13.863 0.006
4183.52499 13.760 0.006
4340.89943 13.929 0.006
4346.88672 13.945 0.006
4350.90612 13.978 0.006
4357.83973 13.990 0.006
4363.76822 14.011 0.006
4365.79184 13.994 0.006
4369.78742 14.045 0.006
4372.76210 14.056 0.006
4376.85266 14.087 0.006
4379.85923 14.092 0.006
4383.86331 14.097 0.006
4388.80337 14.093 0.006
4393.73118 14.111 0.006
4398.80639 14.123 0.006
4403.74704 14.109 0.006
4411.74221 14.109 0.006
4417.82508 14.129 0.006
4421.73747 14.104 0.006
4425.81069 14.091 0.006
4429.72145 14.069 0.006
4432.76299 14.062 0.006
4436.68949 14.022 0.006
4439.73368 14.002 0.006
4442.71107 13.989 0.006
4448.76675 13.982 0.006
4450.77141 13.950 0.006
4453.74723 13.950 0.006
4456.76058 13.925 0.006
4459.67061 13.903 0.006
4462.67260 13.876 0.006
4465.71282 13.864 0.006
4469.66598 13.827 0.006
4474.66798 13.828 0.006
4478.77075 13.806 0.006
4481.76951 13.784 0.006
4484.67925 13.779 0.006
4487.74163 13.779 0.006
4492.69418 13.787 0.006
4494.72864 13.774 0.006
4499.61036 13.762 0.006
4502.68322 13.773 0.006
4507.64194 13.757 0.006
4509.63921 13.757 0.006
4516.54750 13.749 0.006
4520.63647 13.734 0.006
4522.54646 13.753 0.006
4524.56049 13.774 0.006
4530.56563 13.776 0.006
4532.55767 13.781 0.006
4537.55571 13.800 0.006
4540.60444 13.802 0.006
4549.56089 13.847 0.006
4560.49936 13.832 0.006
4567.51093 13.845 0.006
4574.53195 13.921 0.006
4592.46960 13.931 0.006
4681.92300 13.904 0.006
4691.88870 13.891 0.006
4702.90065 13.888 0.006
4719.81624 13.922 0.006
4722.90502 13.943 0.006
4726.89061 13.954 0.006
4731.86697 13.968 0.006
4747.83939 14.007 0.006
4751.88571 14.006 0.006
4756.80974 14.036 0.006
4759.85680 14.061 0.006
4762.81658 14.038 0.006
4768.79455 14.051 0.006
4771.83669 14.091 0.006
4774.84607 14.097 0.006
4776.87104 14.046 0.006
4780.83245 14.147 0.006
4783.80234 14.141 0.006
4788.73178 14.161 0.006
4791.70915 14.131 0.006
4794.71347 14.205 0.006
4797.69492 14.226 0.006
4800.73815 14.232 0.006
4802.76977 14.240 0.006
4804.79391 14.245 0.006
4805.81697 14.238 0.006
4807.76786 14.246 0.006
4810.72582 14.252 0.006
4812.78539 14.218 0.006
4814.67495 14.247 0.006
4816.67177 14.241 0.006
4818.69396 14.249 0.006
4820.70078 14.258 0.006
4823.71439 14.243 0.006
4825.80155 14.241 0.006
4831.84392 14.230 0.006
4832.80416 14.251 0.006
4834.77324 14.230 0.006
4837.67324 14.208 0.006
4839.70177 14.196 0.006
4841.73812 14.209 0.006
4843.73732 14.196 0.006
4846.70328 14.201 0.006
4850.72129 14.165 0.006
4852.71533 14.166 0.006
4855.72274 14.141 0.006
4857.70089 14.121 0.006
4863.65492 14.115 0.006
4866.66801 14.097 0.006
4868.66611 14.089 0.006
4870.65558 14.066 0.006
4873.68615 14.049 0.006
4875.58321 14.022 0.006
4876.61385 14.032 0.006
4878.63877 14.017 0.006
4882.55803 13.992 0.006
4884.62044 13.995 0.006
4888.53686 13.951 0.006
4900.56847 13.931 0.006
4904.59420 13.933 0.006
4913.57197 13.927 0.006
4918.54859 13.945 0.006
4924.56289 13.959 0.006
4928.55829 13.962 0.006
4930.50953 13.958 0.006
4934.50630 13.981 0.006
4938.49757 13.962 0.006
4942.51413 14.004 0.006
4947.50748 14.020 0.006
