2166.84527 14.108 0.006
2172.89528 14.147 0.006
2183.88857 14.237 0.006
2189.85098 14.276 0.006
2192.75518 14.289 0.006
2201.76460 14.322 0.006
2212.79969 14.365 0.006
2217.78412 14.363 0.006
2223.80468 14.381 0.006
2226.77904 14.383 0.006
2228.82250 14.366 0.006
2232.75614 14.365 0.006
2234.75009 14.356 0.006
2238.70073 14.356 0.006
2240.82972 14.346 0.006
2242.83543 14.339 0.006
2248.71670 14.313 0.006
2251.74635 14.300 0.006
2253.76224 14.286 0.006
2255.69223 14.290 0.006
2258.69170 14.277 0.006
2261.66450 14.263 0.006
2269.77320 14.235 0.006
2271.71667 14.216 0.006
2273.81183 14.200 0.006
2275.78531 14.204 0.006
2277.78809 14.198 0.006
2279.78494 14.185 0.006
2281.74777 14.188 0.006
2283.80494 14.173 0.006
2289.74178 14.144 0.006
2291.74788 14.142 0.006
2293.71624 14.131 0.006
2295.73731 14.114 0.006
2297.72824 14.118 0.006
2299.76062 14.099 0.006
2301.66605 14.101 0.006
2303.66143 14.080 0.006
2326.56935 14.033 0.006
2332.51272 14.019 0.006
2338.53528 14.033 0.006
2344.52833 14.037 0.006
2355.50065 14.081 0.006
2387.49089 14.156 0.006
2521.91075 13.814 0.006
2542.82342 13.790 0.006
2544.88082 13.804 0.006
2551.87104 13.817 0.006
2555.89501 13.826 0.006
2559.80900 13.841 0.006
2563.85423 13.845 0.006
2577.84452 13.906 0.006
2583.74103 13.936 0.006
2589.78081 13.950 0.006
2594.79763 13.962 0.006
2599.85244 13.990 0.006
2609.65869 14.032 0.006
2611.66273 14.051 0.006
2617.80940 14.087 0.006
2620.77840 14.092 0.006
2623.75167 14.104 0.006
2626.67676 14.120 0.006
2627.61856 14.131 0.006
2630.83256 14.153 0.006
2632.62334 14.164 0.006
2635.61868 14.176 0.006
2637.74436 14.181 0.006
2637.75885 14.182 0.006
2639.77506 14.180 0.006
2641.64936 14.197 0.006
2643.66070 14.201 0.006
2645.65286 14.208 0.006
2647.57959 14.226 0.006
2651.64728 14.225 0.006
2653.67072 14.231 0.006
2655.65691 14.227 0.006
2657.79064 14.224 0.006
2659.65781 14.231 0.006
2661.67845 14.231 0.006
2665.78441 14.235 0.006
2671.78870 14.225 0.006
2675.72078 14.224 0.006
2677.75515 14.225 0.006
2679.74620 14.219 0.006
2682.60415 14.212 0.006
2686.57336 14.209 0.006
2691.52408 14.207 0.006
2695.58144 14.199 0.006
2700.53242 14.199 0.006
2706.51382 14.207 0.006
2713.51746 14.197 0.006
2735.49753 14.181 0.006
2841.91745 14.012 0.006
2868.88420 13.971 0.006
2890.82734 13.955 0.006
2895.86310 13.947 0.006
2900.81876 13.948 0.006
2906.84981 13.927 0.006
2910.88311 13.920 0.006
2915.88331 13.902 0.006
2921.88202 13.892 0.006
2925.85188 13.887 0.006
2930.76447 13.875 0.006
2933.80890 13.864 0.006
2939.81731 13.857 0.006
2941.83541 13.856 0.006
2943.71016 13.855 0.006
2946.81322 13.852 0.006
2948.80351 13.852 0.006
2952.79961 13.847 0.006
2955.85449 13.844 0.006
2958.66979 13.838 0.006
2962.68077 13.844 0.006
2965.69781 13.844 0.006
2967.79715 13.848 0.006
2970.71033 13.841 0.006
2974.70233 13.857 0.006
2976.73617 13.865 0.006
2978.63071 13.871 0.006
2980.65711 13.878 0.006
2982.61630 13.880 0.006
2984.65747 13.883 0.006
2986.74526 13.888 0.006
2988.71327 13.890 0.006
2990.64662 13.905 0.006
2992.73315 13.903 0.006
2994.64341 13.917 0.006
2996.73003 13.918 0.006
2998.68909 13.926 0.006
2999.78111 13.924 0.006
3001.65986 13.942 0.006
3003.65550 13.943 0.006
3005.61250 13.962 0.006
3007.73092 13.952 0.006
3009.66678 13.966 0.006
3011.61236 13.973 0.006
3013.64300 13.987 0.006
3017.61828 13.998 0.006
3018.71011 14.018 0.006
3020.78530 14.029 0.006
3022.81185 14.029 0.006
3024.76037 14.037 0.006
3026.75771 14.050 0.006
3028.76516 14.047 0.006
3030.77004 14.072 0.006
3033.69733 14.074 0.006
3035.70363 14.093 0.006
3038.68193 14.097 0.006
3040.68156 14.112 0.006
3042.62512 14.128 0.006
3044.55905 14.122 0.006
3046.57451 14.114 0.006
3048.55946 14.118 0.006
3050.57833 14.117 0.006
3052.57534 14.124 0.006
3054.57620 14.129 0.006
3056.57336 14.125 0.006
3058.56709 14.122 0.006
3060.58760 14.124 0.006
3064.58551 14.112 0.006
3067.64910 14.112 0.006
3069.60916 14.111 0.006
3073.51854 14.116 0.006
3075.61326 14.104 0.006
3078.53311 14.109 0.006
3082.52208 14.099 0.006
3084.59806 14.105 0.006
3087.55955 14.100 0.006
3090.51523 14.112 0.006
3093.49508 14.122 0.006
3098.60546 14.102 0.006
3101.56317 14.114 0.006
3104.53632 14.107 0.006
3111.50985 14.132 0.006
3114.50383 14.141 0.006
3115.52817 14.143 0.006
3126.46824 14.164 0.006
3144.48280 14.232 0.006
3224.88373 14.075 0.006
3239.91774 13.998 0.006
3247.88870 13.981 0.006
3256.86706 13.997 0.006
3263.83398 14.017 0.006
3268.85768 14.021 0.006
3273.82931 14.037 0.006
3276.84738 14.049 0.006
3281.81226 14.049 0.006
3289.82576 14.075 0.006
3294.82394 14.063 0.006
3298.85981 14.080 0.006
3301.68022 14.079 0.006
3303.84927 14.078 0.006
3306.82386 14.074 0.006
3308.84087 14.075 0.006
3310.87311 14.084 0.006
3320.68412 14.095 0.006
3323.63710 14.098 0.006
3329.81317 14.106 0.006
3334.71300 14.126 0.006
3338.76877 14.127 0.006
3349.78503 14.135 0.006
3351.76986 14.141 0.006
3354.73798 14.128 0.006
3358.62435 14.146 0.006
3361.72009 14.142 0.006
3372.68253 14.120 0.006
3377.71873 14.144 0.006
3380.73435 14.149 0.006
3386.74448 14.144 0.006
3391.58980 14.151 0.006
3395.65383 14.141 0.006
3398.70156 14.142 0.006
3402.64684 14.148 0.006
3404.57464 14.151 0.006
3408.52807 14.160 0.006
3412.55798 14.167 0.006
3414.59524 14.172 0.006
3419.57225 14.178 0.006
3426.51142 14.171 0.006
3433.56249 14.181 0.006
3443.53304 14.160 0.006
3453.49938 14.163 0.006
3574.93419 14.044 0.006
3588.92492 14.029 0.006
3589.87595 14.043 0.006
3614.91627 14.020 0.006
3617.87295 14.021 0.006
3629.81249 13.971 0.006
3634.77858 13.948 0.006
3639.88883 13.926 0.006
3641.82250 13.924 0.006
3650.81788 13.899 0.006
3653.84585 13.861 0.006
3657.79634 13.867 0.006
3660.76216 13.858 0.006
3664.79757 13.867 0.006
3668.73386 13.857 0.006
3671.86946 13.857 0.006
3676.84486 13.862 0.006
3684.78903 13.850 0.006
3687.70810 13.858 0.006
3689.80669 13.860 0.006
3692.73110 13.863 0.006
3694.80499 13.875 0.006
3696.68033 13.855 0.006
3699.69258 13.864 0.006
3701.74344 13.867 0.006
3704.70999 13.900 0.006
3706.76422 13.874 0.006
3711.65518 13.890 0.006
3713.66887 13.885 0.006
3716.71793 13.885 0.006
3719.72244 13.891 0.006
3722.76524 13.890 0.006
3726.66815 13.902 0.006
3728.64087 13.898 0.006
3731.74142 13.901 0.006
3733.62761 13.907 0.006
3734.73055 13.906 0.006
3736.74945 13.902 0.006
3737.63803 13.895 0.006
3739.70018 13.900 0.006
3741.72753 13.909 0.006
3743.70429 13.918 0.006
3746.74671 13.908 0.006
3748.69930 13.907 0.006
3750.70550 13.914 0.006
3752.71359 13.903 0.006
3754.73481 13.902 0.006
3755.65460 13.919 0.006
3757.62873 13.920 0.006
3759.59434 13.910 0.006
3762.67923 13.916 0.006
3765.70110 13.904 0.006
3769.74175 13.911 0.006
3772.70998 13.908 0.006
3775.70188 13.916 0.006
3778.68041 13.923 0.006
3782.58857 13.936 0.006
3786.56461 13.944 0.006
3791.56091 13.956 0.006
3798.56057 13.977 0.006
3805.54773 13.990 0.006
3820.49307 14.030 0.006
3938.94217 13.791 0.006
3961.92341 13.840 0.006
3968.90548 13.861 0.006
3974.89453 13.879 0.006
3981.79448 13.905 0.006
3987.91853 13.948 0.006
3988.87045 13.965 0.006
3995.82949 13.994 0.006
4002.82558 14.035 0.006
4005.77564 14.055 0.006
4007.77984 14.077 0.006
4011.76026 14.091 0.006
4018.74194 14.151 0.006
4023.79434 14.169 0.006
4026.71006 14.192 0.006
4028.84608 14.206 0.006
4031.73381 14.220 0.006
4037.84277 14.225 0.006
4040.81012 14.236 0.006
4042.82489 14.240 0.006
4046.70068 14.249 0.006
4048.78964 14.249 0.006
4052.63252 14.249 0.006
4053.83021 14.253 0.006
4056.65090 14.249 0.006
4059.66102 14.247 0.006
4064.62553 14.257 0.006
4066.60512 14.251 0.006
4069.67247 14.253 0.006
4071.59683 14.239 0.006
4076.65068 14.235 0.006
4079.68588 14.241 0.006
4082.67627 14.231 0.006
4084.75611 14.228 0.006
4087.67559 14.222 0.006
4093.76458 14.186 0.006
4102.63452 14.142 0.006
4104.79959 14.138 0.006
4109.66044 14.102 0.006
4113.67905 14.076 0.006
4119.61726 14.044 0.006
4122.66614 14.036 0.006
4125.71354 14.021 0.006
4129.71293 14.011 0.006
4142.57111 13.967 0.006
4150.54759 13.938 0.006
4154.52936 13.925 0.006
4165.57528 13.886 0.006
4183.52155 13.825 0.006
4340.89599 14.036 0.006
4346.88302 14.014 0.006
4350.90266 14.001 0.006
4357.83630 13.992 0.006
4363.76479 13.973 0.006
4365.78838 13.971 0.006
4369.78401 13.943 0.006
4372.75867 13.946 0.006
4376.84923 13.933 0.006
4379.85582 13.930 0.006
4383.85988 13.922 0.006
4388.79994 13.925 0.006
4393.72776 13.917 0.006
4398.80295 13.920 0.006
4403.74364 13.937 0.006
4411.73882 13.948 0.006
4417.82166 13.967 0.006
4421.73408 13.972 0.006
4425.80730 13.993 0.006
4429.71807 14.001 0.006
4436.68611 14.030 0.006
4439.73029 14.033 0.006
4442.70769 14.038 0.006
4450.76804 14.061 0.006
4453.74385 14.065 0.006
4456.75718 14.074 0.006
4459.66725 14.083 0.006
4462.66923 14.095 0.006
4465.70942 14.109 0.006
4469.66260 14.090 0.006
4474.66457 14.102 0.006
4478.76735 14.102 0.006
4481.76611 14.118 0.006
4484.67586 14.118 0.006
4487.73821 14.126 0.006
4492.69079 14.119 0.006
4499.60711 14.127 0.006
4502.67994 14.131 0.006
4507.63866 14.127 0.006
4509.63592 14.121 0.006
4516.54407 14.117 0.006
4520.63303 14.102 0.006
4522.54302 14.093 0.006
4524.55703 14.092 0.006
4530.56219 14.081 0.006
4532.55422 14.079 0.006
4537.55227 14.068 0.006
4540.60099 14.059 0.006
4549.55740 14.057 0.006
4560.49591 14.050 0.006
4567.50745 14.024 0.006
4574.52846 14.000 0.006
4592.46607 13.949 0.006
4681.91949 13.846 0.006
4691.88521 13.853 0.006
4702.89720 13.868 0.006
4719.81279 13.913 0.006
4722.90156 13.919 0.006
4726.88716 13.946 0.006
4731.86354 13.965 0.006
4747.83596 14.020 0.006
4751.88231 14.046 0.006
4756.80633 14.045 0.006
4762.81318 14.051 0.006
4768.79114 14.054 0.006
4771.83327 14.052 0.006
4774.84268 14.056 0.006
4776.86764 14.064 0.006
4780.82905 14.055 0.006
4783.79895 14.064 0.006
4788.72836 14.075 0.006
4791.70575 14.068 0.006
4794.71007 14.067 0.006
4797.69152 14.076 0.006
4800.73476 14.051 0.006
4802.76637 14.058 0.006
4804.79052 14.067 0.006
4805.81357 14.061 0.006
4810.72243 14.053 0.006
4812.78202 14.050 0.006
4814.67155 14.045 0.006
4816.66840 14.043 0.006
4818.69057 14.023 0.006
4820.69739 14.024 0.006
4823.71101 14.005 0.006
4831.84055 13.988 0.006
4834.76987 13.957 0.006
4837.66985 13.953 0.006
4839.69837 13.949 0.006
4841.73472 13.928 0.006
4843.73393 13.946 0.006
4846.69989 13.930 0.006
4848.73111 13.916 0.006
4850.71790 13.923 0.006
4852.71193 13.915 0.006
4855.71934 13.911 0.006
4857.69747 13.904 0.006
4863.65152 13.887 0.006
4866.66460 13.885 0.006
4868.66268 13.869 0.006
4870.65214 13.873 0.006
4873.67466 13.874 0.006
4873.68274 13.863 0.006
4875.57978 13.865 0.006
4876.61042 13.868 0.006
4878.63536 13.865 0.006
4882.55460 13.865 0.006
4884.61704 13.856 0.006
4888.53344 13.864 0.006
4900.56502 13.880 0.006
4904.59073 13.890 0.006
4913.56849 13.899 0.006
4918.54511 13.888 0.006
4924.55956 13.881 0.006
4928.55494 13.875 0.006
4934.50296 13.859 0.006
4938.49422 13.854 0.006
4942.51077 13.845 0.006
4947.50410 13.854 0.006
4954.51684 13.868 0.006
4964.49101 13.896 0.006
4964.50001 13.877 0.006
