2996.70099 17.308 0.008
3028.68483 17.337 0.008
3331.75175 17.299 0.009
3341.75684 17.267 0.009
3352.71342 17.257 0.007
3357.64905 17.245 0.008
3362.72325 17.265 0.010
3365.65763 17.279 0.010
3370.68959 17.288 0.010
3375.70898 17.297 0.008
3381.66934 17.338 0.007
3389.62725 17.415 0.008
3397.67444 17.444 0.012
3719.68923 17.197 0.010
3722.77361 17.193 0.009
3727.71181 17.211 0.007
3737.60604 17.219 0.007
3746.61668 17.236 0.008
3753.61809 17.240 0.008
3760.64069 17.254 0.007
3771.61820 17.243 0.007
4064.68536 17.286 0.007
4073.66518 17.255 0.010
4082.70695 17.223 0.007
4093.70464 17.156 0.006
4112.65316 17.086 0.006
4120.67317 17.078 0.006
4393.81787 16.703 0.006
4403.77444 16.637 0.007
4411.79740 16.613 0.006
4417.78975 16.589 0.006
4431.78434 16.526 0.007
4441.75097 16.486 0.006
4458.70584 16.437 0.007
4466.68208 16.436 0.005
4473.64385 16.439 0.005
4481.80167 16.460 0.005
4487.77201 16.459 0.007
4724.87227 16.739 0.008
4774.87200 16.924 0.009
4791.73522 16.923 0.006
4893.56746 17.005 0.007
4894.58651 17.000 0.007
4964.50624 17.039 0.007
