3017.64531 16.408 0.006
3314.77812 16.331 0.006
3331.68571 16.334 0.007
3353.71029 16.364 0.006
3358.74254 16.380 0.006
3366.70509 16.354 0.007
3375.67524 16.393 0.006
3380.61051 16.405 0.006
3386.67736 16.429 0.006
3396.72561 16.461 0.010
3715.65127 16.345 0.006
3721.67048 16.334 0.006
3727.65303 16.341 0.006
3736.69184 16.349 0.006
3745.61337 16.355 0.006
3752.59377 16.317 0.006
3759.62244 16.309 0.006
3765.60841 16.282 0.006
3770.65754 16.286 0.006
4065.66311 16.300 0.006
4073.72252 16.279 0.007
4092.69143 16.229 0.006
4111.71442 16.231 0.006
4126.65299 16.299 0.006
4131.56194 16.299 0.006
4392.79699 16.242 0.006
4402.72962 16.263 0.007
4420.74117 16.302 0.006
4421.79240 16.304 0.006
4428.83058 16.297 0.008
4441.71800 16.299 0.006
4442.83762 16.304 0.006
4456.69180 16.331 0.007
4474.72136 16.324 0.006
4478.72991 16.318 0.006
4484.70127 16.322 0.007
4722.81586 16.477 0.007
4774.75693 16.510 0.006
4780.74356 16.459 0.006
4793.76412 16.391 0.006
4892.62078 16.246 0.006
