2996.70099 15.999 0.005
3028.68483 16.038 0.005
3331.75175 16.108 0.005
3341.75684 16.077 0.005
3352.71342 16.067 0.005
3357.64905 16.090 0.005
3362.72325 16.102 0.006
3365.65763 16.088 0.005
3370.68959 16.134 0.006
3375.70898 16.173 0.005
3381.66934 16.172 0.005
3389.62725 16.193 0.005
3397.67444 16.209 0.006
3719.68923 16.240 0.006
3722.77361 16.256 0.006
3727.71181 16.244 0.005
3737.60604 16.210 0.005
3746.61668 16.200 0.005
3753.61809 16.157 0.005
3760.64069 16.146 0.005
3771.61820 16.102 0.005
4064.68536 15.931 0.005
4073.66518 15.940 0.005
4082.70695 15.945 0.005
4093.70464 15.952 0.005
4112.65316 15.985 0.005
4120.67317 16.032 0.005
4393.81787 16.299 0.005
4403.77444 16.340 0.007
4411.79740 16.326 0.006
4417.78975 16.308 0.006
4431.78434 16.286 0.007
4441.75097 16.270 0.006
4458.70584 16.165 0.007
4466.68208 16.128 0.005
4473.64385 16.100 0.005
4481.80167 16.072 0.005
4487.77201 16.026 0.006
4724.87227 16.156 0.006
4774.87200 16.080 0.006
4791.73522 16.066 0.005
4893.56746 16.271 0.006
4894.58651 16.285 0.006
4964.50624 15.959 0.005
