2165.85271 14.765 0.005
2171.87509 14.763 0.005
2183.83450 14.740 0.005
2184.83399 14.727 0.005
2191.80490 14.730 0.005
2200.81524 14.737 0.005
2206.75139 14.734 0.005
2223.73851 14.691 0.005
2226.71411 14.688 0.005
2228.75779 14.680 0.005
2230.66956 14.682 0.005
2232.69132 14.678 0.005
2234.68442 14.676 0.005
2238.62899 14.682 0.005
2240.76404 14.677 0.005
2242.76589 14.675 0.005
2244.81669 14.683 0.005
2249.68903 14.678 0.005
2251.83479 14.689 0.005
2253.67499 14.694 0.005
2256.68011 14.707 0.005
2259.67203 14.708 0.005
2262.67726 14.718 0.005
2269.73845 14.737 0.005
2273.63356 14.756 0.005
2277.70516 14.774 0.005
2279.71453 14.781 0.005
2281.70661 14.796 0.005
2283.73240 14.802 0.005
2288.72095 14.826 0.005
2290.75572 14.843 0.005
2292.73055 14.843 0.005
2294.69816 14.849 0.005
2296.71976 14.851 0.005
2298.67587 14.847 0.005
2300.68790 14.858 0.005
2302.66376 14.850 0.005
2304.67973 14.856 0.005
2316.54396 14.833 0.005
2322.58094 14.802 0.005
2325.58737 14.800 0.005
2331.52382 14.793 0.005
2337.54639 14.782 0.005
2345.50616 14.787 0.005
2350.50826 14.788 0.005
2365.52500 14.778 0.005
2519.90139 14.969 0.005
2526.87966 14.968 0.005
2541.87391 14.940 0.005
2544.80069 14.933 0.005
2551.80064 14.932 0.005
2554.89309 14.927 0.005
2558.89469 14.923 0.006
2563.78252 14.915 0.005
2571.83940 14.938 0.005
2577.77788 14.919 0.005
2580.80663 14.927 0.005
2588.84572 14.951 0.005
2594.72322 14.969 0.005
2599.75439 15.007 0.005
2607.71888 15.040 0.005
2617.71063 15.073 0.006
2622.82180 15.082 0.005
2624.81556 15.089 0.005
2625.79680 15.090 0.005
2628.60076 15.109 0.006
2634.57835 15.114 0.005
2637.61653 15.121 0.005
2640.66252 15.135 0.005
2642.65471 15.152 0.005
2644.65098 15.137 0.005
2646.63922 15.142 0.005
2650.60575 15.150 0.005
2652.61770 15.153 0.005
2654.72600 15.152 0.005
2657.67711 15.135 0.005
2659.75027 15.138 0.006
2661.74953 15.149 0.005
2663.67639 15.132 0.006
2665.71967 15.120 0.005
2667.64623 15.118 0.005
2671.61921 15.095 0.005
2673.62660 15.097 0.005
2675.61966 15.078 0.005
2677.61756 15.075 0.005
2679.68079 15.063 0.005
2681.66747 15.056 0.005
2685.61447 15.046 0.005
2690.56812 15.033 0.005
2694.55898 15.031 0.005
2699.55373 15.012 0.005
2705.53195 15.013 0.005
2711.55861 15.015 0.005
2732.48975 15.102 0.006
2872.86357 14.999 0.005
2883.87706 15.041 0.005
2886.84574 15.039 0.005
2892.84226 15.028 0.005
2896.81674 15.024 0.005
2900.90497 15.017 0.005
2905.89394 15.024 0.006
2915.80980 14.987 0.005
2921.81203 14.953 0.005
2925.75535 14.937 0.005
2929.78326 14.914 0.005
2932.86625 14.894 0.005
2939.74511 14.867 0.005
2942.72330 14.862 0.005
2946.74386 14.857 0.005
2949.72747 14.852 0.005
2952.71854 14.866 0.005
2955.78012 14.876 0.005
2957.71274 14.878 0.005
2960.73819 14.892 0.005
2960.83497 14.896 0.005
2963.72048 14.903 0.005
2966.68739 14.908 0.005
2968.85113 14.922 0.005
2972.68706 14.934 0.005
2975.66051 14.943 0.005
2977.73124 14.948 0.005
2979.78329 14.951 0.005
2983.69142 14.965 0.005
2986.67366 14.969 0.005
2988.63894 14.976 0.005
2990.77201 14.970 0.005
2994.75290 14.985 0.005
2996.62887 14.988 0.005
2998.61039 14.990 0.005
3000.62851 14.987 0.005
3002.61321 14.991 0.005
3004.61607 14.988 0.005
3006.66510 14.983 0.005
3008.61615 14.987 0.006
3010.63637 14.983 0.005
3012.73176 14.984 0.005
3016.65038 14.988 0.005
3018.63581 14.988 0.005
3020.67682 14.999 0.005
3022.74242 14.999 0.005
3024.69076 14.977 0.005
3026.65980 14.977 0.005
3028.66531 14.972 0.005
3030.70065 14.960 0.005
3033.62109 14.938 0.005
3035.62884 14.930 0.005
3038.60980 14.892 0.005
3041.53535 14.868 0.005
3043.56480 14.849 0.005
3045.60392 14.813 0.005
3047.55835 14.809 0.005
3049.56326 14.785 0.005
3051.55549 14.777 0.005
3053.55187 14.765 0.005
3055.55054 14.757 0.005
3057.54975 14.761 0.005
3059.54835 14.745 0.005
3064.56550 14.754 0.005
3067.55336 14.753 0.005
3069.53829 14.761 0.005
3072.53655 14.764 0.005
3075.53711 14.767 0.005
3077.62181 14.774 0.005
3081.61328 14.790 0.005
3084.52011 14.792 0.005
3086.55807 14.800 0.005
3089.54390 14.805 0.005
3092.52794 14.830 0.005
3098.52532 14.870 0.005
3101.49402 14.889 0.005
3103.49082 14.898 0.005
3109.49291 14.907 0.005
3113.48096 14.917 0.005
3123.51385 14.934 0.005
3133.48745 14.906 0.005
3230.88653 14.893 0.005
3238.87008 14.879 0.005
3246.90192 14.836 0.005
3254.89007 14.784 0.005
3262.86464 14.708 0.005
3268.78789 14.648 0.005
3272.90253 14.612 0.005
3275.90128 14.588 0.005
3281.74280 14.560 0.005
3283.84263 14.555 0.005
3289.75616 14.549 0.005
3296.71010 14.576 0.005
3298.79020 14.589 0.005
3300.84615 14.594 0.005
3303.75342 14.608 0.005
3306.75486 14.628 0.005
3308.77160 14.633 0.005
3310.80395 14.645 0.005
3314.72526 14.665 0.005
3321.64575 14.716 0.005
3325.70749 14.744 0.005
3329.74017 14.776 0.005
3334.63637 14.819 0.005
3338.68980 14.852 0.005
3349.66716 14.907 0.005
3355.70706 14.916 0.005
3359.62741 14.916 0.005
3366.69017 14.913 0.005
3377.64673 14.859 0.005
3379.76243 14.850 0.005
3386.65700 14.805 0.005
3390.76619 14.792 0.005
3395.77016 14.767 0.005
3398.64339 14.766 0.005
3400.62308 14.754 0.005
3403.63259 14.742 0.005
3406.56644 14.736 0.005
3406.62005 14.730 0.005
3410.58460 14.716 0.005
3415.60690 14.700 0.005
3429.58440 14.706 0.005
3434.57375 14.699 0.005
3444.51020 14.713 0.005
3450.54405 14.708 0.005
3570.92752 14.930 0.005
3591.92085 14.898 0.005
3608.91331 14.812 0.005
3615.90709 14.790 0.005
3628.90722 14.777 0.005
3633.77990 14.774 0.005
3638.80915 14.776 0.005
3641.77923 14.782 0.005
3646.83890 14.800 0.005
3653.77696 14.818 0.005
3656.82930 14.839 0.005
3661.76477 14.857 0.005
3665.76797 14.870 0.005
3671.73402 14.907 0.005
3674.85617 14.908 0.005
3683.77200 14.938 0.005
3686.81990 14.957 0.005
3689.73483 14.981 0.005
3692.65789 14.976 0.005
3695.72193 15.004 0.005
3698.67962 15.005 0.005
3700.71902 15.009 0.005
3702.80658 15.020 0.005
3705.71338 15.018 0.005
3707.68840 15.019 0.005
3712.84365 15.024 0.005
3715.84149 15.030 0.005
3718.64317 15.017 0.005
3721.62637 15.010 0.005
3725.69353 14.998 0.005
3727.63789 15.008 0.005
3731.66825 14.997 0.005
3736.64908 14.993 0.005
3739.65249 14.979 0.005
3741.66747 14.963 0.005
3745.59823 14.945 0.005
3749.59407 14.928 0.005
3751.69820 14.924 0.005
3754.56002 14.931 0.005
3756.72616 14.916 0.005
3758.65023 14.915 0.005
3761.69757 14.919 0.005
3764.67468 14.918 0.005
3769.67308 14.926 0.005
3772.64091 14.939 0.005
3775.61209 14.938 0.005
3778.61132 14.944 0.005
3785.59498 14.942 0.005
3790.56370 14.949 0.005
3797.54342 14.944 0.005
3804.53987 14.947 0.005
3817.50668 14.930 0.005
3935.94034 15.073 0.005
3960.88947 14.988 0.005
3968.83364 14.952 0.005
3973.91483 14.958 0.005
3979.90066 14.946 0.005
3987.84539 14.955 0.005
3994.90042 14.980 0.005
4001.80830 14.977 0.005
4004.77903 14.993 0.005
4007.71165 15.011 0.005
4009.78479 15.014 0.005
4014.81023 15.040 0.005
4016.82256 15.037 0.005
4021.85433 15.061 0.005
4025.86469 15.074 0.005
4028.77454 15.100 0.005
4030.84869 15.113 0.005
4037.74577 15.148 0.005
4040.74073 15.155 0.005
4042.75697 15.152 0.005
4045.85857 15.168 0.005
4048.72035 15.160 0.005
4051.66314 15.153 0.005
4053.76228 15.155 0.005
4055.71207 15.146 0.005
4057.69094 15.134 0.005
4060.63003 15.131 0.005
4065.64811 15.114 0.005
4067.61369 15.103 0.005
4069.60337 15.105 0.005
4072.64128 15.104 0.005
4077.67341 15.094 0.005
4080.65767 15.100 0.005
4084.68727 15.111 0.005
4092.76868 15.093 0.005
4100.82400 15.085 0.005
4107.66538 15.050 0.005
4117.63093 15.038 0.005
4121.63196 15.017 0.005
4123.70263 15.016 0.005
4126.60365 15.018 0.005
4129.69248 14.999 0.005
4147.56882 14.956 0.005
4153.54763 14.935 0.005
4164.52995 14.887 0.005
4176.53563 14.844 0.005
4192.50655 14.802 0.005
4316.93660 14.867 0.005
4345.85403 14.902 0.005
4350.80728 14.914 0.005
4355.82928 14.921 0.005
4362.75813 14.933 0.005
4365.77075 14.928 0.005
4369.76620 14.931 0.005
4373.74171 14.933 0.005
4376.78122 14.935 0.005
4379.78681 14.951 0.005
4383.79188 14.948 0.005
4392.72827 14.950 0.005
4397.76521 14.948 0.005
4402.84275 14.938 0.005
4406.79291 14.927 0.005
4409.86543 14.928 0.005
4416.82016 14.935 0.005
4420.84185 14.944 0.005
4425.83797 14.945 0.005
4431.71513 14.946 0.005
4435.73485 14.954 0.005
4439.75871 14.946 0.005
4441.83911 14.956 0.005
4444.67538 14.942 0.005
4450.69113 14.931 0.005
4453.67375 14.921 0.005
4456.67653 14.916 0.005
4458.66120 14.915 0.005
4463.67357 14.915 0.005
4466.66327 14.923 0.005
4469.64443 14.934 0.005
4473.59906 14.943 0.005
4477.68613 14.949 0.005
4479.66754 14.956 0.005
4483.66765 14.959 0.005
4486.66644 14.956 0.005
4489.68432 14.962 0.005
4493.64393 14.977 0.005
4498.60106 14.986 0.005
4500.72407 14.993 0.005
4502.64567 15.010 0.005
4507.59789 15.014 0.005
4509.59098 15.013 0.005
4515.56207 14.994 0.005
4520.55419 15.005 0.005
4523.57278 14.989 0.005
4525.57370 14.987 0.005
4531.54000 14.981 0.005
4534.51108 14.967 0.005
4538.58225 14.959 0.005
4540.53262 14.947 0.005
4543.62380 14.940 0.005
4549.50234 14.920 0.005
4559.49816 14.909 0.005
4566.49894 14.916 0.005
4571.49090 14.914 0.005
4589.47279 14.947 0.005
4672.91357 14.820 0.005
4690.91936 14.812 0.005
4703.88301 14.826 0.005
4715.87802 14.859 0.005
4721.90876 14.872 0.005
4726.77329 14.865 0.005
4731.81661 14.850 0.005
4743.82807 14.777 0.005
4750.83249 14.746 0.005
4755.85116 14.729 0.005
4759.78538 14.720 0.005
4762.74525 14.725 0.005
4768.72332 14.722 0.005
4771.76494 14.731 0.005
4774.68763 14.738 0.005
4776.79886 14.758 0.005
4779.83581 14.759 0.005
4783.70182 14.758 0.005
4787.71773 14.759 0.005
4789.86431 14.760 0.005
4793.71478 14.745 0.005
4795.69311 14.747 0.005
4799.69063 14.739 0.005
4802.69844 14.750 0.005
4805.65606 14.753 0.005
4807.74652 14.755 0.005
4810.67869 14.753 0.005
4813.65732 14.761 0.005
4815.67049 14.763 0.005
4817.67668 14.768 0.005
4819.66888 14.776 0.005
4821.70595 14.776 0.005
4825.72149 14.787 0.005
4831.76623 14.801 0.005
4834.68648 14.810 0.005
4836.69868 14.817 0.005
4839.68006 14.820 0.005
4841.68470 14.817 0.005
4843.69065 14.833 0.005
4845.69964 14.826 0.005
4846.65531 14.831 0.005
4848.68242 14.832 0.005
4850.67457 14.821 0.005
4854.65644 14.821 0.005
4856.66299 14.825 0.005
4859.64088 14.837 0.005
4864.60790 14.831 0.005
4865.65949 14.831 0.005
4868.64456 14.836 0.005
4870.60961 14.835 0.005
4872.63919 14.835 0.005
4874.54025 14.841 0.005
4876.53012 14.831 0.005
4879.61816 14.816 0.005
4882.61431 14.827 0.005
4884.53693 14.821 0.005
4887.56985 14.803 0.005
4901.61373 14.769 0.005
4911.58910 14.768 0.005
4915.51062 14.768 0.005
4918.52698 14.760 0.005
4924.54229 14.760 0.005
4928.53800 14.767 0.005
4933.50796 14.771 0.005
4937.50457 14.782 0.005
4941.52099 14.803 0.005
4946.52040 14.817 0.005
4953.47334 14.835 0.005
