 726.81844 13.918 0.006
 728.88227 13.920 0.006
 739.85225 13.923 0.006
 744.76057 13.915 0.006
 745.84519 13.924 0.006
 746.83107 13.911 0.006
 747.72650 13.912 0.006
 748.67854 13.905 0.006
 750.79147 13.901 0.006
 751.79225 13.894 0.006
 752.85008 13.892 0.006
 754.79633 13.877 0.006
 755.77428 13.884 0.006
 759.70016 13.860 0.006
 761.78135 13.852 0.006
 766.83104 13.833 0.006
 773.78659 13.804 0.006
 776.81178 13.795 0.006
 778.84119 13.763 0.006
 780.77214 13.770 0.006
 782.80078 13.758 0.006
 788.82821 13.724 0.006
 792.73825 13.716 0.006
 795.82356 13.710 0.006
 798.74785 13.714 0.006
 817.74609 13.690 0.006
 819.82274 13.677 0.006
 824.69343 13.685 0.006
 826.78607 13.694 0.006
 827.68284 13.693 0.006
 828.74250 13.693 0.006
 829.69011 13.683 0.006
 830.74823 13.683 0.006
 831.58547 13.684 0.006
 832.56809 13.686 0.006
 832.75509 13.689 0.006
 833.57466 13.688 0.006
 834.70930 13.691 0.006
 835.79639 13.694 0.006
 837.65830 13.695 0.006
 839.65671 13.696 0.006
 841.74573 13.705 0.006
 842.73569 13.703 0.006
 844.59058 13.696 0.006
 846.76252 13.712 0.006
 850.75334 13.722 0.006
 854.77056 13.729 0.006
 855.70024 13.732 0.006
 856.66223 13.741 0.006
 857.72090 13.746 0.006
 858.68407 13.748 0.006
 859.75081 13.760 0.006
 860.64376 13.762 0.006
 865.56105 13.783 0.006
 867.61617 13.792 0.006
 874.67982 13.836 0.006
 876.59588 13.844 0.006
 876.69836 13.842 0.006
 878.68591 13.851 0.006
 880.62021 13.855 0.006
 885.57933 13.880 0.006
 887.66444 13.891 0.006
 890.68805 13.901 0.006
 892.53482 13.915 0.006
 893.70105 13.920 0.006
 896.50277 13.931 0.006
 900.55624 13.938 0.006
 919.55814 13.936 0.006
 925.51121 13.935 0.006
 931.56922 13.922 0.006
 934.51802 13.902 0.006
 950.51124 13.886 0.006
 951.50474 13.889 0.006
1072.89436 13.681 0.006
1079.80276 13.692 0.006
1080.80634 13.696 0.006
1083.81688 13.696 0.006
1084.81232 13.699 0.006
1086.84034 13.701 0.006
1090.76801 13.699 0.006
1091.87581 13.706 0.006
1092.81840 13.709 0.006
1093.83046 13.710 0.006
1106.75938 13.738 0.006
1108.78038 13.744 0.006
1114.78982 13.761 0.006
1119.83306 13.764 0.006
1120.73759 13.770 0.006
1126.75739 13.768 0.006
1129.82169 13.771 0.006
1131.82764 13.769 0.006
1132.81724 13.774 0.006
1137.79941 13.773 0.006
1138.84072 13.778 0.006
1142.76739 13.784 0.006
1152.72499 13.779 0.006
1154.74051 13.782 0.006
1155.69674 13.784 0.006
1157.75062 13.784 0.006
1159.75631 13.786 0.006
1161.82032 13.786 0.006
1163.82221 13.781 0.006
1164.83712 13.781 0.006
1166.75460 13.779 0.006
1167.78081 13.778 0.006
1168.76346 13.785 0.006
1171.73235 13.782 0.006
1175.72971 13.767 0.006
1179.77910 13.748 0.006
1181.74259 13.744 0.006
1183.82750 13.732 0.006
1185.82487 13.727 0.006
1187.78018 13.727 0.006
1189.71661 13.714 0.006
1191.75530 13.701 0.006
1192.81409 13.698 0.006
1193.80601 13.688 0.006
1194.68165 13.687 0.006
1201.77014 13.669 0.006
1202.76426 13.667 0.006
1204.68586 13.654 0.006
1206.78603 13.648 0.006
1207.69626 13.648 0.006
1211.67278 13.644 0.006
1213.63621 13.644 0.006
1214.71495 13.640 0.006
1215.54104 13.644 0.006
1216.60912 13.645 0.006
1217.67673 13.641 0.006
1219.61396 13.635 0.006
1221.58459 13.644 0.006
1223.67474 13.643 0.006
1224.55442 13.649 0.006
1226.56267 13.653 0.006
1227.56973 13.650 0.006
1232.65933 13.665 0.006
1235.56049 13.673 0.006
1237.54441 13.680 0.006
1238.64643 13.679 0.006
1241.54666 13.686 0.006
1242.61765 13.687 0.006
1243.56377 13.693 0.006
1245.53233 13.697 0.006
1247.66670 13.704 0.006
1248.63442 13.699 0.006
1251.58898 13.715 0.006
1254.54285 13.720 0.006
1255.57585 13.721 0.006
1257.60750 13.727 0.006
1260.59356 13.736 0.006
1264.58398 13.751 0.006
1266.58572 13.750 0.006
1267.60183 13.753 0.006
1274.58487 13.763 0.006
1275.52424 13.765 0.006
1278.50688 13.781 0.006
1281.51495 13.786 0.006
1290.48468 13.814 0.006
1296.57555 13.819 0.006
1300.52166 13.820 0.006
1305.50009 13.823 0.006
1308.53108 13.820 0.006
1315.49030 13.811 0.006
1318.47298 13.802 0.006
1329.45861 13.784 0.006
1331.47762 13.793 0.006
1431.82096 13.805 0.006
1433.81753 13.818 0.006
1435.86543 13.825 0.006
1437.85815 13.830 0.006
1440.89712 13.836 0.006
1443.78845 13.840 0.006
1447.76220 13.856 0.006
1448.85296 13.863 0.006
1453.77299 13.857 0.006
1454.88900 13.871 0.006
1455.77114 13.861 0.006
1458.75711 13.879 0.006
1459.87866 13.868 0.006
1460.75928 13.873 0.006
1461.72502 13.879 0.006
1471.73547 13.888 0.006
1475.82989 13.889 0.006
1478.75461 13.885 0.006
1481.81681 13.887 0.006
1484.82113 13.887 0.006
1487.81392 13.890 0.006
1488.86198 13.890 0.006
1491.75266 13.890 0.006
1493.69458 13.893 0.006
1495.73800 13.893 0.006
1498.65918 13.891 0.006
1500.79971 13.889 0.006
1503.69000 13.889 0.006
1505.79684 13.887 0.006
1507.69284 13.894 0.006
1508.80949 13.889 0.006
1509.67098 13.893 0.006
1510.63650 13.890 0.006
1511.71916 13.889 0.006
1512.75317 13.883 0.006
1514.76764 13.889 0.006
1516.81343 13.887 0.006
1517.84534 13.885 0.006
1518.68527 13.887 0.006
1520.71059 13.883 0.006
1522.71127 13.880 0.006
1523.71145 13.879 0.006
1525.68739 13.870 0.006
1527.75273 13.865 0.006
1528.67866 13.871 0.006
1529.80411 13.866 0.006
1531.69605 13.865 0.006
1538.65318 13.848 0.006
1541.60900 13.842 0.006
1542.76336 13.838 0.006
1544.66568 13.831 0.006
1546.67490 13.827 0.006
1546.69036 13.830 0.006
1547.69195 13.826 0.006
1548.66912 13.823 0.006
1551.69847 13.816 0.006
1552.63142 13.816 0.006
1553.65513 13.811 0.006
1554.63373 13.809 0.006
1555.65817 13.808 0.006
1556.63233 13.804 0.006
1560.62406 13.793 0.006
1564.54319 13.788 0.006
1568.61989 13.781 0.006
1571.62954 13.782 0.006
1575.64394 13.782 0.006
1578.68424 13.780 0.006
1580.69503 13.779 0.006
1582.62954 13.776 0.006
1585.62034 13.779 0.006
1588.62356 13.784 0.006
1591.58740 13.789 0.006
1595.58064 13.789 0.006
1599.64665 13.788 0.006
1600.59955 13.785 0.006
1601.60667 13.781 0.006
1602.67314 13.787 0.006
1604.60473 13.790 0.006
1606.56170 13.792 0.006
1609.51792 13.793 0.006
1610.53282 13.794 0.006
1611.59297 13.790 0.006
1613.57331 13.796 0.006
1614.64438 13.800 0.006
1616.50200 13.803 0.006
1618.64753 13.810 0.006
1619.54125 13.809 0.006
1621.53741 13.817 0.006
1623.63457 13.818 0.006
1625.61562 13.824 0.006
1627.58588 13.829 0.006
1628.52577 13.826 0.006
1630.49747 13.831 0.006
1631.49525 13.832 0.006
1633.61068 13.831 0.006
1635.49369 13.835 0.006
1643.56969 13.836 0.006
1644.49669 13.840 0.006
1645.50279 13.845 0.006
1653.48810 13.856 0.006
1655.53206 13.861 0.006
1657.54151 13.872 0.006
1660.51638 13.872 0.006
1662.52373 13.871 0.006
1664.54679 13.875 0.006
1669.51671 13.887 0.006
1672.48937 13.887 0.006
1687.48706 13.908 0.006
1695.47242 13.919 0.006
1766.86517 13.902 0.006
1768.85082 13.903 0.006
1773.90917 13.889 0.006
1782.84038 13.866 0.006
1788.84880 13.857 0.006
1804.84407 13.835 0.006
1811.86462 13.836 0.006
1815.84079 13.829 0.006
1818.88311 13.837 0.006
1822.72249 13.837 0.006
1829.87175 13.846 0.006
1844.77958 13.856 0.006
1850.76094 13.869 0.006
1854.81797 13.880 0.006
1858.76505 13.888 0.006
1860.80743 13.896 0.006
1863.78053 13.901 0.006
1866.73124 13.908 0.006
1868.71233 13.906 0.006
1870.83338 13.912 0.006
1872.84920 13.920 0.006
1874.75413 13.916 0.006
2166.85603 13.783 0.006
2183.89928 13.802 0.006
2189.86169 13.823 0.006
2192.76512 13.823 0.006
2201.77532 13.853 0.006
2212.80960 13.883 0.006
2217.79400 13.906 0.006
2223.81457 13.920 0.006
2226.78894 13.926 0.006
2228.83237 13.931 0.006
2232.76604 13.938 0.006
2234.75998 13.939 0.006
2238.71065 13.937 0.006
2240.83957 13.936 0.006
2242.84532 13.938 0.006
2248.72657 13.941 0.006
2251.75620 13.946 0.006
2253.77380 13.945 0.006
2255.70212 13.958 0.006
2258.70157 13.954 0.006
2269.78308 13.983 0.006
2271.73138 13.986 0.006
2273.82172 13.997 0.006
2275.79519 13.990 0.006
2277.79798 13.991 0.006
2279.79480 13.995 0.006
2281.75763 13.995 0.006
2283.81483 14.001 0.006
2289.75169 14.008 0.006
2291.75780 14.005 0.006
2293.72615 14.001 0.006
2295.74721 13.992 0.006
2297.73813 13.994 0.006
2299.77055 13.978 0.006
2303.67136 13.973 0.006
2326.58006 13.905 0.006
2332.52346 13.904 0.006
2338.54603 13.888 0.006
2355.51150 13.876 0.006
2387.50181 13.921 0.006
2524.86659 13.905 0.006
2542.83342 13.763 0.006
2544.89157 13.738 0.006
2551.88179 13.713 0.006
2559.81971 13.689 0.006
2563.86494 13.676 0.006
2577.85446 13.696 0.006
2583.75090 13.700 0.006
2589.79143 13.713 0.006
2594.80826 13.725 0.006
2599.86307 13.707 0.006
2609.66930 13.714 0.006
2611.67318 13.723 0.006
2617.81982 13.721 0.006
2620.78884 13.731 0.006
2623.76207 13.734 0.006
2626.68715 13.738 0.006
2627.62896 13.742 0.006
2628.85428 13.735 0.006
2630.84300 13.745 0.006
2632.63371 13.740 0.006
2635.62855 13.746 0.006
2637.76871 13.747 0.006
2639.78496 13.752 0.006
2641.65923 13.756 0.006
2643.67113 13.760 0.006
2645.66274 13.763 0.006
2647.58948 13.769 0.006
2651.65775 13.773 0.006
2653.68248 13.774 0.006
2655.66680 13.775 0.006
2657.80052 13.776 0.006
2659.66856 13.776 0.006
2661.69244 13.784 0.006
2665.79432 13.793 0.006
2671.80025 13.800 0.006
2675.73071 13.820 0.006
2677.76561 13.822 0.006
2679.75614 13.825 0.006
2686.60786 13.825 0.006
2691.53462 13.824 0.006
2695.59196 13.808 0.006
2700.54296 13.798 0.006
2713.52806 13.756 0.006
2841.93229 13.838 0.006
2868.89484 13.799 0.006
2890.83797 13.779 0.006
2895.87369 13.755 0.006
2900.82936 13.742 0.006
2906.86035 13.730 0.006
2910.89370 13.725 0.006
2915.89384 13.716 0.006
2922.77399 13.700 0.006
2925.86239 13.704 0.006
2930.77496 13.696 0.006
2933.81939 13.697 0.006
2939.82779 13.690 0.006
2941.84585 13.667 0.006
2943.72065 13.685 0.006
2946.82369 13.686 0.006
2948.81400 13.691 0.006
2952.81004 13.690 0.006
2956.65345 13.680 0.006
2958.68024 13.686 0.006
2962.69116 13.686 0.006
2965.70820 13.681 0.006
2967.80754 13.680 0.006
2970.77316 13.671 0.006
2974.71272 13.677 0.006
2976.74657 13.679 0.006
2978.64111 13.681 0.006
2980.66754 13.674 0.006
2982.62670 13.668 0.006
2984.66783 13.671 0.006
2986.75567 13.677 0.006
2988.72364 13.670 0.006
2990.65706 13.681 0.006
2992.74668 13.678 0.006
2994.65446 13.690 0.006
2996.74478 13.687 0.006
2998.69950 13.694 0.006
2999.79153 13.696 0.006
3001.67025 13.704 0.006
3003.66591 13.709 0.006
3005.62290 13.713 0.006
3007.74138 13.723 0.006
3009.67720 13.731 0.006
3011.62277 13.731 0.006
3013.65343 13.733 0.006
3017.62873 13.743 0.006
3018.72056 13.746 0.006
3020.79577 13.745 0.006
3022.82226 13.745 0.006
3024.77083 13.756 0.006
3026.76814 13.758 0.006
3028.77561 13.749 0.006
3030.78048 13.757 0.006
3033.70778 13.764 0.006
3035.71407 13.766 0.006
3038.69244 13.778 0.006
3040.69207 13.780 0.006
3042.63561 13.792 0.006
3044.56952 13.791 0.006
3046.58501 13.792 0.006
3048.56996 13.807 0.006
3050.58882 13.810 0.006
3052.58585 13.816 0.006
3054.58670 13.826 0.006
3056.58389 13.832 0.006
3058.57764 13.839 0.006
3060.59812 13.844 0.006
3064.60266 13.878 0.006
3067.65963 13.878 0.006
3069.61973 13.893 0.006
3073.53451 13.915 0.006
3075.62386 13.913 0.006
3078.54370 13.924 0.006
3082.53269 13.935 0.006
3084.60863 13.938 0.006
3087.57091 13.950 0.006
3090.52586 13.952 0.006
3093.50719 13.960 0.006
3098.61612 13.958 0.006
3101.57380 13.957 0.006
3104.54703 13.960 0.006
3111.52055 13.953 0.006
3114.51449 13.943 0.006
3115.53883 13.940 0.006
3126.47895 13.902 0.006
3144.49424 13.810 0.006
3224.89441 13.778 0.006
3239.92839 13.782 0.006
3247.89934 13.779 0.006
3256.87762 13.753 0.006
3263.85244 13.725 0.006
3268.86819 13.708 0.006
3273.83980 13.693 0.006
3276.85787 13.680 0.006
3281.82281 13.650 0.006
3289.83626 13.624 0.006
3294.83441 13.627 0.006
3296.83976 13.610 0.006
3298.87030 13.604 0.006
3301.69067 13.600 0.006
3303.85970 13.602 0.006
3306.83430 13.600 0.006
3308.85131 13.599 0.006
3311.66143 13.583 0.006
3320.69457 13.592 0.006
3323.64754 13.589 0.006
3329.82359 13.619 0.006
3334.72342 13.641 0.006
3338.77916 13.653 0.006
3349.79543 13.673 0.006
3351.78025 13.678 0.006
3354.74839 13.675 0.006
3358.63470 13.690 0.006
3361.73051 13.694 0.006
3363.72064 13.695 0.006
3372.69294 13.704 0.006
3377.72913 13.723 0.006
3386.75491 13.744 0.006
3391.60024 13.766 0.006
3395.66433 13.767 0.006
3398.71203 13.775 0.006
3402.65731 13.789 0.006
3404.58514 13.795 0.006
3408.53859 13.801 0.006
3412.58388 13.812 0.006
3414.61543 13.814 0.006
3419.58627 13.826 0.006
3426.52178 13.843 0.006
3433.57297 13.853 0.006
3443.54356 13.857 0.006
3453.50992 13.861 0.006
3575.91504 13.778 0.006
3589.88650 13.805 0.006
3617.88345 13.831 0.006
3629.82294 13.861 0.006
3634.78906 13.883 0.006
3639.89930 13.889 0.006
3641.83294 13.893 0.006
3650.82828 13.915 0.006
3653.85629 13.911 0.006
3657.80679 13.927 0.006
3660.77250 13.923 0.006
3664.80795 13.934 0.006
3668.74426 13.943 0.006
3672.75379 13.931 0.006
3676.85520 13.933 0.006
3684.79940 13.928 0.006
3687.71841 13.928 0.006
3689.81701 13.929 0.006
3692.74143 13.916 0.006
3694.81541 13.919 0.006
3696.69067 13.914 0.006
3699.70289 13.914 0.006
3701.75378 13.911 0.006
3704.72029 13.918 0.006
3706.77450 13.908 0.006
3711.66549 13.914 0.006
3713.67915 13.917 0.006
3716.72821 13.913 0.006
3719.75596 13.907 0.006
3722.81417 13.902 0.006
3726.67840 13.913 0.006
3728.65116 13.917 0.006
3731.75173 13.917 0.006
3733.63789 13.924 0.006
3734.74087 13.919 0.006
3736.75974 13.926 0.006
3737.64838 13.926 0.006
3739.71048 13.923 0.006
3741.81675 13.936 0.006
3743.71464 13.937 0.006
3746.75703 13.934 0.006
3748.70965 13.934 0.006
3750.71584 13.935 0.006
3752.72390 13.931 0.006
3754.74520 13.937 0.006
3755.66495 13.933 0.006
3757.63905 13.936 0.006
3759.60469 13.943 0.006
3762.68957 13.937 0.006
3765.71149 13.944 0.006
3769.75209 13.945 0.006
3772.72040 13.970 0.006
3775.71235 13.984 0.006
3778.69084 13.994 0.006
3782.59896 14.010 0.006
3786.57503 14.030 0.006
3791.57135 14.052 0.006
3798.57104 14.104 0.006
3805.55825 14.152 0.006
3820.50359 14.228 0.006
3944.93718 15.308 0.006
3961.93382 15.528 0.006
3968.91590 15.608 0.006
3974.91186 15.657 0.006
3981.80487 15.713 0.006
3988.88677 15.750 0.006
3995.83979 15.830 0.006
4002.83592 15.906 0.006
4005.78595 15.890 0.006
4007.79015 15.893 0.006
4011.77058 15.958 0.006
4018.75615 15.955 0.007
4023.80965 15.971 0.006
4026.72027 15.988 0.006
4028.85634 15.953 0.006
4031.74407 15.984 0.007
4037.85294 15.978 0.006
4040.82029 15.979 0.006
4042.83507 15.989 0.006
4046.71089 16.002 0.007
4048.79982 15.995 0.007
4052.64272 16.032 0.006
4053.84042 15.969 0.006
4056.68396 16.027 0.007
4059.67118 15.965 0.006
4064.63570 15.976 0.006
4066.61526 16.007 0.007
4069.68265 15.965 0.006
4071.60771 15.998 0.007
4076.67949 16.000 0.007
4079.69607 15.981 0.007
4082.68643 15.973 0.006
4084.76629 15.974 0.006
4087.68574 15.946 0.006
4093.77473 15.904 0.006
4102.66298 15.916 0.007
4104.80976 15.945 0.007
4109.67063 15.916 0.006
4113.68923 15.898 0.006
4119.62746 15.854 0.006
4122.67632 15.837 0.006
4125.72371 15.834 0.006
4129.72315 15.826 0.006
4142.58138 15.744 0.007
4150.55790 15.685 0.006
4154.55284 15.657 0.007
4166.51621 15.606 0.007
4184.50575 15.508 0.006
4340.90636 14.605 0.006
4346.89446 14.595 0.006
4350.91303 14.575 0.006
4357.84665 14.578 0.006
4363.77509 14.571 0.006
4365.79873 14.566 0.006
4369.79431 14.572 0.006
4372.76899 14.549 0.006
4376.85956 14.563 0.006
4379.86611 14.545 0.006
4383.87017 14.546 0.006
4388.86416 14.533 0.006
4393.73804 14.522 0.006
4398.81323 14.513 0.006
4403.75385 14.521 0.006
4411.74903 14.508 0.006
4417.83186 14.512 0.006
4421.74427 14.508 0.006
4425.81749 14.517 0.006
4429.72824 14.518 0.006
4432.76980 14.513 0.006
4436.69631 14.525 0.006
4439.74045 14.526 0.006
4442.71785 14.519 0.006
4448.77353 14.518 0.006
4450.77821 14.529 0.006
4453.75404 14.530 0.006
4456.76737 14.526 0.006
4459.67739 14.524 0.006
4462.67940 14.536 0.006
4465.71963 14.530 0.006
4469.67275 14.537 0.006
4474.67479 14.526 0.006
4478.77756 14.533 0.006
4481.77634 14.517 0.006
4484.68607 14.530 0.006
4487.74844 14.529 0.006
4492.70101 14.521 0.006
4494.73545 14.529 0.006
4499.61693 14.513 0.006
4502.68978 14.509 0.006
4507.64852 14.509 0.006
4509.64579 14.498 0.006
4522.55334 14.482 0.006
4524.56735 14.476 0.006
4530.57253 14.463 0.006
4532.56459 14.460 0.006
4537.56265 14.437 0.006
4540.61139 14.418 0.006
4549.56779 14.398 0.006
4560.50634 14.363 0.006
4567.51790 14.338 0.006
4574.53894 14.315 0.006
4592.47660 14.270 0.006
4681.92998 14.162 0.006
4691.89567 14.162 0.006
4702.90760 14.184 0.006
4719.82313 14.203 0.006
4722.91191 14.193 0.006
4726.89753 14.187 0.006
4731.87386 14.167 0.006
4747.84624 14.077 0.006
4751.89253 14.055 0.006
4756.81659 14.037 0.006
4759.86364 14.020 0.006
4762.82342 14.011 0.006
4768.80136 13.992 0.006
4771.84351 13.991 0.006
4774.85290 13.988 0.006
4777.69031 13.984 0.006
4780.83925 13.979 0.006
4783.80917 13.971 0.006
4788.73856 13.979 0.006
4791.71597 13.989 0.006
4794.72026 13.986 0.006
4797.70169 13.998 0.006
4800.74493 14.009 0.006
4802.77657 14.012 0.006
4804.80070 14.018 0.006
4805.82379 14.024 0.006
4807.77465 14.021 0.006
4810.73259 14.039 0.006
4812.79218 14.056 0.006
4814.68178 14.051 0.006
4816.67859 14.064 0.006
4818.70074 14.060 0.006
4820.70755 14.069 0.006
4823.72117 14.076 0.006
4825.80835 14.089 0.006
4831.85071 14.103 0.006
4832.81094 14.098 0.006
4834.78003 14.109 0.006
4837.68005 14.112 0.006
4839.70857 14.116 0.006
4841.74490 14.124 0.006
4843.74413 14.136 0.006
4846.71007 14.145 0.006
4850.72811 14.150 0.006
4852.72214 14.157 0.006
4855.72956 14.172 0.006
4857.70773 14.178 0.006
4866.67487 14.207 0.006
4868.67294 14.205 0.006
4870.66239 14.221 0.006
4873.69304 14.217 0.006
4875.59007 14.223 0.006
4876.62073 14.219 0.006
4878.64564 14.222 0.006
4882.56491 14.228 0.006
4884.62731 14.232 0.006
4888.54375 14.224 0.006
4900.57538 14.211 0.006
4904.60111 14.208 0.006
4913.57893 14.192 0.006
4918.55556 14.174 0.006
4924.57517 14.162 0.006
4928.56497 14.142 0.006
4930.51620 14.145 0.006
4934.51302 14.135 0.006
4938.50428 14.110 0.006
4942.52085 14.103 0.006
4947.51422 14.084 0.006
