2171.88969 13.828 0.006
2183.84919 13.802 0.006
2184.85114 13.757 0.006
2189.79546 13.741 0.006
2191.81957 13.716 0.006
2200.83021 13.676 0.006
2211.80597 13.649 0.006
2217.73286 13.651 0.006
2223.75286 13.638 0.006
2226.72802 13.643 0.006
2228.77165 13.627 0.006
2230.68464 13.626 0.006
2232.70519 13.635 0.006
2234.69836 13.620 0.006
2238.64967 13.621 0.006
2240.77805 13.605 0.006
2242.77990 13.596 0.006
2244.83062 13.593 0.006
2249.70295 13.606 0.006
2251.79784 13.596 0.006
2253.69035 13.602 0.006
2256.69411 13.606 0.006
2258.80946 13.606 0.006
2261.60173 13.599 0.006
2265.65166 13.615 0.006
2271.62314 13.636 0.006
2273.78115 13.646 0.006
2275.71902 13.678 0.006
2277.72257 13.671 0.006
2279.72848 13.671 0.006
2281.72070 13.703 0.006
2289.67271 13.685 0.006
2291.68150 13.702 0.006
2293.64880 13.718 0.006
2297.67510 13.736 0.006
2299.66789 13.735 0.006
2303.63409 13.755 0.006
2317.55778 13.802 0.006
2322.60235 13.816 0.006
2326.51175 13.848 0.006
2331.54229 13.850 0.006
2337.56104 13.879 0.006
2349.51881 13.908 0.006
2519.91691 13.704 0.006
2535.90017 13.732 0.006
2542.77230 13.743 0.006
2544.81533 13.765 0.006
2551.81541 13.770 0.006
2555.83945 13.774 0.006
2559.72717 13.777 0.006
2563.79734 13.777 0.006
2577.79165 13.781 0.006
2580.82083 13.801 0.006
2588.86194 13.792 0.006
2594.73893 13.813 0.006
2599.77494 13.829 0.006
2607.73758 13.833 0.006
2613.66231 13.849 0.006
2617.75289 13.857 0.006
2620.69234 13.857 0.006
2623.66690 13.875 0.006
2626.64609 13.869 0.006
2628.81303 13.861 0.006
2631.61382 13.881 0.006
2634.63441 13.865 0.006
2637.66064 13.874 0.006
2640.70150 13.877 0.006
2642.67033 13.882 0.006
2644.66864 13.884 0.006
2650.64908 13.896 0.006
2652.63420 13.898 0.006
2655.62509 13.909 0.006
2657.69132 13.924 0.006
2659.71165 13.920 0.006
2661.76348 13.923 0.006
2663.69035 13.935 0.006
2665.73353 13.934 0.006
2667.74838 13.949 0.006
2671.64170 13.956 0.006
2673.64153 13.973 0.006
2675.66583 13.972 0.006
2677.66836 13.978 0.006
2679.69489 13.983 0.006
2681.68257 13.955 0.006
2685.62904 13.961 0.006
2690.58292 13.960 0.006
2695.52068 13.956 0.006
2699.57296 13.939 0.006
2705.54670 13.917 0.006
2712.51136 13.904 0.006
2733.48089 13.849 0.006
2870.89245 13.984 0.006
2883.89206 13.972 0.006
2888.87310 13.981 0.006
2894.80824 13.971 0.006
2899.80911 13.963 0.006
2905.79844 13.949 0.006
2910.82335 13.918 0.006
2915.82424 13.902 0.006
2921.82670 13.883 0.006
2925.77001 13.871 0.006
2929.80708 13.871 0.006
2933.75390 13.849 0.006
2939.75978 13.837 0.006
2946.75836 13.843 0.006
2949.74204 13.831 0.006
2952.73395 13.839 0.006
2955.79473 13.864 0.006
2957.72727 13.862 0.006
2961.70205 13.883 0.006
2963.76906 13.902 0.006
2966.70190 13.901 0.006
2969.65728 13.908 0.006
2973.82321 13.917 0.006
2975.75870 13.931 0.006
2977.74660 13.936 0.006
2977.77264 13.934 0.006
2979.79861 13.923 0.006
2981.80557 13.951 0.006
2983.70622 13.946 0.006
2986.68887 13.953 0.006
2988.65434 13.957 0.006
2990.73220 13.954 0.006
2992.67255 13.962 0.006
2994.76758 13.956 0.006
2996.64357 13.968 0.006
2998.62642 13.980 0.006
3000.64317 13.967 0.006
3002.62889 13.954 0.006
3004.63080 13.949 0.006
3006.68025 13.937 0.006
3008.63948 13.959 0.006
3010.65109 13.937 0.006
3012.74651 13.933 0.006
3016.66530 13.937 0.006
3018.65036 13.934 0.006
3020.69186 13.931 0.006
3022.75705 13.916 0.006
3024.70531 13.906 0.006
3026.67438 13.902 0.006
3028.71023 13.898 0.006
3030.71522 13.892 0.006
3033.63733 13.877 0.006
3035.64346 13.862 0.006
3038.62702 13.878 0.006
3040.65229 13.857 0.006
3042.58735 13.841 0.006
3044.52938 13.840 0.006
3046.54520 13.847 0.006
3048.52234 13.825 0.006
3050.52356 13.829 0.006
3052.51783 13.826 0.006
3054.51929 13.827 0.006
3056.51855 13.830 0.006
3057.56493 13.831 0.006
3058.51145 13.823 0.006
3060.53115 13.846 0.006
3067.56774 13.846 0.006
3069.55282 13.837 0.006
3072.59969 13.838 0.006
3075.55208 13.850 0.006
3084.53499 13.862 0.006
3087.50105 13.863 0.006
3089.55926 13.865 0.006
3092.54461 13.872 0.006
3098.54471 13.879 0.006
3102.48359 13.881 0.006
3105.52324 13.902 0.006
3108.50229 13.918 0.006
3111.48025 13.919 0.006
3114.47155 13.932 0.006
3125.46880 13.994 0.006
3134.46919 14.012 0.006
3229.90029 13.840 0.006
3238.92787 13.833 0.006
3246.91621 13.799 0.006
3254.90621 13.790 0.006
3262.88084 13.784 0.006
3268.80244 13.794 0.006
3273.76155 13.789 0.006
3276.80720 13.815 0.006
3281.75733 13.800 0.006
3283.85711 13.809 0.006
3289.77089 13.793 0.006
3294.76842 13.802 0.006
3296.77410 13.800 0.006
3298.80469 13.797 0.006
3300.86062 13.804 0.006
3303.76958 13.806 0.006
3306.76924 13.811 0.006
3308.78596 13.809 0.006
3310.81837 13.819 0.006
3314.74027 13.827 0.006
3321.66038 13.837 0.006
3325.72219 13.848 0.006
3329.75679 13.827 0.006
3334.65207 13.830 0.006
3338.70477 13.820 0.006
3349.68187 13.804 0.006
3352.64865 13.797 0.006
3355.66991 13.778 0.006
3359.67510 13.766 0.006
3369.67500 13.725 0.006
3377.66141 13.719 0.006
3381.76692 13.708 0.006
3389.65645 13.681 0.006
3394.70199 13.681 0.006
3396.58143 13.685 0.006
3399.60473 13.685 0.006
3402.61722 13.669 0.006
3404.54534 13.676 0.006
3409.52462 13.678 0.006
3414.51996 13.678 0.006
3418.61263 13.687 0.006
3428.59161 13.717 0.006
3434.59220 13.750 0.006
3444.52461 13.770 0.006
3451.50364 13.776 0.006
3570.93499 13.563 0.006
3585.89610 13.551 0.006
3590.92354 13.561 0.006
3592.89548 13.571 0.006
3617.84378 13.678 0.006
3629.75200 13.766 0.006
3633.79414 13.780 0.006
3638.75508 13.802 0.006
3641.79347 13.803 0.006
3646.86106 13.833 0.006
3653.79157 13.849 0.006
3656.84738 13.866 0.006
3660.73333 13.841 0.006
3665.78277 13.871 0.006
3674.87091 13.852 0.006
3683.78682 13.860 0.006
3686.83457 13.808 0.006
3689.75241 13.816 0.006
3692.67287 13.802 0.006
3694.85617 13.804 0.006
3698.69439 13.792 0.006
3700.73369 13.763 0.006
3702.82136 13.752 0.006
3705.72818 13.737 0.006
3707.70428 13.760 0.006
3712.80776 13.727 0.006
3715.62545 13.726 0.006
3718.65803 13.717 0.006
3721.85263 13.706 0.006
3722.61147 13.699 0.006
3725.70837 13.695 0.006
3728.61185 13.692 0.006
3731.68308 13.681 0.006
3734.67599 13.664 0.006
3736.66402 13.659 0.006
3738.61712 13.652 0.006
3740.58737 13.635 0.006
3743.58475 13.614 0.006
3746.58607 13.619 0.006
3748.61293 13.611 0.006
3750.58734 13.610 0.006
3752.60261 13.599 0.006
3754.64074 13.608 0.006
3756.74078 13.601 0.006
3758.66494 13.609 0.006
3761.71225 13.622 0.006
3765.57779 13.626 0.006
3769.68761 13.644 0.006
3772.65569 13.666 0.006
3775.62696 13.686 0.006
3778.62595 13.705 0.006
3785.60957 13.762 0.006
3790.57829 13.798 0.006
3797.55850 13.840 0.006
3804.55452 13.880 0.006
3817.52142 13.927 0.006
3936.94182 13.822 0.006
3961.86519 13.827 0.006
3968.84797 13.797 0.006
3981.74117 13.788 0.006
3987.85961 13.779 0.006
3995.77195 13.786 0.006
3999.80491 13.781 0.006
4004.79333 13.779 0.006
4007.72590 13.777 0.006
4009.87766 13.782 0.006
4016.83698 13.763 0.006
4023.74032 13.736 0.006
4025.87921 13.726 0.006
4028.78931 13.719 0.006
4030.86660 13.708 0.006
4037.76024 13.680 0.006
4040.75597 13.668 0.006
4042.77138 13.649 0.006
4046.64613 13.653 0.006
4048.73465 13.653 0.006
4051.72356 13.648 0.006
4053.77659 13.635 0.006
4055.72642 13.656 0.006
4057.70533 13.648 0.006
4060.64462 13.638 0.006
4065.69212 13.665 0.006
4067.62817 13.667 0.006
4069.61853 13.671 0.006
4072.65580 13.673 0.006
4077.68810 13.704 0.006
4080.67189 13.725 0.006
4084.70182 13.745 0.006
4087.72871 13.764 0.006
4092.78453 13.764 0.006
4100.84092 13.817 0.006
4104.74478 13.831 0.006
4107.71741 13.841 0.006
4117.64551 13.857 0.006
4122.63726 13.859 0.006
4124.61239 13.847 0.006
4126.68204 13.863 0.006
4131.53497 13.937 0.006
4149.62670 13.883 0.006
4153.56743 13.887 0.006
4164.54547 13.855 0.006
4177.50283 13.839 0.006
4193.50831 13.849 0.006
4345.86150 13.825 0.006
4350.82340 13.802 0.006
4350.85733 13.796 0.006
4355.84361 13.806 0.006
4361.80440 13.772 0.006
4364.78884 13.763 0.006
4366.81011 13.772 0.006
4370.75662 13.760 0.006
4373.75657 13.762 0.006
4376.79574 13.772 0.006
4379.80130 13.762 0.006
4383.80642 13.774 0.006
4388.74614 13.782 0.006
4392.77128 13.794 0.006
4397.78174 13.800 0.006
4402.85722 13.811 0.006
4410.81612 13.852 0.006
4416.83959 13.882 0.006
4420.85650 13.887 0.006
4425.69617 13.931 0.006
4431.75450 13.944 0.006
4435.78877 13.947 0.006
4439.67670 13.990 0.006
4441.85362 13.987 0.006
4448.70304 14.002 0.006
4450.71341 14.008 0.006
4453.68990 14.008 0.006
4457.65950 14.014 0.006
4459.63876 14.022 0.006
4464.63696 14.029 0.006
4467.64730 14.038 0.006
4471.63607 14.011 0.006
4474.69026 14.008 0.006
4478.70394 13.998 0.006
4481.73304 13.976 0.006
4484.64661 13.958 0.006
4487.70939 13.939 0.006
4490.70493 13.924 0.006
4494.63415 13.906 0.006
4499.56588 13.911 0.006
4502.61222 13.877 0.006
4507.61174 13.861 0.006
4509.60567 13.867 0.006
4520.57912 13.870 0.006
4523.51051 13.866 0.006
4530.50598 13.846 0.006
4533.52769 13.879 0.006
4537.52340 13.847 0.006
4540.54710 13.848 0.006
4544.49297 13.840 0.006
4547.58850 13.839 0.006
4558.53875 13.858 0.006
4564.48462 13.854 0.006
4570.52630 13.864 0.006
4583.46227 13.872 0.006
4598.46659 13.896 0.006
4672.92794 13.866 0.006
4675.93051 13.864 0.006
4677.91100 13.846 0.006
4691.83155 13.827 0.006
4703.89716 13.832 0.006
4704.86230 13.850 0.006
4716.85231 13.832 0.006
4722.79017 13.850 0.006
4726.78881 13.870 0.006
4731.83281 13.866 0.006
4747.78160 13.877 0.006
4750.85518 13.879 0.006
4755.86551 13.869 0.006
4759.79981 13.883 0.006
4762.75964 13.891 0.006
4768.73770 13.896 0.006
4771.77954 13.888 0.006
4774.73156 13.906 0.006
4776.81335 13.907 0.006
4779.85019 13.897 0.006
4783.71629 13.896 0.006
4787.85727 13.886 0.006
4790.82622 13.889 0.006
4793.72948 13.885 0.006
4795.74382 13.885 0.006
4799.70518 13.891 0.006
4802.71292 13.873 0.006
4805.68182 13.853 0.006
4807.69512 13.861 0.006
4810.69355 13.848 0.006
4813.68037 13.848 0.006
4815.68511 13.848 0.006
4817.69116 13.847 0.006
4819.68360 13.841 0.006
4821.74778 13.840 0.006
4825.73607 13.842 0.006
4831.78089 13.829 0.006
4834.71122 13.845 0.006
4836.71366 13.840 0.006
4840.64170 13.848 0.006
4842.63965 13.845 0.006
4844.63824 13.838 0.006
4847.70568 13.850 0.006
4849.69834 13.846 0.006
4851.71071 13.863 0.006
4853.70337 13.851 0.006
4855.69090 13.849 0.006
4863.62288 13.858 0.006
4866.63597 13.850 0.006
4871.61790 13.836 0.006
4873.61322 13.855 0.006
4875.54683 13.864 0.006
4875.62914 13.858 0.006
4877.51880 13.860 0.006
4878.57413 13.892 0.006
4881.57012 13.879 0.006
4882.62866 13.895 0.006
4884.56304 13.891 0.006
4887.59994 13.886 0.006
4899.64298 13.946 0.006
4900.52067 13.935 0.006
4905.54534 13.941 0.006
4915.52510 13.972 0.006
4919.51294 13.992 0.006
4925.52272 13.997 0.006
4929.49646 14.026 0.006
4933.52146 13.997 0.006
4936.49571 14.015 0.006
4940.51058 14.018 0.006
4945.50426 14.013 0.006
4951.48392 14.012 0.006
