2183.87105 13.999 0.006
2189.81734 14.016 0.006
2191.84658 14.031 0.006
2200.85280 14.038 0.006
2211.82584 14.056 0.006
2217.75270 14.063 0.006
2223.77264 14.078 0.006
2226.74779 14.082 0.006
2228.79141 14.079 0.006
2232.72493 14.072 0.006
2234.71812 14.070 0.006
2238.66943 14.083 0.006
2240.79780 14.073 0.006
2242.80434 14.067 0.006
2244.85037 14.060 0.006
2249.72271 14.080 0.006
2251.81759 14.059 0.006
2253.71408 14.085 0.006
2256.72138 14.068 0.006
2258.82925 14.054 0.006
2261.62742 14.072 0.006
2265.67141 14.054 0.006
2271.64782 14.046 0.006
2273.80091 14.042 0.006
2275.73878 14.038 0.006
2277.74234 14.033 0.006
2279.75327 14.024 0.006
2281.74049 14.022 0.006
2283.76877 14.014 0.006
2289.69253 14.020 0.006
2291.70137 14.006 0.006
2293.67729 14.002 0.006
2295.69682 13.996 0.006
2297.69496 13.980 0.006
2299.68773 13.981 0.006
2301.65712 13.978 0.006
2303.65400 13.977 0.006
2317.57771 13.985 0.006
2322.62430 14.004 0.006
2326.53367 14.013 0.006
2331.56422 14.022 0.006
2337.58304 14.033 0.006
2366.51824 14.112 0.006
2397.51348 14.063 0.006
2520.89094 14.122 0.006
2542.79233 14.121 0.006
2544.83721 14.115 0.006
2551.83728 14.111 0.006
2555.86135 14.114 0.006
2559.74896 14.113 0.006
2563.82032 14.109 0.006
2571.87435 14.089 0.006
2577.81148 14.106 0.006
2580.84063 14.111 0.006
2589.74139 14.093 0.006
2594.76068 14.096 0.006
2599.80209 14.090 0.006
2607.75928 14.099 0.006
2613.68361 14.087 0.006
2617.77426 14.096 0.006
2620.71356 14.091 0.006
2623.68820 14.116 0.006
2626.66734 14.112 0.006
2628.83278 14.103 0.006
2631.63359 14.104 0.006
2634.65420 14.103 0.006
2637.68037 14.101 0.006
2640.72897 14.106 0.006
2642.69165 14.093 0.006
2644.69001 14.093 0.006
2650.67360 14.084 0.006
2652.65843 14.084 0.006
2655.64936 14.083 0.006
2657.71113 14.081 0.006
2659.73557 14.080 0.006
2661.78333 14.075 0.006
2663.71832 14.094 0.006
2665.75334 14.079 0.006
2667.77348 14.066 0.006
2671.66905 14.070 0.006
2675.68956 14.070 0.006
2677.69241 14.073 0.006
2679.71478 14.062 0.006
2681.70401 14.057 0.006
2685.65055 14.054 0.006
2690.60446 14.049 0.006
2695.54224 14.037 0.006
2699.59456 14.021 0.006
2705.57063 14.017 0.006
2712.53301 14.024 0.006
2733.50305 14.081 0.006
2870.91432 14.059 0.006
2883.91379 14.104 0.006
2888.89484 14.098 0.006
2894.82989 14.102 0.006
2899.83072 14.102 0.006
2905.82003 14.116 0.006
2910.84991 14.125 0.006
2915.84577 14.128 0.006
2921.84813 14.135 0.006
2925.79149 14.135 0.006
2929.82853 14.149 0.006
2933.77536 14.135 0.006
2939.78122 14.140 0.006
2942.75929 14.124 0.006
2946.77972 14.118 0.006
2949.76339 14.106 0.006
2952.75662 14.090 0.006
2955.82095 14.073 0.006
2957.74859 14.054 0.006
2961.73124 14.038 0.006
2963.79034 14.025 0.006
2966.72968 14.008 0.006
2973.84446 13.951 0.006
2975.77994 13.968 0.006
2977.76784 13.940 0.006
2977.79386 13.938 0.006
2979.81978 13.925 0.006
2983.72750 13.920 0.006
2986.71007 13.909 0.006
2988.67729 13.901 0.006
2990.75350 13.891 0.006
2992.69383 13.895 0.006
2994.78882 13.884 0.006
2996.66486 13.901 0.006
2998.64768 13.900 0.006
3000.66444 13.905 0.006
3002.65020 13.904 0.006
3004.65199 13.903 0.006
3006.70154 13.906 0.006
3008.66075 13.921 0.006
3010.67240 13.912 0.006
3012.76780 13.927 0.006
3016.68664 13.939 0.006
3018.67163 13.960 0.006
3022.77837 13.956 0.006
3024.72668 13.969 0.006
3026.69573 13.981 0.006
3028.73154 13.981 0.006
3030.73656 13.995 0.006
3033.65863 14.011 0.006
3035.66482 14.018 0.006
3038.64841 14.046 0.006
3040.67374 14.055 0.006
3042.60877 14.061 0.006
3044.55085 14.105 0.006
3046.56663 14.077 0.006
3048.54381 14.100 0.006
3050.54496 14.112 0.006
3052.53930 14.120 0.006
3054.54074 14.134 0.006
3056.54000 14.136 0.006
3057.58644 14.128 0.006
3058.53294 14.141 0.006
3060.55271 14.139 0.006
3062.54640 14.138 0.006
3067.58931 14.149 0.006
3069.57445 14.132 0.006
3072.62132 14.143 0.006
3075.57630 14.132 0.006
3077.65975 14.133 0.006
3081.65170 14.114 0.006
3084.56008 14.106 0.006
3087.52385 14.106 0.006
3089.58118 14.093 0.006
3092.56652 14.098 0.006
3102.50707 14.088 0.006
3105.54588 14.077 0.006
3108.52424 14.069 0.006
3111.50226 14.057 0.006
3114.49368 14.053 0.006
3125.49089 14.046 0.006
3134.49127 14.035 0.006
3229.92229 13.960 0.006
3247.85568 13.932 0.006
3262.90267 13.892 0.006
3268.82423 13.869 0.006
3273.78330 13.857 0.006
3276.82889 13.867 0.006
3281.77895 13.871 0.006
3289.79251 13.908 0.006
3294.79006 13.920 0.006
3296.79576 13.958 0.006
3298.82637 13.969 0.006
3300.88222 13.969 0.006
3303.79821 14.006 0.006
3306.79083 14.009 0.006
3308.80754 14.022 0.006
3310.83989 14.049 0.006
3314.77252 14.048 0.006
3321.68190 14.098 0.006
3325.74368 14.082 0.006
3329.77826 14.083 0.006
3334.67360 14.104 0.006
3338.72624 14.119 0.006
3349.70338 14.139 0.006
3352.67013 14.147 0.006
3355.69142 14.142 0.006
3359.69657 14.119 0.006
3369.69652 14.116 0.006
3377.68288 14.099 0.006
3381.78842 14.082 0.006
3389.67796 14.080 0.006
3394.72361 14.059 0.006
3396.60299 14.079 0.006
3399.64041 14.053 0.006
3402.63884 14.055 0.006
3404.56695 14.055 0.006
3409.54605 14.042 0.006
3414.54137 14.032 0.006
3421.59004 14.002 0.006
3429.52077 13.988 0.006
3434.61372 13.955 0.006
3444.54623 13.894 0.006
3452.50771 13.864 0.006
3585.92445 13.959 0.006
3592.91730 13.987 0.006
3617.86546 14.030 0.006
3629.77584 14.032 0.006
3633.83127 14.044 0.006
3638.77658 14.042 0.006
3641.81498 14.044 0.006
3646.89424 14.054 0.006
3653.81291 14.080 0.006
3656.86874 14.054 0.006
3660.75461 14.061 0.006
3665.80411 14.062 0.006
3671.76994 14.056 0.006
3675.78501 14.072 0.006
3683.80803 14.049 0.006
3686.85572 14.037 0.006
3689.77361 14.033 0.006
3692.69400 14.032 0.006
3695.77331 13.987 0.006
3698.72561 14.011 0.006
3700.75487 13.965 0.006
3702.84250 14.002 0.006
3705.74933 13.986 0.006
3707.74620 13.990 0.006
3712.82894 13.956 0.006
3715.64660 13.940 0.006
3718.67918 13.930 0.006
3722.63262 13.901 0.006
3725.72948 13.899 0.006
3728.63299 13.894 0.006
3731.70421 13.873 0.006
3734.69711 13.857 0.006
3736.68515 13.847 0.006
3738.63823 13.839 0.006
3740.60977 13.826 0.006
3743.60596 13.841 0.006
3746.60720 13.830 0.006
3748.63551 13.813 0.006
3750.60852 13.820 0.006
3752.62393 13.823 0.006
3754.66200 13.822 0.006
3756.76205 13.805 0.006
3758.68731 13.826 0.006
3761.73351 13.802 0.006
3765.60033 13.805 0.006
3769.70892 13.809 0.006
3772.67699 13.813 0.006
3775.64833 13.817 0.006
3778.64734 13.827 0.006
3781.69306 13.840 0.006
3785.63095 13.847 0.006
3790.59968 13.874 0.006
3797.57996 13.900 0.006
3805.51258 13.923 0.006
3818.52526 13.931 0.006
3937.92789 13.940 0.006
3961.88655 13.985 0.006
3968.86930 14.010 0.006
3974.84285 14.030 0.006
3981.76241 14.035 0.006
3987.88636 14.016 0.006
3995.79317 14.002 0.006
3999.82605 13.985 0.006
4004.81449 13.975 0.006
4007.74706 13.983 0.006
4016.85804 13.977 0.006
4023.76136 13.963 0.006
4026.67446 13.950 0.006
4028.81031 13.967 0.006
4031.70115 13.961 0.006
4037.78115 13.970 0.006
4040.77693 13.976 0.006
4042.79231 13.983 0.006
4046.66711 13.971 0.006
4048.75564 13.998 0.006
4051.74617 13.981 0.006
4053.79751 13.988 0.006
4057.72615 13.977 0.006
4060.66547 13.963 0.006
4065.71303 13.978 0.006
4067.65139 13.964 0.006
4069.63940 13.982 0.006
4072.67668 13.981 0.006
4077.70899 14.003 0.006
4080.69277 14.018 0.006
4084.72268 14.007 0.006
4087.74955 14.033 0.006
4092.80537 14.056 0.006
4100.86184 14.080 0.006
4104.76567 14.107 0.006
4107.73834 14.125 0.006
4117.66645 14.161 0.006
4122.65818 14.186 0.006
4124.66983 14.202 0.006
4126.70810 14.192 0.006
4131.55595 14.182 0.006
4149.64793 14.241 0.006
4153.58864 14.231 0.006
4164.57005 14.220 0.006
4178.53686 14.190 0.006
4345.88282 14.119 0.006
4350.89348 14.137 0.006
4355.86489 14.156 0.006
4361.82562 14.172 0.006
4364.81004 14.185 0.006
4366.83248 14.192 0.006
4370.77779 14.176 0.006
4373.77771 14.175 0.006
4376.81684 14.188 0.006
4379.82242 14.193 0.006
4383.82748 14.187 0.006
4388.76716 14.197 0.006
4392.79227 14.188 0.006
4397.80278 14.193 0.006
4402.87821 14.201 0.006
4410.83705 14.185 0.006
4416.86053 14.196 0.006
4425.71709 14.211 0.006
4431.77540 14.211 0.006
4435.84371 14.211 0.006
4439.69761 14.212 0.006
4442.76520 14.208 0.006
4448.72391 14.199 0.006
4450.73428 14.198 0.006
4453.71080 14.186 0.006
4457.68040 14.160 0.006
4459.65968 14.167 0.006
4464.65782 14.145 0.006
4467.66827 14.138 0.006
4471.65701 14.126 0.006
4474.71116 14.126 0.006
4478.72488 14.121 0.006
4481.75400 14.108 0.006
4484.66757 14.108 0.006
4487.73036 14.099 0.006
4491.70954 14.086 0.006
4494.65520 14.091 0.006
4499.59983 14.095 0.006
4502.63194 14.091 0.006
4507.63149 14.104 0.006
4509.62542 14.095 0.006
4520.60029 14.116 0.006
4523.53167 14.107 0.006
4530.52719 14.098 0.006
4533.54890 14.095 0.006
4537.54464 14.081 0.006
4540.56837 14.076 0.006
4544.51989 14.067 0.006
4547.60985 14.072 0.006
4564.56155 14.061 0.006
4570.54774 14.082 0.006
4588.46766 14.106 0.006
4677.93251 14.101 0.006
4691.85298 14.088 0.006
4703.91856 14.054 0.006
4704.88362 14.068 0.006
4717.84076 14.037 0.006
4722.81139 14.043 0.006
4726.81002 14.045 0.006
4731.85400 14.048 0.006
4747.80266 14.030 0.006
4750.87628 14.029 0.006
4755.88651 14.019 0.006
4759.82086 13.996 0.006
4762.78059 13.983 0.006
4768.75866 13.961 0.006
4771.80052 13.953 0.006
4774.75254 13.924 0.006
4776.83431 13.931 0.006
4779.87110 13.906 0.006
4783.73727 13.892 0.006
4788.67196 13.884 0.006
4790.84716 13.876 0.006
4793.75041 13.879 0.006
4795.76465 13.880 0.006
4799.72609 13.865 0.006
4802.73378 13.871 0.006
4805.70276 13.875 0.006
4807.71603 13.872 0.006
4810.71442 13.877 0.006
4813.70128 13.885 0.006
4815.70602 13.889 0.006
4817.71207 13.885 0.006
4819.70447 13.889 0.006
4821.76870 13.889 0.006
4825.75695 13.909 0.006
4831.80177 13.926 0.006
4834.73213 13.930 0.006
4836.73462 13.935 0.006
4840.66265 13.962 0.006
4842.66058 13.956 0.006
4844.65989 13.968 0.006
4847.72665 13.974 0.006
4849.71923 13.979 0.006
4851.79239 13.970 0.006
4853.72436 13.987 0.006
4855.71183 14.000 0.006
4863.64391 14.018 0.006
4866.65698 14.005 0.006
4869.60872 14.026 0.006
4871.63901 14.032 0.006
4873.63424 14.027 0.006
4875.56795 14.038 0.006
4875.65028 14.030 0.006
4878.59526 14.034 0.006
4884.58418 14.039 0.006
4887.62107 14.045 0.006
4900.54188 14.028 0.006
4905.56662 14.030 0.006
4919.53429 13.999 0.006
4925.54276 13.986 0.006
4929.51654 13.977 0.006
4933.54155 13.958 0.006
4936.51587 13.950 0.006
4940.53071 13.940 0.006
4945.52443 13.944 0.006
4951.50414 13.944 0.006
