 726.81660 13.954 0.005
 728.88042 13.956 0.005
 739.85040 13.971 0.005
 744.75873 13.968 0.005
 745.84335 13.965 0.005
 746.82923 13.964 0.005
 747.72466 13.966 0.005
 748.67670 13.965 0.005
 750.78963 13.965 0.005
 751.79041 13.960 0.005
 752.84823 13.954 0.005
 754.79449 13.955 0.005
 755.77244 13.949 0.005
 759.69831 13.926 0.005
 761.77951 13.924 0.005
 766.82920 13.888 0.005
 773.78475 13.858 0.005
 776.80994 13.850 0.005
 778.83935 13.840 0.005
 780.77030 13.833 0.005
 782.79894 13.828 0.005
 788.82636 13.815 0.005
 792.73640 13.797 0.005
 795.82172 13.791 0.005
 798.74601 13.797 0.005
 817.74425 13.809 0.005
 819.82090 13.791 0.005
 824.69158 13.806 0.005
 826.78423 13.815 0.005
 827.68100 13.808 0.005
 828.74065 13.805 0.005
 829.68826 13.807 0.005
 830.74638 13.803 0.005
 831.58362 13.820 0.005
 832.56625 13.810 0.005
 832.75325 13.806 0.005
 833.57281 13.811 0.005
 834.70746 13.811 0.005
 835.79455 13.811 0.005
 837.65645 13.813 0.005
 839.65487 13.822 0.005
 841.74389 13.818 0.005
 842.73385 13.814 0.005
 844.58874 13.827 0.005
 846.76068 13.827 0.005
 850.75150 13.834 0.005
 854.76871 13.845 0.005
 855.69840 13.877 0.005
 856.66039 13.854 0.005
 857.71906 13.863 0.005
 858.68223 13.864 0.005
 859.74896 13.862 0.005
 860.64191 13.863 0.005
 865.55921 13.885 0.005
 867.61432 13.889 0.005
 874.67798 13.905 0.005
 876.59404 13.903 0.005
 876.69651 13.912 0.005
 878.68407 13.917 0.005
 880.61837 13.921 0.005
 885.57748 13.952 0.005
 887.66259 13.930 0.005
 890.68621 13.942 0.005
 892.53298 13.948 0.005
 893.69921 13.946 0.005
 896.50093 13.941 0.005
 900.55440 13.946 0.005
 919.55629 13.932 0.005
 925.50937 13.931 0.005
 931.56738 13.913 0.005
 934.51618 13.907 0.005
 950.50940 13.861 0.005
 951.50290 13.859 0.005
1072.89252 13.847 0.005
1079.80091 13.832 0.005
1080.80449 13.823 0.005
1083.81503 13.827 0.005
1084.81048 13.820 0.005
1086.83850 13.824 0.005
1090.76617 13.811 0.005
1091.87397 13.817 0.005
1092.81656 13.810 0.005
1093.82862 13.809 0.005
1106.75754 13.785 0.005
1108.77854 13.778 0.005
1114.78797 13.783 0.005
1119.83121 13.799 0.005
1120.73575 13.785 0.005
1126.75555 13.792 0.005
1129.81985 13.792 0.005
1131.82580 13.796 0.005
1132.81539 13.801 0.005
1137.79756 13.812 0.005
1138.83887 13.810 0.005
1142.76554 13.799 0.005
1152.72315 13.824 0.005
1154.73867 13.826 0.005
1155.69490 13.825 0.005
1157.74878 13.829 0.005
1159.75447 13.837 0.005
1161.81847 13.835 0.005
1163.82036 13.845 0.005
1164.83527 13.846 0.005
1166.75275 13.856 0.005
1167.77897 13.854 0.005
1168.76161 13.859 0.005
1171.73051 13.868 0.005
1175.72787 13.888 0.005
1179.77726 13.899 0.005
1181.74075 13.913 0.005
1183.82565 13.921 0.005
1185.82302 13.931 0.005
1187.77833 13.937 0.005
1189.71477 13.943 0.005
1191.75346 13.952 0.005
1192.81225 13.952 0.005
1193.80416 13.954 0.005
1194.67980 13.959 0.005
1201.76830 13.962 0.005
1202.76241 13.962 0.005
1204.68401 13.946 0.005
1206.78419 13.948 0.005
1207.69442 13.936 0.005
1211.67093 13.920 0.005
1213.63436 13.904 0.005
1214.71311 13.889 0.005
1215.53920 13.889 0.005
1216.60727 13.879 0.005
1217.67489 13.880 0.005
1219.61212 13.853 0.005
1221.58275 13.843 0.005
1223.67290 13.822 0.005
1224.55257 13.821 0.005
1226.56083 13.803 0.005
1227.56789 13.798 0.005
1232.65748 13.766 0.005
1235.55864 13.750 0.005
1237.54257 13.758 0.005
1238.64459 13.734 0.005
1241.54481 13.725 0.005
1242.61581 13.720 0.005
1243.56192 13.718 0.005
1245.53048 13.713 0.005
1247.66485 13.696 0.005
1248.63258 13.709 0.005
1251.58714 13.708 0.005
1254.54100 13.698 0.005
1255.57401 13.702 0.005
1257.60566 13.696 0.005
1260.59172 13.694 0.005
1264.58214 13.693 0.005
1266.58387 13.704 0.005
1267.59999 13.708 0.005
1274.58303 13.734 0.005
1275.52240 13.735 0.005
1278.50504 13.756 0.005
1281.51310 13.770 0.005
1290.48284 13.793 0.005
1296.57370 13.803 0.005
1300.51982 13.819 0.005
1305.49825 13.824 0.005
1308.52924 13.826 0.005
1315.48845 13.832 0.005
1318.47114 13.843 0.005
1329.45677 13.855 0.005
1331.47577 13.862 0.005
1431.81912 13.814 0.005
1433.81569 13.821 0.005
1435.86358 13.835 0.005
1437.85631 13.834 0.005
1440.89527 13.851 0.005
1443.78660 13.861 0.005
1447.76035 13.878 0.005
1448.85112 13.888 0.005
1453.77115 13.928 0.005
1454.88716 13.930 0.005
1455.76929 13.937 0.005
1458.75527 13.931 0.005
1459.87682 13.941 0.005
1460.75744 13.936 0.005
1461.72317 13.942 0.005
1471.73363 13.969 0.005
1475.82805 13.962 0.005
1478.75277 13.968 0.005
1481.81497 13.970 0.005
1484.81928 13.974 0.005
1487.81208 13.975 0.005
1488.86013 13.967 0.005
1491.75082 13.987 0.005
1493.69273 13.975 0.005
1495.73616 13.971 0.005
1498.65733 13.975 0.005
1500.79787 13.969 0.005
1503.68816 13.968 0.005
1505.79500 13.952 0.005
1507.69100 13.950 0.005
1508.80764 13.942 0.005
1509.66914 13.939 0.005
1510.63466 13.933 0.005
1511.71732 13.933 0.005
1512.75133 13.926 0.005
1514.76580 13.906 0.005
1516.81159 13.898 0.005
1517.84350 13.893 0.005
1518.68343 13.895 0.005
1520.70874 13.880 0.005
1522.70943 13.875 0.005
1523.70961 13.876 0.005
1525.68555 13.867 0.005
1527.75088 13.857 0.005
1528.67681 13.853 0.005
1529.80227 13.848 0.005
1531.69420 13.847 0.005
1538.65134 13.837 0.005
1541.60716 13.850 0.005
1542.76151 13.845 0.005
1544.66384 13.847 0.005
1546.67306 13.846 0.005
1546.68852 13.853 0.005
1547.69011 13.850 0.005
1548.66728 13.850 0.005
1551.69663 13.857 0.005
1552.62957 13.859 0.005
1553.65328 13.859 0.005
1554.63189 13.859 0.005
1555.65632 13.861 0.005
1556.63048 13.868 0.005
1560.62222 13.873 0.005
1564.54134 13.891 0.005
1568.61805 13.905 0.005
1571.62770 13.914 0.005
1575.64209 13.932 0.005
1578.68240 13.943 0.005
1580.69319 13.944 0.005
1582.62770 13.947 0.005
1585.61849 13.958 0.005
1588.62172 13.964 0.005
1591.58556 14.020 0.005
1595.57880 13.984 0.005
1599.64481 13.982 0.005
1600.59771 13.997 0.005
1601.60483 14.008 0.005
1602.67130 13.991 0.005
1604.60289 13.991 0.005
1606.55986 14.000 0.005
1609.51608 14.001 0.005
1610.53098 13.999 0.005
1611.59112 13.990 0.005
1613.57146 13.980 0.005
1614.64253 13.990 0.005
1616.50016 13.982 0.005
1618.64569 13.982 0.005
1619.53941 14.008 0.005
1621.53556 13.985 0.005
1623.63273 13.984 0.005
1625.61378 13.987 0.005
1627.58403 13.978 0.005
1628.52392 13.985 0.005
1630.49562 14.012 0.005
1631.49341 13.984 0.005
1633.60884 13.979 0.005
1635.49185 13.989 0.005
1643.56785 14.001 0.005
1644.49485 13.991 0.005
1645.50094 13.994 0.005
1653.48625 14.008 0.005
1655.53022 14.012 0.005
1657.53967 14.022 0.005
1660.51454 14.008 0.005
1662.52188 14.005 0.005
1664.54495 14.000 0.005
1669.51487 13.997 0.005
1672.48753 13.992 0.005
1687.48521 13.976 0.005
1695.47057 13.967 0.005
1766.86332 14.002 0.005
1768.84897 14.005 0.005
1773.90732 14.005 0.005
1782.83854 14.013 0.005
1788.84695 14.002 0.005
1804.84222 13.967 0.005
1811.86278 13.946 0.005
1815.83895 13.937 0.005
1818.88126 13.932 0.005
1822.72065 13.920 0.005
1829.86991 13.901 0.005
1844.77774 13.876 0.005
1850.75910 13.878 0.005
1854.81613 13.874 0.005
1858.76321 13.878 0.005
1860.80558 13.873 0.005
1863.77869 13.871 0.005
1866.72940 13.878 0.005
1868.71049 13.890 0.005
1870.83154 13.889 0.005
1872.84735 13.893 0.005
1874.75229 13.891 0.005
2166.85603 13.985 0.005
2183.89928 14.036 0.005
2189.86169 14.036 0.005
2192.76512 14.039 0.005
2201.77532 14.035 0.005
2212.80960 14.018 0.005
2217.79400 14.015 0.005
2223.81457 14.009 0.005
2226.78894 14.006 0.005
2228.83237 14.004 0.005
2232.76604 13.997 0.005
2234.75998 13.988 0.005
2238.71065 13.973 0.005
2240.83957 13.970 0.005
2242.84532 13.960 0.005
2248.72657 13.936 0.005
2251.75620 13.924 0.005
2253.77380 13.921 0.005
2255.70212 13.913 0.005
2258.70157 13.898 0.005
2269.78308 13.860 0.005
2271.73138 13.852 0.005
2273.82172 13.851 0.005
2275.79519 13.848 0.005
2277.79798 13.848 0.005
2279.79480 13.835 0.005
2281.75763 13.838 0.005
2283.81483 13.831 0.005
2289.75169 13.826 0.005
2291.75780 13.822 0.005
2293.72615 13.825 0.005
2295.74721 13.819 0.005
2297.73813 13.817 0.005
2299.77055 13.814 0.005
2303.67136 13.816 0.005
2326.58006 13.811 0.005
2332.52346 13.812 0.005
2338.54603 13.809 0.005
2355.51150 13.824 0.005
2387.50181 13.893 0.005
2524.86659 13.840 0.005
2542.83342 13.792 0.005
2544.89157 13.794 0.005
2551.88179 13.789 0.005
2559.81971 13.805 0.005
2563.86494 13.811 0.005
2577.85446 13.867 0.005
2583.75090 13.884 0.005
2589.79143 13.916 0.005
2594.80826 13.928 0.005
2599.86307 13.943 0.005
2609.66930 13.944 0.005
2611.67318 13.951 0.005
2617.81982 13.943 0.005
2620.78884 13.945 0.005
2623.76207 13.944 0.005
2626.68715 13.945 0.005
2627.62896 13.942 0.005
2628.85428 13.946 0.005
2630.84300 13.950 0.005
2632.63371 13.950 0.005
2635.62855 13.949 0.005
2637.76871 13.947 0.005
2639.78496 13.953 0.005
2641.65923 13.943 0.005
2643.67113 13.948 0.005
2645.66274 13.949 0.005
2647.58948 13.948 0.005
2651.65775 13.937 0.005
2653.68248 13.941 0.005
2655.66680 13.944 0.005
2657.80052 13.937 0.005
2659.66856 13.943 0.005
2661.69244 13.932 0.005
2665.79432 13.929 0.005
2671.80025 13.916 0.005
2675.73071 13.926 0.005
2677.76561 13.914 0.005
2679.75614 13.917 0.005
2686.60786 13.904 0.005
2691.53462 13.892 0.005
2695.59196 13.886 0.005
2700.54296 13.884 0.005
2713.52806 13.878 0.005
2841.93229 13.882 0.005
2868.89484 13.975 0.005
2890.83797 13.919 0.005
2895.87369 13.903 0.005
2900.82936 13.897 0.005
2906.86035 13.894 0.005
2910.89370 13.887 0.005
2915.89384 13.889 0.005
2922.77399 13.879 0.005
2925.86239 13.875 0.005
2930.77496 13.862 0.005
2933.81939 13.852 0.005
2939.82779 13.834 0.005
2941.84585 13.828 0.005
2943.72065 13.821 0.005
2946.82369 13.805 0.005
2948.81400 13.797 0.005
2952.81004 13.797 0.005
2956.65345 13.793 0.005
2958.68024 13.799 0.005
2962.69116 13.796 0.005
2965.70820 13.800 0.005
2967.80754 13.805 0.005
2970.77316 13.809 0.005
2974.71272 13.828 0.005
2976.74657 13.830 0.005
2978.64111 13.833 0.005
2980.66754 13.842 0.005
2982.62670 13.835 0.005
2984.66783 13.850 0.005
2986.75567 13.841 0.005
2988.72364 13.840 0.005
2990.65706 13.842 0.005
2992.74668 13.841 0.005
2994.65446 13.841 0.005
2996.74478 13.843 0.005
2998.69950 13.844 0.005
2999.79153 13.838 0.005
3001.67025 13.836 0.005
3003.66591 13.837 0.005
3005.62290 13.832 0.005
3007.74138 13.838 0.005
3009.67720 13.832 0.005
3011.62277 13.838 0.005
3013.65343 13.827 0.005
3017.62873 13.837 0.005
3018.72056 13.828 0.005
3020.79577 13.839 0.005
3022.82226 13.852 0.005
3024.77083 13.850 0.005
3026.76814 13.861 0.005
3028.77561 13.866 0.005
3030.78048 13.871 0.005
3033.70778 13.881 0.005
3035.71407 13.881 0.005
3038.69244 13.870 0.005
3040.69207 13.879 0.005
3042.63561 13.873 0.005
3044.56952 13.876 0.005
3046.58501 13.875 0.005
3048.56996 13.867 0.005
3050.58882 13.858 0.005
3052.58585 13.849 0.005
3054.58670 13.838 0.005
3056.58389 13.834 0.005
3058.57764 13.833 0.005
3060.59812 13.826 0.005
3064.60266 13.817 0.005
3067.65963 13.807 0.005
3069.61973 13.800 0.005
3073.53451 13.817 0.005
3075.62386 13.804 0.005
3078.54370 13.804 0.005
3082.53269 13.796 0.005
3084.60863 13.809 0.005
3087.57091 13.813 0.005
3090.52586 13.829 0.005
3093.50719 13.840 0.005
3098.61612 13.847 0.005
3101.57380 13.875 0.005
3104.54703 13.881 0.005
3111.52055 13.927 0.005
3114.51449 13.929 0.005
3115.53883 13.945 0.005
3126.47895 13.991 0.005
3144.49424 14.063 0.005
3224.89441 13.945 0.005
3239.92839 13.917 0.005
3247.89934 13.908 0.005
3256.87762 13.927 0.005
3263.85244 13.947 0.005
3268.86819 13.950 0.005
3273.83980 13.959 0.005
3276.85787 13.967 0.005
3281.82281 13.968 0.005
3289.83626 13.986 0.005
3294.83441 13.990 0.005
3296.83976 13.998 0.005
3298.87030 13.991 0.005
3301.69067 13.989 0.005
3303.85970 13.989 0.005
3306.83430 13.991 0.005
3308.85131 13.992 0.005
3311.66143 13.990 0.005
3320.69457 13.976 0.005
3323.64754 13.964 0.005
3329.82359 13.940 0.005
3334.72342 13.920 0.005
3338.77916 13.911 0.005
3349.79543 13.886 0.005
3351.78025 13.878 0.005
3354.74839 13.873 0.005
3358.63470 13.873 0.005
3361.73051 13.879 0.005
3363.72064 13.872 0.005
3372.69294 13.887 0.005
3377.72913 13.893 0.005
3386.75491 13.933 0.005
3391.60024 13.948 0.005
3395.66433 13.976 0.005
3398.71203 13.995 0.005
3402.65731 14.020 0.005
3404.58514 14.032 0.005
3408.53859 14.041 0.005
3412.58388 14.066 0.005
3414.61543 14.079 0.005
3419.58627 14.095 0.005
3426.52178 14.105 0.005
3433.57297 14.112 0.005
3443.54356 14.117 0.005
3453.50992 14.091 0.005
3575.91504 14.070 0.005
3589.88650 14.107 0.005
3617.88345 14.092 0.005
3629.82294 14.030 0.005
3634.78906 14.011 0.005
3639.89930 13.991 0.005
3641.83294 13.989 0.005
3650.82828 13.969 0.005
3653.85629 13.955 0.005
3657.80679 13.950 0.005
3660.77250 13.945 0.005
3664.80795 13.943 0.005
3668.74426 13.946 0.005
3672.75379 13.945 0.005
3676.85520 13.953 0.005
3684.79940 13.964 0.005
3687.71841 13.970 0.005
3689.81701 13.985 0.005
3692.74143 13.989 0.005
3694.81541 13.992 0.005
3696.69067 14.003 0.005
3699.70289 14.018 0.005
3701.75378 14.029 0.005
3704.72029 14.043 0.005
3706.77450 14.050 0.005
3711.66549 14.063 0.005
3713.67915 14.067 0.005
3716.72821 14.065 0.005
3719.75596 14.062 0.005
3722.81417 14.052 0.005
3726.67840 14.049 0.005
3728.65116 14.037 0.005
3731.75173 14.027 0.005
3733.63789 14.010 0.005
3734.74087 14.013 0.005
3736.75974 14.003 0.005
3737.64838 13.996 0.005
3739.71048 13.987 0.005
3741.81675 13.992 0.005
3743.71464 13.977 0.005
3746.75703 13.958 0.005
3748.70965 13.955 0.005
3750.71584 13.949 0.005
3752.72390 13.938 0.005
3754.74520 13.933 0.005
3755.66495 13.921 0.005
3757.63905 13.920 0.005
3759.60469 13.918 0.005
3762.68957 13.884 0.005
3765.71149 13.879 0.005
3769.75209 13.872 0.005
3772.72040 13.863 0.005
3775.71235 13.858 0.005
3778.69084 13.855 0.005
3782.59896 13.848 0.005
3786.57503 13.852 0.005
3791.57135 13.868 0.005
3798.57104 13.897 0.005
3805.55825 13.927 0.005
3820.50359 13.994 0.005
3944.93718 13.835 0.005
3961.93382 13.852 0.005
3968.91590 13.861 0.005
3974.91186 13.895 0.005
3981.80487 13.927 0.005
3988.88677 13.966 0.005
3995.83979 13.993 0.005
4002.83592 14.005 0.005
4005.78595 14.009 0.005
4007.79015 14.008 0.005
4011.77058 14.012 0.005
4018.75615 14.003 0.005
4023.80965 14.000 0.005
4026.72027 13.993 0.005
4028.85634 13.996 0.005
4031.74407 13.993 0.005
4037.85294 13.972 0.005
4040.82029 13.961 0.005
4042.83507 13.959 0.005
4046.71089 13.938 0.005
4048.79982 13.936 0.005
4052.64272 13.921 0.005
4053.84042 13.925 0.005
4056.68396 13.914 0.005
4059.67118 13.901 0.005
4064.63570 13.894 0.005
4066.61526 13.890 0.005
4069.68265 13.895 0.005
4071.60771 13.889 0.005
4076.67949 13.890 0.005
4079.69607 13.890 0.005
4082.68643 13.897 0.005
4084.76629 13.897 0.005
4087.68574 13.911 0.005
4093.77473 13.921 0.005
4102.66298 13.958 0.005
4104.80976 13.969 0.005
4109.67063 13.980 0.005
4113.68923 13.993 0.005
4119.62746 14.012 0.005
4122.67632 14.024 0.005
4125.72371 14.035 0.005
4129.72315 14.057 0.005
4142.58138 14.067 0.005
4150.55790 14.060 0.005
4154.55284 14.053 0.005
4166.51621 14.005 0.005
4184.50575 13.947 0.005
4340.90636 13.841 0.005
4346.89446 13.854 0.005
4350.91303 13.866 0.005
4357.84665 13.887 0.005
4363.77509 13.886 0.005
4365.79873 13.898 0.005
4369.79431 13.901 0.005
4372.76899 13.908 0.005
4376.85956 13.915 0.005
4379.86611 13.918 0.005
4383.87017 13.927 0.005
4388.86416 13.922 0.005
4393.73804 13.914 0.005
4398.81323 13.913 0.005
4403.75385 13.914 0.005
4411.74903 13.921 0.005
4417.83186 13.940 0.005
4421.74427 13.944 0.005
4425.81749 13.952 0.005
4429.72824 13.963 0.005
4432.76980 13.961 0.005
4436.69631 13.966 0.005
4439.74045 13.968 0.005
4442.71785 13.957 0.005
4448.77353 13.940 0.005
4450.77821 13.937 0.005
4453.75404 13.913 0.005
4456.76737 13.892 0.005
4459.67739 13.880 0.005
4462.67940 13.845 0.005
4465.71963 13.827 0.005
4469.67275 13.804 0.005
4474.67479 13.757 0.005
4478.77756 13.741 0.005
4481.77634 13.728 0.005
4484.68607 13.727 0.005
4487.74844 13.725 0.005
4492.70101 13.720 0.005
4494.73545 13.718 0.005
4499.61693 13.724 0.005
4502.68978 13.720 0.005
4507.64852 13.729 0.005
4509.64579 13.729 0.005
4522.55334 13.812 0.005
4524.56735 13.818 0.005
4530.57253 13.856 0.005
4532.56459 13.872 0.005
4537.56265 13.891 0.005
4540.61139 13.907 0.005
4549.56779 13.943 0.005
4560.50634 13.962 0.005
4567.51790 13.968 0.005
4574.53894 13.955 0.005
4592.47660 13.945 0.005
4681.92998 13.873 0.005
4691.89567 13.908 0.005
4702.90760 13.956 0.005
4719.82313 13.995 0.005
4722.91191 13.992 0.005
4726.89753 13.988 0.005
4731.87386 13.979 0.005
4747.84624 13.915 0.005
4751.89253 13.881 0.005
4756.81659 13.863 0.005
4759.86364 13.848 0.005
4762.82342 13.834 0.005
4768.80136 13.807 0.005
4771.84351 13.793 0.005
4774.85290 13.783 0.005
4777.69031 13.778 0.005
4780.83925 13.773 0.005
4783.80917 13.772 0.005
4788.73856 13.776 0.005
4791.71597 13.783 0.005
4794.72026 13.793 0.005
4797.70169 13.806 0.005
4800.74493 13.821 0.005
4802.77657 13.826 0.005
4804.80070 13.833 0.005
4805.82379 13.833 0.005
4807.77465 13.843 0.005
4810.73259 13.854 0.005
4812.79218 13.879 0.005
4814.68178 13.880 0.005
4816.67859 13.895 0.005
4818.70074 13.901 0.005
4820.70755 13.916 0.005
4823.72117 13.940 0.005
4825.80835 13.950 0.005
4831.85071 13.977 0.005
4832.81094 13.982 0.005
4834.78003 13.979 0.005
4837.68005 13.998 0.005
4839.70857 14.007 0.005
4841.74490 14.011 0.005
4843.74413 14.021 0.005
4846.71007 14.032 0.005
4850.72811 14.045 0.005
4852.72214 14.039 0.005
4855.72956 14.052 0.005
4857.70773 14.058 0.005
4866.67487 14.046 0.005
4868.67294 14.034 0.005
4870.66239 14.032 0.005
4873.69304 14.021 0.005
4875.59007 14.010 0.005
4876.62073 13.998 0.005
4878.64564 13.989 0.005
4882.56491 13.963 0.005
4884.62731 13.962 0.005
4888.54375 13.931 0.005
4900.57538 13.851 0.005
4904.60111 13.827 0.005
4913.57893 13.803 0.005
4918.55556 13.802 0.005
4924.57517 13.784 0.005
4928.56497 13.794 0.005
4930.51620 13.785 0.005
4934.51302 13.783 0.005
4938.50428 13.784 0.005
4942.52085 13.777 0.005
4947.51422 13.789 0.005
