2166.86329 13.416 0.005
2189.86887 13.508 0.005
2192.77176 13.522 0.005
2201.78397 13.568 0.005
2212.81622 13.628 0.005
2217.80061 13.640 0.005
2223.82118 13.657 0.005
2226.79553 13.658 0.005
2228.83896 13.666 0.005
2232.77261 13.654 0.005
2234.76659 13.664 0.005
2238.71724 13.657 0.005
2240.84617 13.655 0.005
2242.85190 13.646 0.005
2248.73316 13.643 0.005
2251.76280 13.639 0.005
2253.78615 13.639 0.005
2255.70870 13.643 0.005
2258.70815 13.630 0.005
2261.68092 13.642 0.005
2269.78967 13.608 0.005
2271.73797 13.604 0.005
2273.82830 13.604 0.005
2275.80177 13.586 0.005
2277.80456 13.580 0.005
2279.80137 13.581 0.005
2281.76424 13.570 0.005
2283.82143 13.548 0.005
2289.75829 13.529 0.005
2291.76442 13.511 0.005
2293.73278 13.503 0.005
2295.75382 13.490 0.005
2297.74475 13.476 0.005
2299.77714 13.456 0.005
2301.68258 13.462 0.005
2303.67797 13.439 0.005
2326.58730 13.308 0.005
2332.53073 13.278 0.005
2338.55327 13.265 0.005
2356.49645 13.208 0.005
2524.87388 13.132 0.005
2537.87554 13.153 0.005
2542.84009 13.144 0.005
2544.89880 13.145 0.005
2551.88899 13.141 0.005
2559.82695 13.128 0.005
2563.87213 13.109 0.005
2577.86106 13.086 0.005
2583.75750 13.072 0.005
2589.79859 13.102 0.005
2596.68698 13.036 0.005
2605.76611 13.026 0.005
2609.67648 13.017 0.005
2611.68021 13.009 0.005
2617.82684 13.004 0.005
2620.79585 13.033 0.005
2623.76906 13.023 0.005
2626.69418 13.010 0.005
2628.86128 13.005 0.005
2630.85004 13.010 0.005
2632.64072 13.030 0.005
2635.63511 13.035 0.005
2637.77530 13.035 0.005
2641.66584 13.047 0.005
2643.67819 13.062 0.005
2645.66932 13.088 0.005
2647.59608 13.066 0.005
2651.66478 13.097 0.005
2653.68909 13.089 0.005
2655.67416 13.114 0.005
2657.80714 13.110 0.005
2659.67892 13.123 0.005
2661.69902 13.126 0.005
2665.80092 13.135 0.005
2671.80688 13.165 0.005
2675.73733 13.228 0.005
2679.76277 13.221 0.005
2682.62180 13.231 0.005
2686.61491 13.257 0.005
2691.56026 13.290 0.005
2695.59910 13.310 0.005
2700.55006 13.349 0.005
2713.53522 13.435 0.005
2841.93953 13.251 0.005
2868.90200 13.116 0.005
2890.84512 13.015 0.005
2895.88080 13.076 0.005
2900.83648 12.980 0.005
2906.86744 12.988 0.005
2910.90078 12.999 0.005
2915.90090 12.994 0.005
2922.78109 12.961 0.005
2925.86947 12.986 0.005
2930.78204 12.944 0.005
2933.82645 13.037 0.005
2939.83483 12.955 0.005
2941.85286 12.980 0.005
2943.72772 12.945 0.005
2946.83074 12.937 0.005
2948.82108 12.954 0.005
2952.81708 12.963 0.005
2956.66048 12.953 0.005
2958.68725 12.941 0.005
2962.69814 12.944 0.005
2965.71520 12.927 0.005
2967.81453 12.925 0.005
2970.78013 12.933 0.005
2974.71975 12.925 0.005
2976.75359 12.919 0.005
2978.64809 12.886 0.005
2980.67455 12.916 0.005
2982.63370 12.912 0.005
2984.67481 12.923 0.005
2986.76267 12.889 0.005
2988.73066 12.883 0.005
2990.66401 12.913 0.005
2992.75368 12.890 0.005
2994.66493 12.884 0.005
2996.75177 12.897 0.005
2998.70652 12.887 0.005
2999.79962 12.883 0.005
3001.67727 12.906 0.005
3003.67289 12.871 0.005
3005.62991 12.869 0.005
3007.74840 12.886 0.005
3009.68419 12.901 0.005
3011.62979 12.855 0.005
3013.66044 12.898 0.005
3017.67163 12.855 0.005
3018.72758 12.858 0.005
3020.80282 12.855 0.005
3022.82931 12.857 0.005
3024.77783 12.869 0.005
3026.77519 12.845 0.005
3028.78724 12.844 0.005
3030.78750 12.850 0.005
3033.71483 12.889 0.005
3035.72110 12.848 0.005
3038.69950 12.834 0.005
3040.69912 12.824 0.005
3044.57657 12.822 0.005
3046.59208 12.815 0.005
3048.57699 12.844 0.005
3050.59586 12.818 0.005
3052.59291 12.794 0.005
3054.59376 12.795 0.005
3056.59098 12.792 0.005
3058.58473 12.782 0.005
3060.60520 12.772 0.005
3064.60975 12.768 0.005
3067.66670 12.779 0.005
3069.62681 12.768 0.005
3073.54162 12.749 0.005
3075.63096 12.776 0.005
3078.55083 12.739 0.005
3082.53982 12.728 0.005
3084.61626 12.747 0.005
3087.57804 12.721 0.005
3090.53406 12.733 0.005
3093.51436 12.726 0.005
3098.62327 12.745 0.005
3104.55418 12.740 0.005
3111.52774 12.746 0.005
3114.52171 12.753 0.005
3126.48612 12.788 0.005
3144.50145 12.830 0.005
3224.90160 13.320 0.005
3239.93553 13.407 0.005
3247.90651 13.444 0.005
3256.88476 13.462 0.005
3263.85953 13.489 0.005
3268.87531 13.497 0.005
3273.84686 13.512 0.005
3281.82989 13.527 0.005
3289.84331 13.536 0.005
3294.84145 13.539 0.005
3296.84681 13.528 0.005
3298.87733 13.512 0.005
3301.69772 13.528 0.005
3303.86675 13.516 0.005
3306.84137 13.506 0.005
3308.85835 13.497 0.005
3311.66842 13.501 0.005
3320.70157 13.447 0.005
3329.83066 13.368 0.005
3334.73042 13.314 0.005
3338.78621 13.273 0.005
3349.80238 13.125 0.005
3354.76020 13.043 0.005
3358.64173 13.008 0.005
3361.73750 12.987 0.005
3363.72764 12.951 0.005
3367.68120 12.917 0.005
3372.69993 12.885 0.005
3386.76191 12.811 0.005
3391.60728 12.793 0.005
3395.67132 12.813 0.005
3398.71909 12.791 0.005
3402.66433 12.813 0.005
3404.59220 12.801 0.005
3408.54561 12.807 0.005
3412.59088 12.803 0.005
3414.62245 12.807 0.005
3419.59330 12.826 0.005
3426.52878 12.828 0.005
3433.57997 12.837 0.005
3443.55059 12.836 0.005
3453.51699 12.826 0.005
3575.92219 12.913 0.005
3589.89362 12.885 0.005
3617.89052 12.879 0.005
3629.82999 12.893 0.005
3634.79610 12.911 0.005
3640.76282 12.925 0.005
3641.83996 12.932 0.005
3650.83531 12.963 0.005
3653.86327 12.995 0.005
3660.77946 12.993 0.005
3664.81494 13.019 0.005
3668.75121 13.019 0.005
3672.76073 13.052 0.005
3676.86218 13.057 0.005
3684.80638 13.120 0.005
3687.72538 13.129 0.005
3689.82397 13.135 0.005
3692.74834 13.142 0.005
3694.82235 13.162 0.005
3696.69760 13.163 0.005
3699.70983 13.183 0.005
3701.76077 13.201 0.005
3704.72724 13.228 0.005
3706.78142 13.240 0.005
3711.67243 13.268 0.005
3713.68609 13.280 0.005
3719.76292 13.312 0.005
3722.82213 13.344 0.005
3726.68535 13.364 0.005
3728.65807 13.388 0.005
3731.75864 13.393 0.005
3733.64485 13.418 0.005
3734.74779 13.421 0.005
3736.76671 13.429 0.005
3737.65534 13.437 0.005
3739.71744 13.441 0.005
3741.82372 13.434 0.005
3743.72159 13.458 0.005
3746.76397 13.464 0.005
3748.71663 13.462 0.005
3750.72279 13.471 0.005
3752.73084 13.471 0.005
3754.75215 13.478 0.005
3755.67193 13.481 0.005
3757.64602 13.477 0.005
3759.61167 13.476 0.005
3762.69653 13.470 0.005
3765.71843 13.541 0.005
3769.75906 13.442 0.005
3772.72738 13.442 0.005
3775.71932 13.426 0.005
3778.69783 13.415 0.005
3782.60601 13.386 0.005
3786.58201 13.357 0.005
3791.57837 13.336 0.005
3798.57809 13.279 0.005
3806.50793 13.211 0.005
3820.51064 13.095 0.005
3945.90562 12.972 0.005
3964.93272 13.039 0.005
3971.80345 13.059 0.005
3974.92099 13.064 0.005
3981.81186 13.095 0.005
3988.89373 13.123 0.005
3995.84676 13.142 0.005
4007.79711 13.178 0.005
4018.76308 13.195 0.005
4023.81656 13.209 0.005
4026.72716 13.209 0.005
4028.86323 13.212 0.005
4031.75093 13.220 0.005
4037.85984 13.222 0.005
4040.82714 13.220 0.005
4042.84191 13.213 0.005
4046.71778 13.212 0.005
4048.80671 13.210 0.005
4052.64957 13.207 0.005
4053.84726 13.210 0.005
4056.69081 13.209 0.005
4059.67803 13.208 0.005
4064.64615 13.199 0.005
4066.62389 13.195 0.005
4069.68951 13.189 0.005
4071.61783 13.186 0.005
4076.68634 13.183 0.005
4079.70292 13.166 0.005
4082.69325 13.165 0.005
4084.77309 13.162 0.005
4087.69255 13.156 0.005
4093.78158 13.158 0.005
4102.66983 13.170 0.005
4104.81660 13.149 0.005
4113.69610 13.189 0.005
4119.63431 13.185 0.005
4122.68315 13.193 0.005
4125.73056 13.205 0.005
4129.73004 13.207 0.005
4142.59284 13.245 0.005
4150.56485 13.276 0.005
4154.58080 13.298 0.005
4166.52320 13.366 0.005
4184.51277 13.490 0.005
4340.91334 13.151 0.005
4346.90145 13.089 0.005
4351.84186 13.080 0.005
4357.85361 13.046 0.005
4363.78206 13.024 0.005
4365.80566 13.031 0.005
4369.80128 13.022 0.005
4372.77595 13.050 0.005
4376.86651 13.024 0.005
4379.87303 13.019 0.005
4383.87709 13.026 0.005
4388.87103 13.024 0.005
4393.74492 13.025 0.005
4398.82012 13.073 0.005
4403.76073 13.037 0.005
4411.75594 13.076 0.005
4417.83870 13.047 0.005
4421.75113 13.058 0.005
4425.82431 13.059 0.005
4429.73508 13.076 0.005
4432.77666 13.087 0.005
4436.70314 13.089 0.005
4439.74729 13.090 0.005
4442.72470 13.093 0.005
4448.78036 13.102 0.005
4450.78507 13.108 0.005
4453.76088 13.108 0.005
4456.77421 13.115 0.005
4459.68423 13.127 0.005
4462.68625 13.126 0.005
4465.72648 13.135 0.005
4469.67961 13.143 0.005
4474.68164 13.144 0.005
4478.78442 13.143 0.005
4481.78319 13.136 0.005
4484.69292 13.148 0.005
4487.75533 13.143 0.005
4492.70790 13.157 0.005
4494.74236 13.156 0.005
4499.63915 13.167 0.005
4502.69638 13.175 0.005
4507.65511 13.181 0.005
4509.65236 13.182 0.005
4516.60125 13.206 0.005
4520.67317 13.201 0.005
4522.56027 13.210 0.005
4524.57429 13.217 0.005
4530.57953 13.217 0.005
4532.57151 13.219 0.005
4537.56959 13.226 0.005
4540.61834 13.223 0.005
4549.57479 13.242 0.005
4560.51336 13.281 0.005
4567.52493 13.290 0.005
4574.54598 13.316 0.005
4592.48367 13.360 0.005
4681.93703 13.313 0.005
4691.90267 13.317 0.005
4702.91458 13.326 0.005
4719.83010 13.326 0.005
4726.90449 13.322 0.005
4731.88078 13.316 0.005
4747.85319 13.245 0.005
4752.81433 13.226 0.005
4756.82350 13.207 0.005
4759.87054 13.186 0.005
4762.83031 13.171 0.005
4768.80827 13.152 0.005
4771.85038 13.134 0.005
4774.85976 13.126 0.005
4777.69718 13.110 0.005
4780.84614 13.110 0.005
4783.81604 13.098 0.005
4788.74545 13.067 0.005
4791.72281 13.087 0.005
4794.72714 13.048 0.005
4797.70851 13.038 0.005
4800.75178 13.035 0.005
4802.78339 13.013 0.005
4804.80755 13.002 0.005
4805.83063 13.000 0.005
4807.78151 13.001 0.005
4810.73942 12.987 0.005
4812.79902 12.983 0.005
4814.68863 12.967 0.005
4816.68547 12.957 0.005
4818.70758 12.946 0.005
4820.71441 12.937 0.005
4823.72802 12.928 0.005
4825.81518 12.929 0.005
4831.85755 12.903 0.005
4832.81780 12.908 0.005
4834.78688 12.903 0.005
4837.68687 12.908 0.005
4839.71544 12.908 0.005
4841.75175 12.908 0.005
4843.75100 12.909 0.005
4846.71689 12.902 0.005
4850.73499 12.894 0.005
4852.72901 12.889 0.005
4855.73644 12.904 0.005
4857.71458 12.906 0.005
4866.68176 12.927 0.005
4868.67986 12.935 0.005
4870.66931 12.947 0.005
4873.69997 12.945 0.005
4875.59700 12.958 0.005
4876.62765 12.951 0.005
4878.65256 12.951 0.005
4882.57184 12.962 0.005
4884.63421 12.961 0.005
4888.55071 12.962 0.005
4900.58237 12.966 0.005
4904.60809 12.961 0.005
4914.56429 12.958 0.005
4918.56258 12.950 0.005
4924.58184 12.956 0.005
4928.57165 12.946 0.005
4930.52286 12.947 0.005
4934.51973 12.947 0.005
4938.51099 12.945 0.005
4942.52757 12.944 0.005
4947.52096 12.954 0.005
