2086.92527 15.613 0.006
2104.85733 15.706 0.006
2106.91723 15.560 0.006
2114.85188 16.446 0.009
2116.89825 16.440 0.009
2117.90393 16.325 0.009
2123.84816 15.495 0.006
2128.85144 15.948 0.008
2130.83247 16.303 0.009
2131.82599 16.402 0.009
2134.83709 16.321 0.009
2135.87226 16.115 0.007
2136.87143 15.800 0.008
2137.91570 15.680 0.008
2155.90477 15.656 0.007
2156.85128 15.596 0.006
2160.78101 15.631 0.006
2162.78755 15.853 0.006
2166.78234 16.403 0.008
2167.75314 16.403 0.009
2168.73965 16.355 0.009
2172.77226 15.689 0.006
2173.73437 15.671 0.006
2177.66598 15.614 0.006
2185.69084 16.402 0.011
2187.67341 16.037 0.008
2190.71739 15.596 0.006
2192.68726 15.505 0.006
2193.70823 15.542 0.006
2194.67948 15.592 0.006
2200.69048 16.439 0.009
2201.74561 16.435 0.009
2206.63145 15.649 0.007
2211.67009 15.589 0.006
2212.66915 15.674 0.006
2213.68014 15.776 0.007
2214.66650 15.955 0.009
2215.68179 16.138 0.008
2219.70263 16.463 0.011
2223.69158 15.606 0.006
2225.62111 15.556 0.006
2226.66747 15.520 0.006
2228.58287 15.561 0.006
2230.52017 15.731 0.008
2232.53392 16.040 0.008
2234.57601 16.364 0.009
2236.56550 16.420 0.009
2238.57090 16.296 0.009
2241.55771 15.664 0.006
2243.59599 15.559 0.006
2248.64041 15.861 0.006
2253.59433 16.447 0.009
2258.61706 15.638 0.006
2276.54200 15.668 0.007
2285.59306 16.351 0.009
2293.59134 15.669 0.007
2295.58767 15.529 0.006
2297.59082 15.580 0.006
2460.91225 16.380 0.011
2466.86316 15.548 0.007
2467.92707 15.527 0.007
2469.92634 15.628 0.006
2471.91590 15.857 0.007
2472.90594 16.017 0.006
2473.93214 16.211 0.008
2481.89137 15.680 0.007
2483.91501 15.545 0.006
2486.91516 15.600 0.007
2492.92939 16.442 0.009
2496.92917 16.041 0.008
2498.80044 15.671 0.006
2499.88540 15.640 0.006
2500.89383 15.575 0.006
2501.88057 15.517 0.006
2502.86074 15.530 0.006
2516.80280 15.676 0.007
2517.84953 15.585 0.006
2518.82189 15.521 0.006
2519.82011 15.513 0.006
2520.81829 15.566 0.006
2521.81149 15.637 0.006
2524.80997 16.089 0.009
2526.80379 16.411 0.007
2529.80001 16.381 0.009
2535.79824 15.534 0.006
2537.72834 15.553 0.007
2538.82882 15.622 0.007
2539.72599 15.716 0.007
2540.76906 15.861 0.008
2541.73788 16.052 0.008
2542.70770 16.234 0.008
2544.68822 16.447 0.009
2545.70116 16.442 0.009
2547.71914 16.287 0.009
2548.73769 15.944 0.008
2550.73297 15.695 0.007
2551.71951 15.632 0.006
2552.73548 15.530 0.006
2554.72862 15.523 0.006
2555.73654 15.594 0.006
2556.71562 15.680 0.006
2557.72817 15.827 0.006
2558.68458 16.009 0.008
2559.64161 16.209 0.009
2560.67462 16.381 0.009
2561.72023 16.437 0.010
2562.69294 16.465 0.009
2563.70089 16.437 0.009
2564.71730 16.341 0.009
2565.71269 16.046 0.008
2566.68762 15.720 0.007
2568.75669 15.653 0.007
2573.68660 15.733 0.008
2574.66654 15.791 0.006
2576.70130 16.196 0.009
2577.66635 16.356 0.010
2578.65387 16.429 0.009
2579.66440 16.435 0.009
2580.67251 16.425 0.009
2583.64457 15.755 0.007
2584.65101 15.658 0.006
2586.65223 15.608 0.006
2587.63466 15.545 0.006
2589.62555 15.583 0.006
2590.64234 15.670 0.007
2591.66850 15.790 0.007
2593.63177 16.144 0.008
2594.63779 16.339 0.010
2596.61143 16.465 0.011
2597.59861 16.439 0.010
2598.67881 16.387 0.009
2599.63287 16.171 0.009
2607.65300 15.658 0.007
2610.57433 16.096 0.008
2613.56819 16.496 0.010
2615.59859 16.420 0.009
2619.58310 15.678 0.007
2621.59219 15.559 0.006
2625.57485 15.723 0.007
2630.55953 16.473 0.011
2635.57326 15.700 0.006
2640.53847 15.559 0.006
2642.57822 15.715 0.007
2646.58960 16.365 0.009
2651.56414 16.079 0.009
2654.59180 15.666 0.007
2657.54378 15.577 0.007
2661.54599 15.956 0.007
2664.58077 16.424 0.010
2667.53958 16.366 0.009
2672.55873 15.595 0.007
2676.54892 15.671 0.006
2679.56365 16.119 0.008
2683.54248 16.474 0.012
2777.92924 15.546 0.007
2804.85774 16.357 0.011
2805.87502 16.134 0.011
2817.95239 16.290 0.017
2825.93564 15.645 0.007
2831.81254 15.717 0.007
2832.77324 15.858 0.008
2833.89108 16.055 0.009
2834.94170 16.203 0.009
2836.90001 16.426 0.014
2843.85208 15.648 0.006
2844.89780 15.582 0.006
2849.88133 15.876 0.008
2852.84269 16.379 0.011
2854.85398 16.469 0.011
2857.86138 16.001 0.008
2885.78648 16.181 0.008
2890.71737 16.340 0.011
2893.76879 15.699 0.007
2908.70423 16.189 0.009
2916.71718 15.636 0.006
2937.66653 16.229 0.009
2940.65916 16.442 0.008
2942.65923 16.338 0.009
2943.63059 16.028 0.008
2944.61494 15.710 0.007
2946.60969 15.644 0.007
2947.64130 15.539 0.006
2949.62236 15.535 0.006
2950.57390 15.589 0.006
2953.60242 15.963 0.008
2955.58751 16.317 0.009
2957.60116 16.456 0.009
2962.65544 15.676 0.006
2975.55191 16.427 0.009
2979.58762 15.687 0.007
2983.56846 15.533 0.007
2988.55701 16.041 0.008
2994.57169 16.213 0.009
2997.58429 15.700 0.007
3000.57633 15.544 0.006
3003.55831 15.733 0.008
3018.55568 15.545 0.006
3024.54407 16.331 0.010
3031.60567 15.716 0.007
3034.53592 15.537 0.006
3179.91737 16.432 0.009
3183.93708 16.116 0.009
3193.90498 15.931 0.007
3197.93946 16.429 0.010
3203.90499 15.722 0.006
3206.84279 15.556 0.006
3211.87337 16.102 0.008
3217.80438 16.242 0.009
3228.77919 16.033 0.008
3229.86101 16.217 0.008
3231.84250 16.405 0.010
3238.77938 15.668 0.006
3239.82292 15.587 0.006
3240.81562 15.575 0.006
3241.79909 15.556 0.006
3242.74308 15.614 0.006
3244.85427 15.861 0.008
3246.79478 16.208 0.008
3247.80313 16.368 0.009
3249.75344 16.487 0.010
3254.75468 15.673 0.006
3257.77900 15.544 0.006
3259.69171 15.626 0.006
3261.72776 15.800 0.006
3263.72498 16.136 0.007
3265.74635 16.426 0.009
3267.73311 16.421 0.008
3270.68655 15.814 0.007
3271.68944 15.697 0.006
3273.64776 15.660 0.007
3275.63798 15.568 0.007
3276.73703 15.608 0.006
3279.70727 15.927 0.007
3281.66585 16.299 0.007
3283.66754 16.478 0.007
3287.63369 15.881 0.006
3289.64863 15.656 0.006
3293.62221 15.586 0.006
3295.64012 15.712 0.006
3298.57803 16.243 0.007
3300.58032 16.411 0.009
3302.55729 16.382 0.009
3305.65736 15.726 0.006
3307.56962 15.674 0.007
3309.59468 15.539 0.006
3311.54629 15.650 0.006
3314.58928 16.063 0.008
3323.57452 15.660 0.006
3327.58205 15.565 0.006
3330.57754 15.818 0.007
3338.56722 16.095 0.007
3363.58410 15.689 0.007
3372.57721 16.191 0.008
3376.55336 15.619 0.006
3380.53978 15.674 0.007
3386.58673 16.447 0.008
3395.53459 15.568 0.007
3398.58230 15.757 0.007
3402.57952 16.434 0.009
3543.89309 16.316 0.009
3551.91658 15.616 0.006
3554.94783 15.989 0.008
3562.86198 15.799 0.006
3564.93270 15.619 0.005
3568.87833 15.588 0.006
3570.83934 15.764 0.008
3571.83027 15.917 0.008
3573.87597 16.296 0.009
3575.83174 16.448 0.009
3577.88810 16.400 0.009
3578.92414 16.178 0.007
3579.82919 15.881 0.006
3581.89826 15.725 0.006
3582.85453 15.681 0.006
3583.86479 15.584 0.006
3585.88590 15.575 0.006
3586.83805 15.642 0.006
3588.85631 15.887 0.006
3590.81237 16.267 0.007
3592.77712 16.509 0.007
3594.81663 16.455 0.008
3597.85654 15.674 0.006
3600.90237 15.560 0.006
3602.75846 15.550 0.006
3607.84470 16.220 0.007
3614.81690 15.728 0.006
3617.80069 15.618 0.006
3619.77881 15.564 0.006
3621.77130 15.703 0.006
3630.65007 16.097 0.009
3632.64739 15.677 0.007
3634.72026 15.587 0.006
3637.67909 15.590 0.006
3639.72901 15.773 0.006
3641.72578 16.126 0.007
3643.82422 16.430 0.009
3644.76486 16.448 0.007
3646.69594 16.380 0.008
3650.71713 15.702 0.006
3652.65224 15.583 0.006
3654.63059 15.595 0.006
3656.65428 15.768 0.006
3657.71198 15.949 0.007
3658.68929 16.097 0.008
3659.66960 16.323 0.009
3661.61828 16.465 0.010
3663.64125 16.420 0.009
3665.67357 15.903 0.007
3668.62273 15.590 0.006
3670.57343 15.547 0.006
3672.61289 15.645 0.006
3674.67170 15.875 0.006
3676.61214 16.203 0.008
3682.58886 15.999 0.007
3684.58179 15.693 0.006
3686.57167 15.581 0.006
3688.54474 15.557 0.006
3690.55064 15.716 0.007
3692.60320 16.039 0.007
3694.58977 16.374 0.008
3696.58590 16.427 0.008
3698.62449 16.309 0.009
3700.62968 15.718 0.006
3702.62060 15.658 0.006
3704.62110 15.539 0.006
3706.63600 15.639 0.006
3708.61740 15.842 0.007
3712.57391 16.431 0.008
3714.57661 16.410 0.009
3718.56008 15.669 0.006
3721.59229 15.542 0.006
3725.62120 15.775 0.006
3730.54542 16.414 0.008
3734.61614 15.796 0.006
3738.56818 15.523 0.006
3742.56537 15.746 0.007
3747.56614 16.462 0.010
3751.57397 15.900 0.008
3762.55197 16.272 0.010
3766.55719 16.382 0.008
3772.58398 15.606 0.006
3777.53132 15.846 0.007
3871.90340 15.880 0.008
3902.92367 16.444 0.009
3907.91849 15.698 0.006
3913.94403 15.685 0.006
3918.91384 16.429 0.008
3932.86498 15.927 0.007
3934.88331 16.280 0.008
3936.89161 16.426 0.009
3938.87567 16.328 0.009
3945.88256 15.551 0.006
3950.82747 16.089 0.007
3957.78299 15.962 0.009
3959.77241 15.654 0.006
3961.76658 15.526 0.006
3964.77480 15.620 0.006
3966.76706 15.847 0.006
3968.76075 16.159 0.007
3973.72171 16.247 0.008
3980.66921 15.570 0.006
3981.66895 15.628 0.006
3982.73331 15.728 0.007
3986.70666 16.388 0.009
3991.73586 16.049 0.007
3994.64825 15.639 0.006
3998.67864 15.572 0.006
4001.64944 15.935 0.006
4003.62086 16.260 0.008
4004.70064 16.388 0.008
4005.69482 16.407 0.008
4007.58808 16.346 0.008
4008.59697 16.103 0.006
4011.64745 15.708 0.006
4014.62988 15.591 0.006
4016.62667 15.699 0.006
4018.62306 15.935 0.007
4020.62652 16.364 0.009
4023.61240 16.475 0.009
4025.61276 16.212 0.008
4027.60085 15.631 0.006
4029.58317 15.585 0.006
4031.57026 15.515 0.006
4033.66451 15.639 0.006
4038.55970 16.382 0.009
4040.53996 16.440 0.009
4042.56785 16.246 0.008
4046.62398 15.697 0.006
4049.53587 15.573 0.006
4051.58549 15.708 0.006
4053.63289 16.045 0.006
4055.52557 16.388 0.009
4057.60092 16.502 0.010
4059.59935 16.313 0.008
4063.54617 15.618 0.006
4065.59647 15.520 0.006
4067.58734 15.608 0.006
4069.54020 15.802 0.006
4071.55102 16.165 0.008
4074.54712 16.402 0.009
4077.54885 16.064 0.007
4079.54904 15.718 0.006
4082.55038 15.594 0.006
4085.62773 15.708 0.007
4092.58321 16.446 0.007
4097.62580 15.636 0.006
4100.61726 15.531 0.006
4105.58127 16.124 0.007
4111.61772 16.172 0.007
4115.53720 15.669 0.006
4120.56811 15.744 0.006
4124.58520 16.431 0.008
4253.87309 15.601 0.008
4255.87133 15.577 0.007
4268.92978 15.621 0.006
4275.94469 15.853 0.008
4279.84153 16.398 0.011
4282.83293 16.255 0.009
4283.85197 15.974 0.009
4284.88240 15.729 0.007
4289.85698 15.569 0.006
4292.89026 15.823 0.006
4295.88372 16.388 0.009
4296.91420 16.488 0.009
4297.94614 16.463 0.009
4299.88100 16.314 0.008
4300.90274 15.983 0.007
4301.92127 15.692 0.006
4302.94317 15.622 0.007
4306.93987 15.537 0.006
4307.85446 15.592 0.006
4308.68265 15.668 0.007
4308.89059 15.674 0.006
4310.86271 15.946 0.008
4311.86260 16.115 0.009
4312.92475 16.268 0.008
4314.94384 16.383 0.011
4316.85171 16.325 0.009
4320.87901 15.696 0.007
4326.86124 15.781 0.007
4327.88334 15.978 0.009
4328.85338 16.138 0.008
4329.85425 16.321 0.009
4330.88404 16.453 0.009
4332.90023 16.435 0.010
4334.87722 16.165 0.009
4338.92962 15.566 0.007
4340.80051 15.508 0.006
4341.79335 15.568 0.006
4342.86755 15.663 0.007
4343.78693 15.750 0.007
4344.76901 15.901 0.007
4346.72528 16.218 0.009
4348.73108 16.399 0.009
4350.70775 16.363 0.008
4353.66586 15.717 0.007
4354.78722 15.703 0.006
4357.77090 15.568 0.007
4359.72483 15.639 0.006
4362.67248 16.041 0.009
4363.63178 16.226 0.009
4369.68410 16.024 0.010
4371.67309 15.633 0.007
4376.67653 15.613 0.006
4378.64317 15.812 0.007
4379.67446 15.989 0.008
4381.63361 16.287 0.010
4382.71217 16.398 0.009
4386.68640 16.093 0.008
4388.68714 15.705 0.007
4390.69596 15.624 0.006
4393.69050 15.607 0.006
4396.66509 15.979 0.008
4398.67007 16.347 0.009
4400.69460 16.483 0.009
4404.67158 15.828 0.008
4407.65948 15.601 0.007
4410.68938 15.581 0.006
4415.67573 16.262 0.008
4418.62125 16.402 0.009
4421.67906 15.894 0.007
4423.68352 15.691 0.007
4426.55973 15.545 0.007
4428.57641 15.642 0.008
4430.63660 15.873 0.007
4432.62251 16.255 0.008
4434.62779 16.485 0.009
4436.60411 16.423 0.009
4438.66675 15.972 0.009
4440.59990 15.651 0.007
4442.56139 15.585 0.007
4444.58621 15.574 0.007
4452.59619 16.462 0.009
4454.53324 16.296 0.010
4455.60535 15.983 0.008
4457.54089 15.682 0.008
4459.56098 15.611 0.007
4462.59244 15.623 0.006
4466.61658 16.184 0.009
4471.55123 16.375 0.009
4475.54530 15.679 0.007
4480.58636 15.664 0.006
4482.59329 15.952 0.009
4485.60319 16.450 0.011
4488.59863 16.365 0.010
4609.92105 16.169 0.009
4643.90514 16.277 0.009
4650.94398 15.548 0.006
4662.80179 15.724 0.006
4662.91861 15.707 0.006
4663.77338 15.733 0.007
4663.92123 15.733 0.007
4665.84650 15.631 0.007
4665.94031 15.637 0.007
4666.93946 15.568 0.006
4670.92857 15.814 0.007
4671.89847 16.010 0.008
4676.92875 16.447 0.010
4677.84438 16.343 0.008
4682.81877 15.554 0.006
4684.85663 15.525 0.006
4686.81664 15.668 0.006
4688.83259 15.936 0.006
4690.75821 16.292 0.008
4691.76123 16.390 0.009
4693.91618 16.438 0.010
4696.91293 15.828 0.009
4698.77792 15.709 0.006
4699.77207 15.674 0.006
4700.80678 15.582 0.006
4701.81467 15.572 0.006
4703.77389 15.646 0.006
4704.79263 15.745 0.006
4705.80012 15.902 0.007
4707.79255 16.296 0.008
4709.74834 16.490 0.009
4710.77690 16.454 0.008
4715.75688 15.645 0.006
4716.84012 15.583 0.006
4717.70862 15.521 0.006
4719.79747 15.553 0.006
4721.79030 15.739 0.007
4724.67285 16.201 0.009
4725.75235 16.360 0.009
4728.75789 16.427 0.009
4733.73450 15.714 0.006
4740.67606 16.001 0.008
4741.71142 16.184 0.007
4747.61563 16.116 0.008
4749.61530 15.636 0.007
4753.68627 15.535 0.007
4755.67830 15.661 0.006
4757.66277 15.972 0.007
4759.67747 16.310 0.008
4761.64589 16.436 0.008
4763.66313 16.383 0.009
4767.60403 15.723 0.007
4770.67258 15.555 0.006
4772.61034 15.645 0.006
4774.56490 15.907 0.007
4776.55649 16.304 0.009
4777.65844 16.471 0.009
4780.52713 16.403 0.009
4781.64110 16.195 0.008
4783.59022 15.635 0.006
4785.62560 15.584 0.006
4789.55669 15.632 0.006
4791.53825 15.850 0.008
4793.54564 16.239 0.009
4795.55836 16.443 0.009
4797.55062 16.393 0.009
4798.61394 16.257 0.009
4800.66134 15.711 0.006
4803.55247 15.611 0.006
4804.60756 15.562 0.006
4805.59442 15.558 0.006
4807.53222 15.730 0.008
4809.56158 16.053 0.008
4811.58345 16.427 0.009
4813.56041 16.483 0.011
4815.59634 16.285 0.009
4816.54343 16.021 0.008
4818.59370 15.623 0.006
4820.53516 15.557 0.006
4822.59191 15.537 0.006
4824.57675 15.708 0.007
4826.63643 16.014 0.007
4833.57585 16.086 0.007
4835.59908 15.710 0.006
4837.61001 15.652 0.007
4841.58642 15.687 0.007
4843.58061 15.972 0.008
4846.58974 16.465 0.009
4848.62597 16.426 0.009
4850.61345 16.137 0.009
4854.60476 15.580 0.006
4856.62194 15.526 0.006
4868.56023 15.898 0.007
