 856.86887 14.585 0.005
 885.81153 14.515 0.004
 895.78132 14.400 0.004
 896.87283 14.602 0.004
 897.86004 14.658 0.004
 898.86679 14.451 0.004
 900.77732 14.629 0.004
 911.85298 14.389 0.004
 918.72053 14.737 0.006
 924.86329 14.612 0.004
 925.73514 14.537 0.004
 926.78165 14.387 0.004
 928.72111 14.544 0.004
 931.70390 14.569 0.004
 933.72238 14.613 0.004
 934.90680 14.711 0.005
 936.69716 14.615 0.004
 937.66251 14.603 0.004
 941.64923 14.443 0.004
 945.66805 14.574 0.005
 949.73202 14.728 0.004
 950.64880 14.457 0.004
 952.65215 14.731 0.004
 953.67051 14.476 0.004
 962.66176 14.538 0.004
 963.63865 14.351 0.004
 965.81697 14.649 0.005
 966.90771 14.461 0.004
 971.84786 14.723 0.005
 985.74575 14.357 0.004
 986.81390 14.597 0.004
 989.73599 14.632 0.005
 990.87324 14.627 0.005
 991.68490 14.352 0.004
 996.68465 14.570 0.004
 998.73648 14.615 0.004
1005.78631 14.724 0.005
1007.69159 14.579 0.005
1020.66853 14.713 0.004
1026.59039 14.715 0.004
1035.48549 14.672 0.005
1040.49344 14.382 0.004
1048.50896 14.648 0.005
1053.48966 14.575 0.005
1062.48289 14.404 0.005
1068.52113 14.361 0.005
1072.65792 14.582 0.005
1075.56255 14.595 0.005
1079.59771 14.677 0.006
1082.59907 14.706 0.005
1088.56120 14.722 0.005
1092.52640 14.489 0.005
1095.52439 14.503 0.004
1102.55114 14.404 0.004
1110.53638 14.656 0.005
1112.50866 14.598 0.005
1117.54197 14.466 0.004
1215.85918 14.603 0.005
1222.85200 14.712 0.005
1223.85414 14.456 0.005
1233.82593 14.387 0.005
1237.84106 14.649 0.005
1241.78985 14.534 0.005
1245.79397 14.388 0.005
1252.77261 14.613 0.005
1254.90452 14.468 0.004
1257.89349 14.479 0.004
1259.76523 14.699 0.005
1261.89520 14.380 0.004
1263.76110 14.459 0.005
1264.77689 14.470 0.005
1265.88418 14.679 0.005
1267.74417 14.456 0.005
1268.89527 14.609 0.005
1272.74083 14.505 0.005
1278.72433 14.539 0.005
1280.71869 14.610 0.005
1281.71186 14.557 0.004
1288.73945 14.449 0.005
1290.80667 14.705 0.005
1294.90608 14.505 0.005
1295.65441 14.599 0.005
1297.80522 14.486 0.005
1299.75473 14.741 0.005
1299.82547 14.718 0.005
1301.73724 14.401 0.005
1306.65460 14.483 0.004
1308.72959 14.663 0.005
1313.74226 14.391 0.004
1315.88548 14.693 0.005
1315.92988 14.720 0.005
1316.82091 14.442 0.004
1317.87247 14.564 0.005
1318.75421 14.627 0.005
1320.76203 14.592 0.005
1321.88276 14.736 0.006
1327.82429 14.736 0.006
1331.79163 14.478 0.004
1333.62840 14.711 0.005
1336.83582 14.607 0.005
1340.71675 14.514 0.005
1342.78026 14.599 0.005
1347.57619 14.365 0.004
1348.57979 14.703 0.005
1349.57513 14.511 0.005
1350.57031 14.347 0.004
1353.58536 14.355 0.005
1354.54184 14.631 0.005
1359.57570 14.419 0.005
1361.59677 14.631 0.005
1365.55067 14.442 0.004
1366.53409 14.601 0.005
1367.54948 14.663 0.005
1368.53809 14.442 0.004
1369.55347 14.577 0.005
1370.51365 14.670 0.005
1373.52630 14.702 0.005
1374.60752 14.479 0.005
1375.52111 14.523 0.005
1395.70463 14.693 0.006
1398.65238 14.716 0.005
1400.63304 14.525 0.005
1401.70433 14.730 0.005
1403.54887 14.559 0.005
1407.67132 14.696 0.005
1410.70219 14.594 0.006
1412.49629 14.459 0.005
1412.51840 14.423 0.005
1412.53819 14.392 0.005
1412.55720 14.365 0.005
1412.57659 14.356 0.005
1412.59641 14.337 0.005
1412.61544 14.332 0.005
1412.63450 14.341 0.005
1412.65854 14.343 0.005
1412.68251 14.360 0.005
1417.72169 14.638 0.006
1432.51431 14.619 0.006
1435.63492 14.726 0.006
1437.48683 14.579 0.005
1441.61754 14.729 0.005
1443.59326 14.367 0.004
1446.58881 14.341 0.005
1449.49255 14.374 0.004
1454.49075 14.522 0.005
1458.49718 14.373 0.005
1461.53027 14.426 0.005
1476.52193 14.472 0.005
1484.50733 14.668 0.005
1578.84682 14.700 0.005
1580.84617 14.534 0.004
1582.85116 14.463 0.004
1584.85083 14.728 0.005
1586.83092 14.427 0.004
1588.85986 14.491 0.005
1590.84352 14.691 0.005
1592.85440 14.348 0.004
1602.82981 14.613 0.005
1608.81150 14.588 0.005
1614.82946 14.516 0.005
1619.77384 14.455 0.004
1622.75106 14.460 0.004
1624.77524 14.722 0.005
1627.75456 14.707 0.005
1629.84367 14.372 0.005
1631.77978 14.542 0.005
1634.76698 14.559 0.004
1644.70965 14.446 0.004
1646.70365 14.624 0.005
1652.70086 14.697 0.005
1654.68497 14.547 0.005
1656.70761 14.461 0.005
1660.82679 14.355 0.004
1662.76689 14.529 0.004
1664.65530 14.726 0.005
1666.71113 14.346 0.004
1667.69678 14.647 0.005
1669.69667 14.363 0.004
1671.64797 14.536 0.005
1672.64770 14.356 0.004
1675.66320 14.403 0.004
1677.78778 14.682 0.005
1681.71627 14.448 0.005
1682.80486 14.483 0.005
1683.78967 14.719 0.006
1689.66121 14.711 0.005
1693.68976 14.478 0.004
1695.77456 14.611 0.004
1698.89252 14.611 0.005
1699.61604 14.487 0.004
1701.69253 14.615 0.004
1703.67778 14.357 0.004
1705.64272 14.547 0.005
1709.80086 14.442 0.004
1716.84444 14.395 0.005
1718.80285 14.482 0.005
1726.88468 14.618 0.005
1728.71659 14.344 0.004
1730.81707 14.575 0.004
1731.74308 14.358 0.004
1732.76713 14.599 0.005
1733.55170 14.467 0.004
1738.54076 14.706 0.005
1740.66501 14.398 0.005
1742.55218 14.540 0.005
1744.58392 14.597 0.005
1749.62182 14.438 0.004
1750.72140 14.518 0.005
1751.63548 14.684 0.004
1752.76806 14.483 0.004
1754.74669 14.730 0.005
1756.75403 14.368 0.005
1757.46794 14.629 0.005
1758.47189 14.444 0.005
1759.63841 14.438 0.004
1760.50534 14.679 0.005
1761.47804 14.438 0.005
1762.47334 14.579 0.005
1763.47837 14.701 0.005
1764.47846 14.449 0.004
1766.47103 14.707 0.007
1769.50031 14.727 0.005
1770.53471 14.489 0.005
1771.47479 14.418 0.005
1772.48612 14.725 0.005
1773.50058 14.494 0.004
1774.60198 14.379 0.004
1775.49992 14.665 0.005
1776.49709 14.517 0.004
1777.50302 14.356 0.004
1783.50997 14.411 0.005
1784.49715 14.605 0.005
1785.49644 14.602 0.005
1786.51335 14.435 0.004
1787.51120 14.600 0.005
1788.50124 14.633 0.004
1789.49244 14.444 0.004
1802.53942 14.367 0.005
1804.49517 14.478 0.004
1810.58048 14.585 0.004
1812.60328 14.609 0.005
1815.55432 14.611 0.005
1818.53682 14.583 0.005
1825.58196 14.729 0.005
2072.58269 14.585 0.004
2075.59243 14.561 0.004
2077.56793 14.451 0.004
2088.54023 14.725 0.004
2123.67111 14.577 0.004
2125.66100 14.600 0.004
2129.71381 14.669 0.004
2132.65502 14.668 0.004
2136.56016 14.434 0.004
2141.57108 14.691 0.004
2144.65940 14.707 0.004
2157.53955 14.510 0.004
2169.50782 14.613 0.004
2178.49095 14.695 0.004
2211.52098 14.515 0.004
2333.85866 14.590 0.004
2339.87533 14.595 0.004
2340.84751 14.627 0.004
2353.90920 14.493 0.004
2361.90432 14.599 0.004
2372.87037 14.440 0.004
2383.89822 14.735 0.004
2384.80878 14.458 0.004
2388.69063 14.574 0.004
2390.84521 14.499 0.004
2396.78652 14.519 0.004
2401.85408 14.608 0.004
2404.66899 14.674 0.004
2406.87736 14.442 0.004
2412.65518 14.391 0.004
2413.59621 14.607 0.004
2414.60431 14.574 0.004
2416.87279 14.426 0.004
2424.57229 14.440 0.004
2428.57545 14.548 0.004
2433.60301 14.473 0.004
2435.58686 14.731 0.004
2438.77703 14.618 0.004
2440.55758 14.359 0.004
2445.65912 14.593 0.004
2452.53957 14.400 0.004
2458.52992 14.430 0.004
2463.56940 14.714 0.004
2466.62376 14.734 0.004
2468.70791 14.347 0.004
2470.69253 14.549 0.004
2472.71575 14.605 0.004
2481.58564 14.605 0.004
2484.64910 14.573 0.004
2486.74168 14.459 0.004
2490.72507 14.420 0.004
2493.66979 14.423 0.004
2496.49727 14.570 0.004
2498.53604 14.463 0.004
2500.57981 14.726 0.004
2502.59349 14.357 0.004
2508.69165 14.431 0.004
2512.63901 14.617 0.004
2517.51738 14.404 0.004
2520.60700 14.446 0.004
2528.62134 14.748 0.004
2538.52474 14.495 0.004
2542.58312 14.361 0.004
2548.48402 14.353 0.004
2552.52001 14.600 0.004
2557.48545 14.438 0.004
2562.48768 14.697 0.004
2707.89281 14.353 0.004
2719.83802 14.384 0.004
2729.86322 14.561 0.004
2734.80228 14.452 0.004
2747.72602 14.397 0.004
2753.91286 14.448 0.004
2761.88645 14.696 0.004
2767.82575 14.716 0.004
2775.74965 14.455 0.004
2783.85108 14.584 0.004
2784.57795 14.506 0.004
2786.93094 14.672 0.004
2788.65173 14.690 0.004
2789.75002 14.577 0.004
2791.75312 14.608 0.004
2795.56915 14.529 0.004
2797.61889 14.602 0.004
2809.74259 14.411 0.004
2811.66964 14.463 0.004
2812.74409 14.364 0.004
2814.61497 14.462 0.004
2816.63877 14.731 0.004
2818.61005 14.410 0.004
2821.67611 14.351 0.004
2826.78048 14.647 0.004
2834.52868 14.597 0.004
2836.71870 14.445 0.004
2838.46707 14.561 0.004
2839.74157 14.459 0.004
2842.51911 14.436 0.004
2844.79080 14.661 0.004
2850.55989 14.724 0.004
2852.56759 14.427 0.004
2854.56769 14.496 0.004
2857.47577 14.462 0.004
2862.62022 14.603 0.004
2865.72312 14.565 0.004
2867.72242 14.441 0.004
2870.71214 14.451 0.004
2872.70570 14.719 0.004
2878.57214 14.701 0.004
2885.52184 14.467 0.004
2893.58484 14.600 0.004
2896.63163 14.608 0.004
2903.52612 14.610 0.004
2910.56765 14.441 0.004
2918.58526 14.702 0.004
2931.52866 14.568 0.004
3052.84321 14.708 0.004
3134.79181 14.355 0.004
