 542.90354 15.061 0.008
 551.74995 15.018 0.005
 552.73912 14.855 0.005
 553.82008 14.541 0.005
 554.89283 15.095 0.005
 557.84789 14.799 0.005
 558.91846 14.557 0.005
 560.84579 14.623 0.005
 562.83452 14.730 0.005
 567.92231 14.728 0.005
 568.85585 15.071 0.005
 569.82320 14.745 0.005
 570.83564 15.020 0.005
 571.76193 14.837 0.005
 572.84624 14.547 0.005
 573.88525 15.096 0.005
 574.84534 14.719 0.005
 575.82362 15.020 0.005
 576.80430 14.767 0.005
 578.76244 14.882 0.005
 581.74842 14.716 0.005
 582.76155 15.000 0.007
 583.75518 14.781 0.005
 587.85530 15.093 0.005
 588.76026 14.731 0.005
 590.79229 14.827 0.005
 599.83616 15.066 0.005
 600.75689 14.705 0.005
 601.82826 14.977 0.005
 605.77196 14.587 0.005
 606.68927 15.054 0.005
 607.68566 14.709 0.005
 608.67741 15.048 0.005
 614.74927 14.734 0.005
 615.70713 14.983 0.005
 616.68119 14.788 0.005
 623.83679 14.945 0.005
 624.63696 14.596 0.005
 625.74614 15.069 0.005
 626.62948 14.657 0.005
 627.84362 15.003 0.005
 628.65986 14.747 0.005
 629.62992 15.031 0.005
 631.69963 14.559 0.005
 632.75874 15.098 0.005
 633.77004 14.725 0.005
 635.73930 14.814 0.005
 643.61246 14.742 0.005
 645.69923 14.680 0.005
 652.65948 14.704 0.005
 653.65544 15.067 0.005
 656.65316 14.902 0.005
 657.69318 14.593 0.005
 663.61421 14.933 0.005
 665.72585 15.092 0.005
 666.73722 14.756 0.005
 671.61486 14.647 0.005
 684.57730 15.070 0.005
 687.55688 14.777 0.005
 689.56807 14.936 0.005
 698.57331 15.103 0.005
 701.54259 14.846 0.005
 706.57424 14.778 0.005
 712.50848 15.034 0.005
 715.58426 14.990 0.005
 727.51537 14.858 0.005
 747.52011 14.551 0.005
 858.86780 14.778 0.005
 887.88620 14.657 0.005
 895.89059 15.081 0.005
 897.84069 15.038 0.005
 924.80173 14.882 0.005
 928.77313 15.060 0.005
 931.77168 14.928 0.005
 933.86816 15.121 0.005
 936.79413 14.810 0.005
 937.81506 14.580 0.005
 939.77586 14.632 0.005
 941.77235 14.742 0.005
 944.76099 14.554 0.005
 950.72780 14.867 0.005
 952.80908 15.108 0.005
 953.72231 14.714 0.005
 961.82428 15.035 0.005
 963.68411 14.827 0.005
 964.70585 14.952 0.005
 965.89064 14.728 0.005
 966.89622 15.005 0.005
 971.87586 15.112 0.005
 985.64419 15.095 0.005
 987.80968 15.037 0.005
 988.67502 14.788 0.005
 990.69839 14.980 0.005
 991.59054 14.568 0.005
 995.71502 14.861 0.005
 997.71973 15.054 0.005
1006.64880 15.041 0.005
1021.73182 14.896 0.005
1025.60689 15.102 0.005
1036.51325 14.550 0.005
1040.59380 14.805 0.005
1043.64633 14.687 0.005
1048.58312 14.547 0.005
1053.66440 14.798 0.005
1060.62542 14.672 0.005
1067.66188 14.543 0.005
1072.50458 14.990 0.005
1076.60646 14.724 0.005
1079.50563 15.030 0.007
1087.52646 14.951 0.005
1090.50489 14.726 0.005
1093.60129 14.533 0.005
1102.51033 14.709 0.005
1113.51408 14.956 0.005
1121.53893 14.701 0.005
1124.52067 15.011 0.006
1125.50627 14.889 0.006
1125.53109 14.873 0.005
1126.52976 14.553 0.005
1128.52319 14.724 0.005
1239.83563 14.971 0.005
1242.87006 14.746 0.005
1253.88196 15.095 0.005
1256.89004 14.806 0.005
1258.88695 14.978 0.005
1261.83565 14.731 0.005
1266.88566 14.707 0.005
1268.87732 14.757 0.005
1279.84335 15.104 0.005
1281.90335 15.006 0.005
1289.86069 14.866 0.005
1290.83685 14.551 0.005
1294.82025 14.765 0.005
1296.83507 14.906 0.005
1298.85236 15.104 0.006
1305.73535 15.077 0.005
1307.78086 14.982 0.005
1310.79557 15.000 0.005
1313.85122 14.762 0.005
1315.82883 14.889 0.005
1316.66697 14.773 0.005
1317.77203 15.036 0.005
1318.88738 14.735 0.005
1319.76876 15.081 0.005
1320.79429 14.778 0.005
1327.85531 14.835 0.005
1332.79839 14.742 0.005
1333.83095 15.017 0.005
1335.64496 14.948 0.005
1338.84310 15.031 0.005
1339.60745 14.727 0.005
1339.71130 14.740 0.005
1339.89723 14.797 0.005
1340.65191 14.975 0.005
1340.75059 15.018 0.005
1341.71463 14.841 0.005
1341.89433 14.957 0.005
1342.58898 14.875 0.005
1342.71715 14.562 0.005
1343.80716 15.080 0.005
1345.74582 15.039 0.005
1346.64782 14.749 0.005
1346.85500 14.810 0.005
1347.65148 15.008 0.005
1347.75149 14.958 0.005
1348.61247 14.826 0.005
1348.71028 14.890 0.005
1348.83825 14.968 0.005
1349.61248 14.593 0.005
1349.72526 14.548 0.005
1350.60233 15.010 0.005
1350.85162 15.093 0.005
1353.64113 14.774 0.005
1353.75436 14.816 0.005
1354.57627 15.006 0.005
1354.67978 14.930 0.005
1354.78743 14.616 0.005
1355.57542 14.852 0.005
1355.77077 14.984 0.005
1359.63001 15.012 0.006
1360.83460 14.892 0.005
1361.64726 14.770 0.005
1365.62092 14.730 0.005
1365.79106 14.769 0.005
1366.56620 14.993 0.005
1366.69059 15.014 0.005
1367.65568 14.836 0.005
1367.78765 14.916 0.005
1368.67773 14.550 0.005
1368.79632 14.559 0.005
1369.59201 14.960 0.005
1369.70582 15.042 0.005
1370.54545 14.588 0.005
1370.64335 14.671 0.005
1374.69094 14.902 0.005
1375.73178 14.584 0.005
1394.66104 14.534 0.005
1395.73376 15.078 0.006
1397.65739 15.064 0.005
1398.71071 14.785 0.005
1399.56074 15.015 0.005
1401.60182 14.535 0.005
1402.59554 15.052 0.005
1403.58100 14.720 0.005
1404.59806 15.039 0.005
1407.61671 14.931 0.005
1408.63632 14.610 0.005
1415.67936 14.715 0.005
1416.58207 15.116 0.005
1419.65172 14.886 0.005
1430.51847 15.070 0.006
1432.67502 14.582 0.005
1436.53585 14.721 0.005
1441.58624 14.680 0.005
1443.58634 14.751 0.005
1448.52336 14.688 0.005
1450.55651 14.771 0.005
1459.50343 14.925 0.005
1462.57536 14.746 0.005
1476.54127 14.784 0.005
1601.83870 15.048 0.006
1605.87550 14.597 0.005
1609.86824 14.816 0.005
1611.83514 14.975 0.005
1617.87931 14.538 0.005
1621.82559 14.752 0.005
1623.88806 14.922 0.005
1624.86885 14.564 0.005
1625.80447 15.066 0.005
1631.90242 14.653 0.005
1634.89834 15.035 0.005
1645.86393 14.730 0.005
1652.78820 14.724 0.005
1661.75312 14.794 0.005
1662.81967 14.548 0.005
1664.82737 14.699 0.005
1664.91907 14.720 0.005
1665.86123 15.052 0.005
1666.88713 14.781 0.005
1668.84516 14.906 0.005
1672.75383 15.081 0.005
1675.82446 14.945 0.005
1676.88057 14.654 0.005
1681.79589 14.629 0.005
1689.76950 15.022 0.005
1691.64032 15.103 0.005
1695.61739 14.687 0.005
1698.67334 15.093 0.005
1702.68330 14.553 0.005
1704.65681 14.709 0.005
1706.65146 14.771 0.005
1716.80031 14.724 0.005
1717.71216 15.101 0.005
1722.63741 15.018 0.005
1726.58646 15.026 0.005
1728.63052 14.547 0.005
1729.57063 15.024 0.005
1730.55877 14.685 0.005
1731.56576 15.091 0.005
1732.71817 14.812 0.005
1742.73631 14.719 0.005
1743.71178 15.062 0.005
1744.79845 14.793 0.005
1748.52984 14.958 0.005
1749.48934 14.611 0.005
1751.49895 14.723 0.005
1752.56619 15.039 0.005
1753.52190 14.820 0.006
1754.67179 14.603 0.005
1755.56053 15.050 0.005
1755.68603 15.103 0.005
1756.53163 14.688 0.005
1757.64294 14.985 0.005
1758.57545 14.764 0.005
1761.59483 14.606 0.005
1762.61706 15.101 0.005
1763.65021 14.732 0.005
1764.56057 14.982 0.005
1765.56282 14.786 0.005
1772.67242 14.901 0.005
1774.50348 14.974 0.005
1775.68628 14.716 0.005
1777.70784 14.805 0.005
1783.70048 15.030 0.005
1785.69782 14.535 0.005
1789.61619 14.727 0.005
1802.50538 15.089 0.005
1804.57686 14.877 0.005
1809.51672 15.011 0.005
1811.55322 14.660 0.005
1813.58608 14.652 0.005
1815.58573 14.749 0.005
1817.56312 14.864 0.005
1819.59653 15.050 0.006
1825.51488 14.535 0.005
2129.73066 15.014 0.006
2170.57250 14.852 0.005
2178.58328 14.599 0.006
2333.87310 14.979 0.006
2344.83443 14.703 0.005
2355.88525 14.982 0.006
2364.87688 15.066 0.006
2372.88866 14.797 0.005
2384.82360 14.733 0.005
2388.82277 15.034 0.006
2400.80224 14.924 0.006
2402.90893 15.100 0.007
2414.87438 15.083 0.006
2416.88999 14.980 0.006
2424.74861 14.775 0.005
2428.73383 15.085 0.006
2432.88536 14.557 0.006
2438.79499 14.879 0.005
2441.75730 14.717 0.005
2445.67417 14.853 0.005
2454.79065 15.067 0.005
2459.68581 14.966 0.005
2460.70387 14.660 0.005
2463.58512 14.989 0.005
2466.60490 14.971 0.005
2468.73120 15.029 0.005
2470.71494 14.936 0.005
2472.74535 14.592 0.005
2481.60173 14.727 0.006
2484.66504 14.630 0.005
2486.75774 14.714 0.006
2490.74094 14.907 0.007
2493.68564 14.723 0.005
2496.53168 14.987 0.005
2498.55229 14.565 0.005
2500.59574 14.704 0.005
2502.60935 14.779 0.005
2508.70756 15.014 0.006
2512.65704 14.688 0.005
2517.55846 14.588 0.005
2520.62593 15.057 0.006
2538.54343 14.624 0.005
2542.57120 14.855 0.005
2548.49971 15.027 0.007
2552.53602 14.715 0.005
2557.50120 14.562 0.005
2564.52261 14.635 0.005
2708.85013 14.951 0.005
2719.85581 15.018 0.006
2729.87783 15.110 0.007
2734.81679 14.967 0.005
2747.74141 14.533 0.006
2753.92643 15.038 0.006
2757.85255 15.025 0.006
2761.90136 14.718 0.005
2767.84833 15.086 0.007
2775.76517 14.722 0.006
2782.68652 14.733 0.006
2782.70091 14.728 0.005
2784.60917 14.761 0.005
2786.82718 15.049 0.006
2788.63909 15.091 0.006
2790.74352 15.029 0.006
2793.65701 14.991 0.005
2793.85327 15.105 0.006
2793.86462 15.109 0.006
2793.88164 15.094 0.006
2793.88526 15.110 0.005
2793.89568 15.114 0.006
2793.90492 15.119 0.006
2793.91355 15.116 0.006
2793.92231 15.118 0.006
2793.93144 15.108 0.006
2793.93766 15.117 0.007
2794.54063 14.580 0.007
2794.58339 14.590 0.005
2794.59339 14.606 0.005
2794.60212 14.610 0.005
2794.61049 14.612 0.006
2794.63441 14.627 0.005
2794.70248 14.677 0.005
2794.76567 14.711 0.005
2794.93062 14.739 0.006
2795.63111 15.099 0.005
2795.66892 15.106 0.005
2796.55591 14.717 0.005
2796.79845 14.787 0.005
2796.82250 14.801 0.005
2796.85330 14.810 0.005
2796.86727 14.813 0.005
2796.87462 14.815 0.005
2796.88057 14.823 0.005
2796.88671 14.820 0.005
2796.89283 14.835 0.005
2796.90221 14.837 0.005
2796.91151 14.849 0.005
2796.92039 14.846 0.005
2797.64306 15.003 0.005
2797.84594 14.637 0.005
2802.73544 15.004 0.006
2808.79693 14.757 0.006
2809.75800 15.025 0.006
2811.68512 14.643 0.005
2812.81444 15.075 0.007
2813.85823 14.721 0.005
2815.83887 14.783 0.005
2816.85986 14.696 0.005
2818.62954 14.585 0.005
2819.80605 15.100 0.006
2821.69191 15.076 0.006
2835.67732 14.993 0.006
2837.68506 14.586 0.005
2838.82081 15.116 0.008
2840.73813 15.065 0.006
2843.68941 14.870 0.005
2845.68677 15.054 0.006
2850.57566 14.852 0.005
2854.58785 15.042 0.006
2857.49810 14.851 0.006
2858.71046 14.671 0.005
2859.57095 15.081 0.007
2862.65755 14.844 0.006
2866.60703 15.117 0.007
2868.70887 14.926 0.006
2871.62714 15.054 0.006
2877.52907 14.551 0.005
2883.62372 14.972 0.006
2892.55004 15.100 0.006
2895.61565 14.890 0.005
2900.62732 14.794 0.006
2905.62644 14.731 0.006
2909.63576 15.020 0.006
2920.55069 15.035 0.007
2931.54751 14.733 0.005
3052.85736 14.792 0.005
3059.83029 14.794 0.005
3064.84717 14.744 0.005
3068.80096 15.006 0.006
3070.87962 15.029 0.006
3073.83570 14.891 0.005
3075.87380 15.084 0.006
3080.77802 14.898 0.005
3082.90585 15.092 0.006
3085.83628 14.818 0.005
3086.91091 14.547 0.005
3088.82891 14.668 0.005
3090.74198 14.715 0.005
3096.89717 14.991 0.006
3099.79287 14.888 0.005
3101.76911 15.063 0.006
3103.80208 14.981 0.005
3104.86073 14.881 0.008
3106.87399 15.000 0.006
3108.79451 15.097 0.005
3109.85340 14.737 0.005
3110.85983 15.026 0.006
3112.84512 14.536 0.005
3114.80974 14.690 0.005
3116.89782 14.773 0.005
3122.93574 15.018 0.007
3125.90022 15.012 0.006
3127.84443 15.112 0.006
3128.84634 14.734 0.005
3130.72683 14.772 0.005
3131.69331 14.934 0.006
3135.92492 14.769 0.005
3138.67921 14.729 0.005
3139.90441 15.086 0.006
3142.79302 14.755 0.005
3144.81301 14.902 0.005
3146.84633 15.124 0.006
3151.77591 14.944 0.005
3151.93363 15.052 0.006
3152.78153 14.619 0.005
3153.78422 15.108 0.006
3154.86971 14.751 0.005
3156.88927 14.889 0.005
3162.59910 15.026 0.006
3163.78007 14.868 0.005
3164.76230 14.551 0.005
3164.89530 14.636 0.005
3165.73589 15.015 0.005
3167.62226 15.115 0.007
3167.86256 14.991 0.006
3168.53038 14.718 0.005
3168.58428 14.721 0.005
3168.69466 14.752 0.005
3168.79118 14.792 0.005
3169.52892 15.002 0.005
3169.58627 14.988 0.005
3169.68699 15.026 0.006
3169.89546 14.599 0.005
3170.58519 14.810 0.005
3170.75965 14.907 0.005
3170.83703 14.966 0.005
3170.89729 15.010 0.006
3171.53108 14.796 0.005
3171.63617 14.565 0.005
3171.73992 14.557 0.005
3171.83782 14.635 0.005
3172.53038 14.932 0.005
3172.73676 15.069 0.005
3173.75752 14.727 0.005
3173.87723 14.744 0.006
3174.50977 15.087 0.006
3174.73602 14.994 0.005
3174.83742 15.011 0.005
3175.53852 14.739 0.005
3175.74480 14.794 0.005
3176.53304 15.010 0.007
3176.69016 14.911 0.006
3177.78526 14.989 0.006
3178.54950 14.583 0.005
3179.53001 15.006 0.005
3179.90925 15.014 0.006
3180.75101 14.736 0.005
3182.81168 14.881 0.005
3183.76662 14.554 0.005
3184.72776 15.001 0.005
3185.73121 14.685 0.005
3193.56263 15.094 0.006
3194.57425 14.733 0.005
3195.70581 14.961 0.005
3195.82635 14.619 0.005
3196.62725 14.855 0.005
3197.55200 14.624 0.005
3199.64984 14.713 0.005
3202.54347 15.023 0.006
3203.68854 14.954 0.005
3204.67946 14.612 0.005
3205.53831 15.022 0.005
3209.66366 14.624 0.005
3211.63416 14.643 0.005
3217.67837 15.054 0.006
3218.67669 14.711 0.005
3219.64184 15.071 0.006
3223.67791 14.574 0.005
3226.64961 14.993 0.006
3229.65966 14.970 0.005
3230.69314 14.659 0.005
3231.59715 15.104 0.006
3238.64543 15.085 0.007
3240.49759 14.986 0.005
3245.58146 15.071 0.007
3246.68715 14.804 0.006
3247.60629 14.978 0.006
3249.55381 14.535 0.005
3250.68477 15.112 0.007
3260.57380 14.833 0.005
3265.50420 14.737 0.005
3267.55787 14.867 0.005
3272.61583 14.808 0.005
3275.51119 14.554 0.005
3279.54675 14.808 0.005
3282.50523 14.582 0.005
3288.57159 15.061 0.005
3293.54218 14.889 0.005
3300.53601 14.942 0.006
3315.50481 14.698 0.006
3417.88062 14.752 0.005
3422.89757 14.707 0.005
3426.88870 14.940 0.005
3429.87368 14.740 0.005
3436.83177 14.746 0.005
3442.91652 14.988 0.006
3445.82954 14.882 0.005
3447.87988 15.091 0.005
3449.89681 14.984 0.005
3452.91396 15.005 0.005
3453.78580 14.556 0.005
3455.85643 14.732 0.005
3456.86750 15.002 0.005
3457.78516 14.800 0.005
3458.82874 14.597 0.005
3459.80331 14.984 0.005
3469.81574 14.761 0.005
3470.85595 14.830 0.005
3472.78715 14.541 0.005
3473.88213 15.108 0.006
3474.85452 14.731 0.005
3475.91833 14.999 0.005
3477.79107 14.799 0.005
3480.85733 15.088 0.005
3481.86136 14.739 0.005
3483.80162 14.822 0.005
3496.75548 14.982 0.005
3497.82447 14.944 0.005
3499.75191 15.075 0.005
3500.75649 14.727 0.005
3501.87006 15.002 0.005
3502.70499 14.762 0.005
3503.71564 14.882 0.005
3504.73003 14.925 0.005
3506.83502 15.087 0.006
3508.81220 15.020 0.005
3509.71528 14.805 0.005
3511.70196 14.973 0.005
3512.77092 14.693 0.005
3517.81137 14.566 0.005
3521.66574 14.754 0.005
3522.77593 14.790 0.005
3523.81065 14.968 0.005
3524.79829 14.630 0.005
3525.77798 15.098 0.005
3526.86337 14.749 0.005
3528.58195 14.746 0.005
3530.80734 15.018 0.005
3537.77516 15.053 0.005
3538.70466 14.665 0.005
3540.67860 14.741 0.005
3546.87958 15.012 0.006
3547.83699 14.838 0.005
3552.70026 14.741 0.005
3554.69508 14.832 0.005
3555.72922 14.590 0.005
3556.74989 15.022 0.006
3559.68159 14.737 0.005
3560.63472 14.989 0.005
3560.72677 15.035 0.005
3560.76311 15.018 0.005
3560.79227 14.980 0.005
3560.81555 14.899 0.005
3560.84105 14.793 0.005
3561.47648 14.765 0.006
3561.63091 14.826 0.005
3561.75009 14.878 0.005
3561.78009 14.898 0.005
3561.84212 14.942 0.005
3562.45994 15.010 0.006
3562.52576 14.959 0.005
3562.57649 14.788 0.005
3562.61917 14.659 0.005
3562.68083 14.551 0.005
3562.73188 14.542 0.005
3562.78939 14.569 0.005
3562.84199 14.587 0.005
3563.47102 14.879 0.006
3563.74665 15.096 0.005
3563.81802 15.113 0.006
3564.51139 14.552 0.005
3564.63543 14.660 0.005
3568.80493 14.973 0.005
3569.48661 14.830 0.006
3569.52491 14.708 0.005
3573.68951 14.791 0.005
3573.71648 14.799 0.005
3574.71748 14.683 0.005
3576.71880 14.636 0.005
3580.68561 14.838 0.005
3581.70199 14.585 0.005
3582.62780 14.978 0.005
3586.70260 15.015 0.005
3588.75367 14.557 0.005
3590.71113 14.733 0.005
3597.67421 14.734 0.005
3602.68759 14.650 0.005
3615.60950 15.054 0.005
3620.57623 14.880 0.005
3628.57827 14.579 0.005
3630.59231 14.746 0.005
3632.61978 14.854 0.006
3634.52316 14.947 0.005
3639.53020 14.830 0.005
3641.57573 15.057 0.006
3644.54054 14.758 0.005
3649.52992 14.724 0.005
3651.58201 14.793 0.005
3654.56708 14.629 0.005
3659.54215 14.616 0.005
3662.54664 15.099 0.007
3665.51715 14.866 0.006
3672.51844 14.878 0.006
3785.84945 14.599 0.005
3791.84453 14.848 0.006
3793.88874 15.065 0.005
3796.90541 14.786 0.005
3799.89067 14.610 0.005
3801.84545 14.727 0.005
3802.87987 14.986 0.005
3804.79308 14.869 0.005
3808.85616 14.738 0.005
3809.91305 15.009 0.005
3810.90911 14.866 0.005
3811.79967 14.614 0.005
3812.88061 15.051 0.005
3813.86033 14.689 0.005
3814.85576 15.068 0.005
3818.77342 14.543 0.005
3819.83706 15.072 0.005
3822.84794 14.799 0.005
3823.80893 14.924 0.005
3828.81518 14.984 0.005
3830.77155 14.774 0.005
3833.80217 15.101 0.005
3838.89023 15.072 0.005
3841.87704 14.795 0.005
3846.75947 14.703 0.005
3846.88820 14.732 0.005
3848.90576 14.859 0.005
3849.78014 14.870 0.005
3850.89816 15.037 0.005
3852.85128 15.102 0.005
3853.88435 14.760 0.005
3856.89647 14.529 0.005
3858.74528 14.629 0.005
3859.86541 15.069 0.006
3861.80224 15.028 0.005
3861.90115 14.817 0.005
3862.89471 14.943 0.005
3863.83658 14.554 0.005
3865.80519 14.724 0.005
3865.88377 14.733 0.005
3866.71506 15.103 0.005
3866.85455 14.978 0.005
3866.92891 14.986 0.005
3867.84643 14.810 0.005
3868.70615 15.022 0.005
3868.81099 14.862 0.005
3868.85097 14.733 0.005
3868.92473 14.568 0.005
3869.61933 14.831 0.005
3869.74703 14.895 0.005
3869.81668 14.955 0.005
3869.86668 14.993 0.005
3869.93767 15.035 0.007
3870.69461 14.514 0.006
3870.75441 14.531 0.005
3870.84136 14.618 0.006
3872.74053 14.718 0.005
3872.85179 14.736 0.005
3873.70236 15.057 0.005
3873.84143 14.989 0.005
3873.91192 15.014 0.005
3875.86628 14.532 0.005
3876.60528 14.874 0.005
3877.81641 14.671 0.005
3877.89020 14.712 0.005
3877.92864 14.715 0.005
3879.92509 14.789 0.005
3879.93286 14.795 0.005
3880.60132 15.060 0.005
3880.87173 14.992 0.005
3880.94527 14.765 0.006
3881.83472 14.878 0.005
3882.80700 14.526 0.005
3882.87721 14.549 0.005
3883.66945 14.952 0.005
3883.90527 15.089 0.005
3886.82424 14.786 0.005
3887.80747 14.972 0.005
3888.63562 14.815 0.005
3889.68726 14.551 0.005
3889.79502 14.548 0.005
3889.83447 14.563 0.005
3889.85231 14.583 0.005
3889.90479 14.632 0.005
3889.93122 14.668 0.005
3891.55443 14.570 0.005
3891.75805 14.738 0.005
3891.82884 14.729 0.005
3891.86943 14.742 0.005
3891.91051 14.749 0.005
3892.55290 15.106 0.007
3892.82596 14.961 0.005
3892.92709 15.027 0.006
3893.90784 14.848 0.005
3894.80182 14.732 0.005
3894.84625 14.608 0.005
3894.87896 14.545 0.005
3896.76117 14.577 0.005
3896.77836 14.600 0.005
3896.79707 14.613 0.005
3896.82703 14.649 0.005
3900.61408 14.765 0.005
3900.65209 14.774 0.005
3900.70110 14.800 0.005
3900.73811 14.811 0.005
3900.74978 14.817 0.005
3900.76437 14.830 0.005
3900.82516 14.869 0.005
3900.88532 14.897 0.005
3901.75200 14.640 0.005
3901.76669 14.607 0.005
3901.82881 14.535 0.005
3901.88949 14.548 0.005
3902.64393 14.914 0.005
3902.71088 14.958 0.005
3902.73767 14.981 0.005
3902.76384 14.995 0.005
3902.77430 15.012 0.005
3902.78326 15.017 0.005
3902.79262 15.027 0.005
3902.80518 15.021 0.005
3902.82032 15.036 0.005
3902.82971 15.056 0.005
3902.84573 15.070 0.006
3902.85942 15.065 0.005
3904.74440 15.132 0.005
3904.81338 15.103 0.005
3904.86620 15.046 0.005
3905.75209 14.748 0.005
3905.82469 14.769 0.005
3905.89327 14.800 0.005
3906.51672 15.111 0.006
3906.68657 14.984 0.005
3906.75953 15.019 0.005
3906.83221 14.989 0.005
3906.85017 14.937 0.005
3907.62324 14.797 0.005
3907.81809 14.927 0.006
3908.74987 14.533 0.005
3908.82513 14.558 0.005
3909.75891 15.048 0.005
3909.84082 15.098 0.005
3912.76044 14.782 0.005
3912.84833 14.817 0.005
3913.76363 14.963 0.005
3913.85344 14.658 0.005
3917.64726 14.707 0.005
3917.85015 14.736 0.005
3919.59360 14.755 0.005
3919.82005 14.845 0.005
3920.54523 14.996 0.005
3920.74149 14.753 0.005
3920.82025 14.561 0.005
3922.74516 14.605 0.005
3931.54384 14.713 0.005
3933.72595 14.854 0.005
3933.80161 14.908 0.005
3934.63948 14.611 0.005
3934.70925 14.548 0.005
3934.77828 14.557 0.005
3935.73656 15.064 0.006
3935.78834 15.080 0.006
3936.68419 14.689 0.005
3936.76177 14.720 0.005
3937.59407 15.119 0.005
3938.52640 14.735 0.005
3938.72799 14.771 0.005
3938.77720 14.788 0.005
3940.62940 14.857 0.005
3941.67355 14.538 0.005
3945.71982 14.807 0.005
3946.54205 15.007 0.005
3946.73145 14.646 0.005
3950.76944 14.747 0.005
3957.53348 14.727 0.005
3958.60625 14.981 0.005
3958.63530 15.003 0.005
3959.71058 14.883 0.005
3960.70409 14.544 0.005
3961.52381 14.946 0.005
3961.59926 15.006 0.006
3961.66529 15.044 0.006
3963.48578 15.098 0.006
3963.66035 15.070 0.005
3963.73369 14.991 0.006
3965.73509 14.744 0.005
3966.71957 14.938 0.005
3968.52363 15.001 0.005
3968.69513 15.093 0.006
3969.70614 14.728 0.005
3970.71926 14.987 0.005
3971.57912 14.777 0.005
3973.60427 14.913 0.005
3975.53660 15.070 0.005
3976.53135 14.713 0.005
3979.54112 14.899 0.006
3982.60829 15.116 0.006
3986.60833 14.545 0.005
3987.53075 14.978 0.005
3988.54357 14.644 0.005
3989.60525 15.077 0.006
3990.64752 14.760 0.005
3994.50024 15.016 0.006
3995.59785 14.718 0.005
3999.63540 14.968 0.005
4000.54244 14.569 0.005
4001.53220 15.081 0.006
4002.52891 14.711 0.005
4004.55183 14.789 0.005
4005.55453 14.673 0.005
4006.54922 14.969 0.005
4012.52492 14.583 0.005
4016.56681 14.757 0.005
4018.57940 14.905 0.006
4021.56336 14.709 0.005
4024.51110 14.942 0.006
4026.50663 14.568 0.005
4028.52265 14.723 0.005
4031.52274 14.631 0.005
4038.52794 14.548 0.005
4041.52708 15.033 0.007
4154.83075 14.729 0.005
4156.88374 14.834 0.006
4161.87123 14.744 0.005
4163.88722 14.880 0.006
4168.84161 14.770 0.006
4170.84270 14.916 0.006
4175.87767 14.804 0.005
4178.83476 14.630 0.005
4179.87463 15.100 0.006
4182.85962 14.835 0.005
4183.89211 14.534 0.005
4193.79020 15.064 0.007
4203.77242 14.953 0.005
4204.70721 14.561 0.005
4204.80708 14.642 0.005
4204.84109 14.665 0.005
4204.87522 14.686 0.005
4204.91343 14.703 0.005
4205.70750 15.096 0.007
4205.76301 15.107 0.006
4205.83637 15.092 0.006
4207.75426 14.975 0.006
4216.93326 14.651 0.005
4217.89684 15.098 0.006
4219.79256 15.000 0.006
4220.73435 14.766 0.005
4222.70018 14.880 0.006
4224.81334 15.103 0.006
4229.69922 14.942 0.006
4229.89619 15.069 0.006
4230.83540 14.697 0.005
4230.89709 14.730 0.005
4231.67138 15.084 0.005
4231.72248 15.091 0.005
4231.87748 15.029 0.006
4232.65913 14.735 0.005
4232.78414 14.739 0.005
4232.92166 14.800 0.006
4233.85187 14.985 0.005
4234.77945 14.857 0.005
4234.90180 14.947 0.006
4235.69577 14.623 0.005
4235.75321 14.532 0.005
4235.85684 14.556 0.005
4235.91895 14.619 0.006
4238.69366 15.103 0.006
4239.66553 14.750 0.005
4240.70519 15.016 0.006
4240.86158 14.703 0.005
4243.76428 15.087 0.006
4244.73940 14.714 0.005
4244.83200 14.728 0.005
4245.73043 15.011 0.006
4245.82591 14.975 0.005
4245.89851 15.027 0.006
4246.88062 14.853 0.006
4247.70983 14.943 0.006
4256.65032 14.575 0.005
4256.79585 14.701 0.006
4258.78339 14.767 0.005
4258.87600 14.800 0.006
4268.73096 14.537 0.005
4268.86721 14.671 0.005
4269.75273 15.110 0.006
4272.58363 14.741 0.005
4272.73353 14.814 0.005
4272.79216 14.833 0.006
4272.86352 14.880 0.006
4273.64401 14.972 0.006
4273.82216 14.536 0.005
4273.88337 14.538 0.006
4274.72801 14.974 0.006
4274.78892 15.003 0.006
4274.86216 15.069 0.007
4275.80189 14.683 0.006
4275.86301 14.706 0.006
4277.79080 14.758 0.006
4283.53762 15.081 0.006
4284.52940 14.715 0.006
4284.67976 14.743 0.005
4284.73914 14.755 0.005
4284.80118 14.782 0.005
4284.86616 14.819 0.006
4285.72610 15.030 0.006
4285.78741 14.942 0.006
4286.84055 14.955 0.006
4289.76212 14.724 0.005
4289.82694 14.737 0.005
4290.58950 15.128 0.007
4292.75257 14.759 0.005
4292.81556 14.597 0.005
4293.75844 14.966 0.006
4293.79869 14.989 0.006
4293.83620 15.028 0.007
4295.71940 15.114 0.006
4295.77800 15.115 0.006
4297.74276 14.983 0.005
4298.57267 14.763 0.006
4298.82171 14.863 0.006
4299.74096 14.587 0.005
4300.67155 14.954 0.006
4300.81656 15.057 0.006
4301.63878 14.576 0.005
4302.61552 15.095 0.006
4302.78060 15.078 0.007
4303.70210 14.747 0.005
4306.58614 14.807 0.006
4306.72266 14.523 0.005
4310.63975 14.751 0.006
4312.52734 14.813 0.007
4312.77021 14.944 0.006
4314.78479 15.098 0.007
4316.58908 15.101 0.006
4317.51098 14.732 0.005
4319.69202 14.942 0.006
4320.61337 14.547 0.005
4326.56280 14.907 0.005
4326.73894 15.025 0.007
4327.61443 14.591 0.005
4328.47958 15.048 0.006
4328.71924 15.076 0.007
4329.69763 14.743 0.005
4330.47991 15.061 0.006
4330.71720 15.020 0.006
4331.52206 14.774 0.005
4334.52979 14.587 0.006
4338.70508 14.925 0.007
4341.52757 14.667 0.005
4344.57304 15.020 0.006
4346.54474 14.541 0.005
4347.55908 15.086 0.007
4350.57824 14.791 0.006
4352.58627 14.957 0.007
4354.56899 15.111 0.006
4355.57683 14.731 0.005
4356.53402 14.981 0.006
4357.50542 14.797 0.006
4358.54884 14.636 0.005
4359.51780 14.964 0.006
4361.53114 15.122 0.007
4362.54852 14.737 0.006
4365.58677 14.536 0.005
4367.54018 14.707 0.005
4368.51313 15.113 0.007
4371.49457 14.870 0.006
4377.50799 14.868 0.006
4380.49981 15.094 0.006
4382.53397 15.008 0.007
4384.51258 14.627 0.006
4388.58362 14.762 0.006
4393.55465 14.723 0.005
4394.52785 15.032 0.006
4395.56402 14.794 0.006
4396.53381 14.890 0.007
4398.56284 14.607 0.005
4399.51278 15.086 0.007
4400.55725 14.732 0.006
4403.51114 14.707 0.006
4409.52856 14.839 0.007
4513.88522 15.058 0.006
4517.88434 14.549 0.005
4521.82367 14.776 0.005
4523.89609 14.935 0.006
4530.90558 15.017 0.006
4531.84788 14.652 0.005
4534.86950 15.018 0.006
4537.86168 15.034 0.005
4539.88018 15.035 0.006
4540.82410 14.752 0.005
4541.81663 14.999 0.005
4542.81139 14.878 0.005
4543.80690 14.533 0.005
4544.80386 15.049 0.006
4548.84166 14.731 0.005
4548.89259 14.619 0.005
4551.79281 15.068 0.006
4556.78144 14.957 0.005
4559.77311 14.743 0.005
4560.77350 15.008 0.005
4561.76280 14.822 0.005
4564.75306 14.685 0.005
4565.75109 15.095 0.005
4566.75054 14.756 0.005
4567.75048 15.014 0.005
4568.75999 14.875 0.005
4569.76762 14.540 0.005
4570.75568 15.057 0.006
4571.74735 14.715 0.005
4572.77419 14.997 0.005
4573.76234 14.780 0.005
4574.91294 14.548 0.005
4575.77372 14.935 0.005
4576.79285 14.609 0.005
4576.88362 14.683 0.005
4576.91524 14.707 0.005
4577.86192 15.095 0.006
4583.76032 14.652 0.005
4585.78727 14.744 0.005
4587.79695 14.881 0.005
4588.90459 14.617 0.005
4589.71854 15.011 0.005
4589.93573 15.103 0.007
4590.92927 14.740 0.005
4591.87977 14.985 0.006
4592.68864 14.741 0.005
4592.87794 14.807 0.005
4593.67783 15.026 0.005
4593.88766 14.599 0.005
4593.92752 14.548 0.005
4594.69908 14.874 0.005
4595.69162 14.542 0.005
4596.68346 15.036 0.006
4598.68431 15.046 0.005
4599.65681 14.759 0.005
4600.66918 14.979 0.005
4600.87786 14.541 0.005
4601.67171 14.897 0.005
4601.88796 15.051 0.005
4602.66427 14.548 0.005
4602.88859 14.708 0.005
4606.67211 14.782 0.005
4606.92731 14.941 0.006
4610.77454 15.073 0.006
4611.65095 14.724 0.005
4611.79982 14.751 0.005
4615.81477 15.098 0.006
4618.63502 14.743 0.005
4622.64858 15.051 0.006
4622.83351 15.105 0.006
4623.69521 14.728 0.005
4623.89282 14.750 0.005
4624.61669 15.070 0.006
4624.83669 15.030 0.006
4624.90574 14.960 0.006
4625.62709 14.772 0.005
4625.84646 14.878 0.006
4625.93501 14.924 0.007
4626.64770 14.931 0.006
4627.87511 15.057 0.005
4628.78239 14.682 0.005
4628.84472 14.716 0.005
4628.91894 14.724 0.005
4629.65547 15.101 0.006
4630.87585 14.779 0.006
4631.61606 14.994 0.005
4631.81475 14.977 0.005
4632.59518 14.774 0.005
4633.59221 14.847 0.005
4633.70316 14.578 0.005
4633.83658 14.560 0.005
4638.77665 14.871 0.005
4639.60031 14.813 0.005
4639.69781 14.857 0.005
4640.76506 14.577 0.005
4641.80609 15.096 0.006
4642.61644 14.688 0.005
4642.85775 14.738 0.005
4643.57571 15.089 0.006
4645.55455 14.996 0.006
4645.80226 14.595 0.005
4645.86781 14.542 0.005
4646.54960 14.829 0.005
4646.87534 15.046 0.005
4647.54591 14.575 0.005
4647.76210 14.650 0.005
4647.78631 14.664 0.005
4648.54300 15.008 0.006
4648.79687 15.093 0.006
4648.87148 15.025 0.006
4649.55321 14.685 0.005
4649.77959 14.734 0.005
4650.55435 15.068 0.006
4650.81746 15.023 0.006
4651.53778 14.766 0.005
4652.74346 14.576 0.005
4653.52490 14.862 0.006
4653.74413 15.012 0.006
4654.56398 14.555 0.005
4655.52474 15.038 0.006
4657.75510 15.016 0.006
4658.68532 14.849 0.006
4661.78249 14.730 0.005
4665.68241 14.875 0.006
4666.58772 14.564 0.005
4670.58430 14.749 0.005
4671.78000 14.560 0.005
4674.53955 15.038 0.006
4674.72976 15.110 0.006
4677.59708 14.783 0.005
4681.56153 15.094 0.006
4681.65453 15.106 0.006
4682.68282 14.751 0.005
4683.54415 14.999 0.007
4683.73277 14.981 0.006
4684.70812 14.890 0.005
4686.52545 14.946 0.006
4687.52881 14.614 0.005
4687.76471 14.735 0.005
4688.71182 15.007 0.006
4694.63094 14.724 0.006
4703.61255 14.801 0.005
4704.66792 14.557 0.005
4707.62439 15.094 0.006
4708.57629 14.725 0.005
4710.58112 14.826 0.005
4716.48861 15.000 0.005
4716.61303 14.966 0.006
4720.53078 14.699 0.005
4720.54486 14.699 0.005
4721.53106 15.065 0.007
4722.49685 14.749 0.006
4725.51226 14.551 0.005
4726.50837 15.075 0.007
4729.49380 14.776 0.005
4729.52906 14.786 0.006
4729.61307 14.850 0.006
4730.49523 14.830 0.005
4731.60219 15.036 0.007
4733.55064 15.119 0.006
4776.52464 14.970 0.007
4778.52991 15.128 0.007
4869.87405 14.919 0.006
4872.86644 14.730 0.005
4873.88825 14.978 0.006
4875.88807 14.641 0.005
4884.87881 14.697 0.005
4891.80751 14.696 0.005
4896.89844 14.631 0.005
4899.86618 14.978 0.005
4910.83778 14.693 0.005
4911.87474 15.037 0.005
4913.88824 14.895 0.005
4917.73483 14.677 0.005
4917.91604 14.713 0.005
4921.78846 14.915 0.005
4925.72342 15.048 0.006
4925.83975 14.986 0.005
4926.71657 14.760 0.005
4927.89425 14.542 0.005
4928.78804 14.967 0.005
4929.73467 14.598 0.005
4930.87452 15.080 0.006
4932.70492 14.982 0.005
4932.90407 14.964 0.005
4933.89851 14.896 0.005
4934.81945 14.548 0.005
4939.68121 14.998 0.006
4940.68120 14.828 0.005
4941.87629 14.619 0.005
4942.69767 15.016 0.005
4942.76962 15.066 0.005
4943.86688 14.723 0.005
4944.87629 14.990 0.005
4952.78332 14.812 0.005
4954.72836 14.947 0.005
4955.83135 14.694 0.005
