 625.92979 17.916 0.019
 626.92158 18.157 0.024
 627.88728 17.964 0.023
 631.90275 17.931 0.025
 632.89750 18.144 0.028
 635.87342 18.154 0.023
 643.84277 17.910 0.019
 645.86892 18.023 0.024
 647.82672 18.138 0.038
 649.83161 18.003 0.028
 656.88412 18.103 0.019
 657.88798 18.019 0.026
 658.89672 17.931 0.027
 665.86376 18.109 0.021
 666.86584 18.045 0.018
 667.88485 17.961 0.018
 668.85566 18.103 0.017
 670.82131 17.950 0.021
 671.84377 18.077 0.015
 672.84872 18.075 0.016
 673.76177 17.933 0.018
 684.77670 18.109 0.021
 685.77721 17.914 0.018
 686.73328 18.041 0.023
 687.89457 18.145 0.021
 688.86247 17.960 0.018
 689.72904 18.046 0.017
 697.69487 17.946 0.021
 698.71014 18.015 0.028
 699.72095 18.066 0.019
 700.70603 17.967 0.017
 701.67769 18.062 0.020
 704.67224 18.089 0.026
 706.67062 17.921 0.033
 706.76511 17.962 0.029
 707.70118 18.027 0.026
 708.69866 18.071 0.030
 712.69900 17.960 0.017
 713.71324 18.008 0.020
 714.72977 18.101 0.017
 715.77062 17.978 0.019
 716.75316 17.980 0.018
 720.66017 18.029 0.026
 726.72030 18.141 0.018
 728.71340 17.968 0.018
 729.65779 18.142 0.023
 730.60914 17.922 0.028
 733.66876 18.029 0.029
 739.69095 17.986 0.022
 741.65452 18.175 0.025
 742.64835 18.018 0.021
 744.61684 18.132 0.026
 745.65674 18.023 0.020
 746.60155 17.916 0.019
 747.55933 18.111 0.029
 748.55599 17.983 0.025
 749.56241 17.956 0.036
 750.53664 18.194 0.041
 751.56678 17.994 0.025
 752.77054 17.943 0.020
 753.71028 18.158 0.023
 754.74180 18.063 0.028
 755.56549 17.945 0.021
 759.56812 18.071 0.022
 760.57247 18.012 0.020
 761.56771 17.971 0.021
 762.56570 18.188 0.029
 762.69597 18.113 0.030
 762.77437 18.074 0.033
 763.58469 18.003 0.026
 763.72893 18.092 0.025
 764.66272 17.946 0.032
 765.54807 18.125 0.033
 766.58499 18.020 0.031
 766.65153 18.024 0.030
 767.55942 17.907 0.033
 767.71305 17.931 0.035
 769.54432 18.085 0.026
 770.64059 17.951 0.022
 771.61680 18.060 0.020
 772.54483 18.008 0.023
 773.56745 17.907 0.019
 774.63727 18.079 0.024
 775.59014 18.028 0.019
 776.67112 17.945 0.023
 777.58807 18.073 0.020
 778.56122 18.129 0.034
 778.65272 18.026 0.031
 779.62058 17.984 0.027
 780.60890 18.095 0.042
 780.71448 18.046 0.032
 781.59695 18.025 0.021
 782.59460 17.910 0.023
 783.57433 18.043 0.019
 784.61394 18.046 0.022
 785.58482 17.977 0.020
 786.58952 18.064 0.020
 787.66990 18.090 0.024
 787.75571 18.090 0.026
 788.60154 17.947 0.018
 790.55152 18.070 0.030
 795.56332 18.085 0.023
 796.61290 18.092 0.027
 797.68338 17.969 0.021
 798.60081 18.042 0.021
 800.59870 17.969 0.018
 802.57922 18.106 0.026
 805.58527 18.018 0.027
 806.59605 17.980 0.031
 817.62350 18.123 0.023
 819.66462 17.912 0.017
 820.66359 18.058 0.023
 822.58355 17.951 0.019
 823.66086 18.100 0.026
 824.60897 18.086 0.029
 824.67178 18.038 0.030
 825.68216 17.937 0.029
 828.64220 17.891 0.022
 829.60880 18.106 0.024
 832.61570 18.164 0.026
 833.63583 18.026 0.019
 834.65001 17.889 0.022
 836.58339 17.988 0.025
 838.55649 18.140 0.031
 840.57196 17.912 0.023
 845.57762 18.072 0.019
 850.54509 18.086 0.038
 855.55176 17.936 0.028
 856.53963 18.092 0.032
 859.53928 18.103 0.024
 860.57159 18.127 0.027
 866.55891 18.031 0.034
 876.52745 17.970 0.022
 962.90815 17.919 0.023
 986.87442 18.022 0.023
 987.88673 17.953 0.021
 991.90063 18.102 0.023
 996.86681 17.955 0.012
 998.87405 17.957 0.023
1003.80520 18.077 0.030
1005.83063 17.957 0.026
1008.86380 17.890 0.023
1020.82667 17.928 0.019
1025.80632 18.031 0.025
1035.78119 17.905 0.020
1037.80841 18.041 0.022
1038.90747 17.904 0.027
1041.87788 17.942 0.019
1045.77901 18.086 0.021
1049.79943 18.058 0.020
1052.80978 18.147 0.026
1055.67953 18.100 0.020
1058.83136 18.134 0.028
1059.81020 17.928 0.025
1064.75336 18.103 0.028
1068.74520 17.922 0.020
1071.77319 17.967 0.019
1075.79031 17.962 0.018
1078.71209 17.920 0.017
1080.65813 17.939 0.019
1083.75046 18.096 0.018
1086.60098 17.952 0.020
1090.68409 18.018 0.026
1092.68416 17.991 0.023
1094.68032 18.111 0.018
1102.64891 17.968 0.019
1107.61725 18.004 0.017
1112.72342 18.116 0.024
1117.59885 17.942 0.026
1122.61040 18.080 0.022
1128.55900 17.980 0.026
1132.58938 17.875 0.019
1135.65802 17.929 0.018
1138.61083 17.972 0.020
1140.64323 18.066 0.021
1144.64623 17.964 0.024
1151.58069 18.120 0.023
1154.60027 17.994 0.024
1157.64603 18.064 0.027
1160.63753 18.086 0.028
1163.71946 17.983 0.021
1166.68648 17.908 0.017
1170.61541 18.082 0.020
1175.67654 17.969 0.026
1179.67424 18.080 0.026
1183.68311 18.020 0.023
1186.67695 17.974 0.018
1189.56550 18.032 0.019
1192.61010 18.076 0.022
1202.55668 17.974 0.027
1206.56031 18.130 0.028
1212.55185 18.070 0.033
1216.55792 18.096 0.031
1220.55410 17.967 0.024
1227.54972 18.106 0.036
1233.53726 18.082 0.036
1329.79871 18.018 0.033
1330.90887 17.956 0.026
1335.85403 18.134 0.028
1340.92990 18.015 0.022
1347.91122 18.096 0.023
1355.90013 17.923 0.029
1365.90103 18.110 0.027
1367.87856 17.941 0.027
1369.86624 18.048 0.026
1374.86515 18.183 0.026
1395.83074 18.106 0.027
1397.85409 17.920 0.023
1401.86776 18.105 0.023
1407.87505 18.068 0.024
1412.77302 17.970 0.024
1418.81310 17.957 0.019
1430.70709 17.949 0.023
1432.77198 18.121 0.022
1438.72487 18.082 0.019
1441.83194 18.118 0.019
1447.68839 18.104 0.034
1451.65444 17.985 0.021
1454.62868 17.946 0.024
1459.67425 18.056 0.024
1461.64909 17.953 0.022
1462.70746 18.114 0.022
1470.59629 18.023 0.023
1475.62036 18.035 0.024
1478.56898 18.000 0.024
1479.58515 17.999 0.025
1484.58439 18.055 0.025
1487.61142 18.048 0.022
1490.64713 18.038 0.023
1492.54989 18.084 0.028
1495.59921 18.119 0.023
1498.56509 18.073 0.027
1502.58826 18.127 0.025
1505.65536 18.094 0.028
1509.56629 17.947 0.021
1512.66845 18.017 0.026
1516.56815 18.125 0.021
1518.63807 17.962 0.023
1520.66594 18.152 0.029
1523.58328 17.961 0.041
1526.56618 18.061 0.022
1531.67348 18.006 0.024
1546.58959 17.961 0.019
1551.55264 17.991 0.020
1556.59339 18.108 0.029
1567.58975 17.938 0.041
1571.58422 18.170 0.026
1576.57307 17.923 0.028
1582.58378 17.926 0.021
1585.55762 17.968 0.028
1589.55948 18.083 0.030
1599.53943 18.137 0.034
1602.52924 18.051 0.036
1607.52336 18.033 0.033
1702.89391 18.012 0.028
1703.93583 18.102 0.028
1716.90183 17.962 0.025
1728.89328 17.983 0.024
1731.87987 18.047 0.017
1740.86850 18.055 0.028
1742.87009 18.105 0.026
1743.86633 17.990 0.023
1744.88539 17.928 0.023
1749.83579 18.094 0.018
1750.86226 17.940 0.023
1751.81952 18.199 0.021
1752.83531 18.054 0.023
1753.83638 17.941 0.021
1754.80857 18.122 0.023
1755.82842 17.956 0.038
1756.85757 17.863 0.035
1757.80699 18.147 0.032
1758.81160 18.062 0.023
1759.80146 17.923 0.019
1761.84086 18.006 0.022
1762.82322 17.936 0.021
1763.82890 18.113 0.020
1764.81864 18.103 0.019
1765.81482 17.929 0.022
1766.76811 18.019 0.032
1768.77907 17.924 0.024
1769.68794 18.185 0.030
1771.78124 17.887 0.030
1772.80114 18.060 0.020
1773.76839 18.055 0.022
1775.85223 18.072 0.020
1784.83657 18.026 0.024
1788.73992 18.042 0.027
1803.79405 18.134 0.026
1808.80293 17.935 0.018
1811.78612 17.968 0.016
1814.83294 17.953 0.020
1817.79883 17.938 0.017
1821.60071 18.041 0.035
1823.75822 17.926 0.015
1828.84469 18.062 0.024
1829.76946 17.923 0.023
1845.72478 18.166 0.021
1845.78513 18.125 0.023
1847.79314 17.926 0.018
1848.61218 18.214 0.025
1848.72192 18.139 0.024
1851.60347 18.039 0.028
1851.70591 18.153 0.037
1854.59325 18.099 0.024
1854.64757 18.142 0.024
1854.77552 18.054 0.020
1859.73950 17.959 0.022
1860.73559 18.016 0.026
1863.57273 18.181 0.026
1863.72317 18.066 0.028
1866.57556 18.157 0.021
1869.66311 18.065 0.020
1869.72009 18.080 0.027
1871.78393 17.941 0.020
1872.56372 18.093 0.025
2090.90645 18.041 0.037
2105.90431 17.963 0.026
2106.86900 17.873 0.028
2113.84931 18.136 0.031
2116.85251 18.099 0.026
2123.79926 18.052 0.030
2127.81422 17.996 0.042
2128.80717 18.097 0.037
2129.83914 18.077 0.028
2130.86372 17.979 0.027
2131.85700 18.170 0.039
2133.87603 17.942 0.038
2134.79108 18.052 0.035
2135.82375 18.076 0.028
2136.84410 17.957 0.030
2137.79775 18.075 0.031
2140.79271 18.134 0.032
2141.82752 18.015 0.039
2142.76949 17.912 0.024
2143.80029 18.107 0.030
2144.84635 18.095 0.026
2155.86014 18.072 0.043
2156.80676 18.154 0.035
2160.73173 17.921 0.029
2162.74263 18.085 0.027
2166.73725 17.970 0.024
2167.78340 18.011 0.025
2171.72201 18.112 0.025
2172.72763 17.964 0.025
2173.70817 18.043 0.025
2177.59917 18.095 0.041
2184.68234 18.013 0.036
2185.64629 17.984 0.030
2187.70370 17.958 0.035
2188.66169 17.981 0.035
2190.67272 18.003 0.024
2191.68098 17.938 0.027
2192.64577 18.129 0.024
2193.66687 18.015 0.022
2194.63500 17.953 0.025
2195.70179 18.098 0.023
2200.61254 17.900 0.027
2201.64961 18.091 0.028
2203.70608 17.899 0.021
2211.62361 17.982 0.030
2212.62461 17.900 0.029
2213.63301 18.134 0.038
2214.61722 18.003 0.034
2215.63166 17.922 0.027
2217.61865 18.088 0.039
2219.66111 18.097 0.035
2222.62968 18.143 0.040
2224.69634 17.932 0.024
2226.61688 18.021 0.033
2228.54117 18.022 0.038
2229.59938 18.034 0.031
2231.55103 18.130 0.037
2233.59528 17.924 0.025
2235.64129 18.035 0.023
2238.52990 18.030 0.037
2240.63375 18.098 0.029
2242.60155 18.002 0.031
2244.61975 18.076 0.031
2248.58257 17.936 0.020
2250.54997 18.072 0.035
2252.60744 18.035 0.031
2255.58555 18.051 0.029
2257.60724 18.001 0.025
2262.59787 18.094 0.029
2266.58731 17.941 0.031
2272.56490 17.950 0.026
2274.55052 18.108 0.032
2277.58557 18.115 0.028
2283.58242 18.127 0.031
2290.57714 18.011 0.028
2292.58769 18.035 0.033
2294.59085 17.928 0.029
2298.56767 18.095 0.042
2300.56644 17.989 0.035
2303.54996 17.871 0.035
2445.89193 18.056 0.038
2458.93304 18.042 0.033
2463.89667 18.081 0.032
2465.90934 17.923 0.024
2467.88219 18.011 0.028
2469.88184 18.141 0.028
2470.91616 18.051 0.023
2471.92738 17.893 0.026
2473.86735 18.040 0.027
2483.83976 17.887 0.023
2486.85724 17.934 0.033
2489.90382 17.965 0.029
2492.88488 17.961 0.033
2496.88449 18.092 0.028
2497.90793 18.060 0.029
2498.91078 17.961 0.022
2499.84089 18.081 0.031
2500.84534 18.062 0.027
2501.83527 17.940 0.023
2502.81508 18.075 0.030
2503.83059 18.060 0.027
2516.75779 17.981 0.033
2517.80457 18.051 0.028
2518.77555 18.071 0.027
2519.85437 17.975 0.025
2520.77256 18.024 0.027
2521.84378 18.101 0.024
2524.84155 18.142 0.038
2526.75915 18.015 0.021
2534.81620 17.999 0.026
2535.83613 17.965 0.029
2537.68350 17.925 0.037
2538.77710 17.940 0.028
2539.68434 18.100 0.030
2541.69625 18.014 0.025
2542.66605 18.115 0.027
2544.64357 18.024 0.024
2545.65977 18.103 0.025
2547.67763 18.022 0.030
2548.69307 18.113 0.029
2550.68799 17.970 0.028
2551.67470 18.093 0.025
2552.69084 18.008 0.023
2554.68402 18.140 0.027
2555.69196 17.997 0.025
2556.67087 17.968 0.025
2557.68345 18.126 0.024
2558.63995 17.971 0.026
2559.59667 17.988 0.029
2560.62987 18.124 0.028
2561.65550 17.982 0.038
2562.64833 17.957 0.025
2563.65612 18.100 0.029
2564.67174 18.016 0.030
2565.65870 17.918 0.024
2566.64369 18.111 0.030
2568.67503 17.937 0.036
2571.62651 18.005 0.039
2572.72400 18.171 0.039
2573.64103 17.983 0.034
2574.62492 17.952 0.028
2576.62455 18.004 0.036
2577.61057 17.904 0.035
2578.60887 18.141 0.035
2579.61826 18.055 0.029
2580.63034 17.931 0.025
2583.60170 17.932 0.034
2584.60921 18.157 0.042
2587.58964 18.108 0.033
2588.61850 17.993 0.030
2589.57961 17.905 0.025
2590.59439 18.156 0.037
2591.59555 18.044 0.028
2593.58615 18.121 0.026
2594.58990 17.942 0.032
2596.56607 18.165 0.041
2597.55341 18.035 0.037
2598.60633 17.902 0.025
2599.58547 18.129 0.047
2607.60638 17.970 0.035
2610.52671 18.001 0.036
2613.51888 17.926 0.030
2615.55069 18.083 0.039
2619.53015 17.932 0.032
2621.54678 18.115 0.032
2623.59473 18.006 0.030
2626.53830 18.045 0.029
2629.54488 18.046 0.043
2635.54596 18.013 0.022
2639.52641 18.057 0.055
2641.57196 17.999 0.027
2646.55782 18.003 0.035
2650.57034 17.934 0.026
2654.53775 18.180 0.047
2656.58581 17.902 0.031
2660.53155 18.185 0.047
2664.55642 18.034 0.038
2669.52911 18.066 0.034
2673.54609 18.089 0.039
2675.56197 18.114 0.034
2678.56229 18.113 0.040
2682.52203 18.064 0.050
2777.88447 18.088 0.044
2804.89045 18.107 0.041
2810.92282 18.114 0.032
2814.92038 18.007 0.026
2817.90833 18.045 0.031
2825.88407 18.136 0.038
2830.92254 17.931 0.031
2831.76280 18.098 0.040
2832.72829 18.011 0.033
2833.84637 17.922 0.034
2834.85412 18.096 0.040
2837.85229 18.093 0.042
2839.88805 17.871 0.025
2841.86874 17.993 0.026
2844.85400 18.027 0.022
2845.89996 17.929 0.033
2848.93697 17.968 0.041
2850.87007 18.087 0.033
2851.91336 17.956 0.026
2852.78400 18.148 0.028
2853.92389 18.044 0.027
2856.79707 18.041 0.036
2858.89110 18.052 0.024
2860.85718 17.933 0.026
2861.72813 18.141 0.025
2862.90715 18.073 0.034
2863.81623 17.962 0.033
2865.85017 18.065 0.024
2866.86289 17.975 0.031
2867.84384 18.055 0.028
2868.78757 18.024 0.024
2870.79725 18.075 0.025
2872.75467 17.947 0.021
2876.75744 18.095 0.027
2877.77929 18.088 0.029
2879.78805 18.090 0.022
2883.80643 18.097 0.022
2885.74162 18.085 0.029
2888.78984 18.023 0.030
2892.78146 18.080 0.037
2894.74773 18.022 0.028
2896.74486 17.985 0.025
2898.76577 18.109 0.026
2900.72775 18.014 0.022
2902.72728 17.984 0.022
2905.73445 18.020 0.026
2907.73571 18.118 0.026
2909.72470 17.961 0.020
2911.71617 18.001 0.020
2915.68756 17.949 0.024
2917.71355 18.006 0.022
2921.71145 17.941 0.026
2923.73276 18.002 0.026
2925.69630 18.130 0.026
2927.69373 17.942 0.028
2930.71161 17.919 0.024
2932.71797 18.032 0.026
2934.69806 18.147 0.026
2937.61857 18.089 0.033
2939.71219 17.934 0.025
2940.61519 18.136 0.024
2941.60882 17.982 0.022
2942.61500 17.922 0.022
2943.56739 18.088 0.033
2944.57082 18.030 0.025
2945.58759 17.965 0.037
2947.58440 18.018 0.031
2949.57856 18.116 0.029
2951.61031 17.905 0.029
2952.63771 18.117 0.030
2954.66427 17.972 0.032
2956.61034 18.027 0.022
2958.59501 18.105 0.026
2961.57582 18.077 0.039
2965.60421 18.088 0.022
2968.57532 18.050 0.031
2970.59466 18.121 0.029
2974.57313 18.035 0.029
2976.52905 18.128 0.035
2977.59605 18.007 0.035
2979.56036 18.094 0.037
2981.60539 17.952 0.040
2987.62911 17.930 0.025
2989.55140 18.025 0.028
2992.55319 18.104 0.035
2995.59605 18.079 0.023
2998.55403 18.074 0.035
3001.55533 18.146 0.031
3004.54730 18.096 0.032
3007.55342 18.106 0.027
3010.55256 18.081 0.027
3016.56968 18.148 0.035
3019.58313 18.068 0.031
3021.59706 17.911 0.020
3023.55240 18.001 0.029
3025.54974 18.144 0.033
3027.58503 17.932 0.025
3029.55695 18.018 0.028
3031.56130 18.093 0.035
3033.56379 17.942 0.025
3036.58099 17.938 0.032
3040.54401 18.132 0.038
3160.84150 18.074 0.040
3183.89340 17.968 0.025
3193.86117 18.088 0.034
3195.92015 17.936 0.027
3197.89573 18.037 0.032
3201.85317 17.967 0.024
3203.86033 18.039 0.022
3204.92393 17.962 0.027
3210.87494 17.917 0.023
3211.90321 18.133 0.027
3215.68167 18.051 0.038
3216.70294 17.960 0.039
3217.77892 18.183 0.038
3218.88896 18.047 0.045
3223.81647 18.127 0.037
3226.80497 18.133 0.036
3229.81405 18.095 0.025
3231.76471 17.964 0.035
3239.77426 18.084 0.028
3240.76361 17.968 0.030
3241.83281 18.037 0.031
3242.69530 18.083 0.028
3243.82793 17.968 0.029
3244.80901 18.016 0.030
3245.75445 18.076 0.029
3246.75073 17.987 0.026
3247.74207 18.118 0.035
3249.70918 17.930 0.026
3251.72192 18.068 0.022
3254.70926 18.054 0.028
3256.77512 18.014 0.026
3260.68530 18.117 0.033
3262.72124 18.031 0.019
3264.67293 17.985 0.021
3266.74393 18.097 0.031
3268.67724 17.999 0.022
3270.65758 17.954 0.028
3271.64504 18.054 0.031
3272.70187 18.115 0.028
3274.68403 17.988 0.029
3276.69288 17.993 0.029
3277.72570 17.979 0.030
3279.65830 18.026 0.024
3281.61774 18.146 0.023
3283.62356 18.003 0.018
3287.58963 18.050 0.029
3289.60060 18.022 0.024
3293.57761 18.123 0.025
3295.59635 18.007 0.017
3297.57764 18.062 0.020
3299.63453 18.105 0.022
3301.60864 17.998 0.035
3303.67078 18.035 0.031
3306.60342 18.025 0.020
3308.59130 18.102 0.038
3310.59043 17.966 0.031
3312.59271 18.052 0.026
3314.54508 18.122 0.044
3320.58283 18.149 0.026
3321.57855 18.053 0.029
3327.53764 17.982 0.032
3330.53156 17.992 0.030
3335.57260 18.124 0.034
3338.57963 18.117 0.026
3349.57673 17.963 0.018
3353.55408 18.013 0.030
3360.56269 18.074 0.033
3363.53457 18.089 0.035
3367.59776 17.939 0.025
3375.53075 18.091 0.036
3378.57631 18.157 0.029
3386.54267 17.912 0.021
3390.55112 18.106 0.034
3398.53811 17.855 0.025
3402.52621 18.052 0.033
3538.93504 17.975 0.028
3547.89635 17.998 0.028
3554.90454 17.879 0.028
3561.87072 18.110 0.021
3561.92372 18.150 0.021
3564.88706 18.110 0.023
3569.90914 17.877 0.022
3570.72262 18.015 0.038
3571.77940 17.984 0.039
3573.81609 18.170 0.035
3574.86256 18.055 0.027
3577.82114 18.064 0.026
3578.87931 17.950 0.022
3581.82567 17.975 0.021
3582.81005 18.101 0.028
3583.81890 18.013 0.026
3584.79054 17.938 0.022
3586.78900 18.001 0.017
3588.79298 18.115 0.021
3591.85446 18.110 0.019
3593.82864 17.935 0.023
3596.80232 17.944 0.026
3601.79071 18.045 0.024
3607.76809 18.048 0.021
3614.76595 17.936 0.017
3617.74292 17.944 0.021
3619.67427 18.037 0.027
3621.70129 18.090 0.024
3624.80284 17.978 0.027
3626.69822 17.947 0.023
3633.67595 17.994 0.035
3636.75898 17.941 0.029
3638.65246 18.005 0.025
3641.68150 18.023 0.022
3643.70219 18.137 0.026
3646.63543 18.094 0.027
3650.64026 18.010 0.025
3651.71426 17.928 0.021
3653.68544 17.992 0.023
3655.67665 18.149 0.026
3657.60506 17.911 0.024
3658.63180 18.163 0.032
3659.62102 17.986 0.032
3661.59212 18.153 0.045
3663.57883 17.909 0.032
3665.59549 18.017 0.023
3668.55345 18.026 0.026
3669.65591 17.895 0.026
3671.60873 18.011 0.029
3673.65726 18.226 0.040
3675.63963 17.935 0.021
3683.62901 18.007 0.026
3685.63043 18.113 0.026
3687.62874 17.947 0.023
3689.57971 18.065 0.026
3692.55166 18.014 0.025
3694.54504 18.176 0.036
3696.53684 17.896 0.019
3698.57890 18.069 0.035
3700.55810 18.039 0.027
3702.56523 17.904 0.025
3704.56638 18.089 0.032
3706.57590 18.083 0.022
3708.56488 17.942 0.026
3711.57153 17.952 0.026
3713.59401 18.100 0.026
3717.56195 17.965 0.035
3721.52618 18.083 0.054
3724.53127 18.071 0.029
3726.52768 17.908 0.026
3728.53419 18.137 0.031
3734.54534 18.025 0.026
3740.55873 18.125 0.025
3746.53946 18.160 0.042
3761.58737 18.094 0.026
3765.55348 18.074 0.020
3771.56542 18.034 0.029
3776.52483 18.190 0.044
3780.54912 18.084 0.038
3871.86172 18.154 0.042
3900.94809 17.973 0.037
3905.94263 18.132 0.030
3913.90154 17.944 0.019
3917.93852 18.201 0.026
3931.88474 17.948 0.029
3933.92955 18.046 0.027
3936.85132 18.059 0.023
3938.83532 18.136 0.032
3944.88302 18.096 0.026
3946.84757 17.983 0.020
3951.87013 18.136 0.024
3955.83091 17.975 0.031
3958.81232 17.951 0.029
3960.81241 18.103 0.025
3963.80913 18.145 0.036
3965.80103 18.099 0.017
3967.82072 17.964 0.018
3969.78656 18.098 0.025
3971.76223 18.032 0.019
3974.76441 18.067 0.027
3979.71982 17.923 0.024
3980.60247 18.095 0.035
3981.62950 18.056 0.021
3983.89915 17.962 0.025
3987.76770 18.100 0.024
3990.77559 18.104 0.022
3993.71850 18.071 0.026
3995.72422 18.013 0.021
3999.73442 18.101 0.021
4002.70713 18.107 0.019
4004.65882 17.977 0.020
4006.68514 18.012 0.019
4007.54651 18.034 0.025
4008.55737 18.068 0.023
4009.68088 18.005 0.024
4013.68176 17.943 0.027
4015.66616 17.914 0.035
4017.68047 18.058 0.028
4018.71980 17.995 0.026
4019.66929 17.937 0.025
4021.66269 17.978 0.020
4024.63610 17.995 0.022
4026.61506 18.146 0.024
4028.61087 17.926 0.019
4030.62001 18.011 0.021
4032.67515 18.121 0.030
4037.63539 17.908 0.019
4039.58967 18.061 0.022
4041.58195 18.122 0.031
4043.57488 17.991 0.028
4046.56770 17.937 0.026
4048.55010 18.077 0.033
4050.59238 18.060 0.024
4052.54423 17.917 0.024
4054.59858 18.030 0.026
4056.57055 18.074 0.032
4058.57207 17.956 0.027
4061.56759 17.942 0.021
4065.51713 18.124 0.032
4068.51724 18.163 0.034
4070.53581 17.928 0.027
4073.56171 17.864 0.029
4076.62889 17.966 0.029
4078.58888 18.102 0.023
4080.59951 17.981 0.027
4085.54704 18.006 0.028
4092.54199 17.985 0.021
4096.55352 18.054 0.029
4099.59664 18.076 0.030
4104.58751 17.873 0.030
4111.57548 18.106 0.021
4120.53254 18.143 0.030
4126.55741 18.028 0.031
4252.91154 18.073 0.036
4255.82730 18.126 0.044
4268.94014 17.990 0.025
4275.90759 17.947 0.030
4279.78530 18.139 0.052
4282.79591 18.092 0.034
4283.87929 17.985 0.035
4283.93413 18.052 0.033
4285.90307 18.092 0.033
4291.92358 18.116 0.034
4293.89165 17.899 0.021
4296.87616 17.950 0.020
4297.90876 18.179 0.029
4299.84378 17.931 0.021
4300.86516 18.143 0.026
4301.88320 18.028 0.021
4302.89920 17.916 0.025
4306.84685 18.108 0.028
4307.88311 18.036 0.021
4308.64468 17.977 0.031
4308.85110 17.938 0.025
4310.82475 18.046 0.032
4311.81211 17.957 0.038
4312.88598 18.103 0.023
4314.90531 17.933 0.028
4316.81231 18.038 0.030
4319.84426 18.073 0.028
4320.90807 17.953 0.029
4326.82031 17.934 0.026
4327.79820 18.119 0.037
4328.81384 18.119 0.032
4329.81731 17.970 0.029
4330.91317 18.025 0.030
4333.87875 17.990 0.028
4338.88277 17.949 0.031
4340.75448 18.067 0.030
4341.75059 17.930 0.031
4342.77491 18.039 0.032
4343.74392 18.096 0.026
4344.72612 17.943 0.025
4345.77211 18.076 0.031
4347.76101 17.969 0.022
4349.77421 18.111 0.026
4354.74141 17.990 0.031
4356.74449 17.960 0.028
4357.68196 18.022 0.025
4359.67990 17.903 0.030
4362.64743 17.944 0.037
4365.71965 17.984 0.036
4369.63419 18.016 0.047
4372.65763 17.995 0.022
4375.62008 17.954 0.036
4377.73666 18.026 0.023
4379.62814 18.137 0.036
4380.72397 17.989 0.023
4382.66829 18.141 0.032
4386.64329 17.964 0.026
4388.64411 18.097 0.030
4390.65312 17.915 0.022
4392.67756 18.038 0.025
4395.65876 18.042 0.033
4397.69953 18.164 0.033
4400.64995 18.107 0.034
4403.63856 18.131 0.033
4407.61578 18.022 0.030
4408.64102 17.917 0.025
4410.72455 18.047 0.029
4412.68556 18.092 0.033
4416.67068 18.105 0.027
4418.67958 18.104 0.025
4421.61319 18.108 0.034
4423.69485 17.974 0.028
4425.62571 18.174 0.046
4427.63758 18.079 0.029
4429.54647 17.953 0.040
4431.55102 18.065 0.032
4433.55699 18.103 0.030
4435.54096 17.966 0.029
4437.61311 18.098 0.036
4439.54615 18.082 0.036
4441.58189 17.974 0.030
4443.60898 18.080 0.032
4449.62587 18.107 0.028
4451.58151 18.003 0.023
4453.56385 17.960 0.030
4456.56538 18.017 0.034
4458.56629 18.145 0.033
4464.55748 18.128 0.030
4472.55162 17.897 0.025
4475.57107 17.876 0.022
4478.57770 17.902 0.030
4481.55933 17.956 0.031
4484.55987 17.902 0.037
4486.60823 18.061 0.040
4502.56048 17.973 0.030
4609.87294 17.941 0.028
4638.93787 18.120 0.029
4643.86269 17.953 0.031
4648.92879 18.063 0.028
4652.92199 17.948 0.027
4656.90275 18.121 0.026
4662.75900 18.180 0.032
4663.73061 18.001 0.030
4665.80358 18.116 0.035
4666.89136 18.020 0.033
4670.88564 17.972 0.027
4671.87193 18.183 0.033
4672.85988 18.042 0.026
4675.86622 18.044 0.029
4681.85720 18.090 0.023
4683.83138 18.130 0.035
4685.83852 17.936 0.032
4687.87412 18.017 0.024
4688.78974 17.943 0.020
4689.74749 18.126 0.025
4690.71516 18.031 0.021
4691.71819 17.948 0.028
4693.87325 18.073 0.034
4696.79487 18.021 0.042
4698.73499 18.089 0.027
4700.76642 17.920 0.022
4701.72060 18.097 0.031
4701.77162 18.038 0.023
4702.83173 18.136 0.027
4703.73096 17.975 0.024
4704.74984 18.088 0.023
4705.75701 18.069 0.027
4707.74914 18.029 0.022
4708.81790 18.093 0.022
4710.73153 18.089 0.023
4716.73546 18.027 0.021
4719.72758 18.026 0.033
4721.71627 17.953 0.032
4725.70371 18.014 0.027
4728.73182 17.938 0.025
4731.73296 17.970 0.022
4734.72004 17.943 0.023
4741.68620 18.102 0.022
4747.56355 18.149 0.032
4749.57211 17.962 0.034
4753.64142 18.092 0.036
4755.63017 17.924 0.024
4757.61966 17.996 0.026
4759.63232 18.135 0.027
4761.59751 17.912 0.018
4763.61510 18.025 0.029
4766.58304 17.973 0.035
4769.62141 18.085 0.033
4771.66635 18.098 0.024
4773.65753 17.927 0.023
4775.64415 18.076 0.040
4777.57607 18.097 0.034
4779.59661 17.948 0.022
4781.56352 18.034 0.029
4783.54541 18.099 0.034
4785.57802 17.886 0.027
4786.63527 18.123 0.032
4788.59339 17.908 0.024
4790.59566 18.071 0.019
4792.57381 18.096 0.027
4794.55427 17.951 0.021
4796.62422 18.045 0.025
4798.57097 18.066 0.034
4800.61815 17.975 0.023
4802.59561 18.107 0.029
4804.61874 18.052 0.038
4806.60465 17.884 0.028
4808.52613 18.089 0.042
4810.59144 18.031 0.029
4813.57669 18.027 0.031
4815.54900 17.938 0.028
4817.56942 18.111 0.025
4819.56336 18.026 0.029
4821.64699 18.008 0.022
4824.55142 17.972 0.029
4826.60118 18.101 0.029
4832.56861 18.092 0.027
4834.59359 17.945 0.033
4837.58485 17.927 0.034
4841.56102 18.083 0.033
4843.55532 17.971 0.037
4845.55283 18.026 0.032
4846.56011 17.940 0.027
4848.60068 18.025 0.025
4850.58797 18.078 0.032
4854.56907 18.058 0.031
4862.55120 18.109 0.025
4866.55206 18.039 0.032
