 551.85876 15.174 0.005
 552.90987 15.133 0.005
 553.84279 15.097 0.005
 554.83549 15.142 0.005
 558.72013 15.102 0.005
 559.79597 15.082 0.005
 561.73484 15.241 0.005
 562.68880 15.159 0.006
 567.86607 15.219 0.005
 568.88380 15.228 0.005
 569.87816 15.152 0.005
 571.86074 15.099 0.005
 572.88252 15.150 0.005
 573.91469 15.205 0.005
 574.89746 15.220 0.005
 576.64822 15.108 0.005
 578.81621 15.172 0.005
 581.79875 15.122 0.005
 582.83152 15.103 0.005
 583.85254 15.104 0.005
 587.92972 15.160 0.006
 588.88507 15.098 0.005
 590.86668 15.166 0.006
 599.91021 15.128 0.005
 600.85899 15.120 0.004
 601.69514 15.162 0.005
 605.88503 15.117 0.006
 606.79132 15.087 0.005
 607.78796 15.138 0.005
 608.77978 15.222 0.005
 614.85096 15.200 0.005
 615.80929 15.188 0.005
 616.81164 15.135 0.005
 623.72980 15.081 0.005
 624.69638 15.136 0.005
 625.60942 15.222 0.005
 626.82841 15.223 0.005
 628.74460 15.097 0.005
 629.75708 15.085 0.005
 630.58373 15.175 0.005
 631.76773 15.170 0.005
 632.69323 15.206 0.005
 633.72132 15.130 0.005
 635.79235 15.093 0.006
 643.69189 15.231 0.005
 645.76305 15.146 0.006
 652.69186 15.085 0.005
 655.51707 15.179 0.006
 656.66069 15.157 0.005
 664.61661 15.088 0.005
 665.73420 15.087 0.005
 666.60918 15.210 0.005
 667.72730 15.230 0.005
 671.54506 15.157 0.006
 684.58516 15.228 0.005
 687.57816 15.088 0.005
 689.64323 15.146 0.005
 698.58113 15.099 0.005
 699.57945 15.089 0.005
 706.60599 15.112 0.006
 712.56450 15.131 0.005
 716.61679 15.093 0.005
 727.57249 15.117 0.005
 733.52498 15.097 0.005
 751.51502 15.122 0.006
 858.85824 15.133 0.005
 887.87666 15.154 0.005
 895.88106 15.090 0.004
 897.83116 15.223 0.005
 918.92427 15.102 0.005
 924.79218 15.083 0.005
 928.76359 15.148 0.005
 931.76214 15.143 0.005
 933.85859 15.236 0.005
 936.78456 15.096 0.005
 937.80549 15.133 0.005
 939.76631 15.196 0.005
 941.76278 15.097 0.005
 944.75142 15.230 0.006
 950.71822 15.228 0.005
 951.78777 15.187 0.005
 952.79951 15.132 0.005
 953.71273 15.095 0.005
 961.81469 15.136 0.005
 963.67454 15.135 0.005
 964.69627 15.097 0.004
 965.88107 15.092 0.005
 966.88664 15.080 0.005
 971.86628 15.089 0.005
 985.63458 15.220 0.004
 987.80011 15.134 0.005
 988.66539 15.083 0.005
 989.70711 15.096 0.005
 990.65059 15.185 0.006
 990.65929 15.179 0.005
 991.57604 15.199 0.005
 992.77294 15.210 0.005
 995.55732 15.153 0.007
 997.71015 15.231 0.005
1006.63919 15.082 0.005
1021.72218 15.222 0.005
1025.59725 15.176 0.005
1036.50363 15.160 0.005
1040.58327 15.104 0.005
1043.63578 15.196 0.005
1048.57260 15.144 0.005
1053.65384 15.100 0.005
1060.61491 15.144 0.006
1067.65136 15.227 0.005
1072.49403 15.223 0.006
1076.59256 15.100 0.005
1079.49511 15.201 0.006
1087.51593 15.096 0.005
1090.49436 15.241 0.006
1093.59074 15.112 0.005
1102.49981 15.234 0.006
1113.50357 15.180 0.007
1121.52433 15.158 0.007
1229.86516 15.142 0.006
1238.81087 15.163 0.006
1239.82517 15.230 0.006
1242.85959 15.105 0.006
1253.87150 15.131 0.005
1256.87962 15.163 0.005
1258.87651 15.183 0.006
1261.82521 15.125 0.005
1266.87524 15.101 0.005
1268.86684 15.187 0.006
1279.83291 15.146 0.005
1281.89288 15.239 0.005
1289.85026 15.110 0.005
1290.82642 15.102 0.005
1294.80979 15.120 0.006
1295.82052 15.101 0.006
1296.82464 15.117 0.005
1298.84191 15.243 0.006
1301.71378 15.085 0.007
1305.72489 15.155 0.006
1306.73386 15.107 0.005
1307.77039 15.097 0.005
1310.78510 15.226 0.005
1312.80651 15.114 0.005
1313.84074 15.100 0.005
1315.81836 15.192 0.005
1316.65652 15.175 0.005
1317.76152 15.142 0.005
1318.87694 15.135 0.006
1319.75830 15.094 0.005
1320.78381 15.151 0.005
1327.84484 15.202 0.007
1332.78788 15.156 0.006
1333.82046 15.224 0.006
1335.63444 15.101 0.005
1338.68340 15.202 0.006
1338.83259 15.153 0.006
1339.59697 15.183 0.005
1339.70085 15.220 0.006
1339.88673 15.203 0.006
1340.64140 15.138 0.005
1340.73974 15.171 0.006
1341.70413 15.119 0.005
1341.88383 15.146 0.005
1342.57847 15.106 0.005
1342.70668 15.095 0.005
1342.80148 15.099 0.005
1343.80266 15.097 0.005
1345.73531 15.229 0.005
1346.63732 15.141 0.005
1346.73736 15.164 0.005
1346.84452 15.192 0.004
1347.64101 15.105 0.005
1347.74100 15.112 0.005
1348.60198 15.100 0.005
1348.69979 15.098 0.005
1348.82775 15.099 0.005
1349.59659 15.173 0.006
1349.70564 15.133 0.005
1349.83751 15.103 0.005
1350.59182 15.231 0.006
1350.74273 15.197 0.005
1350.84112 15.151 0.005
1352.76441 15.161 0.005
1353.63063 15.092 0.006
1353.74387 15.120 0.006
1354.56575 15.114 0.006
1354.66927 15.100 0.005
1354.77692 15.085 0.005
1355.56492 15.187 0.006
1355.65982 15.147 0.006
1355.76025 15.127 0.006
1359.61949 15.098 0.007
1360.82412 15.090 0.006
1361.63674 15.177 0.006
1365.60823 15.094 0.005
1365.78054 15.117 0.005
1366.55573 15.141 0.005
1366.68007 15.097 0.005
1367.64517 15.169 0.006
1367.77717 15.127 0.006
1368.55951 15.212 0.006
1368.66721 15.235 0.006
1368.78578 15.198 0.005
1369.58150 15.151 0.006
1369.69529 15.183 0.005
1370.53498 15.097 0.006
1370.63283 15.120 0.005
1374.62814 15.221 0.006
1374.68043 15.246 0.006
1375.72130 15.188 0.006
1376.51782 15.100 0.005
1394.65051 15.105 0.005
1395.72321 15.095 0.005
1397.64682 15.220 0.006
1398.70020 15.219 0.005
1399.55020 15.120 0.005
1400.65664 15.103 0.005
1401.59132 15.104 0.005
1402.58502 15.176 0.005
1403.57052 15.231 0.006
1404.58751 15.174 0.005
1407.60617 15.115 0.005
1408.62580 15.172 0.006
1415.66872 15.242 0.007
1416.57151 15.160 0.005
1419.64115 15.113 0.005
1430.50795 15.128 0.006
1431.58749 15.146 0.005
1432.66450 15.193 0.006
1436.52533 15.110 0.005
1441.57573 15.106 0.006
1443.57578 15.165 0.006
1448.51281 15.137 0.005
1450.54599 15.236 0.006
1459.49288 15.106 0.006
1462.56480 15.237 0.006
1476.53078 15.112 0.006
1601.82823 15.105 0.006
1605.86506 15.219 0.006
1609.85778 15.145 0.005
1611.82470 15.204 0.005
1617.86886 15.213 0.005
1621.81514 15.161 0.005
1623.87759 15.204 0.006
1625.79304 15.095 0.005
1627.89180 15.149 0.006
1632.85175 15.104 0.005
1634.88790 15.226 0.006
1644.83574 15.125 0.005
1645.85348 15.175 0.005
1652.77773 15.206 0.006
1654.81374 15.110 0.005
1661.74266 15.107 0.005
1662.80921 15.157 0.005
1664.81692 15.208 0.005
1664.90862 15.239 0.005
1665.85077 15.148 0.005
1666.87668 15.116 0.005
1668.83468 15.150 0.005
1669.88287 15.216 0.006
1671.78218 15.131 0.005
1672.74332 15.102 0.005
1675.81400 15.249 0.005
1676.87009 15.207 0.005
1681.68313 15.227 0.006
1681.78546 15.237 0.006
1681.90474 15.224 0.006
1682.77371 15.175 0.006
1683.75636 15.113 0.006
1687.64479 15.194 0.006
1689.75903 15.121 0.005
1691.62987 15.179 0.005
1692.87866 15.171 0.005
1693.73981 15.215 0.005
1695.60692 15.100 0.004
1698.66283 15.245 0.005
1700.68427 15.136 0.005
1702.67282 15.120 0.005
1704.64631 15.231 0.005
1706.64095 15.117 0.005
1716.78980 15.236 0.006
1717.70075 15.171 0.005
1721.78312 15.181 0.006
1722.62693 15.209 0.005
1726.57597 15.164 0.005
1728.62002 15.200 0.005
1729.56013 15.129 0.005
1730.54827 15.099 0.005
1731.55523 15.138 0.005
1732.70764 15.145 0.005
1738.68483 15.173 0.007
1742.72577 15.107 0.006
1743.70125 15.109 0.005
1744.78793 15.126 0.006
1748.51930 15.101 0.005
1749.47882 15.170 0.005
1750.52201 15.240 0.005
1751.48840 15.192 0.005
1752.55569 15.157 0.005
1753.51137 15.110 0.005
1754.66128 15.103 0.005
1755.55004 15.155 0.005
1755.67556 15.113 0.005
1756.52109 15.246 0.005
1757.63243 15.227 0.005
1758.56495 15.150 0.005
1759.49030 15.101 0.005
1761.58430 15.153 0.005
1762.60656 15.222 0.005
1763.63972 15.240 0.005
1764.55005 15.140 0.005
1765.55228 15.100 0.005
1772.66189 15.101 0.006
1774.49297 15.237 0.005
1775.67575 15.230 0.005
1777.69731 15.119 0.005
1783.68995 15.115 0.005
1785.68728 15.140 0.005
1787.64812 15.208 0.006
1789.60561 15.098 0.005
1802.49483 15.154 0.006
1804.56633 15.223 0.006
1808.59649 15.130 0.005
1809.50615 15.245 0.005
1811.54269 15.147 0.005
1813.57555 15.102 0.005
1815.57519 15.216 0.006
1817.55254 15.148 0.006
1819.58599 15.106 0.006
1825.50434 15.125 0.005
2125.67797 15.111 0.006
2129.73066 15.224 0.006
2132.67366 15.111 0.006
2136.57709 15.126 0.006
2141.59222 15.164 0.005
2144.67555 15.115 0.005
2160.63158 15.118 0.006
2170.57250 15.187 0.006
2178.58328 15.112 0.008
2211.53652 15.190 0.007
2333.87310 15.096 0.006
2344.83443 15.098 0.006
2355.88525 15.127 0.006
2364.87688 15.183 0.006
2372.88866 15.167 0.006
2384.82360 15.142 0.006
2388.82277 15.235 0.006
2390.86077 15.141 0.006
2393.85495 15.159 0.008
2400.80224 15.231 0.006
2402.90893 15.151 0.006
2406.85173 15.246 0.006
2414.87438 15.126 0.006
2416.88999 15.111 0.006
2424.74861 15.186 0.006
2428.73383 15.176 0.006
2432.88536 15.128 0.007
2434.77338 15.175 0.006
2436.82132 15.193 0.006
2438.79499 15.110 0.006
2441.75730 15.242 0.006
2445.67417 15.137 0.006
2448.69420 15.156 0.006
2454.79065 15.174 0.005
2459.68581 15.191 0.005
2460.70387 15.140 0.006
2463.58512 15.196 0.006
2468.73120 15.110 0.005
2470.71494 15.227 0.006
2472.74535 15.144 0.006
2481.60173 15.242 0.008
2484.66504 15.117 0.006
2486.75774 15.124 0.007
2490.74094 15.126 0.007
2493.68564 15.223 0.006
2496.53168 15.108 0.005
2500.59574 15.173 0.006
2502.60935 15.110 0.006
2508.70756 15.117 0.006
2512.65704 15.197 0.006
2517.55846 15.211 0.006
2529.49178 15.184 0.006
2538.54343 15.111 0.006
2542.57120 15.135 0.006
2548.49971 15.123 0.007
2552.53602 15.232 0.007
2557.50120 15.218 0.006
2564.52261 15.216 0.006
2708.85013 15.157 0.005
2734.81679 15.107 0.006
2747.74141 15.231 0.008
2753.92643 15.174 0.007
2767.84833 15.133 0.006
2775.76517 15.114 0.007
2784.60917 15.121 0.006
2786.82718 15.093 0.006
2788.63909 15.238 0.006
2790.74352 15.147 0.006
2793.65701 15.172 0.005
2793.85327 15.118 0.006
2793.86462 15.109 0.006
2793.88164 15.116 0.006
2793.88526 15.113 0.005
2793.89568 15.107 0.006
2793.90492 15.102 0.005
2793.91355 15.103 0.005
2793.92231 15.096 0.006
2793.93766 15.098 0.006
2793.95112 15.124 0.009
2794.54063 15.212 0.008
2794.58339 15.221 0.007
2794.59339 15.220 0.007
2794.63441 15.231 0.007
2794.70248 15.229 0.007
2794.93062 15.156 0.007
2795.63111 15.161 0.005
2795.66892 15.168 0.005
2795.72439 15.194 0.006
2796.55591 15.103 0.006
2796.68089 15.129 0.006
2796.79845 15.157 0.006
2796.82250 15.168 0.006
2796.85330 15.169 0.006
2796.86727 15.177 0.006
2796.87462 15.176 0.006
2796.88057 15.185 0.006
2796.88671 15.180 0.006
2796.89283 15.186 0.006
2796.90221 15.186 0.006
2796.91151 15.193 0.006
2796.92039 15.190 0.006
2796.94036 15.209 0.006
2797.56578 15.092 0.006
2797.64306 15.094 0.005
2797.84594 15.120 0.005
2802.57117 15.110 0.007
2802.73544 15.135 0.007
2808.79693 15.147 0.007
2811.68512 15.187 0.006
2812.81444 15.230 0.007
2813.85823 15.223 0.006
2816.85986 15.094 0.006
2818.62954 15.207 0.006
2819.80605 15.182 0.006
2835.67732 15.239 0.007
2837.68506 15.137 0.007
2838.82081 15.138 0.007
2840.73813 15.143 0.006
2843.68941 15.131 0.005
2845.68677 15.098 0.006
2857.49810 15.166 0.006
2866.60703 15.148 0.006
2877.52907 15.165 0.006
2892.55004 15.136 0.006
2900.62732 15.240 0.007
2905.62644 15.199 0.007
2920.55069 15.108 0.007
2931.54751 15.116 0.006
3059.83029 15.174 0.006
3064.84717 15.103 0.006
3068.80096 15.110 0.006
3073.83570 15.157 0.006
3075.87380 15.093 0.005
3080.77802 15.095 0.005
3082.90585 15.121 0.006
3085.83628 15.138 0.006
3086.91091 15.114 0.006
3088.82891 15.146 0.005
3090.74198 15.169 0.005
3096.89717 15.218 0.007
3099.79287 15.107 0.006
3103.80208 15.123 0.006
3108.79451 15.164 0.005
3110.85983 15.088 0.005
3114.80974 15.148 0.005
3122.93574 15.106 0.007
3125.90022 15.244 0.007
3130.72683 15.224 0.006
3131.69331 15.175 0.006
3135.92492 15.102 0.005
3139.90441 15.115 0.005
3140.90862 15.100 0.006
3144.81301 15.130 0.005
3146.84633 15.088 0.006
3151.93363 15.115 0.006
3154.86971 15.232 0.006
3156.88927 15.144 0.006
3162.59910 15.095 0.006
3163.78007 15.086 0.005
3164.89530 15.112 0.007
3165.73589 15.211 0.005
3167.62226 15.128 0.007
3167.80001 15.172 0.006
3167.86256 15.181 0.006
3168.53038 15.109 0.006
3168.58428 15.097 0.005
3168.69466 15.091 0.006
3168.79118 15.112 0.006
3168.91914 15.141 0.006
3169.52892 15.152 0.005
3169.68699 15.094 0.005
3169.79938 15.114 0.006
3169.89546 15.106 0.006
3170.58519 15.196 0.005
3170.75965 15.131 0.005
3170.83703 15.113 0.005
3170.89729 15.096 0.006
3171.53108 15.190 0.005
3171.63617 15.247 0.006
3171.73992 15.226 0.005
3171.83782 15.179 0.005
3172.53038 15.130 0.005
3172.73676 15.200 0.005
3173.87723 15.193 0.007
3174.50977 15.095 0.005
3174.83742 15.115 0.005
3175.53852 15.154 0.006
3176.69016 15.163 0.006
3177.78526 15.208 0.007
3179.53001 15.092 0.005
3179.90925 15.179 0.006
3180.75101 15.093 0.005
3182.81168 15.138 0.005
3183.76662 15.242 0.006
3184.72776 15.184 0.005
3194.57425 15.235 0.006
3195.70581 15.226 0.005
3195.82635 15.229 0.006
3197.55200 15.093 0.005
3197.85541 15.159 0.007
3199.64984 15.135 0.005
3204.67946 15.089 0.005
3205.53831 15.186 0.005
3206.74368 15.183 0.006
3209.66366 15.102 0.006
3210.66372 15.088 0.005
3217.67837 15.151 0.006
3218.67669 15.231 0.007
3219.64184 15.179 0.006
3223.67791 15.164 0.006
3224.72595 15.223 0.006
3228.62716 15.120 0.006
3230.69314 15.243 0.006
3231.59715 15.148 0.006
3232.63360 15.112 0.006
3238.64543 15.115 0.006
3240.49759 15.167 0.006
3245.58146 15.090 0.007
3246.68715 15.111 0.006
3249.55381 15.121 0.006
3250.68477 15.097 0.006
3256.66404 15.114 0.006
3260.57380 15.182 0.006
3265.50420 15.228 0.006
3267.55787 15.106 0.005
3272.61583 15.191 0.006
3279.54675 15.102 0.006
3282.50523 15.241 0.006
3288.57159 15.230 0.005
3293.54218 15.176 0.005
3295.55071 15.204 0.005
3300.53601 15.252 0.007
3305.55791 15.172 0.006
3308.53321 15.127 0.007
3315.50481 15.099 0.007
3417.88062 15.087 0.005
3429.87368 15.085 0.005
3436.83177 15.167 0.006
3453.78580 15.147 0.005
3455.85643 15.230 0.006
3457.78516 15.090 0.005
3469.81574 15.092 0.005
3472.78715 15.241 0.005
3473.88213 15.209 0.006
3474.85452 15.144 0.005
3475.91833 15.106 0.005
3481.86136 15.092 0.005
3496.75548 15.204 0.005
3497.82447 15.160 0.005
3499.75191 15.090 0.005
3500.75649 15.141 0.005
3501.87006 15.169 0.005
3502.70499 15.172 0.005
3503.71564 15.125 0.005
3504.73003 15.110 0.005
3506.83502 15.120 0.006
3508.81220 15.220 0.006
3509.71528 15.115 0.005
3511.70196 15.097 0.005
3512.77092 15.148 0.005
3517.81137 15.092 0.005
3520.84654 15.199 0.005
3522.77593 15.092 0.005
3523.81065 15.085 0.005
3524.79829 15.164 0.005
3525.77798 15.231 0.006
3526.86337 15.213 0.005
3528.58195 15.092 0.005
3530.80734 15.161 0.005
3537.77516 15.234 0.005
3538.70466 15.124 0.005
3540.67860 15.086 0.005
3544.75858 15.153 0.006
3546.87958 15.112 0.006
3547.83699 15.120 0.006
3550.66346 15.122 0.005
3551.66814 15.093 0.005
3552.70026 15.101 0.005
3553.70295 15.176 0.006
3554.69508 15.238 0.006
3555.72922 15.197 0.005
3556.74989 15.143 0.005
3558.58569 15.141 0.005
3559.68159 15.166 0.005
3560.63472 15.222 0.005
3560.72677 15.239 0.005
3560.76311 15.238 0.005
3560.79227 15.218 0.005
3560.81555 15.208 0.005
3560.84105 15.190 0.005
3561.47648 15.119 0.006
3561.63091 15.151 0.005
3561.75009 15.195 0.005
3561.78009 15.207 0.005
3561.84212 15.231 0.005
3562.45994 15.100 0.006
3562.52576 15.088 0.005
3562.57649 15.106 0.005
3562.61917 15.096 0.005
3562.73188 15.114 0.005
3562.78939 15.143 0.005
3562.84199 15.158 0.005
3563.47102 15.123 0.006
3563.58013 15.094 0.005
3563.74665 15.105 0.005
3563.81802 15.106 0.006
3564.51139 15.188 0.007
3564.63543 15.128 0.005
3564.78897 15.096 0.005
3565.48809 15.261 0.007
3568.80493 15.128 0.005
3569.48661 15.120 0.006
3569.52491 15.110 0.006
3573.68951 15.156 0.006
3573.71648 15.170 0.006
3574.71748 15.117 0.005
3575.65635 15.090 0.005
3576.71880 15.123 0.005
3577.76713 15.174 0.005
3578.70378 15.233 0.005
3579.64908 15.149 0.005
3580.68561 15.112 0.005
3581.70199 15.092 0.005
3582.62780 15.149 0.005
3583.66442 15.227 0.005
3584.67316 15.213 0.005
3585.67119 15.131 0.005
3586.70260 15.113 0.005
3588.75367 15.124 0.005
3589.71500 15.215 0.005
3590.71113 15.219 0.005
3592.68385 15.094 0.005
3597.67421 15.126 0.006
3601.68744 15.236 0.006
3602.68759 15.202 0.006
3603.66774 15.100 0.005
3607.66625 15.250 0.006
3608.68220 15.191 0.005
3615.60950 15.117 0.005
3618.61300 15.218 0.006
3620.57623 15.143 0.005
3628.57827 15.094 0.005
3630.59231 15.250 0.006
3632.61978 15.132 0.006
3634.52316 15.114 0.005
3639.53020 15.086 0.005
3641.57573 15.186 0.006
3644.54054 15.118 0.005
3649.52992 15.152 0.005
3651.58201 15.101 0.006
3654.56708 15.233 0.007
3655.54719 15.162 0.005
3659.54215 15.241 0.007
3662.54664 15.110 0.006
3665.51715 15.244 0.006
3672.51844 15.189 0.007
3777.85183 15.131 0.006
3782.88781 15.096 0.005
3785.84945 15.223 0.005
3787.87015 15.112 0.005
3791.84453 15.212 0.006
3793.88874 15.110 0.005
3795.87297 15.149 0.005
3796.90541 15.191 0.006
3798.83631 15.127 0.005
3799.89067 15.109 0.006
3801.84545 15.143 0.005
3802.87987 15.215 0.005
3804.79308 15.130 0.005
3805.83159 15.100 0.005
3806.82831 15.101 0.005
3807.85252 15.153 0.005
3808.85616 15.235 0.006
3809.91305 15.210 0.006
3810.90911 15.146 0.005
3811.79967 15.095 0.006
3812.88061 15.092 0.005
3813.86033 15.143 0.005
3814.85576 15.224 0.005
3818.77342 15.131 0.005
3819.83706 15.166 0.005
3820.80110 15.227 0.005
3821.80427 15.161 0.005
3822.84794 15.112 0.005
3823.80893 15.093 0.005
3824.79537 15.127 0.006
3824.80287 15.128 0.006
3825.83496 15.178 0.005
3826.79467 15.220 0.005
3827.83511 15.162 0.005
3828.81518 15.103 0.005
3829.74300 15.099 0.005
3830.77155 15.133 0.005
3832.77489 15.209 0.005
3833.80217 15.137 0.005
3834.77411 15.099 0.005
3835.76281 15.102 0.005
3836.72425 15.162 0.005
3837.76489 15.237 0.006
3838.77283 15.204 0.006
3838.89023 15.236 0.005
3839.76876 15.134 0.005
3840.77190 15.102 0.005
3841.72710 15.108 0.005
3841.87704 15.104 0.005
3842.71872 15.172 0.007
3845.74861 15.132 0.008
3846.75947 15.093 0.005
3846.88820 15.104 0.005
3847.83256 15.105 0.005
3848.78260 15.171 0.006
3848.90576 15.129 0.006
3849.78014 15.234 0.005
3850.72529 15.165 0.005
3850.89816 15.235 0.006
3851.73892 15.113 0.005
3851.90369 15.159 0.005
3852.72746 15.091 0.005
3852.85128 15.104 0.005
3852.93295 15.128 0.007
3853.72018 15.120 0.005
3853.88435 15.089 0.005
3856.70840 15.144 0.005
3856.89647 15.212 0.005
3858.74528 15.099 0.005
3859.86541 15.089 0.005
3860.70070 15.208 0.005
3861.69813 15.215 0.005
3861.80224 15.241 0.005
3861.90115 15.218 0.005
3862.67995 15.143 0.005
3862.89471 15.218 0.006
3863.69281 15.105 0.005
3863.83658 15.120 0.005
3863.91271 15.139 0.005
3864.70959 15.088 0.005
3864.89580 15.101 0.005
3865.66950 15.152 0.005
3865.80519 15.115 0.005
3865.88377 15.099 0.005
3866.64256 15.229 0.005
3866.71506 15.232 0.005
3866.85455 15.155 0.005
3866.92891 15.152 0.005
3867.66099 15.195 0.005
3867.84643 15.229 0.006
3867.91666 15.226 0.005
3868.66877 15.125 0.006
3868.70615 15.140 0.005
3868.81099 15.172 0.005
3868.85097 15.189 0.006
3868.89255 15.206 0.006
3868.92473 15.214 0.006
3869.61933 15.095 0.005
3869.65373 15.102 0.005
3869.68557 15.105 0.005
3869.74703 15.100 0.005
3869.81668 15.113 0.006
3869.86668 15.136 0.006
3869.90306 15.141 0.006
3869.93767 15.156 0.007
3870.69461 15.091 0.007
3870.75441 15.090 0.006
3870.84136 15.093 0.007
3872.74053 15.220 0.005
3872.85179 15.166 0.005
3873.62090 15.185 0.005
3873.70236 15.194 0.005
3873.84143 15.234 0.005
3873.91192 15.225 0.005
3874.70364 15.131 0.005
3874.87212 15.189 0.005
3875.64031 15.101 0.005
3875.78758 15.100 0.005
3875.86628 15.133 0.005
3876.60528 15.119 0.005
3876.66370 15.105 0.005
3877.66820 15.159 0.005
3877.81641 15.116 0.005
3877.89020 15.100 0.005
3877.92864 15.087 0.005
3879.92509 15.239 0.006
3879.93286 15.230 0.006
3880.60132 15.105 0.005
3880.87173 15.177 0.005
3880.94527 15.194 0.007
3881.69198 15.087 0.005
3881.83472 15.108 0.005
3882.60408 15.132 0.005
3882.80700 15.099 0.005
3882.87721 15.097 0.005
3883.66945 15.169 0.005
3883.90527 15.109 0.005
3886.63471 15.107 0.005
3886.82424 15.146 0.005
3886.89630 15.173 0.005
3886.92231 15.192 0.005
3887.60479 15.083 0.005
3887.80747 15.108 0.005
3887.83528 15.104 0.005
3887.90732 15.137 0.005
3888.63562 15.125 0.005
3889.68726 15.177 0.005
3889.78328 15.147 0.005
3889.79502 15.141 0.005
3889.83447 15.129 0.005
3889.85231 15.128 0.005
3889.90479 15.108 0.005
3889.93122 15.102 0.005
3890.56007 15.196 0.006
3890.57553 15.196 0.006
3890.62499 15.224 0.005
3890.63492 15.221 0.005
3890.64373 15.220 0.005
3890.66090 15.232 0.005
3890.66983 15.233 0.005
3890.67879 15.243 0.005
3890.69906 15.234 0.005
3890.72211 15.237 0.005
3891.55443 15.123 0.006
3891.60146 15.146 0.005
3891.63612 15.147 0.005
3891.68852 15.177 0.005
3891.71187 15.178 0.005
3891.75805 15.206 0.006
3891.78727 15.212 0.006
3891.81707 15.219 0.005
3891.82884 15.220 0.005
3891.86943 15.238 0.006
3891.91051 15.231 0.005
3892.55290 15.088 0.005
3892.56387 15.097 0.005
3892.59852 15.108 0.005
3892.62222 15.105 0.005
3892.65818 15.107 0.005
3892.73210 15.119 0.005
3892.82596 15.161 0.005
3892.92709 15.179 0.006
3893.57326 15.097 0.006
3893.61338 15.090 0.005
3893.65649 15.094 0.005
3893.81755 15.114 0.005
3893.90784 15.123 0.006
3894.63321 15.147 0.006
3894.70430 15.116 0.005
3894.75656 15.100 0.005
3894.80182 15.103 0.006
3894.84625 15.102 0.006
3894.87896 15.104 0.006
3896.56367 15.195 0.006
3896.60366 15.194 0.006
3896.61875 15.203 0.007
3896.63311 15.211 0.006
3896.64806 15.235 0.006
3896.66231 15.229 0.006
3896.67870 15.219 0.006
3896.69024 15.216 0.006
3896.70163 15.228 0.005
3896.71711 15.241 0.006
3896.72874 15.236 0.006
3896.74310 15.238 0.006
3896.76117 15.243 0.006
3896.77836 15.244 0.006
3896.79707 15.226 0.007
3896.82703 15.227 0.007
3900.52541 15.184 0.006
3900.56336 15.160 0.006
3900.61408 15.147 0.005
3900.65209 15.135 0.006
3900.73811 15.101 0.005
3900.74978 15.095 0.005
3900.76437 15.103 0.005
3900.82516 15.093 0.005
3900.88532 15.093 0.005
3901.56530 15.241 0.006
3901.57720 15.238 0.006
3901.75200 15.170 0.006
3901.76669 15.155 0.005
3901.82881 15.141 0.006
3901.88949 15.127 0.005
3901.90127 15.127 0.006
3902.55449 15.169 0.005
3902.58607 15.184 0.005
3902.59813 15.191 0.005
3902.64393 15.200 0.005
3902.71088 15.225 0.005
3902.73767 15.234 0.005
3902.76384 15.235 0.005
3902.77430 15.230 0.006
3902.78326 15.237 0.005
3902.79262 15.225 0.006
3902.80518 15.231 0.005
3902.82032 15.231 0.006
3902.82971 15.212 0.006
3902.84573 15.202 0.006
3902.85942 15.211 0.005
3902.89016 15.195 0.006
3902.90553 15.193 0.006
3903.68698 15.162 0.005
3904.58114 15.100 0.005
3904.74440 15.113 0.005
3904.81338 15.135 0.005
3904.86620 15.147 0.005
3905.57807 15.096 0.005
3905.75209 15.091 0.005
3905.82469 15.097 0.005
3905.89327 15.100 0.005
3906.51672 15.199 0.006
3906.68657 15.129 0.005
3906.75953 15.116 0.005
3906.83221 15.097 0.005
3906.85017 15.089 0.005
3906.88264 15.088 0.005
3907.62324 15.240 0.005
3907.81809 15.159 0.006
3907.89063 15.146 0.006
3908.55942 15.169 0.005
3908.74987 15.236 0.005
3908.82513 15.239 0.005
3909.56452 15.120 0.005
3909.75891 15.165 0.005
3909.84082 15.195 0.005
3910.61325 15.091 0.005
3912.56365 15.183 0.005
3912.76044 15.110 0.005
3912.84833 15.093 0.005
3913.56143 15.230 0.005
3913.76363 15.180 0.005
3913.85344 15.145 0.005
3914.57888 15.168 0.005
3915.55942 15.118 0.005
3915.76274 15.165 0.005
3915.85975 15.203 0.006
3916.60730 15.089 0.005
3916.77993 15.111 0.006
3917.64726 15.101 0.005
3917.85015 15.106 0.005
3918.64072 15.162 0.005
3918.85044 15.097 0.005
3919.59360 15.239 0.006
3919.82005 15.163 0.005
3920.54523 15.159 0.005
3920.74149 15.217 0.005
3920.82025 15.240 0.005
3921.53824 15.108 0.005
3921.74870 15.166 0.006
3922.74516 15.109 0.006
3930.59277 15.194 0.005
3931.54384 15.220 0.005
3931.66726 15.239 0.006
3932.55570 15.140 0.005
3933.54466 15.105 0.005
3933.72595 15.126 0.005
3933.80161 15.152 0.005
3934.51543 15.099 0.005
3934.63948 15.089 0.005
3934.70925 15.097 0.005
3934.77828 15.103 0.005
3935.56525 15.150 0.006
3935.73656 15.098 0.005
3935.78834 15.079 0.005
3936.51887 15.246 0.006
3936.68419 15.158 0.005
3936.76177 15.145 0.005
3937.59407 15.218 0.005
3938.52640 15.130 0.005
3938.72799 15.199 0.005
3938.77720 15.220 0.006
3940.62940 15.090 0.005
3941.67355 15.119 0.005
3944.58290 15.140 0.005
3945.53178 15.090 0.005
3945.71982 15.134 0.005
3946.54205 15.106 0.005
3946.73145 15.104 0.005
3950.54995 15.123 0.005
3950.76944 15.192 0.005
3951.54619 15.102 0.005
3956.59260 15.143 0.006
3957.53348 15.090 0.005
3958.60625 15.092 0.005
3958.63530 15.107 0.005
3959.54619 15.175 0.005
3959.71058 15.141 0.005
3960.52417 15.229 0.005
3960.70409 15.206 0.005
3961.52381 15.166 0.006
3961.59926 15.189 0.006
3961.66529 15.212 0.006
3963.48578 15.094 0.005
3963.66035 15.101 0.005
3963.73369 15.124 0.005
3964.55587 15.118 0.005
3965.54519 15.183 0.005
3965.73509 15.133 0.005
3966.53710 15.233 0.005
3966.71957 15.213 0.006
3967.56094 15.196 0.006
3968.52363 15.119 0.005
3968.69513 15.149 0.005
3969.52752 15.102 0.005
3969.70614 15.116 0.005
3970.53933 15.140 0.006
3970.71926 15.105 0.005
3971.57912 15.202 0.006
3973.60427 15.183 0.005
3974.53411 15.118 0.006
3975.53660 15.092 0.005
3976.53135 15.136 0.005
3979.54112 15.158 0.007
3982.60829 15.121 0.006
3986.60833 15.120 0.005
3987.53075 15.105 0.005
3988.54357 15.142 0.005
3989.60525 15.212 0.006
3990.64752 15.224 0.006
3994.50024 15.189 0.006
3995.59785 15.217 0.005
3999.63540 15.098 0.005
4000.54244 15.158 0.005
4001.53220 15.250 0.006
4002.52891 15.170 0.005
4004.55183 15.098 0.006
4005.55453 15.110 0.005
4006.54922 15.165 0.005
4012.52492 15.188 0.006
4016.56681 15.092 0.006
4018.57940 15.189 0.006
4021.56336 15.125 0.006
4024.51110 15.218 0.006
4026.50663 15.135 0.005
4028.52265 15.094 0.005
4031.52274 15.211 0.006
4038.52794 15.158 0.006
4041.52708 15.155 0.007
4142.87817 15.112 0.007
4151.88332 15.181 0.006
4154.83075 15.122 0.006
4156.88374 15.238 0.007
4159.81780 15.098 0.006
4161.87123 15.188 0.007
4163.88722 15.167 0.006
4165.84408 15.078 0.006
4168.84161 15.212 0.007
4170.84270 15.104 0.006
4175.87767 15.148 0.005
4177.77740 15.105 0.006
4178.83476 15.150 0.006
4179.87463 15.216 0.006
4181.81103 15.129 0.006
4182.85962 15.107 0.006
4183.89211 15.086 0.006
4185.76854 15.238 0.006
4191.77910 15.233 0.007
4193.79020 15.120 0.006
4194.81305 15.095 0.006
4196.80307 15.182 0.006
4202.78465 15.207 0.006
4203.77242 15.208 0.006
4204.70721 15.113 0.006
4204.73063 15.136 0.006
4204.76479 15.150 0.006
4204.80708 15.151 0.006
4204.84109 15.166 0.006
4204.87522 15.178 0.006
4204.91343 15.184 0.006
4205.70750 15.098 0.006
4205.76301 15.105 0.005
4205.83637 15.106 0.005
4205.91440 15.135 0.006
4207.75426 15.148 0.006
4208.70820 15.241 0.006
4211.81953 15.114 0.006
4212.84908 15.106 0.006
4213.75714 15.159 0.006
4215.77018 15.201 0.006
4216.72805 15.120 0.006
4216.93326 15.178 0.006
4217.73555 15.095 0.005
4217.89684 15.115 0.005
4218.78531 15.104 0.006
4219.79256 15.150 0.006
4220.73435 15.232 0.006
4222.70018 15.123 0.006
4224.81334 15.090 0.006
4228.70564 15.111 0.006
4229.69922 15.092 0.006
4229.89619 15.105 0.006
4230.64742 15.153 0.006
4230.83540 15.094 0.006
4230.89709 15.101 0.006
4231.67138 15.206 0.005
4231.72248 15.185 0.005
4231.87748 15.138 0.006
4232.65913 15.210 0.007
4232.78414 15.231 0.006
4232.92166 15.197 0.007
4233.85187 15.202 0.006
4234.77945 15.115 0.006
4234.90180 15.152 0.006
4235.69577 15.088 0.006
4235.75321 15.094 0.006
4235.85684 15.098 0.006
4235.91895 15.120 0.007
4237.62231 15.249 0.007
4238.69366 15.213 0.006
4239.66553 15.136 0.006
4240.70519 15.101 0.006
4240.86158 15.135 0.006
4243.67085 15.243 0.007
4243.76428 15.191 0.006
4243.85716 15.166 0.006
4244.64304 15.184 0.006
4244.73940 15.213 0.006
4244.83200 15.231 0.006
4245.63612 15.120 0.006
4245.73043 15.148 0.006
4245.82591 15.172 0.006
4245.89851 15.204 0.006
4246.69480 15.107 0.006
4246.78792 15.117 0.006
4246.88062 15.126 0.006
4247.70983 15.096 0.006
4250.75791 15.217 0.006
4256.65032 15.171 0.007
4256.79585 15.227 0.007
4257.67722 15.127 0.006
4258.66056 15.102 0.006
4258.78339 15.110 0.006
4258.87600 15.131 0.006
4267.62024 15.213 0.006
4268.73096 15.190 0.005
4268.86721 15.230 0.006
4269.60246 15.103 0.006
4269.75273 15.131 0.006
4270.53716 15.102 0.006
4272.58363 15.233 0.006
4272.73353 15.165 0.006
4272.79216 15.150 0.006
4272.86352 15.130 0.006
4273.64401 15.224 0.006
4273.82216 15.216 0.006
4273.88337 15.202 0.008
4274.57508 15.129 0.006
4274.72801 15.171 0.006
4274.78892 15.199 0.006
4274.86216 15.221 0.007
4275.62664 15.101 0.006
4275.80189 15.147 0.007
4275.86301 15.159 0.007
4276.61136 15.100 0.006
4277.55508 15.170 0.007
4277.73216 15.113 0.006
4277.79080 15.103 0.006
4278.60002 15.240 0.007
4278.78650 15.162 0.007
4283.53762 15.185 0.007
4284.52940 15.236 0.007
4284.67976 15.210 0.006
4284.73914 15.177 0.006
4284.80118 15.165 0.006
4284.86616 15.158 0.007
4285.53258 15.171 0.006
4285.72610 15.234 0.006
4285.78741 15.241 0.006
4285.85262 15.233 0.007
4286.53234 15.117 0.006
4286.84055 15.210 0.007
4289.54321 15.189 0.006
4289.76212 15.118 0.006
4289.82694 15.108 0.005
4290.58950 15.251 0.007
4291.60919 15.187 0.006
4292.51476 15.110 0.006
4292.69377 15.142 0.006
4292.75257 15.169 0.006
4292.81556 15.188 0.006
4293.51552 15.097 0.006
4293.69968 15.103 0.006
4293.75844 15.112 0.006
4293.79869 15.118 0.006
4293.83620 15.131 0.006
4294.51414 15.138 0.006
4295.52430 15.213 0.006
4295.71940 15.133 0.005
4295.77800 15.127 0.006
4296.51840 15.216 0.006
4296.72411 15.216 0.006
4297.53820 15.148 0.006
4297.74276 15.224 0.005
4298.57267 15.121 0.006
4298.68429 15.149 0.006
4298.82171 15.180 0.006
4299.55976 15.083 0.005
4299.64967 15.098 0.005
4299.74096 15.113 0.005
4300.55641 15.140 0.006
4300.67155 15.102 0.006
4300.81656 15.092 0.006
4301.54253 15.208 0.006
4301.63878 15.165 0.006
4301.74096 15.140 0.006
4302.61552 15.240 0.006
4302.78060 15.201 0.007
4303.70210 15.202 0.006
4304.58039 15.109 0.006
4306.58614 15.138 0.006
4306.72266 15.102 0.006
4310.63975 15.132 0.007
4312.52734 15.164 0.007
4312.77021 15.098 0.006
4314.78479 15.224 0.007
4315.55882 15.140 0.006
4316.58908 15.106 0.006
4317.51098 15.118 0.006
4319.54606 15.234 0.006
4319.69202 15.173 0.007
4320.61337 15.221 0.006
4326.56280 15.188 0.006
4326.73894 15.245 0.007
4327.61443 15.155 0.006
4328.47958 15.098 0.006
4328.71924 15.120 0.006
4329.54960 15.116 0.006
4329.69763 15.099 0.006
4330.47991 15.200 0.006
4330.71720 15.129 0.006
4331.52206 15.252 0.006
4332.53206 15.176 0.006
4333.55706 15.133 0.006
4334.52979 15.108 0.006
4338.52719 15.166 0.006
4338.70508 15.237 0.007
4339.52332 15.115 0.006
4340.64350 15.105 0.006
4341.52757 15.126 0.007
4342.55961 15.188 0.006
4343.54347 15.231 0.006
4344.57304 15.172 0.006
4345.53514 15.117 0.006
4346.54474 15.099 0.006
4347.55908 15.132 0.006
4349.52478 15.224 0.006
4350.57824 15.174 0.006
4351.52995 15.110 0.006
4352.58627 15.104 0.007
4353.54961 15.135 0.006
4354.56899 15.196 0.006
4355.57683 15.230 0.006
4356.53402 15.150 0.006
4357.50542 15.109 0.006
4358.54884 15.091 0.006
4359.51780 15.151 0.006
4361.53114 15.218 0.007
4362.54852 15.139 0.007
4365.58677 15.132 0.006
4367.54018 15.203 0.006
4368.51313 15.136 0.007
4369.59229 15.118 0.007
4370.51949 15.099 0.006
4371.49457 15.171 0.006
4372.54370 15.235 0.006
4373.53475 15.204 0.007
4377.50799 15.171 0.006
4378.54234 15.241 0.006
4379.56433 15.210 0.007
4380.49981 15.124 0.006
4381.54745 15.103 0.007
4382.53397 15.117 0.007
4383.53817 15.164 0.006
4384.51258 15.258 0.007
4388.58362 15.117 0.007
4393.55465 15.095 0.006
4394.52785 15.133 0.006
4395.56402 15.182 0.007
4396.53381 15.248 0.007
4397.55750 15.177 0.007
4398.56284 15.113 0.006
4399.51278 15.100 0.007
4400.55725 15.115 0.007
4403.51114 15.169 0.007
4409.52856 15.153 0.007
4507.88682 15.089 0.007
4511.85403 15.131 0.005
4511.87384 15.140 0.005
4513.88522 15.091 0.005
4517.88434 15.133 0.006
4523.89609 15.126 0.006
4525.84000 15.114 0.006
4530.90558 15.096 0.006
4531.84788 15.118 0.006
4534.86950 15.163 0.006
4536.80154 15.093 0.006
4537.86168 15.115 0.005
4538.89408 15.184 0.006
4539.88018 15.237 0.006
4540.82410 15.152 0.005
4541.81663 15.106 0.005
4542.81139 15.097 0.006
4543.80690 15.143 0.005
4544.80386 15.225 0.006
4545.76800 15.192 0.006
4546.77465 15.126 0.006
4547.74937 15.092 0.006
4548.84166 15.092 0.006
4548.89259 15.090 0.006
4550.77172 15.247 0.007
4551.79281 15.193 0.006
4552.74205 15.128 0.008
4556.78144 15.239 0.006
4557.80259 15.190 0.006
4558.73225 15.119 0.005
4559.77311 15.089 0.005
4560.77350 15.113 0.005
4561.76280 15.188 0.005
4564.75306 15.119 0.005
4565.75109 15.098 0.005
4566.75054 15.134 0.005
4567.75048 15.202 0.006
4568.75999 15.224 0.006
4569.76762 15.159 0.006
4570.75568 15.119 0.006
4571.74735 15.096 0.006
4572.77419 15.127 0.005
4573.76234 15.211 0.006
4574.76492 15.231 0.006
4574.91294 15.221 0.006
4575.77372 15.155 0.006
4576.79285 15.109 0.005
4576.88362 15.130 0.006
4576.91524 15.132 0.006
4577.86192 15.101 0.006
4577.91795 15.104 0.005
4578.81626 15.122 0.006
4579.89009 15.168 0.006
4583.76032 15.100 0.006
4585.78727 15.208 0.006
4586.76338 15.205 0.006
4587.79695 15.152 0.006
4588.67211 15.096 0.006
4588.90459 15.127 0.005
4589.71854 15.110 0.006
4589.87384 15.103 0.006
4589.93573 15.108 0.006
4590.72732 15.156 0.006
4590.92927 15.108 0.006
4591.66843 15.234 0.006
4591.87977 15.189 0.006
4592.68864 15.164 0.006
4592.87794 15.238 0.006
4593.67783 15.123 0.006
4593.88766 15.166 0.006
4593.92752 15.190 0.006
4594.69908 15.100 0.006
4594.89391 15.122 0.006
4595.69162 15.116 0.006
4595.88290 15.095 0.005
4596.68346 15.187 0.006
4597.70811 15.233 0.006
4597.89972 15.183 0.006
4598.68431 15.162 0.005
4599.65681 15.112 0.006
4600.66918 15.080 0.005
4600.87786 15.101 0.005
4601.67171 15.132 0.005
4601.88796 15.091 0.005
4602.66427 15.209 0.005
4602.88859 15.129 0.005
4603.87568 15.205 0.006
4606.67211 15.082 0.005
4606.92731 15.114 0.006
4610.77454 15.170 0.006
4611.65095 15.111 0.006
4611.79982 15.119 0.005
4612.67247 15.093 0.005
4615.81477 15.236 0.006
4616.62644 15.124 0.006
4616.84274 15.188 0.006
4617.72735 15.107 0.005
4618.63502 15.101 0.005
4622.64858 15.132 0.006
4622.83351 15.188 0.006
4623.69521 15.088 0.006
4623.89282 15.144 0.006
4624.61669 15.113 0.006
4624.83669 15.101 0.006
4624.90574 15.102 0.006
4625.62709 15.176 0.006
4625.84646 15.113 0.006
4625.93501 15.102 0.006
4626.64770 15.255 0.007
4627.58568 15.154 0.006
4627.87511 15.237 0.006
4628.59265 15.122 0.006
4628.78239 15.165 0.006
4628.84472 15.172 0.006
4628.91894 15.197 0.006
4629.65547 15.100 0.005
4629.86312 15.125 0.006
4630.59053 15.125 0.006
4630.80630 15.098 0.005
4630.87585 15.104 0.005
4631.61606 15.182 0.005
4631.81475 15.120 0.005
4631.89012 15.110 0.006
4632.59518 15.218 0.006
4632.88482 15.167 0.006
4633.59221 15.147 0.006
4633.70316 15.184 0.005
4633.83658 15.222 0.006
4638.77665 15.231 0.006
4639.60031 15.148 0.006
4639.69781 15.176 0.006
4640.61843 15.112 0.006
4640.75034 15.128 0.005
4640.76506 15.132 0.005
4641.69400 15.091 0.005
4641.80609 15.105 0.006
4642.61644 15.135 0.005
4642.77863 15.089 0.006
4642.85775 15.103 0.006
4643.57571 15.219 0.006
4644.62419 15.229 0.006
4645.55455 15.132 0.006
4645.80226 15.208 0.006
4645.86781 15.240 0.007
4646.54960 15.092 0.005
4647.54591 15.103 0.006
4647.76210 15.104 0.006
4647.78631 15.098 0.006
4648.54300 15.166 0.006
4648.79687 15.098 0.006
4648.87148 15.097 0.006
4649.55321 15.238 0.006
4649.77959 15.151 0.006
4650.55435 15.189 0.006
4650.81746 15.222 0.006
4651.53778 15.127 0.006
4652.52925 15.094 0.006
4652.74346 15.124 0.006
4653.52490 15.112 0.006
4653.74413 15.103 0.006
4654.56398 15.168 0.006
4654.77857 15.101 0.006
4655.52474 15.227 0.006
4655.74934 15.175 0.005
4656.52668 15.174 0.006
4656.71654 15.241 0.006
4656.83588 15.224 0.006
4657.75510 15.185 0.006
4658.68532 15.123 0.006
4660.63758 15.144 0.006
4661.51478 15.226 0.006
4661.71547 15.203 0.006
4661.78249 15.168 0.006
4665.68241 15.097 0.006
4666.58772 15.172 0.006
4666.68866 15.151 0.006
4666.73091 15.124 0.006
4666.80325 15.112 0.007
4670.58430 15.097 0.006
4671.60790 15.107 0.005
4671.78000 15.103 0.006
4672.53375 15.205 0.006
4672.68393 15.144 0.005
4672.76910 15.123 0.006
4674.53955 15.155 0.006
4674.72976 15.217 0.006
4677.51312 15.150 0.006
4677.59708 15.115 0.006
4677.75264 15.104 0.006
4679.65189 15.246 0.007
4681.56153 15.114 0.006
4681.65453 15.135 0.005
4681.74478 15.145 0.006
4682.57907 15.103 0.006
4682.68282 15.107 0.005
4683.54415 15.153 0.006
4683.73277 15.103 0.006
4684.53674 15.227 0.006
4684.70812 15.153 0.006
4685.47934 15.203 0.007
4685.75684 15.228 0.006
4686.52545 15.137 0.006
4687.52881 15.110 0.006
4687.76471 15.146 0.006
4688.52213 15.099 0.006
4688.71182 15.107 0.006
4693.56977 15.101 0.005
4694.63094 15.098 0.006
4697.52556 15.197 0.006
4698.53099 15.138 0.005
4699.52915 15.100 0.005
4700.53358 15.107 0.005
4701.52884 15.176 0.006
4702.54509 15.244 0.006
4703.61255 15.208 0.006
4704.66792 15.169 0.006
4705.59618 15.102 0.006
4707.62439 15.147 0.005
4708.57629 15.241 0.006
4709.54037 15.188 0.007
4710.58112 15.131 0.005
4715.61538 15.192 0.006
4716.48861 15.120 0.005
4716.61303 15.137 0.006
4720.53078 15.242 0.006
4720.54486 15.231 0.007
4721.53106 15.171 0.007
4722.49685 15.110 0.006
4724.53356 15.126 0.006
4725.51226 15.222 0.006
4726.50837 15.228 0.007
4728.62610 15.136 0.007
4729.49380 15.094 0.006
4729.52906 15.097 0.006
4729.61307 15.105 0.006
4730.49523 15.150 0.006
4731.60219 15.192 0.006
4733.55064 15.168 0.006
4734.57997 15.123 0.006
4737.56860 15.222 0.007
4740.58147 15.118 0.006
4753.57249 15.104 0.006
4758.53825 15.095 0.006
4776.52464 15.092 0.007
4778.52991 15.218 0.007
4869.87405 15.224 0.006
4872.86644 15.095 0.006
4873.88825 15.135 0.006
4875.88807 15.221 0.006
4878.86216 15.100 0.006
4884.87881 15.088 0.005
4887.85122 15.201 0.006
4891.80751 15.186 0.006
4896.89844 15.099 0.005
4899.86618 15.186 0.006
4901.79581 15.097 0.006
4903.79150 15.212 0.006
4905.83975 15.172 0.006
4910.83778 15.224 0.006
4911.87474 15.158 0.005
4913.88824 15.092 0.005
4917.73483 15.131 0.005
4921.73663 15.249 0.006
4921.75318 15.255 0.006
4921.78846 15.233 0.005
4925.72342 15.123 0.005
4925.83975 15.094 0.005
4926.71657 15.179 0.006
4927.73958 15.247 0.006
4929.73467 15.126 0.006
4930.72666 15.097 0.006
4930.87452 15.109 0.006
4931.77082 15.115 0.006
4932.70492 15.200 0.006
4932.90407 15.124 0.005
4933.72080 15.232 0.007
4933.73961 15.246 0.007
4933.89851 15.202 0.006
4938.72038 15.206 0.006
4939.68121 15.210 0.006
4940.68120 15.142 0.006
4942.69767 15.088 0.005
4942.76962 15.099 0.005
4942.80942 15.094 0.005
4943.71005 15.140 0.005
4944.72147 15.220 0.005
4944.87629 15.150 0.005
4945.66662 15.198 0.006
4946.68925 15.141 0.005
4947.68006 15.108 0.005
4948.65971 15.109 0.005
4950.65045 15.230 0.006
4952.78332 15.147 0.005
4953.68354 15.092 0.005
4954.66225 15.112 0.005
4954.72836 15.093 0.005
4955.66299 15.173 0.006
4955.83135 15.113 0.005
