 551.91302 14.024 0.005
 552.79538 13.976 0.005
 552.82133 13.978 0.005
 553.87597 13.954 0.005
 553.91616 13.951 0.005
 554.75443 13.968 0.005
 555.80055 13.968 0.005
 557.70745 14.039 0.005
 557.79709 14.047 0.005
 557.88694 14.048 0.005
 558.75266 14.095 0.005
 558.88865 14.094 0.005
 559.70282 14.166 0.005
 560.68180 14.233 0.005
 560.77226 14.235 0.005
 560.88516 14.244 0.005
 561.68084 14.310 0.005
 561.80912 14.327 0.005
 561.87854 14.333 0.005
 562.72102 14.402 0.005
 562.80518 14.418 0.005
 562.89591 14.414 0.005
 563.81230 14.417 0.005
 563.89971 14.405 0.005
 567.72079 13.945 0.005
 567.85012 13.943 0.005
 568.71948 13.938 0.005
 568.80428 13.930 0.005
 569.68608 13.943 0.005
 570.68006 13.961 0.005
 570.85934 13.963 0.005
 571.66144 13.995 0.005
 571.78109 13.988 0.005
 571.89461 13.997 0.005
 572.72877 14.046 0.005
 572.86534 14.051 0.005
 573.65594 14.106 0.005
 573.83117 14.113 0.005
 574.67792 14.178 0.005
 574.76828 14.185 0.005
 575.67889 14.264 0.005
 575.86588 14.275 0.005
 576.68197 14.345 0.005
 576.82315 14.363 0.005
 576.92918 14.375 0.005
 577.83548 14.425 0.005
 578.68330 14.323 0.005
 581.65526 13.953 0.005
 581.87449 13.952 0.005
 582.66805 13.955 0.005
 582.88535 13.961 0.005
 583.66303 13.978 0.005
 583.77275 13.970 0.005
 583.90777 13.985 0.005
 587.67854 14.077 0.005
 588.66138 14.160 0.005
 588.77918 14.169 0.005
 590.76080 14.362 0.005
 599.67248 13.963 0.005
 600.65850 13.984 0.005
 600.79799 13.990 0.005
 601.72882 14.035 0.005
 601.93054 14.049 0.005
 605.59104 14.398 0.005
 605.92001 14.427 0.005
 605.94791 14.456 0.005
 606.59090 14.477 0.005
 606.73010 14.487 0.005
 606.90391 14.491 0.005
 607.58402 14.408 0.005
 607.70418 14.374 0.005
 607.86084 14.337 0.005
 608.57918 14.195 0.005
 608.69600 14.181 0.005
 608.85249 14.153 0.005
 614.60077 13.930 0.005
 614.79002 13.938 0.005
 615.58111 13.977 0.005
 615.67566 13.978 0.005
 615.77066 13.986 0.005
 615.88955 13.993 0.005
 616.58147 14.046 0.005
 616.69966 14.054 0.005
 616.79508 14.063 0.005
 616.89077 14.074 0.005
 622.79124 14.272 0.005
 623.66566 14.142 0.005
 623.80503 14.129 0.005
 624.58262 14.031 0.005
 624.67829 14.020 0.005
 625.59258 13.959 0.005
 625.69197 13.949 0.005
 626.57377 13.934 0.005
 626.64830 13.939 0.005
 626.78790 13.930 0.005
 627.81023 13.924 0.005
 628.62705 13.919 0.005
 628.72686 13.918 0.005
 628.83585 13.927 0.005
 629.59690 13.951 0.005
 629.71707 13.964 0.005
 630.56683 14.018 0.005
 631.64424 14.080 0.005
 631.74048 14.085 0.005
 632.63497 14.155 0.005
 632.72704 14.163 0.005
 633.61413 14.252 0.005
 635.68386 14.506 0.005
 643.55815 13.940 0.005
 643.65332 13.944 0.005
 645.57159 14.043 0.005
 649.51232 14.422 0.005
 652.55757 14.187 0.005
 653.69904 14.047 0.005
 656.59901 13.920 0.005
 657.59581 13.935 0.005
 658.60329 13.964 0.005
 663.54220 14.386 0.005
 665.56944 14.517 0.005
 666.50572 14.271 0.005
 667.54181 14.127 0.005
 669.50443 13.926 0.005
 670.67281 13.927 0.005
 671.50771 13.926 0.005
 673.64522 13.942 0.005
 684.49450 13.920 0.005
 685.48534 13.927 0.005
 686.53719 13.930 0.005
 687.53040 13.942 0.005
 688.51093 14.000 0.005
 689.49578 14.064 0.005
 694.50075 14.546 0.005
 697.50205 14.017 0.005
 698.49759 13.936 0.005
 699.49411 13.909 0.005
 700.50994 13.894 0.005
 701.49375 13.905 0.005
 704.51149 14.125 0.005
 708.58186 14.574 0.005
 713.50296 13.941 0.005
 720.50693 14.173 0.005
 728.61305 13.924 0.005
 742.55905 13.969 0.005
 753.52213 14.357 0.005
 878.84584 13.985 0.005
 890.89096 13.906 0.005
 896.81924 14.265 0.005
 900.81848 14.200 0.005
 918.82839 13.914 0.005
 924.88866 14.139 0.005
 928.88879 14.448 0.005
 930.81135 14.133 0.005
 933.79169 13.911 0.005
 936.83512 13.943 0.005
 937.77819 14.014 0.005
 939.73884 14.173 0.005
 941.71282 14.424 0.005
 941.83680 14.444 0.005
 944.74592 14.197 0.005
 949.71013 13.907 0.005
 950.69003 13.934 0.005
 951.76056 13.977 0.005
 952.72730 14.041 0.005
 953.74126 14.115 0.005
 954.74647 14.203 0.005
 961.78252 13.924 0.005
 962.70783 13.922 0.005
 963.71483 13.934 0.005
 964.78301 13.952 0.005
 965.68506 13.987 0.005
 966.66081 14.046 0.005
 970.83031 14.437 0.005
 984.70775 14.375 0.005
 985.61168 14.488 0.005
 988.81485 14.125 0.005
 990.67173 13.922 0.005
 991.66959 13.900 0.005
 992.81927 13.897 0.005
 995.67837 14.028 0.005
 995.74202 14.039 0.005
 997.79415 14.228 0.005
1006.73288 13.853 0.005
1011.76472 14.128 0.005
1021.69216 13.876 0.005
1026.61547 14.155 0.005
1035.55660 13.861 0.005
1036.60131 13.843 0.005
1037.59267 13.855 0.005
1038.63937 13.919 0.005
1039.68054 13.991 0.005
1040.52604 14.062 0.005
1041.53949 14.156 0.005
1043.56940 14.429 0.005
1045.51775 14.510 0.005
1046.52502 14.300 0.005
1047.55914 14.106 0.005
1048.53842 13.977 0.005
1051.58502 13.858 0.005
1053.62116 13.957 0.005
1054.51351 14.030 0.005
1060.53330 14.437 0.005
1061.52182 14.237 0.005
1064.52552 13.906 0.005
1065.49281 13.870 0.005
1069.63747 14.081 0.005
1074.53686 14.589 0.005
1077.59001 13.988 0.005
1080.50211 13.856 0.005
1087.55151 14.457 0.005
1090.55915 14.292 0.005
1092.60181 13.938 0.005
1105.57001 14.205 0.005
1107.52980 13.937 0.005
1113.56981 14.014 0.005
1119.51563 14.304 0.005
1220.86681 14.508 0.005
1225.84847 13.871 0.005
1237.86710 14.080 0.005
1242.80453 13.902 0.005
1252.80034 14.038 0.005
1255.85390 13.891 0.005
1259.81747 14.045 0.005
1264.90071 14.473 0.005
1272.87411 13.946 0.005
1279.88898 14.397 0.005
1281.91815 14.069 0.005
1289.78633 14.102 0.005
1291.86887 14.293 0.005
1295.76496 14.164 0.005
1296.88089 14.024 0.005
1297.83243 13.948 0.005
1299.87210 13.916 0.005
1305.80234 14.225 0.005
1306.68127 14.315 0.005
1307.89777 14.466 0.005
1310.82171 14.124 0.005
1312.77632 13.911 0.005
1313.89744 13.897 0.005
1315.78778 13.932 0.005
1316.71299 13.981 0.005
1317.79324 14.060 0.005
1318.78131 14.144 0.005
1319.81427 14.214 0.005
1320.66498 14.286 0.005
1321.68945 14.408 0.005
1327.76678 13.899 0.005
1332.81967 14.085 0.005
1335.72075 14.309 0.005
1338.76845 14.233 0.005
1340.66710 13.987 0.005
1342.62270 13.883 0.005
1346.68077 14.042 0.005
1347.71082 14.112 0.005
1348.74417 14.220 0.005
1349.75799 14.333 0.005
1350.78572 14.467 0.005
1352.78946 14.400 0.005
1354.63543 14.062 0.005
1355.61023 13.957 0.005
1365.67477 14.539 0.005
1366.62128 14.632 0.005
1367.68842 14.355 0.005
1368.63718 14.138 0.005
1369.73826 13.964 0.005
1370.57807 13.899 0.005
1374.72398 13.979 0.005
1375.64773 14.016 0.005
1394.59133 14.434 0.005
1395.56994 14.555 0.005
1397.71913 14.231 0.005
1398.57326 14.062 0.005
1399.59541 13.931 0.005
1400.60211 13.888 0.005
1401.56022 13.905 0.005
1402.55301 13.929 0.005
1403.62304 13.958 0.005
1404.55638 14.001 0.005
1407.57434 14.238 0.005
1408.55153 14.359 0.005
1410.56370 14.554 0.005
1415.55849 13.914 0.005
1416.53877 13.935 0.005
1418.51954 14.001 0.005
1430.60923 13.962 0.005
1433.51525 14.005 0.005
1436.61571 14.158 0.005
1441.52111 14.193 0.005
1443.51540 13.957 0.005
1447.54169 13.979 0.005
1449.54152 14.088 0.005
1454.53951 14.378 0.005
1459.51789 13.938 0.005
1479.51240 14.174 0.005
1593.88305 14.053 0.005
1594.87118 14.121 0.005
1595.86515 14.211 0.005
1596.88888 14.302 0.005
1597.87936 14.424 0.005
1609.82784 14.189 0.005
1616.90201 13.940 0.005
1618.83843 13.917 0.005
1621.78965 14.005 0.005
1623.80148 14.126 0.005
1625.85101 14.353 0.005
1627.81078 14.548 0.005
1630.89286 14.023 0.005
1633.78472 13.941 0.005
1643.79520 14.231 0.005
1644.90606 14.082 0.005
1646.85558 13.935 0.005
1652.82160 14.150 0.005
1653.81022 14.212 0.005
1655.91358 14.472 0.005
1661.85841 13.918 0.005
1662.90612 13.933 0.005
1663.82359 13.954 0.005
1665.73584 14.052 0.005
1666.82711 14.106 0.005
1667.87137 14.189 0.005
1668.88507 14.263 0.005
1670.75365 14.453 0.005
1671.84768 14.411 0.005
1674.80844 14.002 0.005
1676.79011 13.939 0.005
1681.83050 14.174 0.005
1682.83313 14.250 0.005
1687.85290 14.109 0.005
1692.67086 13.924 0.005
1693.77291 13.945 0.005
1695.85237 14.099 0.005
1698.70752 14.353 0.005
1700.87364 14.358 0.005
1702.69819 14.061 0.005
1703.85500 13.959 0.005
1705.69641 13.908 0.005
1706.71754 13.907 0.005
1709.63937 14.033 0.005
1716.83700 14.093 0.005
1717.67027 13.987 0.005
1718.74754 13.925 0.005
1721.74507 13.935 0.005
1721.77599 13.922 0.005
1722.62027 13.943 0.005
1722.65191 13.948 0.005
1725.62918 14.165 0.005
1725.67096 14.173 0.005
1725.71035 14.173 0.005
1725.78463 14.184 0.005
1725.80988 14.188 0.005
1725.88311 14.209 0.005
1726.56929 14.251 0.005
1726.61932 14.251 0.005
1726.70003 14.256 0.005
1726.74492 14.270 0.005
1726.80056 14.272 0.005
1726.88043 14.287 0.005
1728.51421 14.448 0.005
1728.61401 14.432 0.005
1728.66343 14.433 0.005
1729.55367 14.304 0.005
1729.63889 14.278 0.005
1729.87171 14.244 0.005
1730.51016 14.164 0.005
1730.61005 14.157 0.005
1730.76330 14.134 0.005
1731.48300 14.062 0.005
1731.52511 14.052 0.005
1731.68918 14.037 0.005
1731.85643 14.021 0.005
1732.51341 13.971 0.005
1732.67749 13.957 0.005
1733.54643 13.930 0.005
1733.60560 13.926 0.005
1733.61546 13.931 0.005
1737.67832 13.983 0.005
1737.80878 14.057 0.005
1737.81521 14.039 0.005
1738.61758 14.049 0.005
1739.48287 14.141 0.005
1739.49316 14.129 0.005
1739.50649 14.134 0.005
1739.51320 14.132 0.005
1739.54658 14.151 0.005
1739.55260 14.147 0.005
1739.55862 14.149 0.005
1739.56460 14.144 0.005
1739.57063 14.087 0.005
1739.59118 14.151 0.005
1739.59721 14.146 0.005
1739.60320 14.145 0.005
1739.60921 14.146 0.005
1739.61557 14.146 0.005
1739.62161 14.148 0.005
1739.62762 14.146 0.005
1739.63365 14.149 0.005
1739.63966 14.152 0.005
1739.64594 14.150 0.005
1739.65194 14.147 0.005
1739.65793 14.154 0.005
1739.66394 14.151 0.005
1739.66995 14.151 0.005
1739.67643 14.157 0.005
1739.68244 14.154 0.005
1739.68843 14.156 0.005
1739.69442 14.156 0.005
1739.70043 14.156 0.005
1739.70644 14.155 0.005
1739.71280 14.166 0.005
1739.71881 14.156 0.005
1739.72483 14.163 0.005
1739.73083 14.159 0.005
1739.73683 14.152 0.005
1739.74286 14.159 0.005
1739.75661 14.174 0.005
1739.76262 14.165 0.005
1739.76861 14.160 0.005
1739.77461 14.168 0.005
1739.78064 14.176 0.005
1739.78663 14.171 0.005
1739.79964 14.171 0.005
1739.80566 14.173 0.005
1739.81166 14.171 0.005
1739.81766 14.174 0.005
1740.48965 14.227 0.005
1740.49965 14.234 0.005
1740.50658 14.237 0.005
1740.53959 14.238 0.005
1740.54621 14.239 0.005
1740.55285 14.234 0.005
1740.55888 14.232 0.005
1740.56490 14.240 0.005
1740.57091 14.237 0.005
1740.57691 14.236 0.005
1740.58294 14.240 0.005
1740.60359 14.242 0.005
1740.60958 14.239 0.005
1740.61558 14.243 0.005
1740.64788 14.251 0.005
1740.65413 14.247 0.005
1740.66020 14.247 0.005
1741.55008 14.344 0.006
1741.55607 14.341 0.006
1742.54804 14.449 0.005
1742.66890 14.469 0.005
1742.78802 14.484 0.005
1743.64586 14.461 0.005
1743.77021 14.432 0.005
1744.72817 14.216 0.005
1744.84084 14.203 0.005
1745.59332 14.103 0.005
1745.65597 14.101 0.005
1746.60638 13.982 0.005
1746.69880 13.979 0.005
1748.58132 13.922 0.005
1749.52221 13.926 0.005
1750.50642 13.933 0.005
1750.66538 13.936 0.005
1751.48212 13.967 0.005
1751.58232 13.978 0.005
1752.61812 14.049 0.005
1753.57398 14.106 0.005
1754.61233 14.188 0.005
1755.62685 14.296 0.005
1756.56473 14.415 0.005
1757.60218 14.544 0.005
1758.60887 14.359 0.005
1759.53763 14.178 0.005
1760.58724 14.017 0.005
1761.55420 13.933 0.005
1762.55152 13.890 0.005
1763.50553 13.887 0.005
1764.59521 13.892 0.005
1765.59834 13.922 0.005
1769.56917 14.254 0.005
1771.57137 14.549 0.006
1772.58132 14.629 0.005
1773.59584 14.356 0.005
1775.59669 13.969 0.005
1776.59194 13.894 0.005
1777.60644 13.878 0.005
1783.60690 14.192 0.005
1784.59660 14.304 0.005
1785.59597 14.450 0.005
1787.59111 14.505 0.005
1788.56000 14.270 0.005
1790.57357 13.950 0.005
1803.52098 14.193 0.005
1806.57089 13.930 0.005
1809.58024 13.957 0.005
1811.58845 14.072 0.005
1814.53690 14.359 0.005
1816.52455 14.595 0.005
1818.50676 14.162 0.005
1824.54956 13.982 0.005
1829.53762 14.415 0.005
1830.49672 14.571 0.005
1830.50321 14.570 0.005
1830.51703 14.573 0.005
1830.53694 14.575 0.005
1830.55665 14.572 0.005
1830.57604 14.581 0.005
1831.49618 14.537 0.005
1831.52084 14.524 0.005
1831.54016 14.526 0.005
1831.55822 14.529 0.005
1831.57072 14.522 0.005
1831.58312 14.509 0.005
1833.50749 14.118 0.005
1833.55331 14.116 0.005
1834.49701 13.985 0.005
1834.54034 13.987 0.005
1843.51787 14.294 0.005
1844.52058 14.426 0.005
1845.51738 14.498 0.005
1845.53292 14.510 0.005
1845.55146 14.507 0.005
1846.52164 14.343 0.005
1846.53975 14.345 0.005
1847.51422 14.199 0.005
1847.53225 14.195 0.005
1848.53450 14.068 0.005
1849.51272 13.970 0.005
1849.53059 13.978 0.005
1850.51681 13.934 0.005
1854.52255 13.997 0.005
1859.51339 14.497 0.005
1861.51474 14.309 0.005
2072.60108 14.032 0.005
2072.61102 14.037 0.005
2072.62234 14.041 0.005
2072.63095 14.025 0.005
2072.63958 14.029 0.005
2072.65503 14.035 0.005
2072.66365 14.030 0.005
2072.67231 14.033 0.005
2072.68095 14.029 0.005
2072.68960 14.039 0.005
2072.69825 14.039 0.005
2072.72835 14.023 0.005
2072.73697 14.035 0.005
2072.74556 14.031 0.005
2072.75421 14.038 0.005
2072.76281 14.039 0.005
2072.77143 14.039 0.005
2072.78046 14.051 0.005
2072.78907 14.040 0.005
2072.79767 14.039 0.005
2072.80629 14.041 0.005
2072.81493 14.049 0.005
2072.82353 14.042 0.005
2072.83306 14.045 0.005
2072.84195 14.047 0.005
2072.85106 14.039 0.005
2072.86194 14.050 0.005
2072.87052 14.050 0.005
2072.87913 14.049 0.005
2072.89329 14.061 0.005
2072.90189 14.051 0.005
2072.91045 14.056 0.005
2073.58234 14.068 0.005
2073.59771 14.060 0.005
2073.60632 14.069 0.005
2073.61491 14.065 0.005
2073.62354 14.076 0.005
2073.63217 14.072 0.005
2073.64077 14.071 0.005
2073.64955 14.069 0.005
2073.65819 14.073 0.005
2073.66871 14.072 0.005
2073.67766 14.065 0.005
2073.68629 14.069 0.005
2073.69492 14.077 0.005
2073.70352 14.078 0.005
2073.71219 14.072 0.005
2073.72082 14.066 0.005
2073.73028 14.072 0.005
2073.73886 14.078 0.005
2073.74743 14.080 0.005
2073.75603 14.079 0.005
2073.76461 14.077 0.005
2073.77321 14.077 0.005
2073.78648 14.087 0.005
2073.80914 14.104 0.005
2073.82494 14.107 0.005
2073.83397 14.109 0.005
2073.84915 14.098 0.005
2073.85774 14.109 0.005
2073.86633 14.107 0.005
2073.87493 14.110 0.005
2073.88353 14.108 0.005
2073.89703 14.104 0.005
2073.90560 14.104 0.005
2074.57630 14.151 0.005
2074.58493 14.145 0.005
2074.59355 14.149 0.005
2074.60217 14.146 0.005
2074.61079 14.150 0.005
2074.61943 14.146 0.005
2074.63716 14.153 0.005
2074.64576 14.142 0.005
2074.65436 14.143 0.005
2074.66303 14.158 0.005
2074.67166 14.142 0.005
2074.68051 14.157 0.005
2074.70288 14.158 0.005
2074.71152 14.159 0.005
2074.72012 14.155 0.005
2074.73135 14.147 0.005
2074.73992 14.147 0.005
2074.76370 14.145 0.005
2074.77232 14.151 0.005
2074.78091 14.157 0.005
2074.78951 14.161 0.005
2074.79938 14.169 0.005
2074.80798 14.161 0.005
2074.81682 14.160 0.005
2074.82543 14.159 0.005
2074.83403 14.165 0.005
2074.84266 14.163 0.005
2074.85130 14.164 0.005
2074.85987 14.167 0.005
2074.86892 14.174 0.005
2074.87746 14.182 0.005
2074.88606 14.179 0.005
2074.89472 14.172 0.005
2074.90334 14.180 0.005
2075.61108 14.243 0.005
2075.61969 14.245 0.005
2075.62828 14.245 0.005
2075.63690 14.247 0.005
2075.64553 14.244 0.005
2075.66516 14.245 0.005
2075.67375 14.243 0.005
2075.68236 14.244 0.005
2075.69099 14.239 0.005
2075.69963 14.238 0.005
2075.70822 14.243 0.005
2075.71725 14.241 0.005
2075.72650 14.243 0.005
2075.73510 14.253 0.005
2075.74367 14.244 0.005
2075.77047 14.257 0.005
2075.77907 14.255 0.005
2075.78765 14.258 0.005
2075.79652 14.257 0.005
2075.80514 14.248 0.005
2075.81375 14.259 0.005
2075.82236 14.256 0.005
2075.83093 14.251 0.005
2075.84358 14.258 0.005
2075.85218 14.261 0.005
2075.86080 14.258 0.005
2075.86939 14.265 0.005
2075.87794 14.260 0.005
2075.88654 14.267 0.005
2075.89544 14.263 0.005
2076.68960 14.345 0.005
2076.69822 14.350 0.005
2076.70684 14.352 0.005
2076.72033 14.352 0.005
2076.73029 14.351 0.005
2076.73910 14.351 0.005
2076.74787 14.359 0.005
2076.75661 14.348 0.005
2076.76539 14.356 0.005
2076.77417 14.355 0.005
2076.79006 14.355 0.005
2076.80142 14.357 0.005
2076.81414 14.360 0.005
2076.82663 14.353 0.005
2076.83536 14.362 0.005
2076.84411 14.364 0.005
2076.85283 14.355 0.005
2076.86160 14.364 0.005
2076.87031 14.367 0.005
2076.87962 14.371 0.005
2076.88836 14.372 0.005
2077.58633 14.446 0.005
2077.60692 14.459 0.005
2077.61760 14.450 0.005
2077.62853 14.451 0.005
2077.63729 14.450 0.005
2077.65017 14.452 0.005
2077.65894 14.447 0.005
2077.66767 14.450 0.005
2077.67639 14.449 0.005
2077.68859 14.458 0.005
2077.69738 14.449 0.005
2077.70615 14.460 0.005
2077.71491 14.454 0.005
2077.72365 14.458 0.005
2077.73240 14.459 0.005
2077.74219 14.467 0.005
2077.75096 14.469 0.005
2077.75976 14.458 0.005
2077.76851 14.457 0.005
2077.77725 14.467 0.005
2077.78938 14.465 0.005
2077.79809 14.478 0.005
2077.80684 14.466 0.005
2077.81563 14.474 0.005
2077.82438 14.477 0.005
2077.83314 14.472 0.005
2077.84225 14.475 0.005
2077.85098 14.481 0.005
2077.85974 14.476 0.005
2077.86848 14.471 0.005
2077.87716 14.473 0.005
2077.88592 14.477 0.005
2077.89489 14.473 0.005
2077.90367 14.491 0.005
2078.59219 14.522 0.005
2078.60094 14.524 0.005
2078.60971 14.520 0.005
2078.61844 14.520 0.005
2078.62721 14.515 0.005
2078.63599 14.509 0.005
2078.65637 14.510 0.005
2078.66510 14.513 0.005
2078.67388 14.513 0.005
2078.68263 14.516 0.005
2078.69140 14.506 0.005
2078.70013 14.507 0.005
2078.70979 14.504 0.005
2078.71872 14.505 0.005
2078.72744 14.506 0.005
2078.73619 14.506 0.005
2078.74492 14.495 0.005
2078.75368 14.502 0.005
2078.76672 14.502 0.005
2078.78557 14.499 0.005
2078.79435 14.501 0.005
2078.80310 14.503 0.005
2078.81185 14.496 0.005
2078.83791 14.493 0.005
2078.84667 14.491 0.005
2078.86497 14.494 0.005
2078.87365 14.496 0.005
2078.88240 14.492 0.005
2079.62222 14.328 0.005
2079.63097 14.332 0.005
2079.63977 14.318 0.005
2079.64852 14.315 0.005
2079.65727 14.308 0.005
2079.66603 14.316 0.005
2079.67583 14.306 0.005
2079.68456 14.309 0.005
2079.69331 14.309 0.005
2079.70202 14.298 0.005
2079.71077 14.305 0.005
2079.73364 14.295 0.005
2079.74242 14.295 0.005
2079.75116 14.295 0.005
2079.75986 14.291 0.005
2079.76862 14.291 0.005
2079.78392 14.294 0.005
2079.79604 14.288 0.005
2079.80478 14.287 0.005
2079.81356 14.287 0.005
2080.55559 14.178 0.005
2080.57005 14.180 0.005
2080.57875 14.173 0.005
2080.58749 14.172 0.005
2080.59620 14.174 0.005
2080.60494 14.175 0.005
2080.61368 14.174 0.005
2080.62838 14.167 0.005
2080.63716 14.171 0.005
2080.64591 14.164 0.005
2080.65470 14.164 0.005
2080.66342 14.165 0.005
2080.67809 14.156 0.005
2080.69972 14.162 0.005
2080.70845 14.152 0.005
2080.71720 14.156 0.005
2080.75097 14.152 0.005
2080.76345 14.149 0.005
2080.77774 14.148 0.005
2080.80314 14.152 0.005
2080.81348 14.143 0.005
2080.82227 14.147 0.005
2080.83101 14.134 0.005
2080.83969 14.142 0.005
2080.84846 14.142 0.005
2080.85724 14.147 0.005
2081.56920 14.049 0.005
2081.57910 14.061 0.005
2081.58783 14.054 0.005
2081.59848 14.047 0.005
2081.61801 14.053 0.005
2081.66077 14.053 0.005
2081.70219 14.039 0.005
2081.71103 14.023 0.005
2081.71987 14.037 0.005
2081.72859 14.041 0.005
2081.73731 14.041 0.005
2081.74607 14.038 0.005
2081.75688 14.032 0.005
2081.76567 14.038 0.005
2081.77442 14.038 0.005
2081.78318 14.034 0.005
2081.80125 14.029 0.005
2081.80999 14.024 0.005
2081.81875 14.033 0.005
2081.83077 14.029 0.005
2081.83952 14.019 0.005
2081.86475 14.022 0.005
2081.86834 14.012 0.005
2081.87962 14.011 0.005
2082.64280 13.949 0.005
2082.68513 13.954 0.005
2082.69589 13.959 0.005
2082.70523 13.962 0.005
2082.71402 13.953 0.005
2082.72649 13.954 0.005
2082.73821 13.953 0.005
2082.74694 13.952 0.005
2082.75565 13.952 0.005
2082.76677 13.951 0.005
2082.78348 13.933 0.005
2082.79222 13.953 0.005
2082.80097 13.943 0.005
2082.80971 13.943 0.005
2082.81847 13.948 0.005
2082.82723 13.950 0.005
2082.83972 13.951 0.005
2082.84849 13.947 0.005
2082.85727 13.947 0.005
2082.86602 13.945 0.005
2082.87479 13.946 0.005
2082.88358 13.943 0.005
2082.89623 13.943 0.005
2085.63080 13.981 0.005
2085.63939 13.986 0.005
2085.64798 13.987 0.005
2085.65662 13.986 0.005
2085.66521 13.983 0.005
2085.67382 13.985 0.005
2085.68505 13.989 0.005
2085.69361 13.989 0.005
2085.70221 13.985 0.005
2085.71082 13.992 0.005
2085.71953 13.984 0.005
2085.72816 13.987 0.005
2085.73794 13.985 0.005
2085.74656 13.993 0.005
2085.75876 13.986 0.005
2085.77536 13.991 0.005
2085.78478 13.979 0.005
2085.79494 13.994 0.005
2085.80353 13.983 0.005
2085.82598 13.992 0.005
2085.83456 13.981 0.005
2085.84315 13.978 0.005
2085.85175 13.990 0.005
2085.86037 13.991 0.005
2086.55481 13.995 0.005
2086.56343 13.999 0.005
2086.57202 13.990 0.005
2086.59175 13.996 0.005
2086.60037 13.997 0.005
2086.60899 14.003 0.005
2086.62829 13.988 0.005
2086.63691 13.998 0.005
2086.64548 13.997 0.005
2086.65410 13.996 0.005
2086.66270 13.995 0.005
2086.67132 13.988 0.005
2086.68306 13.991 0.005
2086.69161 13.995 0.005
2086.70018 13.997 0.005
2086.70878 13.997 0.005
2086.71745 13.998 0.005
2086.73088 14.007 0.005
2086.73953 13.998 0.005
2086.74814 14.005 0.005
2086.75675 13.996 0.005
2086.76535 13.996 0.005
2086.77865 13.997 0.005
2086.78727 13.995 0.005
2086.79592 14.006 0.005
2086.80830 13.995 0.005
2086.81687 13.997 0.005
2086.82549 14.001 0.005
2086.83795 14.002 0.005
2086.84658 13.997 0.005
2086.85519 14.003 0.005
2086.86379 14.003 0.005
2087.56046 14.025 0.005
2087.60209 14.038 0.005
2087.61082 14.044 0.005
2087.61954 14.036 0.005
2087.62827 14.043 0.005
2087.63703 14.030 0.005
2087.64578 14.038 0.005
2087.65476 14.031 0.005
2087.66352 14.036 0.005
2087.67559 14.043 0.005
2087.68432 14.043 0.005
2087.69371 14.042 0.005
2087.71116 14.038 0.005
2087.71993 14.050 0.005
2087.72870 14.045 0.005
2087.73750 14.046 0.005
2087.74628 14.038 0.005
2087.75502 14.047 0.005
2087.76551 14.043 0.005
2087.77426 14.041 0.005
2087.78301 14.041 0.005
2087.79175 14.049 0.005
2087.80049 14.050 0.005
2087.80924 14.056 0.005
2087.81847 14.055 0.005
2087.82720 14.054 0.005
2087.83596 14.053 0.005
2087.84471 14.051 0.005
2087.85346 14.051 0.005
2087.86218 14.047 0.005
2088.55786 14.101 0.005
2088.56977 14.103 0.005
2088.57851 14.104 0.005
2088.58730 14.102 0.005
2088.59609 14.107 0.005
2088.60499 14.102 0.005
2088.61378 14.106 0.005
2088.62254 14.104 0.005
2088.63134 14.106 0.005
2088.64161 14.099 0.005
2088.65041 14.113 0.005
2088.65917 14.107 0.005
2088.66797 14.104 0.005
2088.67912 14.114 0.005
2088.68842 14.086 0.005
2088.69713 14.108 0.005
2088.70588 14.106 0.005
2088.71463 14.111 0.005
2088.72469 14.111 0.005
2088.73859 14.113 0.005
2088.74735 14.107 0.005
2088.75608 14.108 0.005
2088.76481 14.115 0.005
2088.77668 14.116 0.005
2088.78548 14.112 0.005
2088.79423 14.115 0.005
2088.80301 14.126 0.005
2088.81180 14.118 0.005
2088.82055 14.110 0.005
2088.82971 14.109 0.005
2088.83843 14.123 0.005
2088.84722 14.122 0.005
2089.61034 14.179 0.005
2089.61908 14.178 0.005
2089.62781 14.176 0.005
2089.63654 14.176 0.005
2089.64530 14.177 0.005
2089.65445 14.167 0.005
2090.64245 14.272 0.005
2090.65125 14.267 0.005
2090.66119 14.259 0.005
2090.66997 14.266 0.005
2090.67890 14.266 0.005
2090.70715 14.270 0.005
2090.71589 14.272 0.005
2090.72461 14.271 0.005
2090.73332 14.268 0.005
2090.74206 14.267 0.005
2090.75084 14.274 0.005
2090.76041 14.268 0.005
2090.76914 14.275 0.005
2090.77788 14.274 0.005
2090.78664 14.275 0.005
2090.79543 14.275 0.005
2090.80420 14.277 0.005
2090.81627 14.284 0.005
2090.82501 14.292 0.005
2090.83936 14.288 0.005
2091.58676 14.360 0.005
2091.59555 14.357 0.005
2091.60431 14.361 0.005
2091.61502 14.362 0.005
2091.63115 14.364 0.005
2091.65270 14.368 0.005
2091.66227 14.369 0.005
2091.67098 14.370 0.005
2091.68033 14.372 0.005
2091.68916 14.373 0.005
2091.69790 14.377 0.005
2091.70666 14.364 0.005
2091.71565 14.374 0.005
2091.72437 14.371 0.005
2091.73309 14.364 0.005
2091.74185 14.374 0.005
2091.75063 14.374 0.005
2091.76173 14.376 0.005
2091.77465 14.375 0.005
2091.78342 14.377 0.005
2091.79215 14.365 0.005
2091.80094 14.383 0.005
2091.80969 14.374 0.005
2091.81846 14.377 0.005
2091.82741 14.382 0.005
2091.83661 14.380 0.005
2091.84537 14.392 0.005
2091.85414 14.385 0.005
2091.86285 14.385 0.005
2091.87157 14.390 0.005
2092.64416 14.484 0.005
2092.65296 14.479 0.005
2092.66173 14.487 0.005
2092.67328 14.485 0.005
2092.68206 14.489 0.005
2092.69081 14.483 0.005
2092.69959 14.494 0.005
2092.70837 14.486 0.005
2092.71714 14.495 0.005
2092.73240 14.484 0.005
2092.74117 14.493 0.005
2092.75175 14.496 0.005
2092.76047 14.494 0.005
2092.76922 14.498 0.005
2092.77798 14.500 0.005
2092.78672 14.505 0.005
2092.79724 14.505 0.005
2092.80598 14.507 0.005
2092.81470 14.508 0.005
2092.82988 14.511 0.005
2101.55169 14.012 0.005
2101.56043 14.014 0.005
2101.56917 14.008 0.005
2101.57793 14.011 0.005
2101.58661 14.010 0.005
2101.59540 14.011 0.005
2101.60995 14.010 0.005
2101.61873 14.010 0.005
2101.62751 14.013 0.005
2101.63626 14.016 0.005
2101.64495 14.014 0.005
2101.65437 14.016 0.005
2101.66334 14.018 0.005
2101.67209 14.018 0.005
2101.68084 14.023 0.005
2101.68958 14.018 0.005
2101.69833 14.020 0.005
2101.70706 14.020 0.005
2101.72427 14.018 0.005
2101.73964 14.025 0.005
2101.75822 14.026 0.005
2101.76695 14.022 0.005
2101.77573 14.023 0.005
2101.78446 14.024 0.005
2102.53609 14.062 0.005
2102.54486 14.056 0.005
2102.55544 14.059 0.005
2102.56419 14.060 0.005
2102.57994 14.062 0.005
2102.58872 14.051 0.005
2102.59745 14.051 0.005
2102.60623 14.059 0.005
2102.61496 14.061 0.005
2102.62375 14.062 0.005
2102.63307 14.062 0.005
2102.64183 14.061 0.005
2102.65119 14.062 0.005
2103.50001 14.115 0.005
2103.50874 14.112 0.005
2103.51923 14.108 0.005
2103.52796 14.112 0.005
2103.53673 14.112 0.005
2103.54544 14.107 0.005
2103.55418 14.110 0.005
2103.56289 14.114 0.005
2103.57481 14.116 0.005
2103.58359 14.116 0.005
2103.59235 14.106 0.005
2103.60111 14.114 0.005
2103.61052 14.116 0.005
2103.61929 14.111 0.005
2103.62804 14.113 0.005
2103.63674 14.119 0.005
2103.64607 14.112 0.005
2103.65481 14.116 0.005
2103.66471 14.115 0.005
2103.67354 14.121 0.005
2103.68224 14.114 0.005
2103.72327 14.120 0.005
2103.73207 14.132 0.005
2103.74082 14.123 0.005
2103.74956 14.129 0.005
2103.75834 14.124 0.005
2103.76706 14.126 0.005
2103.77580 14.125 0.005
2103.78454 14.122 0.005
2103.79328 14.121 0.005
2105.50627 14.268 0.005
2105.51998 14.268 0.005
2105.52902 14.268 0.005
2105.53777 14.253 0.005
2105.54651 14.259 0.005
2105.55524 14.269 0.005
2105.56644 14.272 0.005
2105.57518 14.265 0.005
2105.58396 14.267 0.005
2105.59270 14.263 0.005
2105.60219 14.272 0.005
2105.61152 14.269 0.005
2105.62059 14.276 0.005
2105.63243 14.270 0.005
2105.64325 14.263 0.005
2105.65200 14.271 0.005
2105.65546 14.270 0.005
2105.66455 14.265 0.005
2105.67330 14.273 0.005
2105.68205 14.267 0.005
2105.69079 14.279 0.005
2105.69956 14.276 0.005
2105.70830 14.286 0.005
2105.71445 14.282 0.005
2105.72470 14.285 0.005
2105.73342 14.281 0.005
2105.74216 14.279 0.005
2105.75092 14.274 0.005
2105.75966 14.277 0.005
2105.76845 14.291 0.005
2105.77758 14.288 0.005
2105.78631 14.294 0.005
2105.79509 14.290 0.005
2105.80391 14.289 0.005
2106.59545 14.386 0.005
2106.60510 14.381 0.005
2106.61431 14.381 0.005
2106.62309 14.382 0.005
2106.63185 14.390 0.005
2106.64136 14.397 0.005
2106.65011 14.392 0.005
2106.65890 14.393 0.005
2106.66795 14.397 0.005
2106.67673 14.390 0.005
2106.68548 14.395 0.005
2106.69416 14.393 0.005
2106.70292 14.394 0.005
2106.71833 14.394 0.005
2106.72710 14.399 0.005
2106.73584 14.400 0.005
2106.74459 14.410 0.005
2106.75329 14.418 0.005
2106.76205 14.409 0.005
2111.51213 13.952 0.005
2111.52090 13.949 0.005
2111.52964 13.952 0.005
2111.53837 13.948 0.005
2111.54716 13.945 0.005
2111.55592 13.955 0.005
2111.56516 13.947 0.005
2111.57389 13.950 0.005
2111.58270 13.953 0.005
2111.59143 13.946 0.005
2111.60019 13.951 0.005
2111.60890 13.941 0.005
2111.61805 13.951 0.005
2111.62740 13.944 0.005
2111.63618 13.951 0.005
2111.64495 13.948 0.005
2111.65372 13.939 0.005
2111.66244 13.945 0.005
2111.67165 13.946 0.005
2111.68039 13.951 0.005
2111.68915 13.939 0.005
2111.69788 13.949 0.005
2111.70662 13.937 0.005
2111.71539 13.943 0.005
2111.72470 13.941 0.005
2111.73343 13.938 0.005
2111.74216 13.953 0.005
2111.75092 13.940 0.005
2112.50470 13.932 0.005
2112.51432 13.933 0.005
2112.52732 13.939 0.005
2112.53610 13.937 0.005
2112.55565 13.929 0.005
2112.56437 13.937 0.005
2112.57867 13.932 0.005
2112.58742 13.926 0.005
2112.60076 13.927 0.005
2112.60949 13.932 0.005
2112.61827 13.931 0.005
2112.62699 13.930 0.005
2112.63574 13.927 0.005
2112.64457 13.929 0.005
2112.66642 13.928 0.005
2112.67518 13.935 0.005
2112.68392 13.929 0.005
2112.69269 13.934 0.005
2112.70281 13.925 0.005
2112.71181 13.932 0.005
2112.72057 13.929 0.005
2112.72933 13.933 0.005
2112.73812 13.931 0.005
2112.74686 13.930 0.005
2112.75627 13.936 0.005
2113.51586 13.936 0.005
2113.52462 13.947 0.005
2113.53337 13.936 0.005
2113.54266 13.942 0.005
2113.55143 13.937 0.005
2113.56017 13.933 0.005
2113.56887 13.935 0.005
2113.57759 13.936 0.005
2113.58635 13.939 0.005
2113.59562 13.935 0.005
2113.60437 13.948 0.005
2113.61311 13.935 0.005
2113.62217 13.929 0.005
2113.63092 13.940 0.005
2113.63966 13.934 0.005
2113.64918 13.939 0.005
2113.65796 13.939 0.005
2113.71536 13.939 0.005
2113.72413 13.935 0.005
2113.73287 13.943 0.005
2113.74161 13.940 0.005
2113.75035 13.944 0.005
2113.75910 13.943 0.005
2113.76831 13.935 0.005
2113.77707 13.945 0.005
2114.69378 13.956 0.005
2114.70253 13.954 0.005
2114.71130 13.960 0.005
2114.72011 13.960 0.005
2114.73080 13.957 0.005
2114.74057 13.947 0.005
2114.74929 13.959 0.005
2114.76028 13.959 0.005
2114.76905 13.960 0.005
2114.77785 13.950 0.005
2114.79797 13.950 0.005
2115.55328 13.981 0.005
2115.56202 13.982 0.005
2115.57238 13.988 0.005
2115.58678 13.986 0.005
2115.59553 13.987 0.005
2115.60429 13.981 0.005
2115.61819 13.988 0.005
2115.62691 13.995 0.005
2115.63570 13.996 0.005
2115.64683 13.991 0.005
2115.65607 13.995 0.005
2115.66482 13.988 0.005
2115.67357 13.992 0.005
2115.68229 13.996 0.005
2115.69102 13.989 0.005
2115.69982 13.990 0.005
2115.73419 13.993 0.005
2115.74529 13.990 0.005
2116.50948 14.039 0.005
2116.51824 14.037 0.005
2116.56251 14.041 0.005
2116.57128 14.045 0.005
2116.58942 14.045 0.005
2116.60102 14.046 0.005
2116.61037 14.041 0.005
2116.61913 14.040 0.005
2116.62791 14.042 0.005
2116.63666 14.043 0.005
2116.65678 14.052 0.005
2116.66549 14.053 0.005
2116.67428 14.058 0.005
2116.68304 14.052 0.005
2116.69181 14.050 0.005
2116.70050 14.055 0.005
2116.71048 14.055 0.005
2116.71926 14.047 0.005
2116.72802 14.048 0.005
2116.73677 14.060 0.005
2116.74551 14.056 0.005
2116.75758 14.053 0.005
2116.76637 14.060 0.005
2117.49022 14.107 0.005
2117.49903 14.112 0.005
2117.50819 14.112 0.005
2117.51694 14.104 0.005
2117.55705 14.119 0.005
2117.56580 14.114 0.005
2117.57455 14.120 0.005
2117.58397 14.116 0.005
2117.59272 14.123 0.005
2117.60149 14.119 0.005
2117.61349 14.121 0.005
2117.62228 14.117 0.005
2117.63103 14.115 0.005
2117.63983 14.119 0.005
2117.64860 14.125 0.005
2117.65736 14.122 0.005
2117.66652 14.128 0.005
2117.67533 14.122 0.005
2117.68411 14.129 0.005
2117.69288 14.138 0.005
2117.70160 14.127 0.005
2117.71197 14.133 0.005
2117.72073 14.128 0.005
2117.72948 14.135 0.005
2117.73827 14.140 0.005
2117.74699 14.133 0.005
2117.75570 14.129 0.005
2118.49786 14.192 0.005
2118.50661 14.196 0.005
2118.51541 14.195 0.005
2118.52417 14.191 0.005
2118.64321 14.197 0.005
2118.65592 14.205 0.005
2118.66467 14.202 0.005
2118.67346 14.203 0.005
2118.68223 14.207 0.005
2118.69095 14.202 0.005
2118.70086 14.204 0.005
2118.70988 14.204 0.005
2118.71863 14.201 0.005
2118.72736 14.209 0.005
2118.73619 14.208 0.005
2125.64150 13.969 0.005
2128.57003 13.936 0.005
2131.56674 14.079 0.005
2134.66975 14.414 0.005
2138.54720 14.232 0.005
2143.52040 13.869 0.005
2155.64720 13.914 0.005
2156.48627 13.877 0.005
2158.49461 13.872 0.005
2158.53762 13.868 0.005
2162.50413 14.158 0.005
2168.53885 14.170 0.005
2173.49686 13.881 0.005
2180.49552 14.555 0.005
2184.50009 13.941 0.005
2194.55447 14.642 0.005
2321.87307 14.070 0.005
2324.87519 14.335 0.005
2341.83166 14.424 0.005
2350.84477 14.053 0.005
2358.88424 14.022 0.005
2370.81249 14.445 0.005
2381.80789 14.155 0.005
2384.79037 14.472 0.005
2388.85023 13.955 0.005
2391.69275 13.948 0.005
2400.69063 14.234 0.005
2402.80557 14.003 0.005
2404.84251 13.977 0.005
2410.71524 14.194 0.005
2414.86148 14.280 0.005
2415.72351 14.159 0.005
2416.74571 14.039 0.005
2417.72128 13.981 0.005
2424.76361 14.135 0.005
2426.67492 14.306 0.005
2431.80926 14.034 0.005
2433.73642 13.979 0.005
2434.80945 13.986 0.005
2436.58220 14.009 0.005
2438.61435 14.107 0.005
2440.59561 14.258 0.005
2442.61343 14.471 0.005
2444.70605 14.164 0.005
2446.64060 13.973 0.005
2448.52739 13.949 0.005
2453.73666 14.161 0.005
2458.73393 14.223 0.005
2462.72273 13.921 0.005
2463.81981 13.939 0.005
2466.46291 14.011 0.005
2466.47175 14.012 0.005
2466.48065 14.012 0.005
2466.48963 14.011 0.005
2466.50234 14.013 0.005
2466.51152 14.014 0.005
2466.52054 14.017 0.005
2466.52952 14.014 0.005
2466.53998 14.012 0.005
2466.54915 14.018 0.005
2466.55848 14.021 0.005
2466.56215 14.015 0.005
2466.56808 14.018 0.005
2466.57700 14.018 0.005
2466.58895 14.018 0.005
2466.59889 14.024 0.005
2466.60791 14.023 0.005
2466.61675 14.014 0.005
2466.62753 14.024 0.005
2466.63726 14.024 0.005
2466.64749 14.012 0.005
2466.65646 14.023 0.005
2466.66539 14.022 0.005
2466.67805 14.018 0.005
2466.68691 14.023 0.005
2466.69577 14.027 0.005
2466.70568 14.022 0.005
2466.71596 14.032 0.005
2466.72507 14.028 0.005
2466.73407 14.030 0.005
2466.74332 14.029 0.005
2466.74979 14.040 0.005
2466.75931 14.033 0.005
2466.76807 14.027 0.005
2466.77743 14.031 0.005
2466.79001 14.036 0.005
2466.79904 14.038 0.005
2466.80971 14.029 0.005
2466.81862 14.035 0.005
2466.82854 14.036 0.005
2466.83737 14.035 0.005
2466.84634 14.041 0.005
2468.46484 14.147 0.005
2470.46516 14.401 0.005
2472.45994 14.420 0.005
2472.46938 14.435 0.005
2472.47845 14.408 0.005
2472.48722 14.395 0.005
2472.49659 14.430 0.005
2472.50776 14.382 0.005
2472.51680 14.402 0.005
2472.52644 14.399 0.005
2472.53536 14.400 0.005
2472.54500 14.401 0.005
2472.55393 14.388 0.005
2472.56293 14.395 0.005
2472.57271 14.380 0.005
2472.58320 14.379 0.005
2472.59228 14.383 0.005
2472.63373 14.361 0.005
2472.64301 14.355 0.005
2472.65224 14.359 0.005
2472.66326 14.361 0.005
2472.67213 14.357 0.005
2472.68097 14.350 0.005
2472.69128 14.356 0.005
2472.70023 14.350 0.005
2472.70912 14.346 0.005
2472.71931 14.343 0.005
2472.73262 14.345 0.005
2472.74220 14.339 0.005
2472.75127 14.340 0.005
2472.76016 14.335 0.005
2472.76991 14.329 0.005
2472.77894 14.330 0.005
2472.79293 14.328 0.005
2472.80260 14.350 0.005
2472.81138 14.326 0.005
2472.82079 14.331 0.005
2474.46546 14.044 0.005
2482.62214 14.154 0.005
2485.63215 14.515 0.006
2489.70299 13.968 0.005
2492.64767 13.897 0.005
2494.70205 13.986 0.005
2497.50460 14.199 0.005
2499.54039 14.416 0.005
2501.56811 14.365 0.005
2503.49162 14.069 0.006
2511.54830 14.175 0.005
2521.51672 13.900 0.005
2526.54693 14.199 0.005
2537.47811 13.961 0.005
2540.49470 14.149 0.005
2546.50525 14.168 0.005
2550.48652 13.927 0.005
2554.55841 14.103 0.005
2558.49496 14.462 0.005
2565.48782 13.936 0.005
2693.89219 13.931 0.005
2698.89013 14.049 0.005
2711.87315 13.935 0.005
2721.88060 13.991 0.005
2730.89389 14.255 0.005
2743.77029 14.111 0.005
2748.78884 14.243 0.005
2755.77874 13.976 0.005
2758.93016 14.171 0.005
2765.78688 14.029 0.005
2769.77149 13.951 0.005
2782.71004 13.947 0.005
2784.69899 13.963 0.005
2786.58455 14.103 0.005
2788.68634 14.250 0.005
2790.79144 14.502 0.005
2792.52842 14.264 0.005
2794.55466 14.028 0.005
2796.56337 13.961 0.005
2802.55824 14.185 0.005
2808.63079 14.073 0.005
2810.56903 13.977 0.005
2812.57090 13.953 0.005
2813.81465 13.967 0.005
2815.59325 14.061 0.005
2816.65868 14.137 0.005
2817.77333 14.238 0.005
2818.66818 14.362 0.005
2819.76228 14.545 0.005
2821.66052 14.291 0.005
2826.65119 13.956 0.005
2830.78143 14.084 0.005
2835.47782 14.450 0.006
2837.49663 14.131 0.005
2838.72714 13.979 0.005
2840.49871 13.966 0.005
2842.53514 13.965 0.005
2844.61128 14.073 0.005
2848.54648 14.425 0.006
2851.53374 14.192 0.005
2853.53159 13.955 0.005
2854.75453 13.901 0.005
2857.71747 13.970 0.005
2862.49376 14.413 0.006
2864.50077 14.486 0.006
2867.65598 14.010 0.005
2867.69807 14.000 0.005
2867.71936 13.999 0.005
2867.72930 14.004 0.005
2867.73251 13.996 0.005
2867.73556 13.992 0.005
2867.73861 13.997 0.005
2868.51429 13.965 0.005
2869.56728 13.952 0.005
2869.58857 13.951 0.005
2870.65628 13.937 0.005
2871.47684 13.936 0.005
2871.51151 13.943 0.005
2871.52781 13.937 0.005
2871.54698 13.946 0.005
2871.55026 13.944 0.005
2871.55365 13.945 0.005
2871.55700 13.943 0.005
2871.56044 13.945 0.005
2871.56414 13.942 0.005
2871.56803 13.940 0.005
2871.57980 13.950 0.005
2871.58743 13.946 0.005
2871.59090 13.948 0.005
2871.59428 13.952 0.005
2871.59764 13.947 0.005
2871.60093 13.946 0.005
2871.60426 13.942 0.005
2871.60748 13.939 0.005
2871.61118 13.938 0.005
2871.61585 13.945 0.005
2871.63049 13.933 0.005
2871.71129 13.946 0.005
2872.50170 13.970 0.005
2872.67540 13.987 0.005
2872.70262 13.991 0.005
2874.57627 14.171 0.005
2875.53658 14.258 0.005
2875.61544 14.276 0.005
2875.69346 14.287 0.005
2876.49411 14.378 0.005
2876.65169 14.388 0.005
2877.52165 14.518 0.005
2877.65100 14.532 0.005
2878.49816 14.632 0.005
2878.56930 14.629 0.005
2879.55333 14.426 0.005
2880.70010 14.188 0.005
2881.65634 14.034 0.005
2882.50044 13.958 0.005
2883.58619 13.906 0.005
2884.47633 13.911 0.005
2892.51419 14.610 0.006
2896.58101 13.968 0.005
2899.60441 13.917 0.005
2905.54431 14.313 0.005
2909.51514 14.266 0.005
2912.53773 13.905 0.005
2921.59831 14.533 0.006
2926.56551 13.926 0.005
3040.88363 14.192 0.005
3044.85820 13.900 0.005
3046.86814 13.910 0.005
3047.85686 13.959 0.005
3055.87452 14.114 0.005
3058.89269 13.885 0.005
3064.81324 14.144 0.005
3067.88666 14.423 0.005
3070.84819 14.055 0.005
3070.89257 14.047 0.005
3071.87693 13.970 0.005
3073.80367 13.896 0.005
3075.84225 13.924 0.005
3079.88686 14.214 0.005
3082.86016 14.410 0.005
3084.89946 14.085 0.005
3086.83181 13.933 0.005
3088.78930 13.899 0.005
3089.89856 13.912 0.005
3091.81875 14.000 0.005
3096.85686 14.451 0.005
3098.83736 14.162 0.005
3100.79783 13.958 0.005
3101.90434 13.934 0.005
3103.76910 13.953 0.005
3104.88363 13.981 0.005
3108.76167 14.199 0.005
3109.79661 14.282 0.005
3110.82828 14.383 0.005
3112.77709 14.241 0.005
3113.86686 14.113 0.005
3114.77838 14.007 0.005
3115.86120 13.930 0.005
3116.91732 13.904 0.005
3122.90439 14.208 0.005
3125.86465 14.441 0.005
3126.89027 14.338 0.005
3127.79578 14.167 0.005
3128.81415 14.035 0.005
3130.69216 13.918 0.005
3137.93253 14.289 0.005
3138.69522 14.358 0.005
3139.86654 14.477 0.005
3140.87225 14.526 0.005
3140.90258 14.524 0.005
3142.76055 14.125 0.005
3144.78149 13.931 0.005
3146.78130 13.929 0.005
3151.74408 14.188 0.005
3151.89676 14.215 0.005
3152.74737 14.294 0.005
3153.75212 14.408 0.005
3154.81363 14.531 0.005
3156.83333 14.236 0.005
3158.90401 13.966 0.005
3162.80832 13.924 0.005
3163.62123 13.955 0.005
3163.64006 13.954 0.005
3164.72995 14.032 0.005
3165.75076 14.105 0.005
3166.89589 14.199 0.005
3167.74876 14.307 0.005
3168.74394 14.458 0.005
3169.71984 14.558 0.005
3170.79736 14.342 0.005
3171.82006 14.159 0.005
3172.74707 14.033 0.005
3174.70336 13.920 0.005
3175.71330 13.934 0.005
3177.75044 13.974 0.005
3178.77701 14.023 0.005
3179.78676 14.098 0.005
3180.71510 14.141 0.005
3182.76659 14.377 0.005
3183.73524 14.544 0.005
3184.69303 14.562 0.005
3185.74569 14.258 0.005
3185.76592 14.256 0.005
3185.79186 14.247 0.005
3185.82991 14.227 0.005
3185.85790 14.241 0.005
3185.87937 14.248 0.005
3190.63676 13.972 0.005
3191.77823 13.958 0.005
3193.53123 13.990 0.005
3194.58989 14.072 0.005
3195.63717 14.155 0.005
3195.79485 14.169 0.005
3196.54027 14.241 0.005
3196.55746 14.244 0.005
3197.50783 14.375 0.005
3199.61760 14.491 0.005
3201.50944 14.124 0.005
3202.47390 13.990 0.005
3202.52602 13.986 0.005
3202.56388 13.983 0.005
3202.63017 13.981 0.005
3202.75567 13.967 0.005
3202.79234 13.970 0.005
3202.82853 13.968 0.005
3203.46962 13.941 0.005
3203.65337 13.921 0.005
3204.64660 13.938 0.005
3205.75522 13.915 0.005
3206.71223 13.924 0.005
3207.66076 13.967 0.005
3209.70588 14.118 0.005
3210.53961 14.182 0.005
3211.57807 14.295 0.005
3217.47623 13.978 0.005
3218.64498 13.922 0.005
3219.59333 13.939 0.005
3223.64623 14.088 0.005
3224.69175 14.127 0.005
3226.60906 14.358 0.005
3228.59549 14.559 0.005
3229.62796 14.273 0.005
3230.66154 14.108 0.005
3231.56488 13.998 0.005
3238.61386 14.123 0.005
3239.69262 14.188 0.005
3240.67375 14.309 0.005
3245.54852 14.080 0.005
3246.65224 13.945 0.005
3247.61839 13.893 0.005
3249.52031 13.904 0.005
3250.65307 13.942 0.005
3251.49826 13.966 0.005
3251.59855 13.972 0.005
3251.64976 13.974 0.005
3253.51737 14.124 0.005
3256.63014 14.499 0.005
3259.61960 14.178 0.005
3264.52709 13.937 0.005
3267.52620 14.058 0.005
3272.58162 14.520 0.005
3275.56458 13.979 0.005
3278.59349 13.954 0.005
3281.60025 14.027 0.005
3288.54008 14.212 0.005
3293.51065 13.957 0.005
3295.52085 14.009 0.005
3299.52446 14.352 0.005
3305.54167 13.929 0.005
3306.54123 13.917 0.005
3307.54072 13.949 0.005
3309.51660 14.007 0.005
3310.52622 14.079 0.005
3314.51011 14.464 0.006
3408.88462 13.917 0.005
3410.88473 13.946 0.005
3413.88556 14.109 0.005
3421.89178 13.932 0.005
3422.86168 13.916 0.005
3426.85731 13.997 0.005
3429.83041 14.231 0.005
3432.88273 14.317 0.005
3442.88513 14.138 0.005
3445.79797 14.440 0.005
3447.84859 14.318 0.005
3449.86122 13.986 0.005
3452.88183 13.895 0.005
3455.81607 14.026 0.005
3457.84953 14.187 0.005
3459.84475 14.395 0.005
3469.78051 13.948 0.005
3470.79348 14.022 0.005
3472.75591 14.178 0.005
3473.77571 14.295 0.005
3474.77237 14.437 0.005
3475.79793 14.557 0.005
3477.75977 14.273 0.005
3479.75860 13.940 0.005
3480.71874 13.865 0.005
3481.73667 13.838 0.005
3482.67900 13.861 0.005
3496.71626 13.834 0.005
3497.78781 13.836 0.005
3498.91109 13.876 0.005
3499.85893 13.966 0.005
3500.72514 14.034 0.005
3501.82158 14.127 0.005
3502.71742 14.215 0.005
3503.68661 14.359 0.005
3504.70133 14.567 0.005
3506.74514 14.308 0.005
3508.74935 13.956 0.005
3509.72782 13.863 0.005
3510.79760 13.822 0.005
3511.83673 13.840 0.005
3512.70641 13.842 0.005
3517.68222 14.249 0.005
3520.75750 14.418 0.005
3521.71471 14.276 0.005
3522.74274 14.092 0.005
3522.93395 14.063 0.005
3523.74723 13.966 0.005
3524.89241 13.876 0.005
3525.74562 13.836 0.005
3526.74905 13.833 0.005
3528.66990 13.918 0.005
3529.69227 14.015 0.005
3530.60734 14.062 0.005
3537.73817 14.023 0.005
3538.55386 13.930 0.005
3538.60102 13.915 0.005
3538.63175 13.912 0.005
3538.68725 13.907 0.005
3538.73637 13.901 0.005
3538.78384 13.900 0.005
3538.81495 13.901 0.005
3538.84381 13.891 0.005
3538.87524 13.892 0.005
3538.90769 13.893 0.005
3539.51083 13.856 0.005
3539.53042 13.866 0.005
3539.56304 13.856 0.005
3539.59305 13.839 0.005
3539.61593 13.839 0.005
3539.68199 13.852 0.005
3539.73745 13.856 0.005
3539.80860 13.847 0.005
3540.51620 13.853 0.005
3540.61626 13.847 0.005
3540.73621 13.844 0.005
3540.83437 13.827 0.005
3541.63152 13.857 0.005
3541.78057 13.864 0.005
3542.56565 13.889 0.005
3542.83831 13.924 0.005
3544.61196 14.068 0.005
3544.72499 14.070 0.005
3546.84410 14.288 0.005
3547.80836 14.439 0.005
3549.84020 14.378 0.005
3550.63202 14.246 0.005
3551.63161 14.076 0.005
3552.66733 13.949 0.005
3553.71738 13.882 0.005
3554.65271 13.879 0.005
3555.66479 13.908 0.005
3556.67254 13.917 0.005
3558.52735 14.010 0.005
3558.82609 14.031 0.005
3559.69603 14.104 0.005
3560.59735 14.175 0.005
3561.54511 14.275 0.005
3562.58579 14.428 0.005
3563.63648 14.512 0.005
3564.57425 14.320 0.005
3569.55961 13.928 0.005
3572.81507 14.001 0.005
3573.64605 14.061 0.005
3574.68595 14.153 0.005
3575.53344 14.224 0.005
3575.77005 14.255 0.005
3576.68735 14.359 0.005
3577.58745 14.493 0.005
3578.67206 14.460 0.005
3579.61750 14.232 0.005
3580.65072 14.069 0.005
3581.67061 13.935 0.005
3582.64244 13.889 0.005
3583.63288 13.885 0.005
3583.75281 13.889 0.005
3584.64156 13.905 0.005
3584.75615 13.909 0.005
3585.63187 13.932 0.005
3585.77460 13.930 0.005
3586.46947 13.959 0.005
3586.56846 13.964 0.005
3586.67493 13.963 0.005
3586.71697 13.975 0.005
3587.59338 14.019 0.005
3587.64873 14.029 0.005
3587.71438 14.034 0.005
3588.55798 14.101 0.005
3589.49306 14.187 0.005
3589.54506 14.182 0.005
3589.67054 14.200 0.005
3589.69740 14.184 0.005
3590.65448 14.303 0.005
3591.49752 14.413 0.005
3591.54072 14.423 0.005
3591.64564 14.431 0.005
3591.67802 14.438 0.005
3591.75825 14.451 0.005
3592.75423 14.536 0.005
3593.74495 14.311 0.005
3594.70716 14.141 0.005
3601.65572 13.988 0.005
3601.72213 14.000 0.005
3602.61631 14.056 0.005
3603.63634 14.144 0.005
3607.63470 14.457 0.005
3608.65006 14.229 0.005
3609.63060 14.074 0.005
3615.57781 13.964 0.005
3618.57944 14.179 0.005
3620.54264 14.417 0.005
3622.52050 14.382 0.005
3628.59671 13.904 0.005
3630.53603 13.984 0.005
3632.58615 14.150 0.005
3634.48675 14.344 0.005
3639.54561 13.968 0.005
3641.54407 13.903 0.005
3644.50439 13.976 0.005
3648.53623 14.328 0.005
3650.57858 14.530 0.005
3654.54028 13.932 0.005
3656.52150 13.945 0.005
3658.55330 13.945 0.005
3660.52593 14.059 0.005
3664.50273 14.525 0.005
3675.50804 14.100 0.005
3675.52524 14.099 0.005
3676.49774 14.190 0.005
3776.86666 13.985 0.005
3782.85138 14.440 0.005
3784.87670 14.057 0.005
3786.89627 13.893 0.005
3788.84686 13.895 0.005
3790.88929 13.956 0.005
3793.85656 14.165 0.005
3795.84399 14.403 0.005
3798.80720 14.178 0.005
3799.83136 14.026 0.005
3800.82630 13.911 0.005
3801.88578 13.869 0.005
3802.85137 13.867 0.005
3803.88664 13.877 0.005
3805.80308 13.930 0.005
3806.76939 14.014 0.005
3807.78847 14.108 0.005
3808.79614 14.199 0.005
3809.88126 14.344 0.005
3810.84788 14.495 0.005
3811.83947 14.557 0.005
3812.83558 14.358 0.005
3813.82552 14.158 0.005
3814.82739 14.000 0.005
3817.85893 13.865 0.005
3818.88802 13.868 0.005
3819.80573 13.897 0.005
3820.77237 13.959 0.005
3821.77549 14.012 0.005
3822.81491 14.120 0.005
3822.86280 14.120 0.005
3822.88373 14.123 0.005
3822.91798 14.126 0.005
3823.74126 14.230 0.005
3823.79522 14.231 0.005
3823.83900 14.233 0.005
3823.88712 14.244 0.005
3823.92038 14.249 0.005
3824.74127 14.367 0.005
3824.82034 14.389 0.005
3824.86053 14.386 0.005
3824.89538 14.392 0.005
3825.80613 14.519 0.005
3825.84993 14.516 0.005
3825.88261 14.513 0.005
3825.91910 14.515 0.005
3826.73466 14.452 0.005
3826.77342 14.435 0.005
3826.82792 14.433 0.005
3826.90004 14.411 0.005
3827.76609 14.265 0.005
3827.80246 14.264 0.005
3827.85050 14.263 0.005
3827.92210 14.242 0.005
3828.75189 14.111 0.005
3828.79947 14.110 0.005
3828.86375 14.097 0.005
3828.91913 14.089 0.005
3829.73331 13.981 0.005
3829.77952 13.980 0.005
3829.84867 13.974 0.005
3829.89464 13.972 0.005
3829.92346 13.978 0.005
3830.69453 13.910 0.005
3830.70868 13.907 0.005
3830.73142 13.909 0.005
3830.74754 13.906 0.005
3830.76319 13.907 0.005
3830.77736 13.907 0.005
3830.79213 13.907 0.005
3830.80630 13.903 0.005
3830.82027 13.895 0.005
3830.83216 13.896 0.005
3830.84383 13.904 0.005
3830.85761 13.910 0.005
3830.86987 13.898 0.005
3830.88120 13.900 0.005
3830.89251 13.904 0.005
3830.90230 13.889 0.005
3830.91349 13.901 0.005
3830.92325 13.897 0.005
3830.92650 13.903 0.005
3831.69282 13.871 0.005
3831.70232 13.872 0.005
3831.71506 13.873 0.005
3831.72433 13.873 0.005
3831.72722 13.870 0.005
3831.73049 13.865 0.005
3831.73328 13.868 0.005
3831.73606 13.872 0.005
3831.73915 13.873 0.005
3831.74194 13.867 0.005
3831.74473 13.870 0.005
3831.74789 13.873 0.005
3831.75069 13.864 0.005
3831.75349 13.865 0.005
3831.75671 13.864 0.005
3831.75945 13.871 0.005
3831.76226 13.871 0.005
3831.76573 13.873 0.005
3831.76901 13.872 0.005
3831.77236 13.874 0.005
3831.77516 13.872 0.005
3831.77794 13.875 0.005
3831.78134 13.880 0.005
3831.78451 13.871 0.005
3831.78811 13.873 0.005
3831.79136 13.868 0.005
3831.79413 13.874 0.005
3831.79693 13.871 0.005
3831.80037 13.865 0.005
3831.80352 13.872 0.005
3831.80663 13.871 0.005
3831.80942 13.874 0.005
3831.81220 13.872 0.005
3831.81540 13.870 0.005
3831.81820 13.871 0.005
3831.82100 13.874 0.005
3831.82421 13.870 0.005
3831.82701 13.872 0.005
3831.82981 13.866 0.005
3831.83338 13.866 0.005
3831.83682 13.869 0.005
3831.83960 13.867 0.005
3831.84239 13.872 0.005
3831.84590 13.861 0.005
3831.84895 13.869 0.005
3831.85173 13.867 0.005
3831.85453 13.869 0.005
3831.85733 13.865 0.005
3831.86047 13.867 0.005
3831.86326 13.868 0.005
3831.86606 13.870 0.005
3831.87571 13.867 0.005
3831.88127 13.869 0.005
3831.88685 13.874 0.005
3831.89242 13.867 0.005
3831.90378 13.852 0.005
3831.91135 13.861 0.005
3831.91778 13.866 0.005
3831.92417 13.861 0.005
3831.92728 13.861 0.005
3831.93025 13.862 0.005
3832.69746 13.859 0.005
3832.70964 13.869 0.005
3832.73347 13.862 0.005
3832.77960 13.861 0.005
3832.82546 13.863 0.005
3832.86883 13.868 0.005
3832.91484 13.866 0.005
3833.69203 13.883 0.005
3833.71386 13.889 0.005
3833.73818 13.882 0.005
3833.78086 13.895 0.005
3833.82362 13.896 0.005
3833.84562 13.895 0.005
3833.87403 13.895 0.005
3833.90449 13.895 0.005
3833.92084 13.901 0.005
3834.69807 13.939 0.005
3834.71734 13.950 0.005
3834.74118 13.943 0.005
3834.79019 13.952 0.005
3834.87001 13.954 0.005
3834.91248 13.957 0.005
3835.70754 14.018 0.005
3835.77773 14.022 0.005
3835.85155 14.024 0.005
3835.88133 14.024 0.005
3835.92110 14.028 0.005
3836.70365 14.093 0.005
3836.76522 14.092 0.005
3836.80968 14.095 0.005
3836.84025 14.079 0.005
3836.89700 14.104 0.005
3837.70232 14.179 0.005
3837.73259 14.176 0.005
3837.90433 14.193 0.005
3838.74437 14.294 0.005
3838.91167 14.315 0.005
3839.74014 14.415 0.005
3839.81869 14.420 0.005
3839.86286 14.429 0.005
3839.92328 14.428 0.005
3840.70612 14.448 0.005
3840.78725 14.439 0.005
3840.91107 14.426 0.005
3841.74464 14.313 0.005
3841.83337 14.314 0.005
3841.89524 14.301 0.005
3842.84722 14.179 0.005
3845.72015 13.897 0.005
3845.90886 13.880 0.005
3846.73085 13.861 0.005
3846.91520 13.857 0.005
3847.79698 13.864 0.005
3848.75195 13.929 0.005
3849.75102 13.986 0.005
3849.92157 13.996 0.005
3850.69508 14.053 0.005
3850.86679 14.055 0.005
3851.71023 14.130 0.005
3851.87509 14.141 0.005
3851.92125 14.151 0.005
3852.69879 14.232 0.005
3852.87008 14.241 0.005
3853.68722 14.339 0.005
3853.85556 14.356 0.005
3853.92630 14.360 0.005
3856.67728 14.266 0.005
3856.84401 14.245 0.005
3857.91495 14.130 0.005
3858.76365 14.029 0.005
3859.80186 13.942 0.005
3860.67032 13.896 0.005
3860.91020 13.896 0.005
3861.66778 13.878 0.005
3861.77301 13.882 0.005
3861.93627 13.877 0.005
3862.70115 13.896 0.005
3862.86513 13.904 0.005
3863.63658 13.935 0.005
3863.85422 13.953 0.005
3863.93351 13.956 0.005
3864.67711 14.014 0.005
3864.86713 14.026 0.005
3865.68793 14.082 0.005
3865.82339 14.088 0.005
3865.90139 14.101 0.005
3866.68633 14.162 0.005
3866.82582 14.175 0.005
3866.90472 14.182 0.005
3867.62923 14.252 0.005
3867.81489 14.288 0.005
3867.88795 14.290 0.005
3868.71231 14.394 0.005
3868.86399 14.402 0.005
3869.69210 14.366 0.005
3869.87310 14.347 0.005
3872.88947 14.058 0.005
3873.64441 13.991 0.005
3873.78712 13.983 0.005
3873.85985 13.977 0.005
3873.92942 13.976 0.005
3874.74408 13.937 0.005
3875.65777 13.899 0.005
3875.80525 13.897 0.005
3875.90419 13.897 0.005
3876.63502 13.885 0.005
3877.63314 13.916 0.005
3877.78382 13.916 0.005
3877.85836 13.921 0.005
3879.66460 14.033 0.005
3880.83400 14.121 0.005
3880.91278 14.128 0.005
3881.66319 14.194 0.005
3881.87469 14.210 0.005
3881.92144 14.223 0.005
3882.75148 14.335 0.005
3882.82572 14.346 0.005
3882.89458 14.352 0.005
3883.64089 14.416 0.005
3883.83854 14.412 0.005
3886.60296 14.141 0.005
3886.79572 14.109 0.005
3886.86759 14.109 0.005
3887.57628 14.024 0.005
3887.77883 14.011 0.005
3887.87851 14.005 0.005
3888.59233 13.971 0.005
3889.65877 13.925 0.005
3889.93701 13.921 0.005
3890.63801 13.913 0.005
3891.66836 13.919 0.005
3891.79664 13.904 0.005
3891.87862 13.917 0.005
3892.56996 13.953 0.005
3892.93307 13.985 0.005
3893.61937 14.031 0.005
3893.86123 14.054 0.005
3894.67263 14.118 0.005
3896.61021 14.277 0.005
3900.53154 14.155 0.005
3900.71721 14.144 0.005
3900.79651 14.128 0.005
3900.86518 14.126 0.005
3901.54164 14.053 0.005
3901.72296 14.028 0.005
3901.80026 14.026 0.005
3901.86919 14.007 0.005
3902.56432 13.966 0.005
3902.74384 13.958 0.005
3902.86280 13.951 0.005
3903.65200 13.932 0.005
3903.89770 13.922 0.005
3904.55258 13.910 0.005
3904.71569 13.905 0.005
3904.78472 13.906 0.005
3904.88687 13.908 0.005
3905.54940 13.903 0.005
3905.72600 13.901 0.005
3905.79609 13.909 0.005
3905.86464 13.905 0.005
3906.56391 13.937 0.005
3906.70373 13.946 0.005
3906.77686 13.947 0.005
3906.85606 13.947 0.005
3907.59466 13.995 0.005
3907.77690 13.999 0.005
3907.86146 14.004 0.005
3908.53081 14.048 0.005
3908.71642 14.054 0.005
3908.79650 14.054 0.005
3908.87610 14.056 0.005
3909.53255 14.108 0.005
3909.71536 14.126 0.005
3909.80585 14.138 0.005
3909.88209 14.140 0.005
3910.56201 14.198 0.005
3912.53181 14.404 0.005
3912.71911 14.424 0.005
3912.81298 14.436 0.005
3913.52327 14.418 0.005
3913.72868 14.376 0.005
3913.81763 14.349 0.005
3914.54703 14.223 0.005
3915.52479 14.117 0.005
3915.72677 14.097 0.005
3915.82500 14.077 0.005
3916.56350 13.991 0.005
3916.80737 13.977 0.005
3917.55117 13.934 0.005
3917.81791 13.921 0.005
3918.59191 13.904 0.005
3918.81566 13.910 0.005
3919.54241 13.907 0.005
3919.75241 13.904 0.005
3920.51012 13.919 0.005
3920.70621 13.926 0.005
3920.79156 13.932 0.005
3921.50629 13.962 0.005
3921.70554 13.976 0.005
3921.72000 13.973 0.005
3922.70997 14.021 0.005
3930.53762 14.072 0.005
3930.78501 14.056 0.005
3931.49555 13.966 0.005
3931.82270 13.934 0.005
3932.52644 13.908 0.005
3932.79819 13.898 0.005
3933.51288 13.893 0.005
3933.69729 13.893 0.005
3933.76931 13.884 0.005
3934.48675 13.890 0.005
3934.65679 13.894 0.005
3934.72662 13.894 0.005
3935.53665 13.914 0.005
3935.70795 13.918 0.005
3935.80551 13.918 0.005
3936.49004 13.963 0.005
3936.65553 13.971 0.005
3936.73190 13.973 0.005
3937.55431 14.035 0.005
3938.49782 14.098 0.005
3938.68874 14.103 0.005
3938.79796 14.115 0.005
3940.57805 14.273 0.005
3941.69904 14.423 0.005
3944.55038 14.169 0.005
3944.75072 14.142 0.005
3945.51209 14.037 0.005
3945.77859 14.000 0.005
3946.50948 13.923 0.005
3946.70167 13.913 0.005
3950.51836 13.949 0.005
3950.73340 13.951 0.005
3951.51106 14.003 0.005
3951.74233 14.014 0.005
3956.56358 14.429 0.005
3957.50269 14.448 0.005
3958.57350 14.244 0.005
3959.50625 14.123 0.005
3959.68067 14.096 0.005
3960.49552 13.998 0.005
3960.67458 13.973 0.005
3961.56682 13.905 0.005
3963.52813 13.887 0.005
3963.70552 13.880 0.005
3964.52323 13.899 0.005
3964.72811 13.897 0.005
3965.50767 13.939 0.005
3965.69897 13.957 0.005
3966.48285 14.029 0.005
3966.68461 14.049 0.005
3967.51722 14.132 0.005
3967.71002 14.135 0.005
3968.49534 14.186 0.005
3968.57205 14.184 0.005
3968.66525 14.201 0.005
3969.47696 14.252 0.005
3969.67764 14.301 0.005
3970.50608 14.416 0.005
3970.68464 14.437 0.005
3971.54996 14.582 0.005
3973.56806 14.246 0.005
3974.50540 14.107 0.005
3974.68840 14.082 0.005
3975.50832 13.965 0.005
3975.68018 13.953 0.005
3976.50287 13.870 0.005
3976.67889 13.871 0.005
3979.50514 13.882 0.005
3982.56575 14.124 0.005
3983.51944 14.229 0.005
3986.58020 14.578 0.005
3987.50256 14.382 0.005
3988.50840 14.159 0.005
3989.52606 14.023 0.005
3989.59339 14.004 0.005
3989.65912 14.005 0.005
3990.54287 13.915 0.005
3990.60769 13.903 0.005
3990.63502 13.903 0.005
3990.66921 13.895 0.005
3991.49865 13.870 0.005
3991.64194 13.877 0.005
3993.55037 13.909 0.005
3994.56103 13.952 0.005
3995.56860 14.002 0.005
3999.58387 14.391 0.005
4002.49208 14.246 0.005
4003.48958 14.100 0.005
4004.52370 13.971 0.005
4006.51665 13.882 0.005
4012.49654 14.195 0.005
4016.51218 14.316 0.005
4018.54847 14.070 0.005
4020.53521 13.920 0.005
4023.53555 13.962 0.005
4025.55494 14.063 0.005
4028.49433 14.337 0.005
4031.49442 14.295 0.005
4038.49978 13.963 0.005
4040.51413 14.102 0.005
4041.49634 14.188 0.005
4043.50658 14.394 0.005
4141.87425 14.094 0.005
4143.89158 14.251 0.005
4150.88943 13.899 0.005
4153.87732 13.966 0.005
4156.85575 14.148 0.005
4158.87533 14.347 0.005
4161.84330 14.394 0.005
4163.80945 14.038 0.005
4163.82618 14.037 0.005
4165.80755 13.921 0.005
4168.80086 13.977 0.005
4170.79671 14.086 0.005
4175.78733 14.548 0.005
4176.89869 14.277 0.005
4178.80243 13.992 0.005
4179.84679 13.924 0.005
4181.78315 13.940 0.005
4182.82815 13.944 0.005
4183.86427 13.978 0.005
4184.90489 14.035 0.005
4189.83630 14.586 0.006
4191.80518 14.248 0.005
4193.73955 13.946 0.005
4194.78508 13.902 0.005
4196.77521 13.913 0.005
4202.75669 14.371 0.005
4203.74471 14.518 0.005
4204.73698 14.642 0.005
4204.91930 14.638 0.005
4205.73353 14.488 0.005
4207.72299 14.026 0.005
4208.74507 13.900 0.005
4211.78923 13.907 0.005
4212.86641 13.969 0.005
4213.70960 14.019 0.005
4213.91318 14.026 0.005
4215.74231 14.183 0.005
4216.70011 14.284 0.005
4216.92447 14.318 0.005
4217.70755 14.414 0.005
4217.91117 14.454 0.005
4218.75716 14.572 0.006
4219.75533 14.555 0.005
4220.70006 14.320 0.005
4222.66603 13.964 0.005
4222.91352 13.935 0.005
4224.78224 13.852 0.005
4228.67769 13.988 0.005
4228.91127 14.021 0.005
4229.67133 14.094 0.005
4229.86831 14.114 0.005
4229.93550 14.119 0.005
4230.68107 14.198 0.005
4230.86912 14.221 0.005
4230.93399 14.234 0.005
4231.62340 14.323 0.005
4231.76761 14.335 0.005
4231.89179 14.356 0.005
4231.93490 14.363 0.005
4232.67545 14.478 0.005
4232.83648 14.496 0.006
4233.80725 14.571 0.005
4234.70891 14.407 0.005
4235.63696 14.215 0.005
4235.79816 14.188 0.005
4235.89058 14.165 0.005
4238.62283 13.893 0.005
4238.87527 13.886 0.005
4239.62372 13.882 0.005
4240.67695 13.898 0.005
4240.81133 13.899 0.005
4243.64276 14.029 0.005
4243.73547 14.033 0.005
4243.82923 14.042 0.005
4244.61516 14.118 0.005
4244.71136 14.120 0.005
4244.80419 14.125 0.005
4244.91602 14.125 0.005
4245.60820 14.221 0.005
4245.70212 14.220 0.005
4245.79797 14.234 0.005
4246.66654 14.336 0.005
4246.75941 14.350 0.005
4246.85272 14.347 0.005
4247.68174 14.459 0.005
4247.82259 14.473 0.005
4250.72988 14.121 0.005
4251.80147 13.981 0.005
4256.61760 13.961 0.005
4256.76362 13.970 0.005
4256.86143 13.963 0.005
4257.64927 14.008 0.005
4258.63292 14.067 0.005
4258.75541 14.072 0.005
4258.84951 14.084 0.005
4267.59350 13.936 0.005
4268.55670 13.929 0.005
4268.83957 13.917 0.005
4269.57593 13.927 0.005
4269.69646 13.932 0.005
4269.78570 13.929 0.005
4270.56946 13.952 0.005
4272.59781 14.054 0.005
4272.74695 14.067 0.005
4272.80620 14.068 0.005
4272.87774 14.075 0.005
4273.61494 14.133 0.005
4273.79560 14.143 0.005
4273.85674 14.152 0.005
4274.54757 14.200 0.005
4274.69991 14.210 0.005
4274.76248 14.213 0.005
4274.82088 14.223 0.005
4275.60002 14.291 0.005
4275.77537 14.310 0.005
4275.83384 14.317 0.005
4276.58481 14.389 0.005
4277.52860 14.426 0.005
4277.70549 14.412 0.005
4277.76419 14.404 0.005
4277.82283 14.406 0.006
4278.57236 14.283 0.005
4278.74964 14.247 0.005
4278.82870 14.241 0.005
4283.50801 13.928 0.005
4283.72834 13.925 0.005
4284.50297 13.935 0.005
4284.69312 13.941 0.005
4284.75590 13.942 0.005
4284.81484 13.940 0.005
4285.50605 13.966 0.005
4285.69418 13.978 0.005
4285.76062 13.979 0.005
4285.82594 13.985 0.005
4286.50575 14.023 0.005
4286.80293 14.030 0.005
4289.51356 14.247 0.005
4289.73212 14.260 0.005
4289.79724 14.270 0.005
4290.55988 14.367 0.005
4291.62250 14.472 0.005
4291.78520 14.488 0.006
4292.48816 14.451 0.005
4292.66732 14.422 0.005
4292.72592 14.401 0.005
4292.78445 14.390 0.005
4293.48847 14.274 0.005
4293.71307 14.246 0.005
4294.48765 14.140 0.005
4295.49476 13.985 0.005
4295.69278 13.964 0.005
4295.75137 13.948 0.005
4296.49173 13.913 0.005
4296.68443 13.912 0.005
4296.81270 13.907 0.005
4297.51134 13.914 0.005
4297.71294 13.909 0.005
4298.54621 13.918 0.005
4298.65195 13.920 0.005
4298.75155 13.920 0.005
4299.52924 13.930 0.005
4299.62223 13.940 0.005
4299.71442 13.941 0.005
4299.80517 13.947 0.005
4300.52491 13.975 0.005
4300.64499 13.974 0.005
4300.74051 13.979 0.005
4301.51578 14.028 0.005
4301.61155 14.040 0.005
4301.71129 14.044 0.005
4301.80251 14.057 0.005
4302.58876 14.120 0.005
4302.68896 14.121 0.005
4303.67480 14.210 0.005
4304.54890 14.312 0.005
4304.65959 14.339 0.006
4306.63285 14.470 0.005
4306.68565 14.463 0.005
4310.61207 13.936 0.005
4311.76074 13.909 0.005
4312.54435 13.917 0.005
4312.74280 13.915 0.005
4315.63534 14.021 0.005
4316.70852 14.096 0.005
4317.55659 14.172 0.005
4319.51385 14.405 0.005
4319.76870 14.434 0.005
4320.54067 14.506 0.005
4320.59554 14.507 0.005
4320.77207 14.514 0.006
4326.50790 13.916 0.005
4326.70510 13.913 0.005
4327.58629 13.920 0.005
4327.72759 13.917 0.005
4328.51309 13.926 0.005
4328.69113 13.938 0.005
4329.52309 13.984 0.005
4329.67097 13.993 0.005
4330.49401 14.051 0.005
4330.68727 14.063 0.005
4331.47409 14.128 0.005
4331.68295 14.149 0.005
4332.50388 14.230 0.005
4333.52495 14.359 0.005
4333.68609 14.376 0.005
4334.49833 14.502 0.006
4334.62657 14.501 0.006
4338.49820 14.062 0.005
4339.47556 13.956 0.005
4339.69197 13.941 0.005
4340.59585 13.916 0.005
4341.49886 13.910 0.005
4342.52808 13.913 0.005
4343.50688 13.934 0.005
4344.53510 13.996 0.005
4345.49997 14.066 0.005
4346.51297 14.147 0.005
4347.52770 14.255 0.005
4349.48892 14.520 0.005
4350.53598 14.446 0.005
4351.50187 14.296 0.005
4352.55243 14.149 0.005
4353.50579 13.994 0.005
4354.53451 13.938 0.005
4355.53613 13.908 0.005
4356.50250 13.891 0.005
4357.53158 13.911 0.005
4358.49461 13.962 0.005
4359.53217 14.031 0.005
4360.51960 14.115 0.005
4361.56492 14.219 0.005
4362.50666 14.334 0.005
4365.55748 14.375 0.005
4367.48358 14.034 0.005
4368.52723 13.945 0.005
4369.60659 13.902 0.005
4370.48450 13.906 0.005
4371.52966 13.912 0.005
4372.51542 13.946 0.005
4373.48991 14.008 0.005
4376.56630 14.270 0.005
4377.60358 14.424 0.005
4378.51410 14.558 0.005
4379.52915 14.499 0.006
4380.54064 14.255 0.005
4381.51930 14.124 0.005
4382.56131 13.968 0.005
4383.55241 13.912 0.005
4384.52658 13.897 0.005
4387.58054 13.930 0.005
4393.52643 14.552 0.005
4394.54178 14.362 0.005
4395.51318 14.217 0.005
4396.50517 14.090 0.005
4397.52950 13.982 0.005
4398.53441 13.913 0.005
4399.52707 13.890 0.005
4400.52917 13.887 0.005
4402.54558 13.964 0.005
4403.54462 14.030 0.005
4407.52056 14.420 0.005
4507.85096 14.356 0.005
4510.85622 14.267 0.005
4513.85736 13.932 0.005
4517.85647 13.995 0.005
4519.87741 14.109 0.005
4522.87132 14.406 0.005
4524.80722 14.406 0.005
4530.81482 13.939 0.005
4533.84845 14.071 0.005
4535.80187 14.222 0.005
4536.89110 14.348 0.005
4537.87675 14.490 0.005
4538.81187 14.581 0.005
4539.84992 14.351 0.005
4540.79607 14.181 0.005
4541.78880 14.032 0.005
4542.78349 13.935 0.005
4543.77903 13.915 0.005
4544.77593 13.922 0.005
4545.78221 13.930 0.005
4546.78936 13.968 0.005
4547.78333 14.026 0.005
4548.79431 14.089 0.005
4550.73734 14.248 0.005
4551.76054 14.387 0.005
4552.75644 14.554 0.006
4556.75256 14.007 0.005
4557.76983 13.925 0.005
4558.74677 13.902 0.005
4558.91653 13.893 0.005
4559.74466 13.889 0.005
4560.74477 13.903 0.005
4561.73482 13.948 0.005
4561.92101 13.953 0.005
4564.72502 14.151 0.005
4564.92553 14.170 0.005
4565.72309 14.263 0.005
4565.91395 14.283 0.005
4566.72257 14.406 0.005
4566.91943 14.443 0.005
4567.71554 14.552 0.005
4567.92144 14.562 0.005
4568.72145 14.432 0.005
4569.73047 14.268 0.005
4570.72389 14.111 0.005
4571.71852 13.981 0.005
4571.90711 13.956 0.005
4572.74601 13.913 0.005
4573.73441 13.900 0.005
4573.90077 13.905 0.005
4574.73680 13.912 0.005
4575.74229 13.941 0.005
4576.75240 13.984 0.005
4577.83408 14.053 0.005
4578.78513 14.142 0.005
4579.86203 14.215 0.005
4583.72884 14.312 0.005
4583.91498 14.276 0.005
4585.75258 14.029 0.005
4586.77776 13.952 0.005
4587.76544 13.923 0.005
4587.92403 13.925 0.005
4588.68795 13.917 0.005
4588.91884 13.921 0.005
4589.67089 13.923 0.005
4589.82630 13.934 0.005
4589.88829 13.932 0.005
4590.69049 13.952 0.005
4590.89615 13.963 0.005
4591.70215 14.019 0.005
4591.82705 14.025 0.005
4591.89416 14.030 0.005
4592.66075 14.093 0.005
4592.85004 14.111 0.005
4592.92836 14.117 0.005
4593.64992 14.169 0.005
4593.85961 14.188 0.005
4593.94178 14.195 0.005
4594.67097 14.266 0.005
4594.86596 14.294 0.005
4594.93148 14.299 0.005
4595.66048 14.394 0.005
4595.85485 14.418 0.005
4595.91674 14.431 0.005
4596.65567 14.496 0.005
4597.68013 14.387 0.005
4597.87164 14.350 0.005
4598.65642 14.207 0.005
4598.92509 14.170 0.005
4599.62885 14.096 0.005
4599.91943 14.053 0.005
4600.63812 13.978 0.005
4600.84684 13.965 0.005
4601.64370 13.940 0.005
4601.85993 13.937 0.005
4601.92178 13.931 0.005
4602.63634 13.927 0.005
4602.84575 13.929 0.005
4603.76378 13.930 0.005
4606.63762 14.040 0.005
4606.88897 14.056 0.005
4610.73377 14.448 0.005
4610.94100 14.474 0.005
4611.62311 14.493 0.005
4611.81395 14.466 0.005
4612.64448 14.305 0.005
4615.78621 13.951 0.005
4616.59523 13.947 0.005
4616.81174 13.933 0.005
4616.88170 13.934 0.005
4617.66147 13.928 0.005
4618.60696 13.933 0.005
4621.73592 14.083 0.005
4622.80539 14.164 0.005
4622.90685 14.174 0.005
4623.64076 14.242 0.005
4623.86454 14.263 0.005
4624.58447 14.322 0.005
4624.80866 14.354 0.005
4624.87501 14.356 0.005
4625.59857 14.413 0.005
4625.78893 14.402 0.005
4625.90369 14.419 0.005
4626.59709 14.339 0.005
4626.85240 14.294 0.005
4627.55754 14.201 0.005
4627.82975 14.166 0.005
4627.91410 14.150 0.005
4628.54325 14.103 0.005
4628.75111 14.078 0.005
4628.81654 14.069 0.005
4628.88643 14.059 0.005
4629.62222 14.005 0.005
4629.82486 13.978 0.005
4629.90286 13.977 0.005
4630.55817 13.962 0.005
4630.76401 13.950 0.005
4630.84735 13.945 0.005
4630.91014 13.939 0.005
4631.55957 13.939 0.005
4631.77533 13.934 0.005
4631.86199 13.938 0.005
4632.56335 13.916 0.005
4632.85009 13.912 0.005
4633.56332 13.927 0.005
4633.67486 13.932 0.005
4633.79060 13.934 0.005
4638.74837 14.284 0.005
4638.85858 14.288 0.005
4639.57093 14.381 0.005
4639.66871 14.385 0.005
4640.59044 14.383 0.005
4640.72261 14.370 0.005
4640.82762 14.354 0.005
4641.66443 14.217 0.005
4641.77439 14.211 0.005
4642.58832 14.137 0.005
4642.75085 14.119 0.005
4642.82592 14.104 0.005
4643.54611 14.049 0.005
4644.59349 13.977 0.005
4644.84970 13.967 0.005
4645.51655 13.966 0.005
4645.76503 13.957 0.005
4645.83977 13.950 0.005
4646.51461 13.945 0.005
4646.84700 13.946 0.005
4647.51098 13.956 0.005
4647.73402 13.950 0.005
4647.84504 13.956 0.005
4648.49412 13.967 0.005
4648.70775 13.973 0.005
4648.81164 13.968 0.005
4649.52021 13.990 0.005
4649.72891 13.993 0.005
4649.85532 13.990 0.005
4650.50620 14.026 0.005
4650.77012 14.038 0.005
4650.86381 14.043 0.005
4651.50953 14.089 0.005
4651.80468 14.101 0.005
4652.50059 14.158 0.005
4652.71373 14.189 0.005
4652.78861 14.183 0.005
4652.83834 14.200 0.005
4653.49694 14.275 0.005
4653.71612 14.298 0.005
4653.78129 14.307 0.005
4654.53574 14.383 0.005
4654.74719 14.370 0.005
4654.81232 14.383 0.005
4655.49681 14.314 0.005
4655.72130 14.269 0.005
4655.78309 14.260 0.005
4656.49875 14.186 0.005
4656.68849 14.182 0.005
4656.80777 14.160 0.005
4657.72310 14.082 0.005
4658.65708 14.013 0.005
4659.59119 13.960 0.005
4660.60952 13.944 0.005
4661.48681 13.936 0.005
4661.68750 13.942 0.005
4661.74898 13.937 0.005
4661.81617 13.931 0.005
4665.65426 14.070 0.005
4666.55968 14.120 0.005
4666.70276 14.135 0.005
4666.74491 14.134 0.005
4667.57123 14.219 0.005
4670.64440 14.208 0.005
4671.57992 14.127 0.005
4672.50540 14.043 0.005
4672.69790 14.027 0.005
4672.72018 14.034 0.005
4674.50853 13.957 0.005
4674.70164 13.947 0.005
4674.74093 13.945 0.005
4675.67582 13.942 0.005
4677.48511 13.964 0.005
4677.63144 13.963 0.005
4677.77402 13.965 0.005
4678.68853 14.006 0.005
4679.49073 14.062 0.005
4681.52651 14.203 0.005
4681.62653 14.208 0.005
4681.75875 14.220 0.005
4682.49752 14.292 0.005
4682.65485 14.304 0.005
4682.75007 14.303 0.005
4683.51604 14.370 0.005
4683.70294 14.379 0.005
4684.50859 14.320 0.005
4684.72229 14.284 0.005
4685.49352 14.193 0.005
4685.51327 14.196 0.005
4685.57035 14.183 0.005
4685.60439 14.175 0.005
4685.65929 14.172 0.005
4685.72849 14.157 0.005
4686.49730 14.094 0.005
4686.70129 14.072 0.005
4687.48106 14.004 0.005
4687.73655 13.968 0.005
4688.49398 13.943 0.005
4688.68381 13.938 0.005
4688.74562 13.939 0.005
4693.54156 14.012 0.005
4694.53679 14.099 0.005
4697.49745 14.339 0.005
4698.50297 14.404 0.005
4699.49911 14.279 0.005
4700.50538 14.135 0.005
4701.50066 14.006 0.005
4702.49919 13.937 0.005
4703.56967 13.908 0.005
4704.63945 13.915 0.005
4705.50288 13.939 0.005
4708.53608 14.067 0.005
4709.51218 14.155 0.005
4710.54181 14.246 0.005
4711.52116 14.347 0.005
4715.58116 14.069 0.005
4716.58355 13.953 0.005
4720.55070 13.952 0.005
4721.48225 13.992 0.005
4722.51479 14.034 0.005
4724.50459 14.195 0.005
4725.48288 14.293 0.005
4726.54431 14.388 0.005
4728.58944 14.271 0.005
4729.54492 14.124 0.005
4730.56128 13.986 0.005
4731.56818 13.919 0.005
4733.51988 13.917 0.005
4734.54926 13.945 0.005
4737.54014 14.122 0.005
4740.55065 14.400 0.005
4741.55834 14.471 0.005
4743.53330 14.238 0.005
4753.54423 14.235 0.005
4756.52306 14.501 0.005
4758.50588 14.175 0.005
4868.87629 14.084 0.005
4869.86015 14.179 0.005
4873.84898 14.225 0.005
4877.84329 13.869 0.005
4883.84531 14.150 0.005
4884.85082 14.249 0.005
4886.89396 14.473 0.005
4890.87888 13.959 0.005
4896.86714 14.030 0.005
4899.83804 14.284 0.005
4900.87949 14.411 0.005
4901.87787 14.453 0.005
4902.87659 14.297 0.005
4904.80068 14.035 0.005
4905.90466 13.939 0.005
4910.80658 13.993 0.005
4910.82642 13.984 0.005
4911.77720 14.065 0.005
4912.77411 14.142 0.005
4914.79119 14.359 0.005
4917.75222 14.250 0.005
4920.73252 13.910 0.005
4924.77358 13.943 0.005
4925.81352 14.022 0.005
4925.90056 14.017 0.005
4927.70715 14.196 0.005
4927.86768 14.184 0.005
4928.72968 14.273 0.005
4929.78595 14.394 0.005
4930.70045 14.470 0.005
4930.81938 14.463 0.005
4931.71528 14.304 0.005
4931.86095 14.282 0.005
4932.71834 14.160 0.005
4932.78452 14.160 0.005
4932.81901 14.153 0.005
4933.76667 14.029 0.005
4934.76507 13.947 0.005
4934.83033 13.948 0.005
4938.67566 13.914 0.005
4938.88031 13.926 0.005
4939.69457 13.967 0.005
4940.69457 14.028 0.005
4941.67332 14.120 0.005
4941.77132 14.111 0.005
4942.71109 14.202 0.005
4943.66516 14.304 0.005
4943.80465 14.319 0.005
4944.66197 14.399 0.005
4944.81741 14.415 0.005
4945.71042 14.383 0.005
4945.76687 14.363 0.005
4946.66009 14.224 0.005
4947.65375 14.112 0.005
4947.85169 14.094 0.005
4948.83430 14.001 0.005
4949.78240 13.970 0.005
4951.64246 13.921 0.005
4952.64068 13.926 0.005
4953.63432 13.956 0.005
4953.80888 13.960 0.005
4954.63584 14.024 0.005
4954.82871 14.032 0.005
4955.76991 14.096 0.005
