2997.66397 19.455 0.026
3007.85206 19.704 0.044
3331.82004 19.614 0.031
3337.72018 19.661 0.056
3355.78387 19.043 0.019
3359.79209 19.198 0.021
3362.82232 19.725 0.029
3365.80937 19.769 0.078
3373.73628 19.102 0.025
3381.73310 19.464 0.027
3389.75153 19.304 0.022
3397.75516 19.659 0.066
3405.62416 19.586 0.025
3713.76333 19.384 0.023
3718.71337 19.393 0.058
3722.67070 19.497 0.045
3733.68482 19.711 0.028
3742.62031 19.642 0.041
3751.62917 19.735 0.068
3759.66037 19.336 0.021
3775.73456 19.487 0.043
3783.64831 19.603 0.051
4065.72212 19.048 0.018
4074.67877 19.703 0.070
4095.67270 19.283 0.020
4103.70343 19.969 0.109
4126.71768 19.522 0.025
4377.86199 19.574 0.033
4397.81098 19.521 0.055
4423.78211 19.676 0.032
4434.81509 19.198 0.029
4452.76610 19.193 0.023
4459.77972 19.698 0.072
4466.74830 19.201 0.023
4468.78594 19.616 0.029
4480.76127 19.364 0.022
4485.81379 19.687 0.043
4511.69112 19.596 0.027
