2990.68157 14.719 0.005
3008.82048 15.300 0.005
3326.75105 15.105 0.005
3336.75680 15.041 0.005
3351.72448 15.008 0.005
3356.68827 14.719 0.005
3361.66082 15.383 0.005
3370.72724 14.989 0.005
3376.70753 14.705 0.005
3385.72928 14.898 0.005
3391.62464 14.937 0.005
3406.64994 14.864 0.005
3714.78116 14.736 0.005
3721.83178 14.933 0.005
3728.67477 14.699 0.005
3737.72904 14.879 0.005
3746.65621 14.922 0.005
3754.58396 15.355 0.005
3763.62223 14.840 0.005
3773.67476 14.968 0.005
4058.74210 15.055 0.005
4070.73728 14.832 0.005
4077.77228 15.100 0.005
4098.69701 15.174 0.005
4105.74887 15.282 0.005
4112.75170 15.103 0.005
4132.69565 15.277 0.005
4371.87941 15.379 0.005
4380.85637 14.718 0.005
4394.75001 14.708 0.005
4408.75157 14.752 0.005
4421.83097 14.770 0.005
4430.84330 14.809 0.005
4434.85425 14.712 0.005
4452.71611 14.713 0.005
4459.70101 14.716 0.005
4467.72517 15.399 0.005
4477.80201 15.156 0.005
4482.74098 14.706 0.005
4486.77854 14.863 0.005
4511.60437 14.858 0.005
4781.82627 15.409 0.005
4896.55059 14.771 0.005
