 551.85079 17.916 0.020
 552.73287 17.918 0.018
 552.76515 17.926 0.020
 553.83516 17.965 0.017
 554.73568 17.924 0.025
 557.91081 17.976 0.025
 559.73969 17.962 0.035
 559.76595 17.998 0.022
 560.90915 18.018 0.026
 561.70509 17.923 0.022
 562.76574 17.942 0.021
 563.85880 17.981 0.058
 567.76535 17.961 0.022
 568.76388 17.932 0.020
 569.73396 17.912 0.021
 570.73008 17.928 0.022
 572.75402 17.845 0.025
 573.78854 17.906 0.018
 574.72583 17.859 0.019
 575.65944 17.854 0.026
 576.63981 17.859 0.026
 577.78573 17.838 0.020
 578.64021 17.889 0.024
 578.89539 17.892 0.020
 581.63545 17.901 0.022
 582.64934 17.899 0.024
 583.64414 17.905 0.024
 583.93147 17.888 0.030
 587.65909 17.970 0.023
 588.91632 17.972 0.025
 590.92003 17.947 0.050
 599.94132 18.211 0.030
 601.66506 18.159 0.021
 601.88887 18.148 0.026
 605.83242 18.112 0.030
 606.84481 18.066 0.021
 607.84144 18.114 0.022
 608.83307 18.092 0.022
 615.87017 17.853 0.022
 616.87140 17.854 0.035
 622.84483 17.781 0.025
 623.78473 17.724 0.020
 624.80050 17.745 0.019
 625.88335 17.756 0.023
 626.74552 17.701 0.019
 627.74461 17.747 0.022
 628.86108 17.697 0.028
 629.81170 17.762 0.025
 632.68489 17.784 0.020
 633.83125 17.767 0.020
 635.66337 17.847 0.022
 643.80102 17.866 0.025
 645.64018 17.888 0.024
 652.74572 17.909 0.020
 653.59908 17.931 0.018
 655.67505 17.934 0.021
 656.78531 17.898 0.021
 657.75472 17.845 0.021
 664.65949 17.885 0.021
 666.54815 17.890 0.020
 669.54965 17.845 0.019
 670.64533 17.858 0.020
 671.76791 17.855 0.021
 685.59604 17.985 0.023
 688.55319 18.051 0.023
 689.51623 18.061 0.021
 694.52042 18.116 0.030
 698.65786 18.023 0.029
 701.60373 18.021 0.047
 704.60317 17.983 0.045
 707.51767 17.939 0.030
 716.57303 17.741 0.021
 728.57230 17.808 0.026
 730.51441 17.798 0.039
 741.56553 17.884 0.028
 748.51432 17.983 0.051
 857.88002 17.914 0.030
 885.80271 18.159 0.044
 891.86222 17.955 0.024
 896.80414 17.778 0.016
 900.80429 17.769 0.017
 909.87784 17.665 0.024
 924.92608 17.988 0.035
 926.85758 18.058 0.043
 931.75380 17.983 0.026
 934.85250 17.981 0.026
 936.75441 17.963 0.020
 937.89968 17.904 0.023
 941.87899 17.932 0.021
 944.80509 17.890 0.028
 949.78160 17.911 0.033
 951.74638 17.944 0.021
 952.83359 17.985 0.024
 961.89445 18.026 0.026
 965.67068 18.125 0.028
 966.85028 18.096 0.021
 968.73718 18.072 0.030
 968.86395 18.189 0.038
 969.79725 18.384 0.053
 970.71761 18.172 0.031
 970.89204 18.216 0.036
 971.62583 18.100 0.032
 978.64350 18.051 0.026
 982.77553 18.194 0.040
 985.72743 18.004 0.020
 986.80647 17.935 0.026
 987.76131 17.988 0.025
 988.65648 17.890 0.021
 989.65244 17.853 0.026
 990.62106 17.849 0.026
 991.83282 17.855 0.024
 992.60691 17.767 0.024
 992.77723 17.812 0.023
 995.57495 17.810 0.023
 995.72203 17.775 0.025
 997.61525 17.798 0.025
1005.58957 17.870 0.023
1007.59931 17.926 0.026
1011.60261 17.942 0.020
1020.62686 17.987 0.026
1021.54998 17.995 0.024
1025.64257 17.994 0.024
1026.72616 17.993 0.023
1035.53683 18.013 0.029
1036.55500 17.918 0.020
1037.74524 17.979 0.037
1038.57528 17.907 0.026
1039.69014 17.906 0.029
1040.57064 17.919 0.020
1041.59508 17.936 0.020
1042.57981 17.813 0.016
1042.59596 17.934 0.023
1043.49779 17.938 0.026
1043.52475 17.926 0.024
1044.48251 17.926 0.028
1045.48406 17.977 0.024
1045.71919 17.937 0.029
1046.49487 17.990 0.020
1046.71993 18.004 0.037
1047.50830 17.935 0.025
1047.65869 17.990 0.026
1048.49755 17.991 0.024
1049.49767 18.035 0.027
1051.53014 18.006 0.027
1053.52163 18.097 0.023
1054.49647 18.021 0.023
1060.51456 18.145 0.031
1062.59967 18.152 0.056
1063.57135 18.162 0.037
1064.50215 18.309 0.045
1068.51147 18.231 0.041
1072.65002 18.223 0.036
1077.55229 18.091 0.026
1079.64120 17.936 0.034
1082.59144 17.836 0.032
1088.50159 17.846 0.027
1091.50202 17.806 0.024
1094.54530 17.877 0.024
1103.50125 17.935 0.028
1108.51085 18.071 0.042
1111.51514 18.002 0.058
1117.51351 18.019 0.035
1126.50043 17.967 0.081
1218.87035 18.046 0.033
1228.85400 17.933 0.032
1232.85215 18.036 0.031
1235.84274 18.095 0.037
1241.84711 18.132 0.037
1246.81042 18.320 0.062
1253.80006 18.272 0.030
1256.79401 18.286 0.035
1260.78704 18.240 0.032
1265.84535 18.081 0.028
1270.81740 17.972 0.031
1289.73780 18.036 0.025
1294.74733 17.975 0.032
1296.69846 18.054 0.029
1297.92354 18.108 0.027
1306.72266 18.100 0.024
1307.83063 18.176 0.037
1310.66953 18.140 0.034
1313.80605 18.098 0.023
1316.78101 18.047 0.024
1317.75215 18.023 0.024
1318.66476 18.024 0.026
1319.72516 18.047 0.022
1320.92128 18.041 0.026
1321.92117 17.991 0.031
1327.64849 18.070 0.043
1331.89247 18.045 0.080
1333.77813 18.092 0.028
1336.62523 18.172 0.030
1339.63816 18.195 0.025
1341.73717 18.292 0.030
1347.81434 18.255 0.030
1348.87416 18.305 0.036
1349.88397 18.267 0.037
1352.84645 18.210 0.029
1361.62653 17.989 0.028
1363.61449 17.995 0.026
1364.57533 17.991 0.032
1366.60491 17.924 0.022
1367.60445 17.901 0.027
1369.81665 17.921 0.030
1373.55629 17.952 0.033
1373.68029 17.907 0.032
1374.64622 17.932 0.026
1375.79213 18.000 0.029
1376.56723 18.000 0.020
1394.54930 18.095 0.026
1395.52691 18.128 0.025
1397.63559 18.106 0.035
1398.52368 18.131 0.024
1399.54026 18.101 0.027
1400.50950 18.121 0.026
1401.54138 18.091 0.030
1402.53487 18.161 0.028
1403.53710 18.087 0.025
1404.53988 18.139 0.027
1405.52169 18.121 0.030
1407.52799 18.150 0.030
1408.59261 18.135 0.027
1410.54458 18.055 0.041
1415.54143 18.059 0.035
1416.68052 18.074 0.033
1417.54925 18.051 0.029
1419.62268 18.064 0.025
1430.54269 18.237 0.043
1433.49962 18.247 0.033
1437.51695 18.303 0.042
1443.49945 18.320 0.043
1446.57961 18.270 0.051
1448.61759 18.164 0.040
1451.53082 18.156 0.033
1454.52098 18.098 0.035
1459.58476 17.957 0.037
1462.51745 17.937 0.032
1471.51831 18.065 0.043
1480.51639 18.010 0.044
1593.87404 18.148 0.037
1594.86119 18.190 0.035
1595.84645 18.169 0.034
1605.85599 18.122 0.027
1610.82543 18.215 0.036
1614.85945 18.209 0.040
1617.81534 18.267 0.031
1621.86885 18.374 0.033
1623.78469 18.326 0.044
1625.77994 18.339 0.037
1627.79537 18.264 0.036
1630.87758 18.315 0.052
1632.82374 18.314 0.033
1643.75514 17.958 0.033
1644.89032 18.002 0.021
1655.87863 18.004 0.024
1661.73201 18.067 0.024
1662.79985 18.060 0.021
1663.78889 18.040 0.022
1664.69621 18.096 0.027
1665.70149 18.116 0.024
1666.70003 18.093 0.032
1667.80556 18.188 0.027
1669.82867 18.081 0.035
1670.73779 18.088 0.021
1671.75440 18.175 0.026
1675.84243 18.106 0.028
1676.66737 18.132 0.026
1681.64644 18.244 0.045
1682.67981 18.210 0.058
1689.62503 18.128 0.037
1693.62509 18.118 0.025
1695.89871 18.139 0.028
1698.64298 18.115 0.030
1700.91399 18.189 0.035
1705.86952 18.241 0.043
1716.78034 18.332 0.035
1718.61882 18.344 0.045
1725.75013 18.365 0.051
1726.73430 18.282 0.034
1728.57633 18.280 0.039
1730.59449 18.260 0.028
1731.63006 18.161 0.021
1732.55380 18.146 0.033
1733.71270 18.100 0.026
1737.71998 17.997 0.039
1743.63028 18.043 0.024
1744.70231 17.950 0.030
1745.64041 18.056 0.022
1748.56574 18.018 0.028
1749.75570 18.039 0.021
1751.66570 18.050 0.023
1752.60230 18.036 0.027
1754.49591 18.121 0.046
1755.54091 18.074 0.026
1756.67231 18.089 0.028
1758.55549 18.091 0.033
1759.74507 18.124 0.032
1761.72367 18.136 0.033
1762.72453 18.110 0.033
1763.70687 18.186 0.029
1764.70225 18.131 0.025
1770.61982 18.162 0.051
1771.55559 18.223 0.052
1772.56578 18.176 0.026
1773.58025 18.194 0.026
1774.63192 18.191 0.026
1775.58121 18.133 0.026
1776.57624 18.225 0.028
1777.58877 18.210 0.030
1783.59141 18.151 0.025
1784.58115 18.162 0.024
1785.58042 18.082 0.027
1786.56792 18.114 0.021
1787.57542 18.098 0.027
1789.57185 18.144 0.027
1790.55794 18.186 0.026
1803.50502 18.295 0.036
1808.50757 18.483 0.047
1811.50769 18.365 0.031
1814.51189 18.337 0.036
1817.60174 18.269 0.035
1824.53393 18.178 0.037
1828.53078 18.189 0.054
2132.58807 18.206 0.033
2372.80280 18.266 0.029
2403.85735 18.076 0.026
2424.86848 18.192 0.040
2432.81334 18.072 0.042
2434.68116 18.048 0.029
2436.72949 18.052 0.026
2438.70698 18.113 0.028
2443.71054 18.169 0.032
2468.57651 18.248 0.028
2470.57975 18.223 0.032
2497.75744 18.165 0.036
2502.52116 18.138 0.033
2512.57104 18.156 0.037
2845.61077 18.147 0.035
3459.78616 18.233 0.034
3546.73473 18.248 0.043
3547.72141 18.219 0.035
3550.59547 18.198 0.030
3552.62551 18.197 0.024
3553.75460 18.270 0.042
3554.79556 18.300 0.033
3555.76568 18.355 0.041
3558.49427 18.433 0.046
3558.79357 18.320 0.030
3559.56202 18.300 0.032
3560.52516 18.318 0.030
3561.50243 18.367 0.039
3562.54901 18.383 0.031
3563.60396 18.417 0.029
3564.63200 18.452 0.033
3573.59723 18.437 0.062
3574.65381 18.421 0.044
3575.63879 18.392 0.029
3576.61926 18.350 0.029
3577.71960 18.309 0.028
3578.62817 18.276 0.026
3579.58545 18.216 0.026
3580.60909 18.249 0.028
3581.63526 18.270 0.030
3582.58347 18.200 0.025
3583.60082 18.178 0.033
3584.60957 18.153 0.025
3585.59991 18.103 0.022
3586.64563 18.102 0.024
3589.63833 18.054 0.019
3590.60708 18.065 0.023
3591.66902 18.096 0.022
3593.54190 18.083 0.022
3594.65797 18.068 0.023
3601.59045 18.100 0.027
3602.60733 18.123 0.027
3603.60439 18.175 0.030
3606.62400 18.168 0.035
3607.59636 18.252 0.029
3608.60964 18.232 0.029
3615.54051 18.239 0.028
3616.53794 18.330 0.039
3617.50331 18.250 0.037
3617.57897 18.204 0.034
3618.52796 18.184 0.026
3618.64271 18.280 0.034
3618.67275 18.271 0.034
3619.51260 18.229 0.029
3620.53117 18.185 0.023
3622.51017 18.276 0.037
3628.63882 18.208 0.043
3630.52429 18.206 0.041
3631.65443 18.098 0.052
3633.50956 18.033 0.031
3637.59954 18.109 0.035
3639.61688 18.270 0.034
3641.51199 18.159 0.034
3643.58847 18.232 0.045
3648.50428 18.253 0.031
3651.56414 18.413 0.069
3654.51342 18.469 0.059
3656.51011 18.395 0.047
3658.54422 18.424 0.060
3661.55918 18.382 0.065
3675.49889 18.305 0.072
3775.87385 18.047 0.032
3781.86102 18.100 0.040
3786.86108 18.221 0.037
3787.83594 18.161 0.035
3790.86660 18.214 0.040
3792.86326 18.229 0.025
3794.82021 18.139 0.032
3795.89950 18.246 0.034
3797.89969 18.226 0.030
3799.85457 18.287 0.038
3800.88092 18.265 0.030
3801.86313 18.203 0.030
3802.82871 18.246 0.031
3803.86395 18.222 0.029
3805.78003 18.247 0.039
3806.80013 18.219 0.031
3807.81385 18.184 0.036
3808.77354 18.192 0.040
3809.77636 18.260 0.036
3810.82097 18.179 0.031
3811.81697 18.169 0.039
3812.80869 18.189 0.037
3813.78450 18.209 0.031
3813.81029 18.188 0.029
3814.80154 18.233 0.035
3817.83193 18.078 0.034
3818.86372 18.106 0.026
3819.77939 18.105 0.023
3819.82223 18.092 0.024
3819.91961 18.162 0.032
3820.74962 18.106 0.026
3820.91714 18.109 0.033
3821.75006 18.136 0.028
3822.79223 18.222 0.033
3822.83619 18.179 0.029
3822.92122 18.157 0.038
3824.76578 18.193 0.032
3825.77939 18.273 0.042
3826.75932 18.124 0.025
3826.80329 18.203 0.028
3826.86026 18.199 0.030
3826.92202 18.302 0.037
3827.76174 18.304 0.037
3827.82312 18.234 0.027
3827.91900 18.288 0.031
3828.74867 18.274 0.042
3828.80327 18.241 0.035
3828.86715 18.259 0.030
3828.92239 18.252 0.036
3829.73679 18.246 0.031
3829.78430 18.228 0.030
3829.85305 18.246 0.030
3830.70524 18.293 0.035
3830.73480 18.225 0.029
3830.79502 18.230 0.032
3830.86103 18.241 0.030
3831.87854 18.266 0.030
3832.72000 18.248 0.028
3832.91791 18.292 0.035
3833.73494 18.273 0.028
3834.70786 18.293 0.045
3835.71365 18.324 0.037
3835.89969 18.355 0.029
3836.74206 18.395 0.043
3836.90967 18.381 0.030
3837.70857 18.421 0.057
3837.88082 18.454 0.031
3837.92237 18.387 0.033
3838.71603 18.407 0.055
3839.71738 18.469 0.055
3839.90392 18.330 0.042
3840.72937 18.408 0.042
3840.88816 18.395 0.035
3841.68734 18.495 0.056
3841.91870 18.379 0.039
3842.81982 18.406 0.034
3845.88040 18.354 0.055
3846.67746 18.443 0.043
3847.77422 18.359 0.040
3848.72918 18.391 0.037
3849.69288 18.445 0.036
3849.92776 18.387 0.037
3850.67155 18.391 0.035
3850.84408 18.352 0.036
3850.91564 18.339 0.035
3851.68530 18.432 0.050
3851.85057 18.454 0.039
3852.67609 18.355 0.041
3852.90459 18.338 0.035
3853.66436 18.293 0.033
3853.83198 18.343 0.025
3853.90348 18.292 0.025
3854.65873 18.398 0.046
3855.69912 18.286 0.029
3856.82069 18.305 0.033
3857.89059 18.208 0.026
3858.68295 18.143 0.027
3859.77339 18.152 0.026
3861.64319 18.154 0.033
3861.75016 18.111 0.026
3862.64780 18.078 0.029
3862.83624 18.101 0.023
3863.66386 18.035 0.027
3863.88409 18.009 0.022
3864.64879 18.114 0.031
3864.84437 18.016 0.020
3865.71180 18.008 0.026
3866.66343 18.052 0.027
3866.80304 18.007 0.022
3867.67831 18.026 0.026
3867.86394 18.000 0.026
3867.93734 18.056 0.031
3868.68624 18.009 0.033
3868.83029 18.020 0.033
3868.91009 18.083 0.035
3869.66374 18.056 0.031
3869.84548 18.077 0.037
3873.66932 18.111 0.027
3873.81160 18.053 0.024
3874.72114 18.113 0.031
3874.89516 18.150 0.029
3875.68108 18.138 0.025
3875.83673 18.137 0.024
3875.92715 18.136 0.028
3876.60880 18.153 0.027
3877.68573 18.100 0.022
3877.90856 18.218 0.033
3879.64172 18.156 0.025
3880.81095 18.177 0.030
3881.63646 18.162 0.030
3881.85201 18.176 0.025
3882.62143 18.176 0.030
3882.77489 18.203 0.029
3882.84879 18.184 0.027
3883.60862 18.165 0.034
3883.80599 18.201 0.027
3886.56826 18.271 0.033
3886.76948 18.183 0.026
3886.84480 18.164 0.026
3886.94272 18.264 0.042
3887.62206 18.188 0.029
3887.74850 18.244 0.029
3887.85262 18.223 0.031
3887.92472 18.261 0.033
3889.63605 18.251 0.030
3890.68456 18.238 0.026
3891.64542 18.233 0.029
3891.76720 18.265 0.042
3891.84937 18.253 0.033
3892.66432 18.213 0.031
3893.58007 18.220 0.034
3893.82642 18.258 0.038
3893.93413 18.221 0.050
3894.64030 18.292 0.038
3894.85565 18.247 0.039
3896.57632 18.251 0.048
3896.83366 18.254 0.056
3900.50411 18.295 0.049
3900.68950 18.258 0.031
3900.77387 18.254 0.033
3900.84234 18.220 0.034
3901.51895 18.228 0.036
3901.69514 18.199 0.030
3901.77286 18.195 0.031
3901.84596 18.171 0.036
3902.53048 18.317 0.039
3902.71753 18.264 0.029
3902.82357 18.205 0.037
3903.62784 18.228 0.026
3903.87141 18.272 0.042
3904.52979 18.273 0.038
3904.69224 18.206 0.023
3904.76175 18.182 0.026
3904.83449 18.194 0.028
3905.52663 18.182 0.030
3905.70301 18.252 0.029
3905.77329 18.231 0.026
3905.84185 18.175 0.025
3906.53450 18.223 0.037
3906.72737 18.186 0.026
3906.80053 18.215 0.029
3906.88909 18.222 0.038
3907.56877 18.102 0.032
3907.75412 18.091 0.037
3907.83856 18.203 0.036
3908.50679 18.165 0.036
3908.69285 18.193 0.026
3908.77056 18.139 0.026
3908.85326 18.164 0.028
3909.50640 18.093 0.045
3909.68485 18.142 0.022
3909.77958 18.087 0.022
3909.85919 18.117 0.028
3910.52690 18.222 0.035
3912.50133 18.160 0.028
3912.69274 18.147 0.021
3912.78409 18.129 0.022
3912.87198 18.119 0.027
3913.49420 18.129 0.027
3913.69611 18.133 0.025
3913.79158 18.131 0.024
3913.87758 18.146 0.034
3914.52021 18.210 0.034
3914.75177 18.118 0.023
3915.49594 18.153 0.032
3915.70022 18.222 0.026
3915.79214 18.146 0.024
3916.54067 18.194 0.039
3916.83656 18.149 0.030
3917.51883 18.245 0.038
3917.79165 18.245 0.038
3918.78850 18.221 0.034
3919.49373 18.252 0.036
3920.48352 18.179 0.037
3920.68008 18.241 0.035
3921.48351 18.288 0.036
3921.68097 18.311 0.043
3921.76925 18.246 0.040
3930.48365 18.425 0.039
3930.75339 18.378 0.042
3931.46850 18.293 0.044
3932.50002 18.399 0.041
3933.47792 18.426 0.038
3933.67089 18.394 0.027
3934.46382 18.474 0.051
3934.68061 18.425 0.029
3934.74964 18.458 0.035
3935.51379 18.386 0.038
3935.68073 18.530 0.043
3935.75364 18.505 0.036
3936.46711 18.526 0.063
3936.63242 18.407 0.030
3936.70899 18.341 0.032
3937.47336 18.422 0.049
3938.47176 18.554 0.060
3938.65959 18.414 0.033
3939.53922 18.430 0.032
3940.65747 18.435 0.029
3940.78827 18.475 0.038
3942.52513 18.382 0.047
3944.50489 18.476 0.040
3945.48791 18.344 0.035
3945.68751 18.284 0.027
3945.74335 18.355 0.037
3946.48924 18.371 0.041
3946.67558 18.316 0.031
3946.75300 18.359 0.034
3950.48729 18.222 0.031
3950.69703 18.181 0.029
3951.48711 18.204 0.036
3951.71962 18.105 0.033
3955.50849 18.060 0.044
3956.51810 18.061 0.044
3957.48026 18.057 0.030
3959.47571 17.994 0.031
3959.65810 18.054 0.027
3960.47304 18.006 0.030
3960.65208 18.055 0.022
3960.72423 18.038 0.028
3961.52954 18.023 0.031
3963.50573 18.048 0.028
3963.67733 18.103 0.026
3964.49004 18.063 0.029
3964.69871 18.043 0.027
3965.47904 18.075 0.027
3965.67157 18.074 0.024
3966.50904 18.083 0.027
3966.66205 18.091 0.028
3967.49054 18.119 0.036
3967.68741 18.097 0.026
3968.47084 18.168 0.040
3968.53820 18.156 0.032
3968.60615 18.113 0.027
3968.64271 18.099 0.026
3968.71189 18.122 0.033
3969.49939 18.119 0.032
3969.65318 18.117 0.029
3970.48003 18.142 0.031
3970.66096 18.189 0.031
3971.50494 18.175 0.040
3971.69421 18.101 0.030
3973.54483 18.113 0.033
3974.47974 18.212 0.036
3974.65881 18.186 0.032
3976.47921 18.241 0.028
3982.53833 18.310 0.042
3983.48878 18.259 0.052
3987.47993 18.309 0.044
3993.58397 18.253 0.036
3996.53911 18.247 0.037
3999.56138 18.216 0.035
4001.49166 18.182 0.035
4003.51195 18.138 0.027
4004.48721 18.151 0.027
4006.49400 18.156 0.036
4011.59074 18.211 0.049
4012.54204 18.325 0.044
4016.48950 18.346 0.042
4018.51475 18.400 0.050
4020.50411 18.395 0.046
4023.51301 18.393 0.051
4025.53244 18.375 0.038
4027.53734 18.582 0.052
4030.52914 18.463 0.048
4036.51039 18.650 0.093
4039.52401 18.413 0.059
4042.52157 18.242 0.055
4131.88312 18.402 0.077
4140.87863 18.097 0.049
4149.87146 18.130 0.036
4153.85781 18.146 0.033
4155.89378 18.177 0.035
4161.82372 18.284 0.038
4162.90505 18.264 0.043
4164.81226 18.285 0.042
4165.89264 18.231 0.059
4167.89661 18.245 0.035
4169.90019 18.288 0.042
4174.90264 18.293 0.033
4176.87616 18.291 0.033
4178.76842 18.295 0.041
4179.82727 18.335 0.033
4182.80843 18.350 0.033
4183.84460 18.257 0.033
4184.88503 18.280 0.028
4185.86099 18.241 0.034
4189.88801 18.220 0.037
4191.85070 18.149 0.041
4192.76594 18.279 0.058
4194.76537 18.257 0.040
4203.72520 18.379 0.037
4203.90962 18.353 0.033
4204.71351 18.382 0.046
4207.70340 18.477 0.047
4208.72555 18.440 0.040
4211.73819 18.554 0.051
4212.89951 18.638 0.062
4213.73215 18.508 0.043
4216.67945 18.630 0.059
4218.70930 18.530 0.058
4219.73074 18.576 0.063
4228.65699 18.265 0.044
4229.65177 18.288 0.053
4229.91044 18.240 0.038
4230.66160 18.193 0.031
4230.84957 18.195 0.035
4230.91131 18.188 0.042
4231.64596 18.257 0.041
4231.91433 18.173 0.037
4232.89580 18.135 0.036
4233.75642 18.136 0.041
4234.92598 18.114 0.036
4235.87100 18.122 0.032
4238.70972 18.124 0.030
4238.91741 18.365 0.048
4240.65714 18.168 0.032
4240.91976 18.157 0.035
4243.61971 18.131 0.042
4243.71596 18.126 0.040
4243.80952 18.133 0.033
4245.58819 18.218 0.033
4245.68192 18.178 0.028
4245.77510 18.147 0.026
4246.64693 18.164 0.031
4246.73994 18.165 0.033
4246.83321 18.151 0.030
4247.78571 18.184 0.029
4256.74349 18.325 0.045
4257.62895 18.316 0.044
4258.61288 18.348 0.046
4267.57289 18.396 0.050
4269.55523 18.313 0.039
4270.55072 18.330 0.041
4273.83678 18.340 0.051
4274.80229 18.359 0.040
4275.58130 18.342 0.041
4275.75678 18.329 0.039
4275.81524 18.237 0.048
4275.87638 18.265 0.061
4276.55929 18.366 0.059
4277.50993 18.345 0.055
4277.68512 18.259 0.036
4277.74557 18.263 0.038
4277.80421 18.246 0.046
4278.54374 18.317 0.050
4278.73097 18.317 0.048
4278.80396 18.273 0.052
4283.48940 18.189 0.043
4283.69604 18.161 0.050
4284.48444 18.240 0.053
4284.71490 18.212 0.031
4284.77712 18.197 0.036
4284.84220 18.159 0.047
4285.48294 18.251 0.045
4285.67478 18.273 0.040
4285.73950 18.238 0.034
4285.80502 18.191 0.039
4286.48321 18.254 0.056
4289.48375 18.318 0.061
4289.77532 18.360 0.044
4289.84214 18.251 0.041
4291.64370 18.335 0.032
4291.76612 18.283 0.043
4292.70717 18.311 0.030
4292.76589 18.341 0.031
4292.82907 18.298 0.045
4293.46975 18.334 0.044
4293.67566 18.330 0.031
4293.73445 18.300 0.031
4293.81208 18.348 0.039
4294.46905 18.342 0.046
4295.47059 18.424 0.053
4295.51338 18.337 0.036
4295.53529 18.364 0.038
4295.55305 18.377 0.039
4295.57257 18.371 0.038
4295.58897 18.392 0.035
4295.60813 18.297 0.030
4295.67408 18.338 0.030
4295.73276 18.337 0.030
4295.80979 18.308 0.035
4296.47187 18.372 0.044
4296.65927 18.343 0.029
4296.67810 18.350 0.034
4296.68731 18.378 0.031
4296.71296 18.370 0.031
4296.72872 18.330 0.030
4296.74049 18.359 0.031
4296.74763 18.397 0.033
4296.75364 18.326 0.035
4296.75972 18.389 0.044
4296.76622 18.369 0.037
4296.77208 18.363 0.036
4296.77479 18.386 0.038
4296.78087 18.346 0.038
4296.78641 18.342 0.036
4296.79277 18.338 0.036
4296.79626 18.338 0.035
4296.80300 18.376 0.041
4296.80951 18.345 0.041
4296.82054 18.451 0.055
4296.83000 18.264 0.041
4296.83733 18.351 0.046
4297.49196 18.363 0.052
4297.54931 18.406 0.034
4297.58247 18.391 0.035
4297.61932 18.382 0.031
4298.52736 18.332 0.036
4298.63316 18.376 0.035
4298.72668 18.374 0.033
4299.51017 18.380 0.037
4299.60353 18.386 0.031
4299.69575 18.386 0.035
4299.78593 18.402 0.046
4300.50120 18.461 0.045
4301.49612 18.407 0.041
4301.58839 18.445 0.034
4301.68506 18.439 0.033
4301.78359 18.427 0.033
4302.55638 18.472 0.044
4302.66379 18.472 0.042
4303.64341 18.513 0.049
4304.52988 18.439 0.053
4304.63929 18.488 0.055
4310.76103 18.471 0.079
4311.73066 18.455 0.061
4312.50048 18.465 0.066
4312.69567 18.468 0.050
4312.79326 18.516 0.059
4314.49403 18.591 0.050
4315.53460 18.518 0.053
4316.56348 18.388 0.035
4317.48589 18.380 0.037
4317.70490 18.333 0.036
4319.49494 18.400 0.046
4319.74940 18.436 0.048
4320.51045 18.357 0.040
4327.56641 18.162 0.037
4328.49352 18.121 0.033
4328.67047 18.098 0.035
4329.50433 18.084 0.029
4329.65216 18.126 0.034
4329.71097 18.090 0.037
4330.51624 18.090 0.027
4330.66721 18.078 0.027
4331.49643 18.103 0.031
4331.66292 18.123 0.032
4332.47414 18.084 0.034
4333.50523 18.136 0.040
4333.66629 18.133 0.032
4334.47845 18.194 0.070
4334.57606 18.090 0.073
4338.47691 18.179 0.041
4339.49808 18.181 0.038
4339.68605 18.108 0.045
4341.47898 18.212 0.048
4342.50833 18.227 0.037
4343.47638 18.222 0.036
4344.51502 18.197 0.043
4345.48042 18.226 0.036
4346.48904 18.258 0.039
4347.50802 18.271 0.042
4348.49097 18.283 0.037
4350.50360 18.304 0.039
4351.47836 18.300 0.043
4352.48951 18.364 0.048
4353.48627 18.300 0.037
4354.51481 18.353 0.032
4355.50540 18.429 0.053
4356.48290 18.289 0.034
4357.56609 18.319 0.048
4358.52332 18.349 0.049
4359.48500 18.326 0.040
4361.54517 18.313 0.055
4362.48055 18.394 0.053
4365.53717 18.307 0.050
4367.51383 18.302 0.038
4368.54947 18.262 0.045
4369.49419 18.237 0.051
4370.53398 18.233 0.032
4371.50873 18.281 0.035
4372.48449 18.215 0.035
4373.55983 18.214 0.038
4375.51072 18.293 0.055
4377.58397 18.285 0.051
4378.49401 18.278 0.038
4379.50936 18.289 0.051
4380.52091 18.316 0.037
4381.49888 18.241 0.052
4382.58739 18.294 0.048
4383.51240 18.362 0.043
4384.54936 18.355 0.046
4387.53388 18.288 0.044
4393.50672 18.474 0.041
4394.56415 18.456 0.056
4395.53555 18.430 0.060
4396.54806 18.474 0.073
4397.50688 18.512 0.057
4398.51453 18.492 0.051
4399.55013 18.504 0.064
4400.50948 18.574 0.073
4402.52411 18.485 0.068
4403.52510 18.530 0.068
4411.53007 18.441 0.069
4505.88852 18.346 0.053
4510.87594 18.191 0.037
4513.83724 18.187 0.038
4517.83131 18.216 0.057
4519.81724 18.180 0.046
4522.84611 18.176 0.045
4524.82976 18.250 0.043
4530.79192 18.269 0.033
4533.82072 18.365 0.036
4535.87568 18.293 0.040
4537.77530 18.399 0.045
4539.83044 18.408 0.035
4540.84033 18.314 0.031
4541.76939 18.385 0.038
4542.76395 18.379 0.051
4543.75954 18.406 0.042
4544.75643 18.371 0.052
4546.74976 18.368 0.050
4547.76391 18.387 0.043
4548.81682 18.344 0.041
4550.78903 18.379 0.043
4551.73538 18.541 0.058
4552.77900 18.283 0.089
4556.73088 18.322 0.034
4556.92162 18.304 0.037
4557.74926 18.262 0.034
4558.76946 18.300 0.030
4559.72232 18.288 0.032
4559.91130 18.268 0.031
4560.72643 18.293 0.037
4560.91188 18.253 0.028
4561.71510 18.303 0.036
4561.90067 18.320 0.029
4564.70533 18.341 0.039
4564.90558 18.227 0.029
4565.70346 18.297 0.033
4565.89404 18.293 0.026
4566.89586 18.297 0.030
4567.69497 18.333 0.038
4567.90173 18.306 0.033
4568.72425 18.401 0.045
4569.71019 18.382 0.037
4569.91975 18.352 0.038
4570.69809 18.380 0.042
4570.92815 18.286 0.053
4571.68924 18.484 0.058
4571.88725 18.381 0.031
4573.71487 18.387 0.041
4573.92333 18.409 0.037
4574.71728 18.428 0.041
4575.72272 18.412 0.042
4576.73040 18.461 0.048
4577.81184 18.544 0.043
4578.76563 18.458 0.049
4579.84232 18.490 0.044
4583.70931 18.476 0.056
4585.72980 18.593 0.048
4588.71115 18.568 0.046
4589.84877 18.531 0.045
4589.91082 18.501 0.051
4590.87649 18.461 0.051
4591.91680 18.449 0.040
4592.64109 18.443 0.048
4592.83031 18.440 0.047
4592.89372 18.440 0.042
4593.83992 18.507 0.038
4593.90200 18.423 0.040
4594.65146 18.462 0.051
4594.84617 18.464 0.043
4595.63692 18.487 0.051
4595.83509 18.383 0.038
4595.89718 18.420 0.041
4596.63023 18.358 0.037
4596.90990 18.281 0.036
4597.66070 18.390 0.040
4597.85203 18.292 0.034
4597.92311 18.394 0.044
4598.63047 18.392 0.032
4598.87529 18.299 0.031
4599.60927 18.252 0.043
4599.81332 18.253 0.029
4600.61845 18.306 0.033
4600.92504 18.254 0.036
4601.62408 18.283 0.034
4601.84043 18.221 0.027
4601.90233 18.253 0.031
4602.61149 18.285 0.033
4602.82605 18.231 0.031
4603.74408 18.190 0.030
4606.61183 18.139 0.041
4610.71271 18.119 0.052
4610.92011 18.142 0.055
4611.60359 18.186 0.041
4611.83652 18.144 0.028
4612.62498 18.285 0.044
4616.57568 18.300 0.047
4616.79217 18.157 0.029
4616.86194 18.264 0.036
4617.63601 18.243 0.036
4618.58722 18.293 0.042
4620.67954 18.347 0.045
4621.67325 18.242 0.030
4622.76899 18.283 0.040
4622.88721 18.289 0.041
4623.84096 18.276 0.042
4623.91186 18.266 0.048
4624.78456 18.288 0.036
4624.85116 18.332 0.035
4625.57887 18.283 0.039
4625.76702 18.307 0.039
4625.86089 18.293 0.038
4626.56274 18.339 0.047
4626.82926 18.296 0.039
4627.53424 18.329 0.039
4627.80276 18.345 0.028
4627.88943 18.281 0.028
4628.56753 18.324 0.038
4628.73130 18.337 0.032
4628.79691 18.332 0.035
4628.85886 18.382 0.035
4629.58018 18.360 0.038
4629.80046 18.346 0.035
4629.88273 18.287 0.032
4630.53421 18.295 0.047
4630.74426 18.339 0.033
4630.82237 18.381 0.037
4630.89046 18.350 0.037
4631.53976 18.334 0.034
4631.75555 18.357 0.035
4631.83330 18.338 0.032
4631.90827 18.397 0.051
4632.53706 18.329 0.047
4632.79993 18.378 0.035
4633.54306 18.478 0.044
4633.64495 18.385 0.038
4633.76657 18.328 0.036
4638.72860 18.311 0.046
4638.82629 18.291 0.040
4639.54124 18.345 0.040
4639.64746 18.334 0.038
4639.82681 18.255 0.046
4640.56736 18.327 0.034
4640.69827 18.356 0.034
4640.80558 18.400 0.049
4641.74580 18.340 0.037
4642.56597 18.311 0.037
4642.72646 18.326 0.035
4642.80437 18.355 0.039
4642.87587 18.372 0.056
4643.85200 18.301 0.048
4644.63858 18.375 0.040
4644.81783 18.354 0.038
4645.49273 18.402 0.047
4645.74343 18.301 0.037
4645.81928 18.362 0.039
4645.88403 18.296 0.049
4646.49462 18.356 0.040
4646.82670 18.325 0.039
4647.48910 18.368 0.048
4647.71395 18.263 0.039
4647.80733 18.263 0.042
4648.51745 18.308 0.036
4648.60695 18.294 0.036
4648.68311 18.320 0.036
4648.83488 18.340 0.041
4649.70809 18.268 0.032
4649.82260 18.351 0.045
4650.74661 18.259 0.030
4650.83155 18.304 0.045
4651.48934 18.306 0.048
4651.73643 18.262 0.045
4652.48090 18.254 0.044
4652.68350 18.231 0.034
4652.76507 18.271 0.036
4652.81866 18.293 0.040
4653.47737 18.252 0.052
4653.69645 18.304 0.037
4653.76170 18.240 0.042
4654.71045 18.257 0.036
4654.71699 18.232 0.034
4654.79262 18.238 0.041
4655.47717 18.320 0.050
4655.56693 18.344 0.039
4655.63420 18.244 0.031
4655.70153 18.251 0.029
4655.76345 18.231 0.030
4656.47914 18.324 0.034
4656.66895 18.249 0.035
4656.78455 18.280 0.037
4657.55368 18.288 0.040
4658.63747 18.259 0.034
4659.57016 18.314 0.040
4661.46726 18.283 0.049
4661.66480 18.235 0.052
4661.72940 18.294 0.046
4661.79649 18.326 0.045
4665.75954 18.401 0.080
4666.47873 18.427 0.061
4666.66334 18.371 0.044
4666.76720 18.334 0.061
4669.58881 18.385 0.048
4670.62481 18.425 0.045
4671.54577 18.421 0.034
4671.75271 18.394 0.039
4672.48047 18.516 0.042
4672.74399 18.455 0.045
4672.78296 18.520 0.051
4674.48493 18.541 0.057
4677.46549 18.568 0.079
4677.61192 18.498 0.040
4677.69569 18.552 0.044
4678.66259 18.555 0.039
4679.55825 18.510 0.052
4681.50692 18.530 0.048
4681.60701 18.509 0.045
4682.47795 18.474 0.039
4682.55389 18.531 0.040
4682.73056 18.488 0.037
4683.47451 18.472 0.055
4683.68337 18.476 0.039
4683.74658 18.513 0.044
4684.48016 18.462 0.051
4684.74493 18.488 0.040
4685.52234 18.460 0.046
4686.47758 18.498 0.046
4687.50357 18.392 0.040
4687.71695 18.449 0.048
4688.47416 18.517 0.070
4688.66418 18.333 0.035
4688.72586 18.427 0.045
4693.51863 18.224 0.032
4694.51708 18.239 0.051
4697.47408 18.201 0.036
4697.69927 18.179 0.046
4698.47831 18.155 0.030
4699.47724 18.147 0.038
4700.48553 18.149 0.030
4701.48088 18.101 0.035
4701.66965 18.094 0.031
4702.47923 18.131 0.036
4703.48079 18.153 0.030
4704.56429 18.111 0.033
4705.48310 18.183 0.035
4707.58404 18.213 0.034
4708.51582 18.168 0.030
4709.49185 18.202 0.039
4710.51912 18.182 0.036
4711.50142 18.176 0.036
4715.56428 18.280 0.039
4716.47924 18.270 0.047
4720.50489 18.334 0.067
4721.50579 18.403 0.060
4722.61803 18.326 0.050
4724.48484 18.405 0.055
4725.55870 18.320 0.046
4726.52331 18.312 0.050
4728.56779 18.387 0.048
4729.50832 18.382 0.040
4731.53122 18.321 0.042
4733.48280 18.255 0.045
4734.49860 18.253 0.041
4737.51745 18.262 0.037
4738.55737 18.317 0.046
4739.56122 18.289 0.047
4740.52951 18.335 0.046
4741.50228 18.252 0.040
4743.51074 18.256 0.044
4750.57743 18.268 0.053
4756.49325 18.291 0.055
4765.49498 18.393 0.060
4767.54834 18.426 0.066
4768.53093 18.447 0.072
4769.52165 18.591 0.084
4771.51429 18.666 0.090
4771.52672 18.509 0.081
4773.51720 18.483 0.063
4774.51696 18.463 0.071
4778.50861 18.435 0.072
4779.50960 18.411 0.060
4867.87067 18.582 0.052
4870.87062 18.487 0.043
4872.88203 18.519 0.068
4876.84344 18.339 0.043
4884.82652 18.077 0.037
4886.87721 18.094 0.032
4890.85939 18.153 0.028
4896.84708 18.203 0.029
4899.81852 18.255 0.037
4905.88498 18.262 0.047
4910.78702 18.289 0.038
4911.75766 18.339 0.028
4912.75448 18.366 0.031
4918.75435 18.376 0.031
4920.71776 18.258 0.028
4920.76543 18.329 0.030
4920.81016 18.279 0.028
4920.91837 18.229 0.036
4921.72297 18.339 0.042
4924.71682 18.337 0.031
4926.72993 18.226 0.036
4928.70563 18.158 0.037
4929.71108 18.147 0.038
4929.85043 18.220 0.032
4931.69103 18.203 0.050
4931.81336 18.150 0.034
4932.76859 18.200 0.033
4933.68872 18.187 0.042
4933.81693 18.159 0.038
4938.69682 18.250 0.036
4938.79675 18.226 0.039
4939.71582 18.266 0.039
4939.81734 18.307 0.040
4940.71994 18.202 0.030
4941.69460 18.318 0.035
4942.67410 18.301 0.037
4942.84699 18.234 0.029
4943.68647 18.272 0.027
4943.75250 18.302 0.031
4944.69184 18.269 0.032
4944.76702 18.354 0.032
4945.68859 18.271 0.031
4947.70048 18.323 0.028
4950.68746 18.414 0.036
4953.65562 18.433 0.034
4953.76133 18.420 0.040
4954.67571 18.368 0.034
4954.77369 18.557 0.039
