3022.70539 17.072 0.007
3331.65575 17.000 0.008
3341.64318 16.970 0.007
3353.68149 17.000 0.006
3358.71099 17.035 0.007
3362.67631 17.025 0.008
3375.64614 16.998 0.007
3381.63586 17.061 0.007
3389.59418 17.032 0.007
3397.64072 16.969 0.009
3721.64152 17.016 0.008
3734.64735 16.995 0.006
3743.61240 16.991 0.007
3751.59537 16.918 0.007
3758.61105 17.009 0.006
3764.69221 17.009 0.006
3769.63403 16.960 0.006
4066.69031 16.975 0.006
4073.75421 16.985 0.008
4092.65838 17.047 0.006
4111.68573 17.018 0.006
4126.61952 17.042 0.007
4392.74291 17.016 0.006
4400.74428 16.958 0.009
4410.78562 17.032 0.007
4427.84062 16.991 0.007
4440.79933 17.087 0.007
4459.61026 16.958 0.008
4468.64932 17.013 0.006
4479.68972 17.053 0.007
4485.68240 16.981 0.008
4774.70240 17.124 0.007
4780.71489 17.055 0.008
4795.70855 17.057 0.006
