2123.92555 19.202 0.077
2130.91614 19.009 0.062
2131.91795 19.303 0.099
2132.91613 19.195 0.066
2134.91771 19.224 0.083
2140.91741 19.327 0.080
2142.90522 19.146 0.071
2144.91562 19.133 0.059
2156.88873 19.276 0.096
2161.85569 19.215 0.076
2173.86826 19.446 0.061
2192.83927 19.179 0.057
2201.82575 19.378 0.054
2214.80731 19.180 0.075
2221.75024 19.418 0.078
2224.76294 19.244 0.062
2227.66558 19.161 0.066
2229.67902 19.230 0.071
2232.84275 19.172 0.064
2234.83757 19.222 0.049
2237.75801 19.382 0.065
2241.68325 19.310 0.083
2243.73712 19.156 0.065
2248.81770 19.207 0.049
2250.80440 19.339 0.062
2252.66867 19.242 0.057
2254.65973 19.238 0.065
2257.66640 19.211 0.061
2266.66461 19.137 0.059
2270.66773 19.157 0.057
2271.81266 19.215 0.044
2272.82059 19.342 0.081
2274.65076 19.242 0.085
2276.76822 19.167 0.060
2277.82154 19.416 0.063
2280.81269 19.221 0.058
2282.70231 19.210 0.054
2283.86345 19.091 0.062
2288.77091 19.171 0.068
2292.78123 19.220 0.081
2296.77319 19.084 0.085
2298.72989 19.175 0.073
2300.74038 19.142 0.070
2302.71702 19.346 0.117
2315.64814 19.114 0.050
2333.58788 19.228 0.095
2339.56424 19.206 0.069
2351.50345 19.215 0.075
2369.50088 19.316 0.092
2385.48656 19.422 0.110
2529.83224 19.151 0.069
2539.83472 19.200 0.079
2545.80490 19.201 0.084
2552.85792 19.114 0.066
2556.84932 19.185 0.059
2560.75773 19.110 0.056
2564.86597 19.267 0.066
2578.78770 19.343 0.082
2583.84211 19.297 0.082
2590.74770 19.500 0.084
2596.76032 19.139 0.072
2605.78758 19.214 0.063
2609.75971 19.186 0.074
2610.62885 19.343 0.091
2610.73429 19.328 0.100
2610.84079 19.450 0.102
2611.64100 19.162 0.081
2613.62223 19.261 0.089
2613.70004 19.182 0.085
2614.67020 19.474 0.105
2614.75358 19.481 0.095
2614.84518 19.241 0.069
2615.65425 19.372 0.086
2615.77637 19.168 0.058
2615.83410 19.330 0.068
2617.64295 19.142 0.086
2617.73735 19.249 0.092
2617.84581 19.227 0.083
2618.65946 19.360 0.081
2618.75301 19.207 0.064
2619.61623 19.319 0.065
2619.72295 19.101 0.047
2619.84735 19.171 0.063
2620.64613 19.242 0.068
2620.73131 19.127 0.051
2620.84805 19.138 0.062
2621.68015 19.176 0.047
2621.75583 19.159 0.055
2621.84902 19.194 0.055
2622.64612 19.538 0.103
2622.72752 19.526 0.100
2622.84839 19.252 0.061
2623.64484 19.246 0.078
2623.73291 19.248 0.066
2623.84424 19.234 0.058
2624.67544 19.260 0.066
2624.74651 19.114 0.060
2624.84130 19.128 0.060
2625.66043 19.167 0.063
2625.71229 19.202 0.062
2625.82244 19.176 0.055
2626.62923 19.407 0.084
2627.70321 19.386 0.102
2627.73701 19.306 0.107
2627.81090 19.203 0.091
2628.65377 19.173 0.076
2628.73083 19.111 0.071
2628.79798 19.194 0.072
2629.64955 19.306 0.086
2629.72613 19.230 0.077
2629.75787 19.143 0.066
2629.83760 19.391 0.097
2630.63737 19.531 0.110
2630.71692 19.320 0.077
2630.79726 19.378 0.104
2631.64887 19.085 0.071
2632.60482 19.185 0.054
2632.65209 19.198 0.059
2632.73159 19.057 0.047
2632.81213 19.174 0.061
2634.60361 19.357 0.061
2634.69366 19.344 0.068
2634.82749 19.213 0.069
2635.65385 19.233 0.062
2635.69932 19.205 0.054
2635.73115 19.217 0.054
2635.83411 19.294 0.077
2636.68168 19.210 0.056
2636.76208 19.179 0.068
2636.84178 19.230 0.080
2637.64375 19.237 0.061
2637.72236 19.218 0.054
2637.82542 19.180 0.052
2638.62501 19.333 0.066
2638.67030 19.452 0.072
2638.72593 19.333 0.084
2639.59810 19.173 0.048
2639.67844 19.183 0.042
2640.60705 19.232 0.065
2640.74904 19.041 0.061
2640.76720 19.207 0.064
2641.60718 19.388 0.084
2641.74354 19.212 0.066
2641.85439 19.223 0.073
2642.60529 19.409 0.075
2642.70710 19.266 0.076
2643.61220 19.091 0.046
2643.75581 19.170 0.062
2644.59486 19.172 0.069
2644.70534 19.144 0.061
2645.60974 19.135 0.276
2645.74635 19.049 0.056
2645.85274 19.198 0.084
2646.61513 19.414 0.070
2646.68034 19.321 0.071
2646.73971 19.289 0.066
2647.61473 19.299 0.086
2647.72453 19.256 0.069
2649.61191 19.299 0.061
2649.70433 19.138 0.040
2650.63207 19.505 0.073
2650.69357 19.580 0.109
2651.62807 19.254 0.082
2651.72383 19.107 0.059
2652.59389 18.987 0.057
2652.67288 19.202 0.078
2652.77040 19.120 0.062
2652.79239 19.162 0.061
2653.60167 19.149 0.064
2653.77467 19.273 0.073
2654.62038 19.572 0.105
2654.69743 19.364 0.089
2654.75482 19.225 0.081
2654.83803 19.262 0.063
2655.60603 19.243 0.074
2655.80504 19.355 0.079
2656.61747 19.104 0.073
2656.66410 19.048 0.086
2656.76649 19.225 0.093
2656.86376 19.179 0.095
2657.61987 19.204 0.068
2657.85641 19.285 0.111
2658.58141 19.071 0.095
2658.62586 19.276 0.082
2658.68092 19.336 0.085
2658.76196 19.495 0.154
2659.63940 19.189 0.069
2660.59412 19.199 0.076
2660.64418 19.153 0.076
2660.73985 19.309 0.073
2661.59918 19.105 0.041
2661.65298 19.114 0.047
2661.85214 19.245 0.085
2662.63790 19.386 0.083
2662.65512 19.301 0.083
2662.77351 19.230 0.073
2663.65249 19.147 0.061
2664.63380 19.281 0.079
2664.70017 19.187 0.090
2664.83811 19.172 0.113
2665.68303 19.230 0.064
2665.82004 19.334 0.095
2666.64230 19.379 0.065
2666.69855 19.311 0.054
2666.76011 19.156 0.048
2667.67727 19.407 0.095
2667.83600 19.480 0.130
2668.68466 19.147 0.061
2668.75161 19.207 0.071
2670.64678 19.393 0.102
2670.68429 19.355 0.117
2671.68720 19.397 0.080
2671.85526 19.359 0.115
2672.66437 19.004 0.093
2672.76383 19.363 0.076
2672.78556 19.227 0.067
2674.66925 19.358 0.071
2674.68631 19.242 0.067
2674.79129 19.132 0.064
2675.64794 19.206 0.067
2675.75478 19.224 0.072
2676.65402 19.149 0.080
2676.67538 19.231 0.077
2676.73478 19.390 0.077
2677.65469 19.195 0.070
2677.71341 19.163 0.064
2678.62777 19.414 0.079
2678.72866 19.161 0.069
2678.75945 19.328 0.069
2679.64827 19.156 0.067
2679.78419 19.392 0.101
2680.63942 19.168 0.062
2680.77021 19.222 0.060
2681.60814 19.091 0.069
2681.71963 19.197 0.073
2682.58552 19.385 0.092
2683.62065 19.182 0.089
2687.56478 19.075 0.073
2696.56071 19.205 0.076
2701.54230 19.252 0.101
2714.53618 19.256 0.095
2839.91270 19.128 0.080
2867.88376 19.163 0.074
2885.86147 19.220 0.058
2892.88998 19.287 0.089
2897.85894 19.175 0.072
2903.90475 19.191 0.058
2907.77915 19.380 0.069
2911.81660 19.233 0.051
2916.86702 19.221 0.052
2922.85073 19.299 0.078
2926.78242 19.190 0.061
2930.85214 19.175 0.056
2934.75411 19.126 0.056
2940.73363 19.127 0.052
2943.73922 19.286 0.070
2947.74786 19.233 0.062
2949.83784 19.241 0.056
2953.70505 19.059 0.082
2956.73038 19.197 0.055
2958.75670 19.220 0.073
2962.76850 19.023 0.044
2965.79224 19.192 0.050
2968.65813 19.176 0.076
2973.78304 19.158 0.050
2975.86103 19.186 0.083
2976.79548 19.180 0.054
2978.70315 19.174 0.068
2980.71554 19.287 0.060
2982.70828 19.179 0.063
2984.75542 19.225 0.067
2986.83806 19.218 0.082
2988.80845 19.305 0.062
2989.76375 19.174 0.057
2991.65889 19.291 0.059
2993.64621 19.138 0.055
2995.74717 19.190 0.052
2997.72482 19.098 0.060
2999.68900 19.166 0.062
3001.78387 19.159 0.058
3003.75453 19.209 0.059
3005.71639 19.236 0.068
3007.63776 19.243 0.057
3009.63562 19.178 0.059
3011.73519 19.141 0.082
3013.73937 19.153 0.062
3017.74072 19.232 0.057
3019.66875 19.267 0.067
3021.78730 19.209 0.059
3023.64907 19.211 0.048
3024.85017 19.413 0.072
3027.66635 19.177 0.048
3029.65134 19.151 0.049
3031.72130 19.235 0.064
3033.78493 19.217 0.043
3035.79177 19.232 0.054
3038.76939 19.310 0.082
3041.60990 19.185 0.083
3043.64394 19.208 0.087
3045.70685 19.199 0.067
3047.66059 19.262 0.070
3048.58933 19.226 0.050
3050.60765 19.118 0.040
3052.60480 19.227 0.057
3054.60543 19.241 0.063
3056.60272 19.190 0.053
3060.64630 19.203 0.060
3064.66412 19.099 0.079
3068.53222 19.039 0.068
3070.59313 19.264 0.105
3073.62433 19.226 0.096
3078.63330 19.388 0.069
3082.61114 19.280 0.053
3085.51221 19.253 0.077
3087.65043 19.113 0.063
3090.61653 19.222 0.078
3096.53240 19.270 0.097
3099.60220 19.286 0.100
3102.58080 19.189 0.079
3104.56752 19.299 0.085
3110.54926 19.450 0.110
3113.52715 19.180 0.089
3128.49895 19.316 0.091
3140.50665 19.226 0.071
3216.87089 19.012 0.085
3241.91385 19.549 0.084
3248.85604 19.158 0.078
3257.88441 19.342 0.061
3264.80578 19.209 0.042
3270.87253 19.168 0.054
3274.75823 19.321 0.099
3277.88024 19.327 0.068
3287.76196 19.370 0.055
3295.72037 19.324 0.044
3301.77392 19.302 0.083
3304.83423 19.124 0.060
3307.70777 19.036 0.077
3309.74000 19.155 0.053
3311.73799 19.205 0.056
3320.78093 19.128 0.046
3323.72707 19.261 0.084
3327.75295 19.107 0.046
3330.71158 19.382 0.083
3334.81051 19.206 0.077
3338.85895 19.275 0.059
3339.75830 19.177 0.060
3354.77421 19.180 0.066
3358.82288 19.283 0.056
3361.85127 19.294 0.055
3365.75298 19.423 0.080
3372.76938 19.194 0.052
3378.68200 19.383 0.066
3391.74976 19.245 0.075
3395.71234 19.180 0.082
3399.71857 19.164 0.068
3403.70589 19.161 0.059
3406.67471 19.103 0.040
3410.62841 19.219 0.048
3415.62560 19.127 0.047
3427.58930 19.193 0.071
3433.61187 19.297 0.084
3438.54112 19.192 0.058
3446.49819 19.024 0.078
3461.51560 19.080 0.051
3473.47485 19.350 0.098
3575.93349 19.284 0.074
3592.92536 19.166 0.039
3619.82735 19.363 0.061
3633.86590 19.171 0.061
3639.77838 19.124 0.042
3644.81498 19.171 0.045
3651.75819 19.175 0.050
3658.76970 19.441 0.082
3661.84044 19.043 0.063
3676.75823 19.156 0.054
3684.82027 19.136 0.050
3687.79469 19.273 0.054
3690.71451 19.223 0.069
3693.74858 19.318 0.067
3695.78133 19.294 0.049
3698.76306 19.443 0.083
3700.79164 19.230 0.054
3703.72253 19.409 0.056
3705.78970 19.303 0.050
3708.77763 19.181 0.068
3712.73527 19.204 0.048
3714.80547 19.299 0.046
3717.66792 19.186 0.055
3719.84044 19.325 0.081
3721.80137 19.254 0.062
3726.69722 19.478 0.083
3730.72954 19.453 0.059
3732.72155 19.113 0.037
3734.85239 19.345 0.063
3737.75336 19.232 0.040
3739.82337 19.016 0.040
3741.83626 19.599 0.107
3743.73340 19.532 0.092
3746.77587 19.303 0.079
3748.72911 19.244 0.075
3749.73470 19.098 0.071
3751.74603 19.147 0.060
3753.69756 19.167 0.049
3755.69792 19.392 0.065
3757.68838 19.265 0.061
3759.75316 19.242 0.052
3762.77469 19.284 0.079
3765.76180 19.328 0.059
3770.63427 19.623 0.070
3773.70033 19.161 0.070
3776.67065 19.284 0.070
3779.62522 18.930 0.073
3782.73880 19.337 0.078
3787.60204 19.150 0.054
3792.55275 19.218 0.060
3800.53471 19.086 0.047
3809.54197 19.373 0.103
3823.50203 19.173 0.067
3946.92416 19.064 0.084
3964.88064 19.163 0.042
3969.90739 19.229 0.062
3980.92123 19.083 0.065
3989.90789 19.211 0.063
3998.87164 19.277 0.068
3999.83413 19.268 0.057
4005.86107 19.052 0.043
4008.72737 19.084 0.043
4024.72075 19.153 0.046
4032.75458 19.054 0.072
4041.68946 19.294 0.072
4043.69432 19.215 0.078
4049.65698 19.238 0.058
4056.76320 19.346 0.065
4066.75146 19.165 0.047
4068.65636 19.087 0.045
4073.85526 19.272 0.083
4077.79757 19.189 0.061
4083.68808 19.301 0.086
4085.75379 19.235 0.068
4093.73831 19.107 0.047
4102.85085 19.226 0.075
4105.81088 19.314 0.077
4109.78076 19.071 0.045
4113.73657 19.205 0.041
4120.76681 19.300 0.056
4122.72328 19.206 0.046
4125.77750 19.470 0.095
4132.66527 19.285 0.076
4142.71616 19.219 0.096
4156.55128 19.134 0.052
4168.50589 19.235 0.080
4197.48514 19.194 0.073
4341.91755 19.175 0.075
4347.86750 19.130 0.061
4353.80246 19.253 0.056
4358.90078 19.274 0.069
4364.86522 19.135 0.061
4367.88968 19.180 0.051
4371.75495 19.167 0.070
4377.80977 19.126 0.066
4380.82630 19.289 0.063
4386.80201 19.025 0.066
4390.76394 19.166 0.063
4394.72008 19.189 0.061
4399.73804 19.212 0.093
4404.73625 19.161 0.080
4412.71655 19.256 0.074
4418.80996 19.136 0.047
4430.68016 19.228 0.105
4449.69619 19.250 0.048
4455.70503 19.162 0.075
4457.73548 19.135 0.064
4470.66184 19.120 0.060
4473.70458 19.325 0.064
4477.76301 19.209 0.078
4482.76684 19.359 0.099
4494.66343 19.066 0.066
4506.62801 19.217 0.077
4517.65435 19.339 0.085
4524.59760 19.149 0.071
4532.64931 19.178 0.064
4536.62153 19.202 0.061
4539.50349 19.169 0.069
4541.61267 19.318 0.084
4545.54271 19.223 0.071
4561.56976 19.137 0.057
4568.52434 19.213 0.068
4580.51012 19.301 0.099
4588.47530 19.360 0.065
4606.47289 18.987 0.049
4683.91994 19.171 0.064
4697.87667 19.159 0.082
4708.85426 19.148 0.053
4720.79280 19.143 0.056
4724.84607 19.313 0.080
4728.84004 19.223 0.068
4733.84352 19.126 0.055
4748.80234 19.198 0.051
4757.77295 19.149 0.061
4760.77481 19.187 0.051
4769.70340 19.327 0.103
4772.72250 19.112 0.051
4775.75278 19.302 0.081
4777.76673 19.079 0.058
4784.71743 19.517 0.144
4788.81391 19.241 0.049
4791.82426 19.231 0.049
4794.79595 19.444 0.068
4796.67484 19.211 0.061
4800.79186 19.054 0.044
4803.63765 19.159 0.075
4805.73592 19.110 0.050
4809.72006 19.285 0.063
4820.75875 19.152 0.051
4823.78505 19.099 0.045
4826.70200 19.514 0.070
4833.71228 19.236 0.047
4835.69851 19.496 0.083
4837.74687 19.158 0.066
4841.76354 19.141 0.063
4843.76275 19.283 0.093
4846.73134 19.501 0.083
4848.73899 19.092 0.049
4853.76113 19.532 0.077
4857.75475 19.195 0.066
4859.74446 19.021 0.064
4868.72396 19.341 0.067
4876.55747 19.104 0.044
4885.56808 19.321 0.061
4917.55048 19.320 0.062
4935.54024 19.167 0.060
