2167.86807 19.709 0.123
2186.84186 19.418 0.150
2190.82726 19.314 0.075
2192.87023 19.733 0.121
2193.79178 19.305 0.063
2202.79126 19.450 0.101
2214.83893 19.144 0.101
2221.78093 19.216 0.106
2224.79337 19.678 0.108
2227.70424 19.258 0.084
2229.70971 19.494 0.121
2233.64640 19.454 0.092
2236.65875 19.486 0.115
2239.62679 19.540 0.142
2241.71371 19.367 0.103
2243.76742 20.022 0.162
2247.84931 19.508 0.100
2248.85196 19.353 0.072
2250.78200 19.250 0.069
2252.69899 19.526 0.096
2254.69027 19.354 0.069
2257.69848 19.470 0.076
2266.69531 19.314 0.092
2270.76248 19.431 0.086
2271.84323 19.365 0.050
2272.74868 19.225 0.091
2274.74022 19.492 0.094
2276.80160 19.208 0.096
2278.66585 19.240 0.082
2280.74419 19.182 0.063
2282.74010 19.169 0.065
2289.80358 19.462 0.084
2292.82001 19.147 0.090
2296.80881 19.658 0.194
2298.80244 19.365 0.102
2302.75319 19.423 0.113
2315.67893 19.261 0.074
2324.53678 19.452 0.132
2328.52368 19.295 0.110
2334.51697 19.434 0.092
2364.50646 19.238 0.122
2385.52393 19.385 0.124
2529.86808 19.333 0.082
2539.86806 19.695 0.152
2545.83527 19.533 0.112
2552.89377 19.330 0.100
2556.88243 19.765 0.124
2560.79169 19.285 0.078
2561.79321 19.296 0.090
2565.79967 19.440 0.108
2574.74973 19.810 0.118
2578.81808 19.383 0.103
2586.74015 19.489 0.111
2590.78842 19.532 0.112
2596.79513 19.407 0.099
2605.83493 19.397 0.090
2609.79999 19.717 0.160
2614.77734 19.272 0.093
2618.80793 19.401 0.107
2621.73308 19.240 0.072
2624.65264 19.318 0.091
2627.76172 19.376 0.112
2629.78266 19.371 0.103
2632.68247 19.220 0.068
2635.78309 19.369 0.082
2638.70089 19.431 0.097
2640.79758 19.236 0.106
2642.75583 19.303 0.121
2644.75481 19.530 0.094
2646.71449 19.298 0.084
2650.76579 19.310 0.092
2652.86017 19.313 0.083
2654.78918 19.489 0.107
2656.69466 19.456 0.122
2658.65709 19.207 0.079
2660.67627 19.443 0.113
2662.69085 19.291 0.095
2664.66583 19.383 0.102
2666.73138 19.370 0.076
2668.72228 19.413 0.099
2672.81599 19.311 0.092
2674.72185 19.385 0.092
2676.71102 19.751 0.122
2678.78338 19.340 0.072
2680.67012 19.332 0.086
2682.71544 19.498 0.138
2687.60386 19.356 0.111
2692.60254 19.198 0.080
2696.59376 19.171 0.083
2701.58545 19.731 0.174
2708.51512 19.458 0.154
2715.51075 19.186 0.128
2870.92906 19.352 0.114
2890.86355 19.288 0.118
2895.89942 19.388 0.079
2900.86365 19.718 0.106
2911.84905 19.365 0.065
2917.76302 19.259 0.076
2922.88518 19.402 0.122
2926.81812 19.336 0.087
2931.74637 19.723 0.108
2934.78715 19.414 0.076
2940.76767 19.388 0.078
2943.77186 19.277 0.079
2947.78050 19.367 0.070
2949.87036 19.347 0.108
2950.69431 19.608 0.106
2954.71764 19.233 0.097
2956.76299 19.437 0.093
2958.80465 19.296 0.085
2962.80179 19.283 0.071
2965.82480 19.379 0.074
2968.69250 19.261 0.079
2973.76601 19.375 0.081
2976.63244 19.336 0.091
2978.83351 19.266 0.075
2980.74848 19.224 0.073
2982.75655 19.713 0.100
2984.78814 19.366 0.084
2987.66953 19.441 0.097
2989.62763 19.318 0.068
2991.69160 19.379 0.072
2993.71192 19.279 0.097
2995.78677 19.723 0.116
2997.75738 19.395 0.086
2999.65707 19.329 0.071
3000.70597 19.269 0.079
3002.69426 19.397 0.080
3004.69512 19.460 0.079
3006.63861 19.297 0.078
3008.79352 19.790 0.123
3010.71309 19.307 0.106
3011.76805 19.426 0.128
3015.78562 19.373 0.133
3017.77331 19.340 0.080
3019.72702 19.096 0.081
3021.82000 19.755 0.120
3023.68208 19.318 0.059
3025.65351 19.193 0.053
3027.69908 19.505 0.083
3029.68399 19.279 0.075
3031.75406 19.239 0.079
3033.81765 19.516 0.091
3036.61613 19.278 0.068
3039.55801 19.424 0.092
3041.66605 19.223 0.123
3043.67676 19.164 0.102
3045.73963 19.223 0.086
3047.69328 19.193 0.085
3048.62449 19.543 0.074
3050.64151 19.318 0.069
3052.64290 19.528 0.086
3054.64738 19.457 0.097
3056.63554 19.296 0.068
3058.62948 19.712 0.132
3060.67910 19.288 0.075
3066.52541 19.521 0.157
3068.56496 19.417 0.117
3070.63721 19.356 0.127
3073.65705 19.233 0.087
3076.58090 19.477 0.136
3078.66769 19.415 0.100
3082.64469 19.316 0.061
3085.54713 19.358 0.092
3088.51013 19.278 0.094
3090.65184 19.602 0.110
3093.53444 19.457 0.131
3098.64375 19.362 0.102
3102.61446 19.426 0.111
3105.62019 19.427 0.102
3108.59815 19.335 0.076
3111.54653 19.507 0.139
3129.48884 19.401 0.129
3134.50970 19.653 0.134
3216.90355 19.334 0.120
3242.83830 19.371 0.101
3248.89105 19.337 0.093
3258.86763 19.589 0.101
3264.83869 19.366 0.073
3270.90539 19.838 0.156
3274.79075 19.392 0.105
3278.84570 19.488 0.112
3282.82188 19.539 0.094
3287.79529 19.342 0.059
3295.75289 19.659 0.084
3301.80648 19.551 0.112
3304.87092 19.313 0.090
3307.74035 20.055 0.241
3309.77250 19.309 0.075
3311.77045 19.397 0.086
3320.81808 19.340 0.072
3327.78599 19.469 0.090
3330.74435 19.282 0.100
3334.84384 19.295 0.113
3339.79167 19.361 0.087
3350.72801 19.056 0.050
3353.83797 19.395 0.083
3357.62826 19.443 0.087
3360.66709 19.358 0.078
3363.77535 19.354 0.085
3369.85265 19.474 0.111
3375.78900 19.232 0.074
3378.71453 19.293 0.071
3394.59764 19.122 0.081
3396.64849 19.578 0.105
3399.75111 19.479 0.125
3403.73847 19.763 0.110
3408.62292 19.269 0.071
3413.57790 19.293 0.075
3417.59499 19.557 0.101
3425.60314 19.417 0.123
3431.59113 19.390 0.075
3437.56667 19.314 0.084
3446.53576 19.531 0.105
3456.49730 19.213 0.101
3474.48389 19.449 0.138
3603.92609 19.376 0.085
3619.86910 19.214 0.071
3633.84559 19.537 0.112
3639.81205 19.835 0.103
3644.84810 19.436 0.075
3651.79055 19.347 0.074
3654.83832 19.334 0.075
3658.80191 19.640 0.111
3665.82070 19.731 0.145
3670.79042 19.164 0.080
3673.80054 19.441 0.076
3676.80058 19.106 0.057
3684.85458 20.113 0.155
3687.82694 19.346 0.069
3690.74688 19.581 0.111
3693.78439 19.289 0.082
3695.81571 19.321 0.071
3698.80528 19.180 0.076
3700.82391 19.405 0.113
3703.75798 19.470 0.081
3705.82218 19.392 0.069
3708.80998 19.150 0.083
3712.76750 19.462 0.075
3714.83827 19.334 0.065
3717.73067 19.447 0.103
3720.81876 19.451 0.099
3724.73639 19.407 0.072
3727.81098 19.284 0.074
3728.77373 19.536 0.084
3731.77727 19.241 0.060
3732.76036 19.316 0.059
3735.61678 19.276 0.052
3737.78665 19.303 0.053
3740.74857 19.271 0.060
3742.75588 19.370 0.101
3745.79184 19.256 0.070
3747.79444 19.848 0.219
3748.76165 19.454 0.121
3750.77183 19.300 0.085
3752.78189 19.328 0.095
3754.79968 19.486 0.084
3757.58065 19.293 0.082
3759.78574 19.373 0.075
3763.65767 19.307 0.049
3766.61407 19.519 0.078
3770.70060 19.325 0.090
3773.73335 19.520 0.107
3776.70506 19.804 0.163
3779.65834 19.491 0.146
3783.57501 19.501 0.093
3788.54773 19.421 0.069
3792.58520 19.208 0.068
3800.56708 19.403 0.081
3810.52513 19.643 0.136
3824.49532 19.292 0.099
3950.91893 19.477 0.094
3964.91767 19.372 0.064
3970.84256 19.342 0.082
3990.89983 19.549 0.108
3998.90362 19.439 0.090
4003.71731 19.291 0.065
4005.89303 19.325 0.069
4006.73859 19.190 0.058
4008.75938 19.532 0.071
4013.75992 19.259 0.083
4018.89250 19.408 0.111
4024.75646 19.324 0.063
4026.83410 19.231 0.065
4038.76126 19.603 0.094
4041.72123 19.417 0.082
4043.72617 19.366 0.089
4046.81955 19.326 0.087
4049.68871 19.307 0.073
4056.79600 19.507 0.085
4058.84316 19.322 0.075
4063.72598 19.436 0.080
4065.84912 19.138 0.071
4067.69102 19.306 0.063
4070.71325 19.213 0.067
4074.78199 19.304 0.084
4077.83076 19.221 0.071
4080.70734 19.225 0.078
4086.79139 19.712 0.123
4093.83277 19.364 0.075
4105.85098 19.636 0.126
4111.77011 19.489 0.073
4121.68847 19.231 0.104
4124.77073 19.493 0.072
4132.72664 19.449 0.126
4142.74838 19.786 0.250
4156.58349 19.302 0.080
4198.49812 19.548 0.126
4343.83412 19.441 0.104
4347.90118 19.608 0.105
4353.83435 19.529 0.087
4358.78576 19.226 0.113
4363.82827 19.594 0.144
4367.78807 19.497 0.110
4370.82483 19.257 0.094
4373.82426 19.325 0.073
4386.83380 19.326 0.095
4390.79580 19.328 0.081
4394.81339 19.299 0.064
4399.76996 19.265 0.096
4407.73288 19.452 0.093
4412.75651 19.387 0.100
4422.73413 19.326 0.074
4427.70978 19.298 0.087
4430.71310 19.206 0.110
4433.73072 19.432 0.092
4440.67297 19.325 0.085
4443.76542 19.479 0.116
4451.76762 19.193 0.074
4471.81380 19.290 0.087
4472.64319 19.318 0.068
4476.69674 19.341 0.070
4483.78849 19.373 0.104
4486.81477 19.371 0.136
4492.67256 19.326 0.093
4497.73425 19.252 0.073
4500.57591 19.778 0.141
4525.61801 19.332 0.095
4533.59637 19.338 0.083
4539.56558 19.475 0.120
4559.56558 19.597 0.129
4565.50640 19.250 0.103
4571.55519 19.238 0.128
4580.49229 19.134 0.108
4600.51729 19.641 0.162
4609.47038 19.376 0.154
4684.93656 19.268 0.111
4697.91534 19.192 0.120
4708.88639 19.465 0.095
4720.82477 19.420 0.080
4725.76459 19.343 0.100
4728.87230 19.156 0.082
4734.83355 19.321 0.072
4748.85669 19.413 0.068
4753.85703 19.284 0.093
4757.80518 19.413 0.095
4760.80677 19.403 0.079
4772.76813 19.200 0.065
4784.74933 19.432 0.118
4788.84624 19.320 0.069
4792.74214 19.359 0.086
4801.67398 19.287 0.079
4803.66966 19.361 0.099
4808.66831 19.409 0.087
4815.72912 19.599 0.120
4819.73565 19.449 0.075
4822.71554 19.383 0.075
4824.71268 19.522 0.094
4825.68229 19.391 0.074
4826.74655 19.106 0.074
4833.74899 19.378 0.060
4835.75940 19.321 0.087
4838.76409 19.331 0.072
4840.74705 19.352 0.083
4842.73512 19.189 0.094
4844.73140 19.303 0.085
4846.76344 19.392 0.091
4848.78728 19.297 0.083
4861.70002 19.379 0.097
4865.63071 19.290 0.071
4866.61322 19.173 0.071
4867.60601 19.235 0.064
4868.62612 19.524 0.097
4868.75597 19.246 0.070
4884.55848 19.541 0.127
4885.53082 19.247 0.081
4885.62254 19.440 0.084
4886.52973 19.278 0.068
4887.52928 19.818 0.117
4887.59636 19.469 0.065
4888.52637 19.512 0.110
4888.59828 19.513 0.079
4889.59597 19.121 0.070
4890.52422 19.246 0.073
4891.54080 19.309 0.081
4891.60178 19.305 0.075
4892.52870 19.171 0.076
4893.54313 19.404 0.095
4893.60757 19.133 0.082
4894.56166 19.663 0.116
4895.52702 19.270 0.081
4896.51547 19.300 0.067
4897.51727 19.417 0.089
4897.57403 19.340 0.084
4898.53915 19.308 0.096
4898.59126 19.380 0.125
4899.51799 19.170 0.079
4900.51674 19.538 0.133
4900.55789 19.761 0.162
4901.51937 19.303 0.128
4902.56237 19.310 0.118
4903.51466 19.419 0.125
4904.52322 19.282 0.112
4905.51668 19.379 0.096
4908.50662 19.189 0.084
4913.51010 19.447 0.121
4916.51718 19.381 0.093
4917.50223 19.369 0.095
4918.50211 19.166 0.083
4919.50156 19.791 0.127
4921.49984 19.348 0.082
4925.49701 19.805 0.144
4927.51214 19.292 0.112
4928.52421 19.404 0.108
4929.49243 19.345 0.124
4930.49945 19.424 0.134
4933.48715 19.153 0.086
4934.49636 19.180 0.079
4935.48616 19.293 0.097
4936.49244 19.312 0.083
4937.49124 19.304 0.063
4938.48752 19.770 0.166
4939.49334 19.225 0.083
4940.50453 19.355 0.087
4941.50057 19.253 0.110
4942.50417 19.319 0.090
4943.48500 19.359 0.099
4944.50545 19.515 0.100
4945.50112 19.486 0.096
4947.49014 19.182 0.092
4949.48440 19.553 0.101
4950.47873 19.349 0.131
4955.47210 19.463 0.101
