2167.85708 18.562 0.051
2173.89133 18.654 0.043
2190.81635 18.663 0.044
2192.86024 18.594 0.050
2193.78181 18.634 0.040
2201.84789 18.622 0.044
2202.78133 18.734 0.054
2214.82902 18.557 0.054
2221.77103 18.675 0.060
2224.78346 18.678 0.051
2227.69433 18.667 0.054
2229.69982 18.737 0.063
2231.66822 18.691 0.060
2233.63651 18.674 0.053
2236.64886 18.682 0.061
2239.61691 18.885 0.086
2241.70383 18.548 0.051
2243.75755 18.741 0.057
2247.83944 18.629 0.043
2248.84207 18.630 0.041
2250.77214 18.710 0.051
2252.68912 18.675 0.045
2254.68040 18.670 0.045
2257.68860 18.648 0.041
2260.69407 18.624 0.041
2266.68543 18.709 0.048
2270.72148 18.640 0.044
2271.83333 19.043 0.043
2272.71603 19.198 0.083
2272.71982 19.071 0.075
2274.72614 18.612 0.047
2276.79170 18.597 0.057
2278.65595 19.040 0.077
2280.71868 18.731 0.064
2280.73431 18.737 0.050
2282.73020 18.635 0.044
2289.79367 18.656 0.045
2296.79891 18.828 0.092
2298.79251 18.649 0.066
2300.77016 18.755 0.070
2302.74324 18.864 0.075
2315.66893 18.867 0.059
2324.52587 18.604 0.063
2328.51274 18.703 0.086
2334.50604 19.097 0.118
2340.50282 18.761 0.102
2364.49214 18.628 0.075
2385.51285 18.724 0.076
2529.85716 18.660 0.057
2539.85715 18.751 0.067
2545.82528 18.692 0.063
2552.88212 18.813 0.063
2556.87157 18.578 0.044
2560.78083 18.671 0.050
2565.78973 18.759 0.073
2574.73978 18.664 0.059
2578.80816 18.700 0.057
2583.86281 18.882 0.069
2590.77621 18.661 0.061
2596.78434 18.574 0.054
2605.81872 18.785 0.059
2609.78918 18.718 0.066
2614.77043 19.047 0.082
2618.80077 18.573 0.060
2621.72621 18.660 0.043
2624.64571 18.632 0.057
2627.75187 18.594 0.063
2632.67259 18.667 0.045
2635.77321 18.635 0.045
2638.69106 18.647 0.054
2640.78771 18.684 0.072
2642.74891 18.911 0.082
2644.74789 18.740 0.059
2646.70464 18.641 0.051
2650.75887 18.789 0.069
2652.85028 19.014 0.070
2654.77929 18.617 0.067
2656.68478 18.760 0.072
2658.64720 18.690 0.059
2660.66635 18.664 0.060
2662.67661 18.660 0.057
2664.65594 18.831 0.070
2666.72146 18.655 0.045
2668.70534 18.711 0.056
2672.80608 18.816 0.059
2674.71190 18.683 0.061
2676.69694 18.689 0.060
2678.77343 18.658 0.050
2680.66016 18.684 0.050
2682.70843 18.729 0.069
2687.59310 18.870 0.088
2692.59177 18.804 0.067
2696.58303 18.642 0.057
2701.57470 18.747 0.073
2708.50436 18.603 0.083
2715.49770 18.908 0.139
2870.91823 18.756 0.067
2890.85274 18.648 0.069
2895.88864 18.948 0.057
2900.85050 18.785 0.050
2911.83835 18.703 0.041
2916.88919 18.684 0.043
2922.87448 18.886 0.066
2926.80580 18.725 0.053
2930.88190 18.624 0.048
2934.77646 19.085 0.063
2940.75703 18.805 0.051
2943.76121 18.650 0.050
2947.76985 18.592 0.041
2949.85981 18.689 0.047
2950.68369 18.735 0.059
2954.70701 18.727 0.067
2956.75233 18.935 0.064
2958.79402 18.661 0.050
2962.79117 18.609 0.040
2965.81424 18.570 0.043
2968.68193 18.969 0.069
2973.75541 18.989 0.056
2976.62185 18.598 0.056
2978.82292 19.111 0.077
2980.73789 18.595 0.044
2982.73116 18.622 0.047
2984.77754 19.079 0.066
2987.65892 18.827 0.054
2989.61319 18.671 0.051
2991.68102 18.681 0.040
2993.70134 18.754 0.056
2995.77617 19.128 0.067
2997.74680 18.659 0.051
2999.64522 18.649 0.048
3000.69536 18.720 0.043
3002.68314 18.687 0.044
3004.68449 18.749 0.040
3006.62802 18.727 0.045
3008.78292 18.698 0.053
3010.70246 18.706 0.064
3011.75742 18.873 0.088
3015.77502 18.649 0.069
3017.76269 19.185 0.067
3019.69694 18.644 0.041
3021.80941 18.732 0.053
3023.67146 19.123 0.053
3025.64288 18.629 0.035
3027.68843 18.654 0.040
3029.67336 18.865 0.051
3031.74340 18.807 0.053
3033.80698 18.982 0.053
3036.60546 18.628 0.043
3039.54738 18.618 0.050
3041.63229 18.633 0.079
3043.66607 18.682 0.072
3045.72898 19.095 0.080
3047.68258 18.776 0.061
3048.61383 18.729 0.045
3050.63082 18.635 0.037
3052.63224 18.645 0.045
3054.63667 18.769 0.051
3056.62483 18.782 0.050
3058.61874 18.634 0.051
3060.66838 18.718 0.051
3066.51463 18.804 0.091
3068.55419 19.144 0.101
3070.62643 18.569 0.059
3073.64628 19.142 0.102
3076.57013 18.755 0.069
3078.65689 18.874 0.063
3082.63392 18.731 0.041
3085.53637 18.945 0.073
3088.49932 18.907 0.076
3090.64023 18.679 0.053
3093.52359 18.967 0.102
3098.63205 18.754 0.059
3102.60361 18.632 0.060
3105.60934 18.640 0.051
3108.58730 18.623 0.043
3111.53566 18.653 0.067
3128.52164 18.722 0.063
3134.49879 18.747 0.060
3216.89265 18.787 0.073
3242.82746 18.735 0.061
3248.88027 19.166 0.085
3257.91237 18.638 0.045
3258.85689 18.540 0.038
3264.82794 18.722 0.040
3270.89468 18.998 0.059
3274.78003 18.648 0.057
3278.83501 18.729 0.061
3282.81118 18.892 0.045
3287.78459 18.966 0.038
3295.74222 18.659 0.034
3301.79582 18.780 0.056
3304.85610 18.712 0.051
3307.72972 18.774 0.069
3309.76184 18.742 0.048
3311.75984 18.686 0.045
3320.80745 18.838 0.050
3327.77542 18.661 0.041
3330.73378 18.759 0.072
3334.83322 18.820 0.070
3339.78106 18.630 0.044
3350.71744 18.864 0.045
3353.82735 19.009 0.060
3357.61767 18.775 0.054
3360.65650 19.273 0.072
3363.76473 18.672 0.048
3369.84204 18.663 0.047
3375.77837 18.643 0.043
3378.70393 18.615 0.037
3392.66860 18.681 0.053
3393.74969 18.845 0.098
3394.58700 18.785 0.064
3396.63783 18.800 0.059
3399.74046 18.528 0.056
3403.72781 18.695 0.047
3408.61225 18.727 0.048
3412.64639 18.759 0.063
3417.58439 18.568 0.043
3425.59252 18.630 0.072
3431.58053 18.649 0.040
3437.55602 18.627 0.041
3446.52506 18.757 0.053
3456.48656 18.640 0.066
3474.47313 18.753 0.083
3579.91995 19.235 0.102
3596.92631 18.820 0.051
3603.91326 18.676 0.045
3619.85363 18.731 0.051
3633.83495 18.572 0.050
3639.80033 18.656 0.038
3644.83752 18.640 0.037
3651.77997 18.680 0.044
3654.82769 18.730 0.043
3658.79135 18.624 0.047
3660.81616 18.854 0.073
3665.81017 18.536 0.047
3670.77987 18.678 0.047
3673.78996 18.713 0.044
3676.78191 18.671 0.056
3684.84410 18.650 0.040
3687.81647 18.717 0.041
3690.73639 18.731 0.057
3693.77038 18.731 0.053
3695.80310 18.658 0.040
3698.79479 18.688 0.054
3700.81337 18.686 0.045
3703.74397 18.607 0.034
3705.81116 18.607 0.037
3708.79948 18.686 0.054
3712.75702 18.726 0.041
3714.82779 18.695 0.040
3717.72018 18.774 0.069
3720.80415 18.663 0.053
3724.72589 19.007 0.053
3727.79772 18.624 0.040
3731.76677 18.697 0.038
3732.74348 18.806 0.037
3733.85106 18.742 0.047
3735.60625 18.721 0.034
3737.77613 18.682 0.037
3740.73805 18.786 0.044
3742.74537 18.584 0.060
3745.78130 18.829 0.051
3747.78393 18.586 0.063
3748.75112 18.670 0.063
3750.76068 18.690 0.050
3752.77136 18.704 0.054
3754.78914 18.819 0.051
3756.79165 18.370 0.077
3757.55694 18.827 0.077
3759.77517 18.766 0.044
3763.64580 19.146 0.045
3766.60352 18.781 0.047
3770.68876 18.568 0.044
3773.72279 18.736 0.047
3776.69354 18.792 0.063
3779.64777 18.882 0.083
3783.56438 18.798 0.056
3788.53711 18.647 0.037
3792.57457 18.659 0.048
3800.55642 18.631 0.054
3810.51445 18.696 0.063
3824.48462 18.635 0.077
3950.90826 18.712 0.047
3964.90705 18.729 0.035
3970.83050 18.653 0.041
3981.90053 18.678 0.051
3990.88930 18.688 0.038
3998.89311 18.720 0.044
4003.70680 18.746 0.040
4005.88252 18.728 0.040
4006.72471 18.751 0.040
4008.74891 18.812 0.040
4013.74946 18.739 0.053
4018.88131 18.804 0.050
4024.74605 18.721 0.040
4026.81902 18.664 0.037
4029.76825 18.734 0.048
4032.79909 18.711 0.059
4038.75083 18.872 0.045
4041.71086 18.695 0.047
4043.71581 18.606 0.045
4046.80738 18.683 0.064
4049.67834 18.687 0.045
4052.73965 18.753 0.040
4056.78562 18.651 0.037
4058.83275 18.748 0.051
4063.71560 18.707 0.038
4065.83877 18.757 0.043
4067.68066 18.725 0.041
4070.70293 18.657 0.045
4074.77164 18.803 0.059
4077.81905 18.653 0.050
4080.69698 18.927 0.056
4084.62530 18.677 0.048
4086.78105 18.773 0.060
4093.82244 19.052 0.060
4105.84061 18.694 0.056
4111.75970 18.700 0.038
4117.70013 18.548 0.048
4121.67530 18.831 0.066
4124.75812 18.840 0.050
4132.71622 18.781 0.067
4142.73788 18.656 0.075
4156.57296 18.759 0.051
4168.53182 18.631 0.051
4198.48753 18.676 0.066
4343.82349 18.665 0.064
4347.89059 18.781 0.063
4353.82380 18.903 0.056
4358.77520 18.706 0.079
4363.81770 18.691 0.072
4367.77749 18.840 0.070
4370.81435 18.720 0.067
4373.81378 18.611 0.044
4377.83280 18.695 0.060
4380.87746 19.075 0.069
4386.82334 19.003 0.095
4390.78531 18.628 0.053
4394.80293 18.787 0.048
4399.75953 18.696 0.069
4407.72247 18.603 0.054
4412.74610 18.647 0.056
4418.83162 18.700 0.043
4422.72377 18.737 0.045
4427.69940 18.637 0.056
4430.70270 18.715 0.067
4433.72034 18.735 0.048
4436.80174 18.824 0.075
4440.66259 18.546 0.053
4443.75506 18.703 0.064
4449.71767 18.666 0.043
4451.75729 18.647 0.048
4452.73656 18.681 0.051
4455.72671 18.679 0.054
4457.75692 18.637 0.070
4459.72164 18.722 0.053
4462.69942 18.644 0.045
4464.76976 18.762 0.063
4467.74552 18.668 0.045
4471.77275 18.693 0.059
4476.68634 18.698 0.044
4480.78983 19.032 0.059
4483.77486 18.854 0.073
4483.80794 18.689 0.060
4486.80436 18.791 0.091
4492.66215 18.909 0.067
4497.69816 19.179 0.082
4499.69367 18.772 0.059
4502.70724 18.629 0.063
4507.71010 18.750 0.063
4517.68895 18.631 0.079
4521.65783 18.682 0.056
4523.64283 18.590 0.051
4525.60750 19.154 0.075
4531.58346 19.101 0.076
4533.58583 18.597 0.047
4537.63589 18.668 0.057
4539.55502 18.783 0.063
4541.63715 18.768 0.072
4545.56459 18.774 0.067
4547.61426 19.128 0.124
4552.62121 18.674 0.075
4559.55497 19.068 0.091
4565.49575 18.860 0.079
4571.54452 18.592 0.066
4579.52942 18.683 0.082
4580.48161 18.697 0.073
4600.50661 18.693 0.075
4609.45965 19.278 0.178
4684.92591 18.666 0.048
4697.90471 18.909 0.098
4708.87582 18.766 0.053
4720.81422 18.819 0.056
4724.90042 18.580 0.043
4728.86180 19.082 0.083
4734.82297 18.827 0.050
4748.84622 18.675 0.041
4753.84656 18.778 0.066
4757.79471 18.506 0.048
4760.79635 18.628 0.044
4763.85533 18.772 0.070
4769.72556 18.630 0.064
4772.74415 18.647 0.050
4775.77516 18.720 0.056
4777.78835 18.748 0.060
4781.84653 18.684 0.047
4784.73896 18.892 0.092
4788.83586 18.731 0.045
4792.73175 18.835 0.054
4794.82924 18.937 0.064
4797.83697 18.842 0.059
4799.73067 18.631 0.060
4801.66360 19.016 0.066
4803.65928 18.721 0.061
4805.75754 18.716 0.043
4808.65794 18.576 0.045
4810.74986 18.621 0.043
4813.73495 18.560 0.061
4815.71878 18.700 0.056
4817.71637 19.145 0.069
4819.72529 18.629 0.035
4822.70521 18.714 0.041
4824.70230 18.643 0.045
4826.73619 18.686 0.048
4833.73857 18.806 0.040
4835.74904 18.631 0.044
4838.75369 18.698 0.047
4840.73668 18.633 0.050
4842.72472 18.890 0.073
4844.72099 18.731 0.057
4846.75304 18.679 0.057
4848.77688 18.607 0.047
4853.79866 18.614 0.048
4856.73673 18.757 0.060
4861.68957 18.882 0.066
4865.62027 18.704 0.050
4868.74548 18.578 0.047
4870.71808 18.601 0.060
4875.70781 18.844 0.060
4877.65490 18.658 0.040
4885.62659 18.673 0.047
4889.60020 18.715 0.054
4896.59640 18.668 0.050
4900.63483 18.803 0.077
4907.59213 18.665 0.054
4917.57196 18.842 0.051
4921.54375 18.748 0.053
4927.53941 18.681 0.069
4932.51948 18.612 0.089
4936.54660 18.610 0.063
4940.56147 18.817 0.059
4945.52819 18.984 0.063
4950.51329 18.636 0.086
4955.50346 18.640 0.057
