2165.90054 18.310 0.045
2166.81917 18.080 0.028
2172.86794 18.002 0.026
2183.87927 17.972 0.033
2189.82525 17.992 0.036
2191.85442 18.023 0.022
2200.86116 18.323 0.031
2212.77512 18.035 0.028
2223.78032 18.022 0.025
2226.75516 18.154 0.036
2228.79869 18.032 0.028
2232.73234 18.276 0.029
2234.72609 18.086 0.027
2238.67695 18.035 0.029
2240.80588 18.137 0.030
2242.81165 18.060 0.037
2244.85830 18.068 0.038
2249.74112 17.972 0.022
2251.77357 17.975 0.024
2253.73173 17.970 0.022
2255.84755 17.993 0.025
2258.65450 18.219 0.028
2261.64009 18.367 0.038
2265.68226 18.361 0.038
2271.65524 18.013 0.027
2273.65093 18.012 0.031
2275.76119 18.063 0.033
2277.75598 18.034 0.025
2279.76108 18.011 0.023
2281.77494 18.042 0.023
2283.77807 18.033 0.021
2289.70720 17.982 0.024
2293.68676 18.027 0.028
2295.71349 18.007 0.022
2297.70436 18.048 0.032
2299.70312 18.149 0.026
2302.57399 17.951 0.028
2317.62349 17.980 0.025
2326.54175 18.251 0.036
2331.57690 18.303 0.041
2338.50940 18.004 0.038
2344.50219 17.981 0.032
2354.50393 18.008 0.043
2368.48794 18.002 0.045
2401.48985 18.266 0.043
2520.89884 17.938 0.033
2521.87817 17.995 0.026
2537.83157 18.267 0.054
2539.80719 18.159 0.040
2542.79961 18.027 0.028
2545.78127 18.053 0.036
2551.84522 18.002 0.024
2555.86922 18.013 0.031
2559.77816 18.004 0.028
2563.82836 17.968 0.030
2577.81878 18.261 0.032
2580.84823 18.180 0.026
2589.75452 18.013 0.029
2594.76937 18.037 0.048
2599.81507 17.980 0.025
2609.62755 18.085 0.044
2613.71913 18.038 0.039
2620.75192 17.958 0.023
2623.69625 17.954 0.028
2627.59245 18.088 0.042
2629.61774 18.125 0.035
2634.66189 18.216 0.031
2637.68789 18.304 0.032
2639.80268 18.009 0.022
2641.62533 18.100 0.029
2645.62908 18.027 0.027
2646.65650 17.980 0.029
2650.71236 18.012 0.030
2652.69888 18.027 0.031
2654.80755 18.098 0.033
2657.72208 18.000 0.031
2659.69105 17.987 0.029
2661.79075 18.046 0.028
2665.76071 17.952 0.027
2667.78087 17.980 0.028
2671.70643 18.047 0.038
2673.66899 18.241 0.037
2675.69680 18.233 0.028
2677.73145 18.235 0.032
2679.72218 18.310 0.040
2681.73824 18.321 0.039
2686.54689 18.080 0.057
2690.62513 17.930 0.031
2695.55570 18.067 0.033
2700.50673 18.287 0.067
2705.57862 18.314 0.033
2712.54108 18.060 0.037
2734.49074 18.292 0.053
2869.87245 18.010 0.033
2883.92198 18.294 0.043
2890.80189 18.047 0.041
2895.83763 17.996 0.028
2900.79325 18.023 0.023
2906.82426 18.073 0.024
2910.85771 18.151 0.025
2915.85395 18.287 0.026
2921.85622 17.990 0.027
2925.80175 17.969 0.027
2925.83231 17.985 0.025
2929.83667 17.981 0.025
2933.78333 17.998 0.023
2939.79184 18.060 0.035
2942.76726 18.200 0.027
2946.78768 18.265 0.035
2948.83281 18.231 0.030
2952.77206 18.062 0.029
2955.82911 18.110 0.037
2957.75671 18.010 0.027
2961.74002 18.012 0.025
2963.79826 18.039 0.033
2966.73769 18.044 0.022
2970.66426 18.097 0.027
2974.66641 18.293 0.030
2975.79159 18.052 0.027
2979.82802 17.999 0.026
2981.83528 18.076 0.055
2983.73607 18.263 0.033
2986.71854 18.010 0.026
2988.68539 18.006 0.024
2990.70594 17.964 0.022
2992.70688 17.976 0.025
2994.79763 18.015 0.023
2996.67313 18.010 0.023
2998.65642 18.000 0.026
3000.67321 17.986 0.029
3002.66040 18.038 0.024
3004.66020 18.056 0.024
3006.60589 18.271 0.026
3008.66891 18.109 0.045
3010.68043 18.135 0.036
3012.77587 18.044 0.042
3016.69459 18.317 0.033
3018.68445 18.190 0.035
3020.75978 18.403 0.043
3022.78623 18.364 0.030
3024.73484 18.108 0.026
3026.70386 18.037 0.025
3028.73963 18.028 0.020
3030.74461 18.008 0.027
3033.66656 18.000 0.020
3035.67273 17.963 0.027
3038.65640 18.034 0.032
3041.55355 18.341 0.042
3043.58333 18.335 0.049
3045.62235 18.246 0.032
3047.57654 18.166 0.032
3049.58223 18.099 0.027
3050.55286 18.017 0.024
3052.54715 18.032 0.028
3054.54877 18.011 0.027
3056.54789 17.959 0.025
3058.54094 17.997 0.028
3060.56209 17.989 0.026
3067.59743 18.005 0.037
3069.58226 18.031 0.028
3072.63038 17.997 0.037
3075.58494 18.045 0.030
3077.66779 18.007 0.026
3081.65976 17.980 0.027
3084.57191 18.219 0.028
3087.53197 18.040 0.032
3089.63551 18.227 0.029
3098.57721 17.983 0.029
3101.53752 17.996 0.039
3104.50896 18.047 0.029
3110.51729 18.221 0.047
3113.50096 18.398 0.052
3125.49836 18.032 0.038
3135.46427 18.047 0.041
3229.87842 18.008 0.023
3239.89240 17.986 0.026
3247.86332 18.059 0.027
3256.83474 18.161 0.033
3262.91047 18.061 0.031
3268.83219 17.995 0.022
3273.79105 18.081 0.031
3276.87657 18.014 0.032
3283.88657 18.021 0.022
3289.80049 18.177 0.025
3294.79844 18.014 0.022
3296.80384 17.996 0.020
3298.83440 18.017 0.024
3301.65472 18.050 0.035
3303.80617 17.983 0.036
3306.79859 17.998 0.027
3308.81536 18.014 0.030
3310.84774 18.001 0.026
3314.81524 18.050 0.030
3321.69405 18.117 0.024
3325.75193 18.080 0.026
3329.78719 18.058 0.020
3334.68329 18.026 0.032
3338.73933 17.992 0.025
3349.71152 18.073 0.030
3352.62600 18.141 0.028
3355.64787 18.051 0.025
3359.70688 18.090 0.024
3363.67556 18.031 0.028
3363.68480 18.064 0.029
3369.74691 17.978 0.027
3372.65680 18.003 0.024
3377.69096 17.978 0.022
3381.79667 18.048 0.026
3386.77358 18.010 0.020
3391.56433 18.048 0.033
3395.61526 18.038 0.028
3398.67588 18.015 0.030
3400.66226 18.040 0.038
3403.65100 17.970 0.027
3406.58497 18.006 0.023
3410.60279 18.040 0.021
3415.55833 18.346 0.040
3421.56277 18.261 0.036
3436.55605 17.970 0.022
3442.53533 18.025 0.035
3452.51855 18.317 0.029
3574.90913 17.961 0.029
3585.93193 18.035 0.023
3588.89945 18.228 0.031
3590.90138 18.209 0.024
3614.89069 17.964 0.022
3629.78609 18.064 0.032
3634.74424 17.982 0.026
3640.73956 17.980 0.022
3644.88291 18.002 0.024
3650.79266 18.050 0.021
3653.82060 18.018 0.026
3656.87656 18.017 0.023
3661.78299 18.318 0.035
3666.78016 18.021 0.028
3671.77857 18.002 0.023
3675.79301 17.985 0.021
3683.81614 18.017 0.021
3686.86377 18.012 0.025
3689.78161 18.059 0.025
3692.70215 18.354 0.031
3694.83439 18.057 0.024
3696.65494 18.035 0.023
3699.66721 18.063 0.021
3701.71834 18.038 0.022
3704.73963 18.096 0.022
3706.73814 18.029 0.020
3711.62992 18.016 0.025
3713.64355 18.027 0.022
3716.67703 17.968 0.031
3719.65427 18.082 0.028
3725.73760 18.036 0.030
3727.68554 18.301 0.037
3730.61387 18.037 0.020
3733.60255 17.992 0.019
3734.70538 18.109 0.022
3736.72435 18.090 0.023
3738.64625 17.982 0.022
3740.68129 18.006 0.022
3743.64677 17.999 0.026
3746.71942 17.929 0.033
3748.67326 17.995 0.030
3750.56555 18.088 0.031
3752.68678 18.033 0.024
3754.67460 18.035 0.027
3756.76997 18.028 0.048
3758.69604 18.133 0.039
3760.77768 17.983 0.026
3762.65413 18.336 0.027
3765.64473 18.206 0.019
3769.71664 18.321 0.024
3772.68482 18.060 0.026
3775.65625 17.970 0.030
3778.65525 18.039 0.025
3781.71629 18.030 0.031
3786.53931 18.100 0.026
3791.53491 18.313 0.029
3798.53524 18.034 0.028
3805.52042 18.034 0.031
3819.49925 18.036 0.025
3937.93945 18.286 0.038
3961.89415 18.053 0.031
3968.87668 18.313 0.044
3974.86138 18.124 0.037
3981.76979 18.043 0.026
3987.89378 17.979 0.025
3995.80142 18.180 0.036
4002.80087 18.220 0.021
4004.82201 18.203 0.025
4007.75471 18.017 0.020
4011.73542 18.014 0.025
4018.77482 17.956 0.025
4023.76924 18.038 0.021
4026.68522 18.305 0.030
4028.82124 18.077 0.024
4031.70898 18.282 0.030
4037.80937 18.421 0.032
4040.78465 18.122 0.025
4042.80014 18.064 0.024
4046.67490 18.075 0.036
4048.76428 17.959 0.024
4051.75393 18.023 0.027
4053.80524 17.978 0.022
4056.62510 18.117 0.035
4059.63614 18.271 0.030
4064.65879 18.322 0.025
4067.65931 18.211 0.026
4069.64739 18.060 0.024
4072.68456 18.043 0.025
4076.75497 18.171 0.037
4079.62990 17.990 0.026
4082.65054 17.960 0.026
4084.73103 18.017 0.027
4087.65077 18.042 0.022
4093.79910 18.060 0.026
4102.60535 18.108 0.028
4104.77406 18.156 0.036
4109.63087 18.029 0.027
4113.65415 17.994 0.019
4118.56113 17.947 0.028
4120.64714 17.972 0.019
4123.72129 18.009 0.022
4124.67796 18.043 0.022
4127.63184 18.068 0.020
4132.60984 18.216 0.035
4142.54474 18.039 0.030
4150.52183 18.017 0.028
4153.59636 17.989 0.027
4165.51861 18.311 0.045
4180.51663 18.002 0.037
4341.83117 18.231 0.044
4345.89031 18.250 0.032
4350.86480 18.054 0.030
4355.87237 17.997 0.032
4361.83318 18.008 0.039
4364.83998 18.017 0.036
4367.75248 18.213 0.042
4370.78936 18.172 0.039
4376.82448 18.342 0.039
4379.83082 18.242 0.037
4383.83509 18.047 0.029
4388.77499 18.001 0.029
4392.82921 18.024 0.023
4397.87821 18.006 0.042
4403.71787 18.247 0.037
4410.84507 18.103 0.029
4417.73299 17.996 0.022
4421.70894 18.001 0.023
4421.76489 18.020 0.022
4425.72899 17.948 0.027
4429.69319 18.004 0.038
4431.83301 17.949 0.043
4435.85182 18.037 0.036
4439.70550 18.260 0.038
4442.68276 18.315 0.041
4448.73182 18.241 0.036
4450.74311 18.121 0.038
4453.71873 18.026 0.024
4456.73213 18.026 0.033
4458.67973 18.018 0.030
4461.62984 18.054 0.024
4465.65064 18.034 0.023
4468.68141 18.043 0.022
4473.61771 18.314 0.032
4477.70520 18.226 0.035
4479.72680 18.268 0.033
4483.68670 18.215 0.036
4486.68516 18.083 0.037
4490.68341 17.999 0.033
4493.75417 17.997 0.035
4498.61908 17.994 0.025
4501.61213 18.027 0.028
4503.60861 18.048 0.030
4508.55593 18.287 0.037
4510.63739 18.246 0.035
4516.51809 18.065 0.044
4520.60812 18.120 0.038
4523.59162 17.993 0.027
4530.53502 17.981 0.033
4532.50704 18.077 0.041
4535.58612 17.983 0.033
4538.60674 18.035 0.037
4540.57599 18.175 0.042
4544.54186 18.288 0.045
4546.59390 18.328 0.056
4559.52251 17.964 0.037
4566.54483 18.028 0.031
4574.50325 18.170 0.041
4591.46666 17.990 0.038
4677.93975 17.880 0.024
4681.89485 18.312 0.033
4691.86038 18.046 0.037
4704.89119 18.018 0.033
4717.85260 18.302 0.025
4722.87671 18.116 0.025
4726.81759 17.995 0.028
4730.83946 17.945 0.021
4747.81072 18.238 0.028
4750.88405 18.103 0.027
4756.78146 18.060 0.029
4759.82865 18.076 0.023
4762.78835 18.071 0.026
4768.76639 17.997 0.026
4771.80833 17.973 0.024
4774.78905 18.066 0.024
4776.84276 18.085 0.039
4780.77574 18.071 0.029
4783.77369 18.256 0.030
4788.70019 18.059 0.033
4790.86383 18.212 0.041
4794.64645 18.004 0.026
4797.66373 17.998 0.026
4800.70985 17.985 0.022
4802.74157 17.954 0.021
4805.71089 17.971 0.023
4806.67843 18.036 0.030
4807.67348 17.986 0.028
4808.64149 18.067 0.027
4808.77717 17.993 0.023
4809.66624 18.019 0.026
4809.81805 17.986 0.025
4810.65183 18.186 0.025
4810.80537 17.992 0.022
4811.63876 18.260 0.032
4811.81354 17.944 0.033
4812.65383 18.250 0.045
4813.67655 18.193 0.041
4814.64189 18.350 0.039
4815.71026 18.204 0.036
4816.64355 18.231 0.032
4818.66571 18.154 0.028
4820.67259 18.157 0.023
4823.67620 18.067 0.033
4825.76500 18.274 0.035
4831.81039 18.062 0.031
4834.74013 17.957 0.028
4836.74255 17.987 0.022
4838.69311 17.965 0.025
4841.70963 17.982 0.027
4843.70895 18.036 0.032
4846.67486 18.020 0.027
4848.70074 18.051 0.027
4850.69281 18.126 0.028
4852.68703 18.285 0.035
4854.68989 18.348 0.033
4856.68653 18.247 0.029
4859.65912 18.068 0.031
4865.70578 17.979 0.024
4867.64206 17.965 0.021
4870.62749 18.017 0.026
4873.64998 17.967 0.028
4875.60794 18.056 0.025
4877.63334 18.042 0.027
4879.52207 18.375 0.045
4879.56176 18.210 0.028
4882.65484 18.043 0.027
4884.59235 18.328 0.033
4887.62871 18.325 0.030
4901.63188 18.013 0.038
4905.52879 18.010 0.027
4907.57384 17.988 0.027
4908.52052 18.035 0.028
4908.57934 18.014 0.027
4911.54649 18.050 0.033
4911.63256 17.973 0.027
4913.52541 18.181 0.033
4914.53427 18.183 0.037
4916.52436 18.301 0.036
4920.55618 18.368 0.039
4926.51296 18.050 0.038
4931.54977 18.052 0.039
4935.51639 17.965 0.027
4939.52336 17.983 0.028
4943.52305 18.099 0.037
4955.48630 18.196 0.033
