2167.86446 19.924 0.151
2190.82369 19.802 0.115
2193.78846 19.908 0.108
2214.83563 19.998 0.189
2227.70093 19.732 0.126
2231.67480 19.683 0.125
2233.64310 19.783 0.128
2239.62349 20.295 0.269
2243.76412 19.867 0.155
2248.84868 19.800 0.105
2250.77870 19.783 0.111
2252.69570 19.717 0.100
2257.69518 19.824 0.111
2266.69201 19.792 0.125
2270.73280 19.675 0.112
2271.83993 20.661 0.159
2274.73272 20.016 0.149
2276.79830 19.756 0.129
2278.66255 19.772 0.123
2280.74090 19.923 0.126
2282.73680 20.519 0.206
2289.80028 19.869 0.123
2292.81670 19.732 0.141
2296.80551 19.944 0.229
2298.79913 20.068 0.195
2300.77677 19.692 0.144
2302.74988 19.773 0.153
2315.67560 19.704 0.115
2324.53319 19.842 0.174
2328.52009 20.713 0.392
2334.51340 20.076 0.214
2340.51020 19.914 0.255
2364.50284 19.685 0.159
2385.52029 19.927 0.206
2529.86450 19.618 0.103
2545.83192 19.796 0.139
2560.78812 19.863 0.136
2561.78963 19.973 0.177
2565.79636 20.380 0.255
2574.74640 19.702 0.103
2578.81476 19.709 0.128
2605.83138 20.000 0.153
2609.79644 19.771 0.137
2614.77383 19.793 0.152
2618.80429 19.967 0.159
2621.72962 19.786 0.100
2624.64914 19.733 0.134
2627.75843 19.850 0.180
2632.67919 19.879 0.119
2635.77980 19.874 0.115
2640.79429 19.766 0.176
2642.75235 19.802 0.160
2644.75134 19.730 0.114
2650.76230 19.866 0.144
2652.85689 19.752 0.116
2654.78589 20.670 0.284
2656.69138 19.716 0.142
2658.65378 19.884 0.132
2660.67297 19.611 0.114
2662.68755 19.799 0.134
2664.66254 19.860 0.130
2666.72807 19.777 0.097
2668.71895 20.063 0.193
2672.81267 19.624 0.115
2674.71854 19.613 0.122
2676.70356 19.907 0.188
2678.78007 19.788 0.110
2680.66681 19.849 0.106
2682.71193 20.159 0.216
2687.60034 19.876 0.166
2692.59902 20.723 0.388
2696.59026 19.858 0.138
2701.58192 19.832 0.166
2708.51158 19.955 0.238
2715.50720 19.847 0.216
2870.92550 19.865 0.169
2890.86000 19.845 0.195
2895.89589 19.798 0.111
2900.86012 19.724 0.118
2911.84555 19.713 0.095
2917.75951 19.749 0.119
2922.88168 19.839 0.195
2926.81462 19.876 0.135
2931.74287 19.793 0.112
2934.78364 19.804 0.106
2940.76418 20.425 0.199
2943.76839 19.719 0.126
2949.86686 19.787 0.123
2950.69083 19.681 0.121
2954.71418 19.753 0.147
2956.75946 20.077 0.149
2958.80117 19.733 0.129
2962.79829 20.029 0.139
2965.82136 19.875 0.124
2968.68904 19.657 0.131
2973.76251 19.809 0.116
2976.62900 19.763 0.148
2978.83003 19.743 0.106
2980.74503 19.757 0.117
2982.75308 19.630 0.096
2984.78467 19.860 0.134
2989.62271 19.691 0.100
2991.68813 19.949 0.125
2993.70847 19.902 0.161
2995.78330 20.085 0.166
2997.75392 19.839 0.121
2999.65357 19.928 0.125
3000.70249 19.751 0.113
3002.69078 20.529 0.231
3004.69165 19.776 0.102
3006.63513 19.966 0.134
3008.79004 19.922 0.149
3010.70961 19.910 0.166
3011.76457 19.803 0.166
3015.78214 20.004 0.220
3017.76983 19.811 0.131
3019.72354 19.684 0.117
3021.81653 19.767 0.118
3023.67861 19.781 0.095
3025.65003 20.042 0.116
3027.69559 19.772 0.103
3029.68054 20.613 0.241
3033.81415 19.970 0.129
3036.61264 19.901 0.111
3039.55454 20.137 0.202
3041.66255 20.121 0.261
3043.67327 19.675 0.162
3045.73615 19.701 0.129
3047.68978 19.619 0.113
3048.62100 20.558 0.169
3050.63801 19.790 0.092
3052.63942 19.980 0.131
3054.64387 19.983 0.135
3056.63202 20.531 0.210
3058.62594 19.756 0.123
3060.67560 19.839 0.126
3066.52187 19.607 0.164
3068.56143 20.003 0.188
3070.63368 19.865 0.192
3073.65353 19.746 0.151
3076.57737 20.112 0.212
3078.66414 19.910 0.160
3082.64117 19.850 0.098
3085.54361 19.503 0.098
3088.50659 19.686 0.127
3090.64831 19.828 0.136
3093.53086 19.655 0.164
3098.64020 19.856 0.152
3102.61091 20.869 0.410
3105.61664 19.733 0.151
3108.59459 19.558 0.097
3111.54296 19.946 0.205
3129.48526 20.537 0.355
3134.50612 19.776 0.146
3216.89999 19.861 0.205
3242.83473 20.024 0.188
3248.88753 19.773 0.149
3258.86411 20.032 0.142
3264.83518 19.779 0.103
3270.90187 19.899 0.136
3278.84220 19.730 0.144
3282.81838 19.777 0.116
3287.79177 19.668 0.076
3295.74942 20.025 0.116
3301.80298 19.795 0.150
3304.86742 20.190 0.177
3307.73687 19.592 0.154
3309.76903 19.801 0.121
3311.76698 19.749 0.111
3320.81461 19.995 0.127
3327.78252 19.886 0.125
3334.84036 19.583 0.142
3339.78820 20.245 0.189
3350.72456 20.088 0.125
3353.83450 19.893 0.142
3357.62479 20.047 0.162
3360.66363 19.716 0.106
3363.77189 19.878 0.137
3369.84919 19.820 0.147
3375.78551 19.868 0.134
3378.71103 19.741 0.097
3392.67574 19.860 0.147
3396.64501 19.871 0.134
3399.74762 19.761 0.152
3403.73498 19.841 0.121
3408.61941 19.867 0.126
3412.65350 20.499 0.304
3417.59151 19.833 0.117
3425.59966 19.708 0.168
3431.58766 20.978 0.306
3437.56317 20.303 0.192
3446.53227 20.075 0.164
3456.49380 19.865 0.174
3474.48037 19.533 0.139
3596.93354 19.732 0.146
3639.80857 19.764 0.092
3658.79846 19.714 0.114
3665.81723 19.884 0.153
3670.78698 19.715 0.114
3673.79706 19.792 0.110
3676.78898 20.073 0.164
3684.85115 19.893 0.122
3687.82351 20.826 0.287
3693.77743 19.843 0.128
3695.81017 20.902 0.264
3698.80187 19.996 0.167
3703.75453 19.842 0.096
3705.81875 19.651 0.085
3708.80654 19.793 0.119
3712.76406 19.939 0.108
3717.72721 20.010 0.162
3720.81529 19.700 0.127
3724.73296 19.710 0.092
3731.77384 19.619 0.090
3735.61332 19.831 0.088
3737.78320 19.928 0.095
3740.74512 19.656 0.093
3742.75245 19.737 0.157
3745.78840 19.913 0.126
3747.79101 20.299 0.252
3748.75819 20.016 0.168
3750.76840 19.719 0.118
3752.77845 19.689 0.125
3754.79623 20.095 0.154
3759.78228 19.950 0.119
3763.65423 19.753 0.066
3770.69713 19.799 0.111
3776.70160 20.444 0.278
3779.65490 19.783 0.169
3783.57152 19.810 0.115
3788.54424 19.898 0.105
3792.58171 20.048 0.144
3800.56359 19.745 0.108
3810.52162 19.992 0.178
3824.49179 19.507 0.115
3950.91543 19.514 0.095
3964.91420 19.655 0.082
3970.83907 20.432 0.216
3990.89639 19.869 0.113
3998.90017 19.951 0.136
4003.71387 19.531 0.078
4005.88958 20.393 0.176
4006.73519 19.672 0.092
4013.75649 19.813 0.127
4018.88906 19.906 0.139
4026.83068 19.708 0.093
4041.71783 19.736 0.122
4046.81615 20.269 0.212
4049.68530 19.598 0.096
4056.79260 19.913 0.113
4058.83974 19.709 0.110
4065.84572 19.780 0.110
4074.77859 19.870 0.131
4077.82739 19.870 0.130
4086.78800 20.128 0.178
4093.82938 19.909 0.135
4105.84759 20.675 0.306
4111.76670 19.656 0.093
4121.68505 19.721 0.156
4124.76734 20.101 0.124
4132.72324 20.730 0.346
4343.83063 19.771 0.149
4353.83090 20.185 0.164
4358.78231 19.669 0.155
4367.78460 19.879 0.163
4407.72950 20.400 0.230
4451.76424 19.717 0.116
4472.63978 20.303 0.150
4476.69333 19.981 0.119
4486.81138 19.862 0.187
4497.73097 19.825 0.121
4500.57264 19.707 0.136
4517.69602 19.874 0.195
4580.48880 20.219 0.289
4684.93307 19.778 0.144
4697.91185 19.974 0.224
4708.88292 19.933 0.152
4720.82133 19.941 0.115
4728.86887 20.026 0.172
4734.83010 19.694 0.098
4784.74593 19.819 0.170
4792.73873 19.876 0.135
4803.66625 19.683 0.115
4822.71216 19.755 0.098
4824.70929 19.886 0.122
4826.74317 19.748 0.110
4848.78389 19.726 0.116
4861.69661 19.827 0.138
4868.75255 19.744 0.113
