2167.85309 20.294 0.232
2173.86044 19.984 0.116
2192.83171 20.046 0.156
2214.79898 19.825 0.141
2224.75575 19.986 0.130
2229.67178 20.080 0.154
2232.83036 19.924 0.182
2232.83548 19.902 0.163
2234.83018 19.750 0.089
2239.60975 20.328 0.266
2241.67601 19.749 0.142
2243.72986 19.886 0.161
2248.81028 19.975 0.114
2250.85615 20.139 0.188
2252.66148 19.867 0.122
2254.65240 20.097 0.164
2257.65630 20.114 0.129
2261.77636 20.863 0.249
2266.65396 19.859 0.143
2270.65493 20.202 0.177
2271.80086 20.051 0.115
2273.75074 19.799 0.142
2275.83779 20.193 0.224
2277.65946 20.225 0.135
2279.83178 20.016 0.136
2281.81864 19.963 0.119
2283.85285 19.802 0.107
2288.75897 20.046 0.148
2290.79734 20.332 0.229
2292.77389 20.071 0.222
2296.75933 20.266 0.307
2298.77876 19.827 0.166
2300.73173 19.895 0.151
2302.70960 19.950 0.178
2327.56980 19.997 0.174
2333.57904 20.748 0.412
2339.55549 19.960 0.156
2357.52678 20.543 0.448
2395.52785 19.999 0.209
2529.82424 20.016 0.164
2542.89757 19.947 0.157
2552.84981 19.864 0.161
2556.84132 19.943 0.124
2559.89383 20.189 0.425
2564.85781 20.123 0.168
2578.78036 19.928 0.149
2583.83476 20.129 0.219
2590.73926 20.017 0.161
2596.75198 19.899 0.163
2605.75497 20.449 0.187
2609.75117 20.031 0.172
2614.71355 20.055 0.168
2618.73783 20.001 0.155
2621.65580 20.062 0.115
2623.82903 19.978 0.131
2627.69517 19.843 0.191
2629.71818 19.863 0.189
2634.77004 19.892 0.119
2635.69198 19.840 0.096
2638.66312 19.951 0.128
2639.66321 19.911 0.090
2641.72818 20.021 0.137
2643.73689 19.907 0.129
2645.72719 20.314 0.173
2650.84387 19.970 0.121
2652.75238 19.844 0.138
2654.68262 20.061 0.183
2656.65618 19.898 0.146
2658.61860 19.862 0.183
2660.63607 19.866 0.141
2662.61887 20.432 0.192
2664.62647 20.314 0.199
2666.68991 19.941 0.094
2668.67736 19.896 0.143
2670.63952 19.906 0.163
2672.74881 19.975 0.154
2674.65133 20.031 0.147
2676.63380 20.159 0.159
2678.72148 19.897 0.138
2680.63214 20.315 0.162
2682.68046 19.878 0.162
2687.55655 20.244 0.286
2691.62693 20.033 0.237
2696.54971 19.950 0.173
2701.53185 19.918 0.162
2707.52932 20.340 0.254
2714.52824 19.973 0.200
2840.91746 19.991 0.199
2867.93009 20.089 0.202
2894.85885 20.447 0.217
2899.86041 20.567 0.225
2905.84939 20.013 0.185
2911.80871 19.982 0.120
2916.85892 19.928 0.107
2922.84271 19.958 0.183
2926.77014 20.053 0.139
2930.84387 19.880 0.126
2934.74562 20.056 0.142
2940.72594 20.132 0.138
2942.85199 20.028 0.128
2947.73968 19.971 0.149
2949.82984 20.341 0.184
2953.69656 19.892 0.156
2956.72235 19.933 0.112
2958.74860 19.806 0.146
2962.76053 20.067 0.140
2965.77990 20.057 0.123
2968.72344 19.812 0.105
2973.86352 19.756 0.149
2975.85266 19.856 0.120
2976.84793 20.447 0.229
2979.85414 19.779 0.137
2982.69964 19.913 0.151
2984.74720 20.422 0.208
2986.82981 20.030 0.173
2988.80021 19.949 0.114
2989.81757 19.959 0.135
2991.65067 20.369 0.169
2993.63812 20.135 0.138
2995.73892 19.998 0.104
2997.71675 19.986 0.123
2999.73974 20.291 0.170
3001.77555 20.038 0.130
3003.74628 19.961 0.120
3005.65150 19.946 0.162
3007.68458 20.005 0.148
3009.75090 20.426 0.184
3011.72660 20.214 0.219
3013.73104 20.132 0.155
3017.73252 19.945 0.139
3019.66049 20.084 0.150
3021.77928 20.031 0.131
3023.64106 19.880 0.095
3024.84216 20.145 0.158
3026.83889 19.987 0.089
3029.64324 19.781 0.100
3031.71319 19.890 0.117
3033.77677 20.079 0.109
3035.78376 19.913 0.103
3038.76124 19.994 0.177
3040.73191 20.097 0.248
3042.67585 19.730 0.117
3044.60979 19.872 0.140
3045.69878 20.177 0.183
3047.65243 19.783 0.114
3049.65816 20.111 0.096
3051.62637 20.490 0.225
3055.61989 20.138 0.145
3057.64532 19.830 0.103
3059.58919 19.998 0.104
3061.58223 20.201 0.204
3068.52361 19.789 0.144
3070.57929 19.905 0.216
3073.58163 20.009 0.192
3075.69299 19.849 0.150
3078.62501 19.987 0.133
3082.60252 20.225 0.139
3084.67959 20.619 0.252
3087.64230 19.937 0.171
3090.60570 19.934 0.159
3099.59371 20.285 0.277
3102.57299 19.957 0.160
3105.60528 20.219 0.201
3108.58320 19.870 0.124
3112.56055 19.913 0.131
3116.54191 19.994 0.167
3127.50931 19.896 0.123
3140.49859 19.859 0.165
3223.89817 20.473 0.297
3241.88429 20.076 0.171
3248.84768 20.343 0.268
3257.87554 20.295 0.157
3270.86452 19.923 0.117
3277.84847 20.073 0.167
3281.89222 19.709 0.088
3287.75326 20.015 0.107
3295.70549 20.237 0.114
3301.76601 20.240 0.215
3304.82625 20.063 0.146
3307.69676 19.970 0.196
3309.73209 20.189 0.151
3311.73001 19.748 0.101
3320.77273 19.973 0.100
3323.70759 19.680 0.105
3327.74436 19.996 0.125
3330.70314 20.039 0.168
3334.80242 20.319 0.220
3338.84885 19.748 0.105
3350.68242 20.119 0.121
3354.73003 20.155 0.146
3358.81038 20.318 0.131
3361.84255 19.849 0.095
3365.74495 19.909 0.131
3372.76130 20.124 0.119
3378.67399 19.768 0.091
3391.74175 20.010 0.151
3394.75332 19.853 0.146
3396.63332 20.533 0.259
3399.71055 19.906 0.139
3403.69786 20.100 0.171
3408.60727 19.790 0.109
3417.57984 20.012 0.127
3425.58812 20.047 0.200
3431.57031 19.875 0.113
3437.55161 19.906 0.117
3445.55699 20.929 0.306
3460.50534 20.196 0.149
3477.50008 19.892 0.162
3601.87741 19.954 0.155
3618.91141 19.750 0.092
3629.89261 20.088 0.148
3634.85914 20.056 0.123
3639.85253 19.952 0.089
3644.80726 20.264 0.140
3650.89614 20.004 0.249
3654.79769 19.927 0.109
3657.87758 19.957 0.105
3660.81202 19.743 0.142
3664.84708 20.290 0.137
3668.80500 19.804 0.124
3672.79320 20.185 0.148
3675.87289 19.870 0.142
3684.78105 20.233 0.123
3687.78665 20.403 0.157
3690.70652 19.780 0.142
3693.74045 20.015 0.129
3695.76201 19.834 0.103
3698.75484 20.017 0.131
3700.78358 19.585 0.089
3703.71482 20.176 0.118
3705.78198 19.911 0.089
3708.73659 20.033 0.170
3712.72711 20.101 0.121
3714.73381 20.038 0.112
3717.65984 20.130 0.154
3719.82708 19.918 0.201
3725.82097 20.121 0.235
3727.79343 20.211 0.151
3730.68879 20.054 0.098
3732.71357 20.093 0.095
3734.81156 19.991 0.111
3736.82785 20.203 0.156
3737.71619 20.276 0.127
3739.81532 19.988 0.106
3745.77688 19.953 0.132
3747.77956 20.042 0.200
3749.67125 19.880 0.163
3750.75627 20.290 0.191
3752.76694 20.417 0.242
3754.78469 19.757 0.108
3756.60822 19.929 0.112
3758.78109 19.756 0.178
3761.79352 19.990 0.117
3764.74801 19.888 0.105
3767.60781 19.992 0.119
3770.62550 19.963 0.107
3773.62833 19.985 0.142
3776.62774 19.935 0.137
3779.61737 20.071 0.203
3782.66808 20.432 0.195
3787.59309 19.997 0.119
3792.54488 20.316 0.179
3800.52228 20.085 0.170
3809.53415 20.137 0.228
3822.51997 19.921 0.150
3946.91649 20.099 0.195
3964.87306 20.052 0.102
3969.89717 19.808 0.104
3981.87187 20.352 0.237
3989.89886 19.489 0.086
4001.87551 20.129 0.113
4005.85316 20.032 0.113
4007.85735 19.986 0.128
4011.85759 20.281 0.170
4018.84913 19.852 0.101
4023.88127 19.984 0.158
4026.78975 20.068 0.091
4029.73875 19.818 0.145
4031.81132 20.527 0.172
4038.72036 20.040 0.128
4041.68158 20.138 0.182
4046.77801 20.222 0.262
4048.86749 20.101 0.239
4052.71043 19.835 0.086
4056.75441 20.282 0.181
4058.78757 19.976 0.090
4063.68632 20.502 0.172
4066.74358 20.052 0.116
4068.83110 20.441 0.179
4070.67346 20.225 0.170
4073.83291 20.037 0.159
4076.80105 20.807 0.348
4079.76339 19.893 0.128
4083.68016 20.424 0.264
4085.74570 19.887 0.129
4092.86412 19.527 0.109
4102.84069 20.060 0.190
4105.69960 19.934 0.127
4109.77278 20.039 0.120
4113.72850 19.896 0.079
4120.75894 19.903 0.098
4122.71535 19.863 0.085
4125.76661 20.229 0.187
4131.61995 19.930 0.096
4142.65669 20.223 0.231
4156.54336 20.060 0.149
4166.58468 20.157 0.216
4196.53420 20.050 0.229
4341.91000 19.960 0.170
4347.85989 20.034 0.134
4362.83033 20.224 0.221
4365.83841 20.422 0.340
4369.82003 19.818 0.159
4371.86633 20.085 0.138
4377.80211 19.912 0.139
4380.81864 20.441 0.236
4386.79430 20.068 0.147
4390.75621 19.827 0.116
4393.87027 20.107 0.146
4399.73032 20.140 0.308
4404.72837 19.860 0.161
4412.86898 19.844 0.209
4418.80117 19.988 0.101
4424.81765 19.854 0.137
4426.74552 20.210 0.230
4429.85151 20.079 0.248
4432.73236 20.072 0.130
4436.77173 19.996 0.160
4439.83731 20.178 0.241
4443.70357 20.047 0.208
4449.68831 20.046 0.119
4451.69786 20.021 0.166
4454.71434 19.898 0.119
4455.69663 20.130 0.204
4458.75505 19.932 0.138
4461.67194 20.008 0.147
4465.75508 20.233 0.147
4468.72363 19.956 0.091
4473.69645 19.845 0.105
4477.75463 20.052 0.198
4481.69225 20.127 0.134
4485.74027 20.574 0.301
4489.72374 19.930 0.216
4493.71597 20.137 0.227
4498.68950 20.098 0.171
4501.68689 19.918 0.135
4506.62084 19.836 0.141
4508.63805 19.848 0.108
4510.71191 20.706 0.248
4521.62197 19.927 0.149
4523.63783 19.669 0.104
4525.55724 19.956 0.122
4531.57930 19.962 0.126
4533.58168 19.891 0.121
4537.63171 19.878 0.135
4539.55070 19.941 0.159
4541.60295 20.037 0.188
4545.52336 19.964 0.149
4549.60691 20.046 0.215
4560.54958 20.055 0.173
4567.59522 20.430 0.253
4571.54008 20.170 0.217
4581.52055 20.099 0.217
4610.48870 20.051 0.222
4683.91252 19.893 0.121
4694.93092 20.264 0.264
4697.86918 20.012 0.224
4707.91984 19.950 0.147
4720.78510 20.012 0.137
4724.83833 20.106 0.196
4728.82579 19.648 0.109
4733.83551 19.925 0.125
4748.84149 19.977 0.097
4752.87455 19.862 0.146
4756.88384 19.939 0.193
4760.76691 20.012 0.115
4763.82568 19.695 0.128
4768.86836 19.811 0.135
4772.71471 20.002 0.131
4775.74398 19.880 0.136
4777.75881 20.171 0.162
4781.75528 19.923 0.155
4784.70888 20.241 0.343
4788.80587 20.015 0.131
4791.81630 19.862 0.111
4794.78777 20.118 0.160
4797.80704 20.157 0.185
4800.78385 20.095 0.112
4802.85088 20.074 0.157
4805.67735 20.010 0.126
4807.73139 19.984 0.164
4809.71199 20.092 0.168
4811.70835 20.725 0.470
4813.73008 19.973 0.222
4814.74891 19.932 0.158
4816.74583 20.101 0.158
4818.74497 20.004 0.130
4820.66436 19.956 0.094
4820.80455 20.036 0.131
4822.70089 20.263 0.136
4824.68975 20.015 0.115
4826.69415 19.970 0.119
4833.69210 19.828 0.100
4835.74447 20.025 0.124
4838.74905 20.177 0.158
4842.72031 19.945 0.143
4844.71657 20.138 0.164
4847.78354 20.052 0.151
4850.77667 20.033 0.169
4853.75314 20.328 0.210
4855.76855 19.997 0.212
4857.74673 19.793 0.129
4863.70802 20.209 0.226
4865.60824 20.010 0.142
4868.71180 19.806 0.112
4869.65712 20.093 0.176
4872.68635 19.867 0.231
4874.57952 19.772 0.106
4876.60317 20.157 0.145
4878.62806 19.862 0.089
4885.55934 19.892 0.132
4888.62658 19.885 0.091
4908.55419 19.858 0.139
4920.60049 20.250 0.174
4926.55660 20.681 0.412
4937.54180 19.754 0.121
4940.55779 20.150 0.184
4951.53122 20.392 0.360
