2167.89381 17.334 0.019
2193.81645 17.300 0.014
2202.81579 17.287 0.016
2214.86348 17.277 0.020
2215.76899 17.243 0.017
2224.81711 17.294 0.016
2227.72793 17.256 0.017
2229.73370 17.317 0.019
2231.70196 17.287 0.016
2233.67022 17.274 0.016
2237.58963 17.284 0.025
2239.65063 17.301 0.019
2241.74231 17.284 0.016
2243.80731 17.262 0.017
2248.66639 17.289 0.014
2250.75440 17.279 0.020
2252.72763 17.280 0.016
2254.71868 17.289 0.014
2257.72272 17.262 0.014
2265.77702 17.288 0.017
2266.74805 17.243 0.014
2270.79366 17.254 0.014
2272.64320 17.253 0.016
2274.77055 17.289 0.019
2276.82849 17.261 0.017
2278.78534 17.281 0.020
2280.76808 17.256 0.016
2282.76531 17.275 0.014
2289.82775 17.286 0.016
2291.81379 17.281 0.017
2293.78268 17.294 0.022
2295.80656 17.290 0.016
2297.79262 17.277 0.017
2300.81764 17.238 0.023
2302.77888 17.298 0.022
2315.70265 17.246 0.016
2324.56429 17.274 0.017
2328.54993 17.267 0.020
2334.54312 17.274 0.019
2340.53977 17.305 0.019
2347.53707 17.272 0.019
2373.49226 17.326 0.025
2385.55539 17.313 0.025
2534.88796 17.307 0.022
2539.89513 17.266 0.019
2545.86324 17.297 0.019
2553.75513 17.328 0.023
2557.82317 17.252 0.019
2561.82122 17.279 0.019
2565.82358 17.274 0.020
2574.78580 17.309 0.019
2578.84219 17.292 0.017
2584.73799 17.243 0.020
2590.81471 17.297 0.017
2596.82113 17.296 0.022
2606.71766 17.269 0.017
2609.82623 17.263 0.022
2614.79301 17.284 0.020
2619.66906 17.274 0.016
2621.79703 17.273 0.017
2624.69405 17.239 0.016
2629.81236 17.261 0.019
2632.70645 17.251 0.016
2635.80699 17.286 0.022
2638.80015 17.298 0.022
2641.76834 17.265 0.016
2643.77433 17.276 0.016
2645.77028 17.307 0.017
2647.69929 17.276 0.016
2650.78079 17.304 0.019
2653.65314 17.293 0.019
2655.70618 17.256 0.016
2657.64464 17.263 0.019
2659.79844 17.316 0.026
2660.70490 17.289 0.019
2662.71468 17.294 0.019
2664.73011 17.319 0.025
2666.78396 17.277 0.016
2668.77550 17.289 0.017
2675.80256 17.285 0.017
2677.78956 17.269 0.022
2679.80820 17.337 0.023
2682.73022 17.338 0.025
2687.62960 17.300 0.022
2692.57241 17.255 0.017
2697.51878 17.280 0.019
2702.51760 17.322 0.025
2708.54636 17.350 0.020
2724.51619 17.302 0.019
2871.92310 17.261 0.017
2884.86732 17.272 0.020
2890.88933 17.295 0.026
2896.84200 17.272 0.020
2902.77665 17.309 0.016
2911.88518 17.274 0.014
2917.78872 17.267 0.017
2923.78809 17.288 0.019
2926.84399 17.310 0.017
2931.77246 17.299 0.016
2934.81289 17.263 0.016
2940.79327 17.261 0.016
2943.79746 17.274 0.017
2947.80603 17.258 0.016
2950.71998 17.293 0.019
2954.74324 17.311 0.020
2956.78879 17.276 0.016
2958.83338 17.346 0.023
2962.82762 17.286 0.014
2964.84605 17.286 0.016
2967.77657 17.310 0.017
2970.83056 17.292 0.014
2974.76858 17.292 0.016
2976.65806 17.289 0.017
2979.64149 17.280 0.019
2981.66283 17.314 0.035
2983.76964 17.266 0.017
2985.81736 17.261 0.016
2987.71611 17.289 0.019
2989.65877 17.306 0.016
2991.73102 17.306 0.016
2993.73876 17.326 0.019
2995.81398 17.303 0.016
2997.78287 17.305 0.017
2998.73041 17.305 0.017
3000.73292 17.312 0.019
3002.72028 17.297 0.017
3004.72374 17.305 0.014
3006.71666 17.270 0.014
3008.73111 17.287 0.016
3010.77757 17.308 0.020
3011.79389 17.304 0.020
3016.72753 17.304 0.016
3018.75793 17.303 0.019
3020.82169 17.282 0.017
3021.84662 17.265 0.017
3023.70761 17.256 0.016
3025.67925 17.258 0.013
3027.72469 17.302 0.014
3029.70955 17.262 0.014
3031.77988 17.281 0.019
3034.61124 17.288 0.014
3036.64160 17.311 0.016
3039.58352 17.298 0.017
3042.69103 17.282 0.019
3044.63047 17.281 0.019
3046.61643 17.318 0.017
3047.71878 17.330 0.020
3048.64989 17.294 0.014
3049.67343 17.279 0.013
3051.64276 17.278 0.017
3053.61798 17.298 0.014
3055.63502 17.255 0.016
3057.66015 17.282 0.016
3059.60480 17.292 0.014
3061.59709 17.270 0.017
3066.56666 17.319 0.023
3068.59449 17.285 0.020
3070.66486 17.336 0.030
3073.68314 17.309 0.020
3076.60687 17.287 0.022
3079.58591 17.309 0.013
3082.67517 17.297 0.014
3085.57569 17.275 0.016
3088.53594 17.308 0.019
3091.51829 17.317 0.020
3096.56735 17.294 0.020
3099.63501 17.303 0.028
3100.49492 17.282 0.022
3103.51656 17.261 0.016
3106.53783 17.253 0.017
3109.52343 17.271 0.016
3112.57526 17.313 0.020
3116.55695 17.307 0.022
3127.55410 17.282 0.017
3133.51457 17.290 0.022
3223.91288 17.259 0.022
3242.86376 17.280 0.016
3248.91771 17.289 0.019
3258.89848 17.278 0.017
3264.86473 17.298 0.014
3271.81252 17.280 0.020
3274.81650 17.313 0.022
3278.88949 17.247 0.017
3282.78169 17.295 0.016
3287.82063 17.265 0.013
3295.77841 17.278 0.011
3301.83194 17.267 0.016
3305.74093 17.248 0.016
3307.76581 17.279 0.020
3309.80223 17.282 0.014
3311.79584 17.262 0.016
3320.85927 17.275 0.016
3327.81171 17.256 0.014
3330.78777 17.259 0.017
3336.64017 17.279 0.019
3339.81866 17.290 0.017
3350.75618 17.275 0.011
3353.81239 17.296 0.014
3357.75304 17.266 0.014
3360.72979 17.271 0.013
3365.84920 17.322 0.016
3373.81327 17.265 0.020
3378.74006 17.321 0.016
3394.62320 17.324 0.020
3395.79596 17.365 0.022
3399.77693 17.289 0.020
3403.76402 17.283 0.016
3408.68719 17.254 0.014
3413.53345 17.284 0.016
3417.62735 17.336 0.017
3427.56333 17.303 0.017
3434.51518 17.257 0.016
3440.53930 17.263 0.016
3447.50851 17.322 0.020
3456.53407 17.293 0.019
3469.48894 17.270 0.017
3478.48143 17.256 0.016
3601.89190 17.299 0.019
3619.89465 17.344 0.016
3630.77603 17.240 0.022
3636.83348 17.275 0.017
3640.78340 17.301 0.014
3651.81728 17.318 0.017
3654.86348 17.313 0.014
3658.82715 17.315 0.017
3661.87290 17.264 0.019
3665.84610 17.303 0.017
3670.81571 17.294 0.017
3673.82600 17.273 0.013
3676.82616 17.288 0.014
3685.76551 17.264 0.014
3687.85223 17.274 0.014
3690.77418 17.309 0.017
3693.80984 17.277 0.014
3695.84093 17.279 0.014
3698.83056 17.282 0.016
3701.69953 17.266 0.014
3703.78331 17.310 0.014
3705.84751 17.287 0.014
3708.83524 17.219 0.017
3712.79278 17.258 0.014
3715.75846 17.266 0.014
3718.69427 17.308 0.019
3720.84406 17.299 0.020
3724.76166 17.263 0.014
3728.73970 17.250 0.014
3731.80278 17.277 0.014
3733.66553 17.262 0.013
3735.65337 17.282 0.013
3737.81189 17.259 0.011
3740.77524 17.272 0.013
3742.78580 17.278 0.022
3745.81781 17.269 0.017
3747.82054 17.268 0.025
3749.76785 17.312 0.022
3751.78169 17.260 0.017
3753.73108 17.290 0.014
3755.73117 17.316 0.017
3757.72090 17.281 0.014
3759.81120 17.286 0.016
3763.68320 17.278 0.011
3766.69980 17.292 0.016
3770.72735 17.275 0.016
3773.75860 17.283 0.016
3776.73294 17.292 0.020
3779.68371 17.289 0.020
3783.60021 17.267 0.014
3788.57439 17.331 0.014
3793.57995 17.281 0.014
3801.51572 17.316 0.016
3810.55057 17.292 0.017
3826.49142 17.253 0.017
3958.88150 17.281 0.023
3965.85132 17.287 0.013
3970.87144 17.315 0.016
3982.82223 17.285 0.017
3993.77491 17.306 0.020
3999.86642 17.332 0.016
4003.74235 17.278 0.013
4006.76350 17.277 0.013
4008.78441 17.292 0.014
4013.79602 17.270 0.017
4019.79718 17.291 0.014
4024.79025 17.277 0.014
4026.85923 17.275 0.017
4029.80359 17.270 0.014
4032.84018 17.291 0.020
4038.78624 17.330 0.017
4041.74613 17.326 0.016
4043.75117 17.258 0.017
4046.84430 17.277 0.019
4049.71442 17.287 0.014
4052.77577 17.265 0.014
4056.82105 17.300 0.014
4059.71581 17.264 0.016
4064.78346 17.332 0.013
4066.78343 17.337 0.016
4069.73650 17.296 0.014
4071.66445 17.305 0.017
4076.73667 17.256 0.017
4079.77815 17.284 0.017
4082.82607 17.276 0.016
4084.79132 17.318 0.017
4086.81634 17.286 0.017
4103.64098 17.268 0.016
4106.57279 17.318 0.020
4111.79511 17.319 0.014
4117.73573 17.301 0.016
4121.71366 17.292 0.020
4127.66433 17.267 0.013
4132.75326 17.280 0.017
4143.54049 17.306 0.016
4157.53273 17.261 0.017
4168.57350 17.267 0.014
4198.52607 17.321 0.020
4343.85899 17.281 0.020
4348.82789 17.261 0.016
4353.85926 17.308 0.017
4358.81128 17.294 0.022
4364.89765 17.291 0.020
4367.87148 17.313 0.017
4370.89316 17.304 0.019
4373.84918 17.316 0.017
4378.75260 17.255 0.020
4381.74078 17.280 0.022
4386.85866 17.317 0.019
4390.82065 17.283 0.016
4394.86724 17.269 0.016
4399.79496 17.292 0.019
4412.78237 17.308 0.017
4423.73272 17.277 0.016
4427.73480 17.252 0.016
4430.73810 17.287 0.020
4433.75565 17.260 0.017
4437.75361 17.276 0.020
4440.69785 17.295 0.019
4443.79033 17.317 0.019
4444.83318 17.320 0.023
4448.69883 17.290 0.019
4449.74629 17.275 0.017
4449.76126 17.274 0.017
4450.70919 17.309 0.022
4451.64436 17.299 0.017
4451.79687 17.301 0.019
4452.85714 17.273 0.017
4453.63323 17.269 0.019
4454.65681 17.308 0.019
4455.64357 17.292 0.019
4455.76226 17.265 0.019
4456.72431 17.272 0.017
4457.69906 17.289 0.017
4457.79348 17.268 0.022
4458.62146 17.293 0.017
4459.60572 17.287 0.019
4459.76070 17.271 0.016
4461.61908 17.303 0.016
4461.76401 17.294 0.023
4462.63643 17.303 0.020
4462.78618 17.291 0.016
4463.62998 17.309 0.016
4463.75744 17.245 0.014
4464.63233 17.264 0.016
4464.76176 17.297 0.017
4465.63922 17.290 0.014
4465.77419 17.302 0.016
4466.64882 17.294 0.017
4466.74017 17.261 0.014
4467.60771 17.326 0.022
4467.68454 17.274 0.014
4468.64028 17.314 0.014
4468.73844 17.328 0.016
4469.62461 17.286 0.017
4470.62132 17.255 0.017
4470.69399 17.273 0.016
4471.60692 17.292 0.014
4471.76879 17.289 0.019
4472.60315 17.269 0.014
4472.77579 17.276 0.014
4473.73714 17.209 0.019
4476.75810 17.250 0.014
4482.79898 17.305 0.019
4485.78930 17.308 0.020
4490.63654 17.274 0.017
4494.70260 17.283 0.019
4498.72699 17.286 0.016
4501.72433 17.304 0.020
4506.65834 17.247 0.019
4508.68520 17.302 0.019
4509.74931 17.282 0.017
4512.71884 17.272 0.017
4518.65903 17.293 0.023
4521.69958 17.273 0.019
4523.67859 17.314 0.020
4525.64320 17.269 0.017
4531.62691 17.291 0.016
4534.55580 17.310 0.020
4537.67158 17.308 0.017
4539.59085 17.259 0.017
4542.50823 17.252 0.020
4545.60557 17.281 0.017
4547.57363 17.285 0.020
4552.54818 17.314 0.023
4559.59102 17.295 0.017
4568.55919 17.284 0.019
4575.53613 17.285 0.019
4589.49838 17.364 0.026
4616.47025 17.279 0.022
4685.88894 17.286 0.017
4699.85208 17.259 0.019
4708.91143 17.288 0.017
4720.84971 17.290 0.016
4725.79023 17.281 0.017
4728.90139 17.273 0.016
4749.74722 17.277 0.017
4753.81587 17.301 0.022
4757.83015 17.344 0.019
4760.83167 17.291 0.014
4765.86501 17.268 0.020
4769.76107 17.271 0.017
4772.79316 17.247 0.016
4775.81080 17.270 0.016
4777.82430 17.265 0.016
4782.67423 17.294 0.019
4784.77425 17.277 0.019
4789.68309 17.287 0.014
4792.85959 17.313 0.020
4796.73593 17.307 0.014
4798.68324 17.292 0.017
4801.64911 17.270 0.017
4803.69470 17.281 0.017
4805.79507 17.300 0.014
4808.72958 17.295 0.017
4810.78958 17.301 0.014
4813.77041 17.347 0.023
4815.75415 17.264 0.020
4817.75166 17.266 0.016
4819.76071 17.262 0.014
4822.74053 17.294 0.014
4824.75857 17.260 0.014
4826.77144 17.289 0.014
4833.77420 17.306 0.016
4835.78475 17.269 0.016
4837.78387 17.263 0.020
4839.73520 17.339 0.017
4841.79953 17.266 0.016
4843.79933 17.296 0.022
4846.78925 17.269 0.017
4848.81914 17.300 0.017
4852.77561 17.300 0.019
4854.77695 17.268 0.016
4856.78368 17.285 0.017
4861.73873 17.253 0.017
4867.70266 17.264 0.017
4869.67168 17.289 0.017
4871.67930 17.270 0.020
4875.66524 17.315 0.017
4877.69034 17.275 0.016
4879.69705 17.251 0.019
4882.71575 17.362 0.020
4885.67761 17.326 0.016
4889.63566 17.298 0.019
4902.63393 17.235 0.022
4911.65271 17.330 0.016
4915.57188 17.269 0.019
4919.57711 17.274 0.016
4925.59034 17.302 0.016
4929.55754 17.294 0.022
4932.59268 17.278 0.020
4935.57055 17.282 0.017
4939.57740 17.250 0.016
4944.54289 17.291 0.016
4949.53650 17.292 0.014
4954.53514 17.366 0.025
