2165.84172 12.817 0.006
2171.86412 12.833 0.006
2183.82360 12.817 0.006
2184.82308 12.835 0.006
2188.87359 12.839 0.006
2191.78470 12.829 0.006
2200.80531 12.824 0.006
2206.74148 12.830 0.006
2216.86891 12.859 0.006
2223.72862 12.853 0.006
2226.70420 12.866 0.006
2228.74792 12.861 0.006
2230.65965 12.854 0.006
2232.68142 12.864 0.006
2234.67452 12.850 0.006
2238.61912 12.787 0.006
2240.75416 12.848 0.006
2244.80681 12.851 0.006
2249.67501 12.838 0.006
2251.82492 12.831 0.006
2253.66515 12.841 0.006
2256.66946 12.831 0.006
2259.66215 12.826 0.006
2262.66741 12.828 0.006
2269.72858 12.814 0.006
2273.61991 12.817 0.006
2277.67809 12.855 0.006
2279.70463 12.807 0.006
2281.69672 12.801 0.006
2283.72249 12.803 0.006
2288.71105 12.811 0.006
2290.74580 12.791 0.006
2292.72062 12.786 0.006
2294.68827 12.783 0.006
2296.70984 12.789 0.006
2298.66592 12.788 0.006
2300.67798 12.780 0.006
2302.65382 12.774 0.006
2304.65724 12.791 0.006
2316.52921 12.787 0.006
2322.57004 12.816 0.006
2325.57393 12.780 0.006
2331.51292 12.792 0.006
2337.53547 12.791 0.006
2345.49522 12.796 0.006
2350.49726 12.813 0.006
2365.51395 12.832 0.006
2400.51316 12.788 0.006
2519.88910 12.793 0.006
2526.86870 12.799 0.006
2541.86301 12.829 0.006
2544.78976 12.801 0.006
2551.78975 12.813 0.006
2554.88219 12.889 0.006
2558.88383 12.817 0.006
2563.77162 12.814 0.006
2571.82947 12.827 0.006
2577.76800 12.825 0.006
2580.79673 12.922 0.006
2588.83490 12.920 0.006
2594.71242 12.766 0.006
2599.74367 12.803 0.006
2607.70812 12.796 0.006
2617.69654 12.763 0.006
2620.66470 12.846 0.006
2622.81124 12.760 0.006
2624.80495 12.791 0.006
2625.78618 12.834 0.006
2628.59012 12.773 0.006
2631.58976 12.790 0.006
2634.56847 12.860 0.006
2637.60665 12.819 0.006
2640.65264 12.912 0.006
2642.64482 12.877 0.006
2644.63456 12.844 0.006
2646.62934 12.900 0.006
2650.59513 12.825 0.006
2652.60781 12.864 0.006
2654.71203 12.833 0.006
2657.65914 12.831 0.006
2659.74037 12.820 0.006
2661.73963 12.829 0.006
2663.66648 12.830 0.006
2665.70976 12.948 0.006
2667.63253 12.828 0.006
2669.67909 12.834 0.006
2671.60791 12.875 0.006
2673.61240 12.822 0.006
2675.60971 12.837 0.006
2677.60761 12.835 0.006
2679.67085 12.837 0.006
2681.65679 12.821 0.006
2685.60373 12.811 0.006
2690.55332 12.811 0.006
2694.54827 12.819 0.006
2699.51434 12.829 0.006
2705.52109 12.821 0.006
2711.54778 12.825 0.006
2731.50212 12.839 0.006
2872.85272 12.823 0.006
2883.86625 12.900 0.006
2886.83492 12.833 0.006
2892.83145 12.834 0.006
2896.80593 12.859 0.006
2900.89424 12.823 0.006
2905.88317 12.803 0.006
2910.79370 12.814 0.006
2915.79912 12.872 0.006
2921.80133 12.855 0.006
2925.74463 12.836 0.006
2929.77054 12.793 0.006
2932.85558 12.860 0.006
2939.73446 12.857 0.006
2942.71265 12.807 0.006
2946.73324 12.837 0.006
2949.71686 12.978 0.006
2952.70791 12.901 0.006
2955.76952 12.800 0.006
2957.70215 12.864 0.006
2960.72760 12.810 0.006
2960.82433 12.801 0.006
2963.70988 12.795 0.006
2966.67680 12.779 0.006
2968.84061 12.866 0.006
2972.67645 12.871 0.006
2975.64991 12.890 0.006
2977.72065 12.791 0.006
2979.77269 12.803 0.006
2981.78007 12.779 0.006
2983.68082 12.827 0.006
2986.66312 12.771 0.006
2988.62908 12.766 0.006
2990.75862 12.849 0.006
2992.64048 12.751 0.006
2994.74231 12.854 0.006
2996.61770 12.875 0.006
2998.59983 12.736 0.006
3000.61795 12.742 0.006
3002.60259 12.732 0.006
3004.60547 12.792 0.006
3006.65452 12.880 0.006
3008.60559 12.727 0.006
3010.62577 12.870 0.006
3012.72115 12.811 0.006
3016.63976 12.852 0.006
3018.62516 12.744 0.006
3020.66622 12.742 0.006
3022.73179 12.802 0.006
3024.68014 12.791 0.006
3026.64916 12.958 0.006
3028.65469 12.859 0.006
3030.68998 12.821 0.006
3033.60625 12.864 0.006
3035.61821 12.839 0.006
3038.59908 12.827 0.006
3041.52469 12.826 0.006
3043.55409 12.842 0.006
3045.59324 12.835 0.006
3047.54765 12.841 0.006
3049.55224 12.849 0.006
3051.54484 12.868 0.006
3053.54112 12.883 0.006
3055.53985 12.860 0.006
3057.53904 12.868 0.006
3059.53762 12.877 0.006
3061.53184 12.859 0.006
3064.55474 12.845 0.006
3067.54258 12.850 0.006
3069.52754 12.963 0.006
3072.52578 12.861 0.006
3075.52637 12.826 0.006
3077.61106 12.821 0.006
3081.60253 12.816 0.006
3084.50881 12.880 0.006
3086.54730 12.798 0.006
3089.53310 12.849 0.006
3092.51716 12.793 0.006
3098.51448 12.780 0.006
3101.48314 12.780 0.006
3103.47994 12.844 0.006
3109.48207 12.804 0.006
3113.47011 12.806 0.006
3123.50298 12.802 0.006
3133.47655 12.820 0.006
3230.87569 12.746 0.006
3238.85925 12.748 0.006
3246.89113 12.755 0.006
3254.87930 12.753 0.006
3262.85393 12.772 0.006
3268.77714 12.785 0.006
3272.89180 12.796 0.006
3275.89059 12.808 0.006
3280.89017 12.832 0.006
3283.83195 12.848 0.006
3289.74547 12.882 0.006
3294.75008 12.905 0.006
3296.69946 12.926 0.006
3298.77957 12.943 0.006
3300.83553 12.939 0.006
3303.74278 12.933 0.006
3306.74422 12.987 0.006
3308.76100 12.945 0.006
3310.79335 12.948 0.006
3314.71468 12.946 0.006
3321.63514 12.937 0.006
3325.69689 12.921 0.006
3329.72957 13.012 0.006
3334.62578 12.892 0.006
3338.67920 12.872 0.006
3349.65664 12.811 0.006
3352.79773 12.808 0.006
3355.69648 12.798 0.006
3359.61683 12.834 0.006
3366.67960 12.818 0.006
3377.63610 12.800 0.006
3379.74334 12.793 0.006
3386.64640 12.871 0.006
3395.75955 12.767 0.006
3398.63276 12.772 0.006
3400.61244 12.777 0.006
3403.62193 12.775 0.006
3406.55071 12.783 0.006
3406.60941 12.779 0.006
3410.57404 12.841 0.006
3414.56233 12.783 0.006
3415.59629 12.788 0.006
3422.52205 12.778 0.006
3429.57381 12.771 0.006
3434.56310 12.805 0.006
3444.49952 12.769 0.006
3450.53335 12.764 0.006
3569.94253 12.851 0.006
3591.91014 12.913 0.006
3608.90261 12.774 0.006
3615.89638 12.743 0.006
3628.89658 12.704 0.006
3633.76925 12.700 0.006
3638.79851 12.692 0.006
3641.76860 12.688 0.006
3646.82830 12.697 0.006
3652.88819 12.743 0.006
3656.81875 12.749 0.006
3661.75418 12.750 0.006
3665.75746 12.766 0.006
3671.72348 12.792 0.006
3674.84563 12.881 0.006
3683.76149 12.874 0.006
3686.80941 12.912 0.006
3689.72432 12.929 0.006
3692.64741 12.846 0.006
3695.71141 12.846 0.006
3698.66914 12.847 0.006
3700.70852 12.862 0.006
3702.79608 12.861 0.006
3705.70289 12.860 0.006
3707.67791 12.847 0.006
3712.83316 12.852 0.006
3715.83096 12.839 0.006
3718.63268 12.836 0.006
3721.61588 12.828 0.006
3725.68307 12.826 0.006
3727.62740 12.820 0.006
3731.65774 12.868 0.006
3736.63861 12.901 0.006
3739.64197 12.816 0.006
3741.65693 12.805 0.006
3745.58767 12.800 0.006
3747.70086 12.788 0.006
3749.58356 12.797 0.006
3751.68769 12.871 0.006
3754.54949 12.795 0.006
3756.71561 12.808 0.006
3758.63971 12.797 0.006
3761.68701 12.807 0.006
3764.66415 12.837 0.006
3769.66250 12.797 0.006
3772.63036 12.780 0.006
3775.60150 12.772 0.006
3778.60070 12.780 0.006
3781.61407 12.780 0.006
3785.58438 12.782 0.006
3790.55312 12.778 0.006
3797.53276 12.779 0.006
3804.52922 12.795 0.006
3817.49595 12.812 0.006
3935.92950 12.829 0.006
3960.87887 12.837 0.006
3967.92666 12.837 0.006
3973.90426 12.829 0.006
3979.89009 12.830 0.006
3987.83486 12.833 0.006
3994.88990 12.838 0.006
4001.79780 12.843 0.006
4004.76852 12.845 0.006
4007.70115 12.836 0.006
4009.77434 12.834 0.006
4014.74905 12.817 0.006
4016.81211 12.811 0.006
4021.84386 12.804 0.006
4025.85426 12.793 0.006
4028.76412 12.789 0.006
4030.83825 12.787 0.006
4037.73535 12.776 0.006
4040.73038 12.783 0.006
4042.74659 12.797 0.006
4045.84820 12.764 0.006
4048.70998 12.767 0.006
4050.78232 12.798 0.006
4053.75193 12.780 0.006
4055.70172 12.765 0.006
4057.68057 12.765 0.006
4060.61967 12.771 0.006
4065.63777 12.771 0.006
4067.60329 12.768 0.006
4069.59305 12.763 0.006
4072.63093 12.764 0.006
4077.66305 12.761 0.006
4080.64729 12.768 0.006
4084.67694 12.766 0.006
4092.75833 12.790 0.006
4100.81367 12.821 0.006
4104.71891 12.823 0.006
4107.65501 12.836 0.006
4117.62051 12.851 0.006
4121.62154 12.865 0.006
4123.66750 12.865 0.006
4126.59326 12.853 0.006
4129.68206 12.860 0.006
4146.53460 12.817 0.006
4153.53715 12.773 0.006
4163.51929 12.739 0.006
4176.51643 12.799 0.006
4192.49594 12.736 0.006
4316.92653 12.768 0.006
4345.84345 12.782 0.006
4350.79672 12.831 0.006
4355.81869 12.820 0.006
4362.74760 12.817 0.006
4365.74254 12.827 0.006
4369.75571 12.844 0.006
4373.73123 12.843 0.006
4376.77072 12.854 0.006
4379.77635 12.857 0.006
4383.78141 12.868 0.006
4392.71781 12.948 0.006
4397.75480 12.981 0.006
4402.83231 12.892 0.006
4406.78249 12.815 0.006
4409.85503 12.833 0.006
4416.80979 12.906 0.006
4420.83149 12.812 0.006
4424.85828 12.769 0.006
4428.85087 12.735 0.006
4431.70473 12.738 0.006
4435.72441 12.720 0.006
4438.85581 12.705 0.006
4444.66500 12.710 0.006
4450.67940 12.708 0.006
4453.66340 12.715 0.006
4456.66615 12.730 0.006
4458.65084 12.719 0.006
4463.66321 12.815 0.006
4466.65288 12.749 0.006
4469.63406 12.744 0.006
4473.58866 12.770 0.006
4477.67571 12.770 0.006
4479.65710 12.795 0.006
4483.65722 12.803 0.006
4486.65603 12.849 0.006
4489.67390 12.813 0.006
4493.63345 12.812 0.006
4498.59124 12.841 0.006
4500.69867 12.816 0.006
4502.63582 12.812 0.006
4507.58802 12.809 0.006
4509.58112 12.803 0.006
4515.54792 12.795 0.006
4520.54371 12.785 0.006
4520.57107 12.781 0.006
4523.56106 12.777 0.006
4525.56130 12.783 0.006
4531.52954 12.768 0.006
4534.50053 12.770 0.006
4538.57170 12.750 0.006
4540.52209 12.758 0.006
4543.61200 12.753 0.006
4549.49177 12.754 0.006
4559.48749 12.733 0.006
4566.48588 12.731 0.006
4571.48027 12.721 0.006
4589.46210 12.701 0.006
4672.90288 12.775 0.006
4690.90875 12.736 0.006
4703.87239 12.722 0.006
4715.86744 12.757 0.006
4721.89824 12.773 0.006
4726.76278 12.777 0.006
4730.90400 12.878 0.006
4731.80610 12.772 0.006
4743.81761 12.807 0.006
4750.82203 12.829 0.006
4755.84071 12.801 0.006
4759.77495 12.875 0.006
4762.73483 12.807 0.006
4768.71290 12.862 0.006
4771.75451 12.830 0.006
4774.67722 12.797 0.006
4776.78848 12.792 0.006
4779.82545 12.803 0.006
4783.69146 12.909 0.006
4787.70734 12.773 0.006
4789.85395 12.779 0.006
4793.70443 12.769 0.006
4795.68273 12.855 0.006
4799.68024 12.759 0.006
4802.68808 12.785 0.006
4805.64575 12.776 0.006
4807.73617 12.759 0.006
4810.66835 12.820 0.006
4813.64694 12.724 0.006
4815.66016 12.792 0.006
4817.66630 12.799 0.006
4819.65854 12.743 0.006
4821.69554 12.785 0.006
4825.71112 12.729 0.006
4831.75587 12.745 0.006
4834.67611 12.756 0.006
4836.68567 12.733 0.006
4839.66968 12.758 0.006
4841.67434 12.733 0.006
4843.68023 12.730 0.006
4845.68921 12.729 0.006
4846.64488 12.726 0.006
4848.67197 12.733 0.006
4850.66417 12.734 0.006
4852.64568 12.738 0.006
4854.64580 12.760 0.006
4856.65254 12.911 0.006
4859.63046 12.735 0.006
4864.59748 12.794 0.006
4865.64907 12.755 0.006
4868.63412 12.760 0.006
4870.59911 12.832 0.006
4872.62877 12.765 0.006
4874.52980 12.764 0.006
4876.51965 12.779 0.006
4879.60770 12.778 0.006
4882.60381 12.775 0.006
4884.52646 12.773 0.006
4887.55935 12.781 0.006
4901.60322 12.789 0.006
4911.57852 12.784 0.006
4915.50005 12.787 0.006
4918.51636 12.792 0.006
4924.53224 12.787 0.006
4928.52792 12.761 0.006
4933.49788 12.757 0.006
4937.49450 12.789 0.006
4941.51091 12.741 0.006
4946.51032 12.743 0.006
4953.46326 12.728 0.006
