2171.88969 15.273 0.006
2183.84919 15.252 0.006
2184.85114 15.276 0.006
2189.79546 15.277 0.006
2191.81957 15.269 0.006
2200.83021 15.266 0.006
2211.80597 15.282 0.006
2217.73286 15.272 0.006
2223.75286 15.273 0.006
2226.72802 15.270 0.006
2228.77165 15.270 0.006
2230.68464 15.262 0.006
2232.70519 15.268 0.006
2234.69836 15.275 0.006
2238.64967 15.265 0.006
2240.77805 15.264 0.006
2242.77990 15.269 0.006
2244.83062 15.275 0.006
2249.70295 15.284 0.006
2251.79784 15.282 0.006
2253.69035 15.285 0.006
2256.69411 15.277 0.006
2258.80946 15.289 0.006
2259.66215 15.294 0.006
2261.60173 15.284 0.006
2265.65166 15.292 0.006
2271.62314 15.277 0.006
2273.78115 15.282 0.006
2275.71902 15.279 0.006
2277.72257 15.270 0.006
2279.72848 15.281 0.006
2281.72070 15.274 0.006
2283.74896 15.276 0.006
2289.67271 15.275 0.006
2291.68150 15.281 0.006
2293.64880 15.261 0.006
2295.67697 15.270 0.006
2297.67510 15.273 0.006
2299.66789 15.283 0.006
2301.63310 15.278 0.006
2303.63409 15.275 0.006
2317.55778 15.284 0.006
2322.60235 15.282 0.006
2326.51175 15.286 0.006
2331.54229 15.280 0.006
2337.56104 15.276 0.006
2349.51881 15.283 0.006
2366.49438 15.296 0.006
2397.49123 15.291 0.006
2519.91691 15.272 0.006
2535.90017 15.284 0.006
2542.77230 15.277 0.006
2544.81533 15.273 0.006
2551.81541 15.273 0.006
2555.83945 15.263 0.006
2559.72717 15.274 0.006
2563.79734 15.283 0.006
2571.85454 15.288 0.006
2577.79165 15.273 0.006
2580.79673 15.263 0.006
2580.82083 15.276 0.006
2588.86194 15.267 0.006
2594.73893 15.277 0.006
2599.77494 15.267 0.006
2607.73758 15.290 0.006
2613.66231 15.292 0.006
2617.75289 15.276 0.006
2620.69234 15.284 0.006
2622.81124 15.281 0.006
2623.66690 15.291 0.006
2624.80495 15.277 0.006
2625.78618 15.277 0.006
2626.64609 15.287 0.006
2628.81303 15.278 0.006
2631.61382 15.271 0.006
2634.63441 15.278 0.006
2637.60665 15.292 0.006
2637.66064 15.284 0.006
2640.65264 15.282 0.006
2640.70150 15.288 0.006
2642.64482 15.286 0.006
2642.67033 15.280 0.006
2644.63456 15.268 0.006
2644.66864 15.279 0.006
2646.62934 15.265 0.006
2650.64908 15.286 0.006
2652.63420 15.292 0.006
2655.62509 15.274 0.006
2657.69132 15.278 0.006
2659.71165 15.271 0.006
2661.76348 15.285 0.006
2663.66648 15.287 0.006
2663.69035 15.285 0.006
2665.70976 15.298 0.006
2665.73353 15.288 0.006
2667.63253 15.300 0.006
2667.74838 15.288 0.006
2669.67909 15.280 0.006
2671.60791 15.282 0.006
2671.64170 15.273 0.006
2673.61240 15.275 0.006
2673.64153 15.275 0.006
2675.60971 15.293 0.006
2675.66583 15.261 0.006
2677.60761 15.297 0.006
2677.66836 15.280 0.006
2679.67085 15.285 0.006
2679.69489 15.268 0.006
2681.68257 15.273 0.006
2685.62904 15.266 0.006
2690.58292 15.280 0.006
2695.52068 15.282 0.006
2699.57296 15.272 0.006
2705.54670 15.281 0.006
2712.51136 15.288 0.006
2733.48089 15.296 0.007
2870.89245 15.282 0.006
2883.86625 15.285 0.006
2883.89206 15.279 0.006
2888.87310 15.290 0.006
2894.80824 15.283 0.006
2899.80911 15.275 0.006
2905.79844 15.281 0.006
2905.88317 15.281 0.006
2910.82335 15.280 0.006
2915.79912 15.285 0.006
2915.82424 15.277 0.006
2921.82670 15.273 0.006
2925.77001 15.282 0.006
2929.80708 15.271 0.006
2933.75390 15.279 0.006
2939.75978 15.272 0.006
2942.73789 15.277 0.006
2946.75836 15.286 0.006
2949.74204 15.285 0.006
2952.73395 15.283 0.006
2955.76952 15.282 0.006
2955.79473 15.285 0.006
2957.72727 15.268 0.006
2961.70205 15.274 0.006
2963.76906 15.275 0.006
2966.70190 15.284 0.006
2968.84061 15.271 0.006
2969.65728 15.271 0.006
2973.82321 15.271 0.006
2975.75870 15.278 0.006
2977.74660 15.284 0.006
2977.77264 15.275 0.006
2979.79861 15.275 0.006
2981.80557 15.308 0.006
2983.70622 15.282 0.006
2986.68887 15.282 0.006
2988.65434 15.273 0.006
2990.73220 15.281 0.006
2992.67255 15.274 0.006
2994.76758 15.276 0.006
2996.64357 15.266 0.006
2998.62642 15.263 0.006
3000.64317 15.269 0.006
3002.62889 15.282 0.006
3004.63080 15.282 0.006
3006.68025 15.273 0.006
3008.63948 15.279 0.006
3010.65109 15.272 0.006
3012.74651 15.284 0.006
3016.66530 15.281 0.006
3018.65036 15.283 0.006
3020.69186 15.277 0.006
3022.75705 15.272 0.006
3024.70531 15.281 0.006
3026.67438 15.284 0.006
3028.71023 15.269 0.006
3030.71522 15.280 0.006
3033.63733 15.281 0.006
3035.64346 15.272 0.006
3038.62702 15.263 0.006
3040.65229 15.282 0.006
3042.58735 15.283 0.006
3044.52938 15.275 0.006
3046.54520 15.275 0.006
3048.52234 15.274 0.006
3050.52356 15.268 0.006
3052.51783 15.266 0.006
3054.51929 15.273 0.006
3056.51855 15.275 0.006
3057.56493 15.276 0.006
3058.51145 15.270 0.006
3060.53115 15.279 0.006
3067.56774 15.276 0.006
3069.55282 15.276 0.006
3072.59969 15.263 0.006
3075.55208 15.281 0.006
3077.63703 15.285 0.006
3081.62942 15.278 0.006
3084.53499 15.267 0.006
3087.50105 15.284 0.006
3089.55926 15.287 0.006
3092.54461 15.289 0.006
3098.54471 15.278 0.006
3102.48359 15.290 0.006
3105.52324 15.288 0.006
3108.50229 15.283 0.006
3111.48025 15.266 0.006
3114.47155 15.276 0.006
3125.46880 15.280 0.006
3134.46919 15.291 0.006
3229.90029 15.266 0.006
3238.92787 15.270 0.006
3246.91621 15.261 0.006
3247.83384 15.269 0.006
3254.90621 15.267 0.006
3262.88084 15.273 0.006
3268.80244 15.264 0.006
3273.76155 15.278 0.006
3276.80720 15.270 0.006
3280.89017 15.268 0.006
3281.75733 15.267 0.006
3283.83195 15.299 0.006
3283.85711 15.271 0.006
3289.77089 15.264 0.006
3294.76842 15.268 0.006
3296.77410 15.264 0.006
3298.80469 15.267 0.006
3300.83553 15.273 0.006
3300.86062 15.277 0.006
3303.76958 15.255 0.006
3306.76924 15.275 0.006
3308.76100 15.259 0.006
3308.78596 15.269 0.006
3310.79335 15.295 0.006
3310.81837 15.287 0.006
3314.74027 15.270 0.006
3321.63514 15.282 0.006
3321.66038 15.283 0.006
3325.72219 15.262 0.006
3329.75679 15.255 0.006
3334.65207 15.253 0.006
3338.70477 15.261 0.006
3349.68187 15.264 0.006
3352.64865 15.272 0.006
3355.66991 15.271 0.006
3359.67510 15.264 0.006
3369.67500 15.256 0.006
3377.66141 15.266 0.006
3381.76692 15.270 0.006
3389.65645 15.275 0.006
3394.70199 15.272 0.006
3396.58143 15.270 0.006
3399.60473 15.275 0.006
3402.61722 15.267 0.006
3404.54534 15.274 0.006
3409.52462 15.268 0.006
3414.51996 15.262 0.006
3418.61263 15.272 0.006
3428.59161 15.281 0.006
3434.59220 15.266 0.006
3444.52461 15.270 0.006
3451.50364 15.266 0.006
3569.94253 15.269 0.006
3570.93499 15.270 0.006
3585.89610 15.277 0.006
3590.92354 15.271 0.006
3591.91014 15.261 0.006
3592.89548 15.263 0.006
3608.90261 15.260 0.006
3615.89638 15.261 0.006
3617.84378 15.262 0.006
3628.89658 15.267 0.006
3629.75200 15.277 0.006
3633.76925 15.258 0.006
3633.79414 15.262 0.006
3638.75508 15.276 0.006
3638.79851 15.266 0.006
3641.76860 15.274 0.006
3641.79347 15.265 0.006
3646.82830 15.271 0.006
3646.86106 15.265 0.006
3652.88819 15.265 0.006
3653.79157 15.274 0.006
3656.84738 15.269 0.006
3660.73333 15.247 0.006
3661.75418 15.266 0.006
3665.75746 15.274 0.006
3665.78277 15.273 0.006
3671.74876 15.270 0.006
3674.84563 15.274 0.006
3674.87091 15.275 0.006
3683.78682 15.264 0.006
3686.80941 15.271 0.006
3686.83457 15.267 0.006
3689.75241 15.269 0.006
3692.64741 15.289 0.006
3692.67287 15.269 0.006
3694.85617 15.276 0.006
3695.71141 15.292 0.006
3698.66914 15.295 0.006
3698.69439 15.273 0.006
3700.70852 15.278 0.006
3700.73369 15.258 0.006
3702.79608 15.257 0.006
3702.82136 15.259 0.006
3705.70289 15.270 0.006
3705.72818 15.279 0.006
3707.67791 15.279 0.006
3707.70428 15.283 0.006
3712.80776 15.275 0.006
3712.83316 15.285 0.006
3715.62545 15.267 0.006
3715.83096 15.267 0.006
3718.63268 15.267 0.006
3718.65803 15.276 0.006
3721.61588 15.280 0.006
3721.85263 15.278 0.006
3722.61147 15.281 0.006
3725.68307 15.276 0.006
3725.70837 15.271 0.006
3727.62740 15.269 0.006
3728.61185 15.259 0.006
3731.65774 15.268 0.006
3731.68308 15.272 0.006
3734.67599 15.273 0.006
3736.63861 15.243 0.006
3736.66402 15.292 0.006
3738.61712 15.271 0.006
3739.64197 15.275 0.006
3740.58737 15.272 0.006
3741.65693 15.278 0.006
3743.58475 15.267 0.006
3745.58767 15.269 0.006
3746.58607 15.264 0.006
3747.70086 15.261 0.006
3748.61293 15.270 0.006
3749.58356 15.292 0.006
3750.58734 15.284 0.006
3751.68769 15.287 0.006
3752.60261 15.279 0.006
3754.54949 15.290 0.006
3754.64074 15.284 0.006
3756.71561 15.266 0.006
3756.74078 15.270 0.006
3758.63971 15.278 0.006
3758.66494 15.267 0.006
3761.68701 15.278 0.006
3761.71225 15.287 0.006
3764.66415 15.282 0.006
3765.57779 15.285 0.006
3769.66250 15.270 0.006
3769.68761 15.262 0.006
3772.63036 15.276 0.006
3772.65569 15.268 0.006
3775.60150 15.294 0.006
3775.62696 15.277 0.006
3778.60070 15.286 0.006
3778.62595 15.260 0.006
3781.61407 15.288 0.006
3785.58438 15.292 0.006
3785.60957 15.277 0.006
3790.55312 15.291 0.006
3790.57829 15.279 0.006
3797.53276 15.278 0.006
3797.55850 15.267 0.006
3804.52922 15.282 0.006
3804.55452 15.289 0.006
3817.49595 15.281 0.006
3817.52142 15.276 0.006
3935.92950 15.267 0.006
3936.94182 15.262 0.006
3960.87887 15.279 0.006
3961.86519 15.271 0.006
3967.92666 15.279 0.006
3968.84797 15.272 0.006
3973.90426 15.275 0.006
3979.89009 15.279 0.006
3981.74117 15.283 0.006
3987.83486 15.264 0.006
3987.85961 15.276 0.006
3994.88990 15.280 0.006
3995.77195 15.271 0.006
3999.80491 15.269 0.006
4001.79780 15.277 0.006
4004.76852 15.272 0.006
4004.79333 15.279 0.006
4007.70115 15.267 0.006
4007.72590 15.264 0.006
4009.77434 15.265 0.006
4009.87766 15.269 0.006
4014.74905 15.259 0.006
4016.81211 15.265 0.006
4016.83698 15.281 0.006
4021.84386 15.277 0.006
4023.74032 15.268 0.006
4025.85426 15.274 0.006
4025.87921 15.271 0.006
4028.76412 15.281 0.006
4028.78931 15.269 0.006
4030.83825 15.276 0.006
4030.86660 15.271 0.006
4037.73535 15.290 0.006
4037.76024 15.277 0.006
4040.73038 15.279 0.006
4040.75597 15.269 0.006
4042.74659 15.273 0.006
4042.77138 15.256 0.006
4045.84820 15.264 0.006
4046.64613 15.269 0.006
4048.70998 15.284 0.006
4048.73465 15.282 0.006
4050.78232 15.290 0.006
4051.72356 15.274 0.006
4053.75193 15.271 0.006
4053.77659 15.264 0.006
4055.70172 15.271 0.006
4055.72642 15.278 0.006
4057.68057 15.281 0.006
4057.70533 15.278 0.006
4060.61967 15.282 0.006
4060.64462 15.288 0.006
4065.63777 15.267 0.006
4065.69212 15.252 0.006
4067.60329 15.264 0.006
4067.62817 15.253 0.006
4069.59305 15.264 0.006
4069.61853 15.270 0.006
4072.63093 15.265 0.006
4072.65580 15.270 0.006
4077.66305 15.273 0.006
4077.68810 15.287 0.006
4080.64729 15.276 0.006
4080.67189 15.273 0.006
4084.67694 15.263 0.006
4084.70182 15.274 0.006
4087.72871 15.278 0.006
4092.75833 15.271 0.006
4092.78453 15.279 0.006
4100.81367 15.263 0.006
4100.84092 15.279 0.006
4104.71891 15.290 0.006
4104.74478 15.294 0.006
4107.65501 15.264 0.006
4107.71741 15.257 0.006
4117.62051 15.275 0.006
4117.64551 15.282 0.006
4121.62154 15.276 0.006
4122.63726 15.266 0.006
4123.66750 15.281 0.006
4124.61239 15.276 0.006
4126.59326 15.270 0.006
4126.68204 15.287 0.006
4129.68206 15.277 0.006
4131.53497 15.274 0.006
4146.53460 15.270 0.006
4149.62670 15.287 0.006
4153.56743 15.276 0.006
4164.54547 15.279 0.006
4176.51643 15.284 0.006
4177.50283 15.287 0.006
4192.49594 15.282 0.006
4193.50831 15.294 0.006
4316.92653 15.271 0.006
4345.84345 15.280 0.006
4345.86150 15.273 0.006
4350.79672 15.261 0.006
4350.82340 15.272 0.006
4350.85733 15.273 0.006
4355.81869 15.279 0.006
4355.84361 15.279 0.006
4361.80440 15.280 0.006
4362.74760 15.276 0.006
4364.78884 15.273 0.006
4365.74254 15.290 0.006
4366.81011 15.279 0.006
4369.75571 15.261 0.006
4370.75662 15.269 0.006
4373.73123 15.270 0.006
4373.75657 15.271 0.006
4376.77072 15.270 0.006
4376.79574 15.270 0.006
4379.77635 15.266 0.006
4379.80130 15.286 0.006
4383.78141 15.260 0.006
4383.80642 15.272 0.006
4388.74614 15.279 0.006
4392.71781 15.268 0.006
4392.77128 15.280 0.006
4397.75480 15.269 0.006
4397.78174 15.274 0.006
4402.83231 15.287 0.006
4402.85722 15.287 0.006
4406.78249 15.273 0.006
4409.85503 15.273 0.006
4410.81612 15.267 0.006
4416.80979 15.294 0.006
4416.83959 15.293 0.006
4420.83149 15.286 0.006
4420.85650 15.291 0.006
4424.85828 15.289 0.006
4425.69617 15.284 0.006
4428.85087 15.271 0.006
4431.70473 15.276 0.006
4431.75450 15.274 0.006
4435.72441 15.282 0.006
4435.78877 15.270 0.006
4438.85581 15.275 0.006
4439.67670 15.266 0.006
4441.82877 15.288 0.006
4441.85362 15.295 0.006
4444.66500 15.295 0.006
4448.70304 15.273 0.006
4450.67940 15.275 0.006
4450.71341 15.281 0.006
4453.66340 15.279 0.006
4453.68990 15.279 0.006
4456.66615 15.278 0.006
4457.65950 15.293 0.006
4458.65084 15.271 0.006
4459.63876 15.272 0.006
4463.66321 15.276 0.006
4464.63696 15.265 0.006
4466.65288 15.276 0.006
4467.64730 15.277 0.006
4469.63406 15.282 0.006
4471.63607 15.285 0.006
4473.58866 15.277 0.006
4474.69026 15.270 0.006
4477.67571 15.272 0.006
4478.70394 15.279 0.006
4479.65710 15.276 0.006
4481.73304 15.284 0.006
4483.65722 15.272 0.006
4484.64661 15.282 0.006
4486.65603 15.247 0.006
4487.70939 15.263 0.006
4489.67390 15.265 0.006
4490.70493 15.270 0.006
4493.63345 15.266 0.006
4494.63415 15.276 0.006
4498.59124 15.261 0.006
4499.56588 15.278 0.006
4500.69867 15.269 0.006
4502.61222 15.278 0.006
4502.63582 15.270 0.006
4507.58802 15.262 0.006
4507.61174 15.267 0.006
4509.58112 15.282 0.006
4509.60567 15.281 0.006
4520.54371 15.257 0.006
4520.57107 15.278 0.006
4520.57912 15.273 0.006
4523.51051 15.277 0.006
4530.50598 15.278 0.006
4531.52954 15.265 0.006
4533.52769 15.290 0.006
4537.52340 15.273 0.006
4538.57170 15.267 0.006
4540.52209 15.261 0.006
4540.54710 15.275 0.006
4544.49297 15.279 0.007
4547.58850 15.273 0.006
4558.53875 15.264 0.006
4564.48462 15.284 0.006
4570.52630 15.267 0.006
4583.46227 15.292 0.007
4598.46659 15.257 0.006
4672.92794 15.285 0.006
4675.93051 15.297 0.006
4677.91100 15.282 0.006
4691.83155 15.275 0.006
4703.89716 15.270 0.006
4704.86230 15.282 0.006
4716.85231 15.280 0.006
4722.79017 15.280 0.006
4726.78881 15.274 0.006
4731.83281 15.275 0.006
4747.78160 15.269 0.006
4750.85518 15.285 0.006
4755.86551 15.270 0.006
4759.79981 15.267 0.006
4762.75964 15.267 0.006
4768.73770 15.276 0.006
4771.77954 15.281 0.006
4774.73156 15.284 0.006
4776.81335 15.278 0.006
4779.85019 15.268 0.006
4783.71629 15.282 0.006
4787.85727 15.284 0.006
4790.82622 15.273 0.006
4793.72948 15.287 0.006
4795.74382 15.269 0.006
4799.70518 15.270 0.006
4802.71292 15.275 0.006
4805.68182 15.281 0.006
4807.69512 15.284 0.006
4810.69355 15.271 0.006
4813.68037 15.277 0.006
4815.68511 15.278 0.006
4817.69116 15.281 0.006
4819.68360 15.277 0.006
4821.74778 15.278 0.006
4825.73607 15.287 0.006
4831.78089 15.283 0.006
4834.71122 15.270 0.006
4836.71366 15.286 0.006
4840.64170 15.273 0.006
4842.63965 15.274 0.006
4844.63824 15.266 0.006
4847.70568 15.281 0.006
4849.69834 15.281 0.006
4851.71071 15.284 0.006
4853.70337 15.274 0.006
4855.69090 15.275 0.006
4863.62288 15.275 0.006
4866.63597 15.276 0.006
4869.58770 15.279 0.006
4871.61790 15.281 0.006
4873.61322 15.274 0.006
4875.54683 15.267 0.006
4875.62914 15.278 0.006
4877.51880 15.275 0.006
4878.57413 15.270 0.006
4881.57012 15.281 0.006
4882.62866 15.279 0.006
4884.56304 15.270 0.006
4887.59994 15.270 0.006
4899.64298 15.278 0.006
4900.52067 15.288 0.006
4905.54534 15.289 0.006
4915.52510 15.290 0.006
4919.51294 15.282 0.006
4925.52272 15.277 0.006
4929.49646 15.278 0.006
4933.52146 15.273 0.006
4936.49571 15.272 0.006
4940.51058 15.295 0.006
4945.50426 15.293 0.006
4951.48392 15.275 0.006
