2171.88583 15.039 0.005
2184.84473 15.039 0.005
2191.81558 15.031 0.005
2200.82520 15.039 0.005
2206.76135 15.038 0.005
2223.74845 15.023 0.005
2226.72401 15.027 0.005
2228.76769 15.032 0.005
2230.67945 15.044 0.005
2232.70122 15.038 0.005
2234.69428 15.033 0.005
2238.63884 15.030 0.005
2240.77393 15.027 0.005
2242.77576 15.037 0.005
2244.82654 15.037 0.005
2249.69891 15.030 0.005
2251.84464 15.030 0.005
2253.68490 15.018 0.005
2256.68995 15.024 0.005
2259.68192 15.049 0.005
2262.69205 15.036 0.005
2269.74832 15.015 0.005
2273.64345 15.030 0.005
2277.71504 15.037 0.005
2279.72441 15.040 0.005
2281.71651 15.029 0.005
2288.73084 15.026 0.005
2290.76562 15.033 0.005
2292.74046 15.032 0.005
2294.71249 15.043 0.005
2296.72969 15.033 0.005
2298.68580 15.029 0.005
2300.69778 15.039 0.006
2302.67369 15.032 0.005
2304.69566 15.044 0.005
2316.55808 15.034 0.005
2322.59168 15.023 0.005
2325.59810 15.026 0.006
2331.53458 15.049 0.006
2337.55715 15.024 0.005
2345.51695 15.024 0.006
2350.51906 15.029 0.005
2365.53632 15.028 0.006
2519.91220 15.043 0.005
2526.89040 15.042 0.005
2541.88468 15.024 0.005
2544.81141 15.038 0.005
2551.81132 15.043 0.005
2555.80631 15.021 0.005
2559.71930 15.027 0.005
2563.79317 15.033 0.005
2571.84931 15.012 0.005
2577.78780 15.051 0.005
2580.81655 15.051 0.005
2588.85728 15.008 0.005
2594.73380 15.048 0.006
2599.76500 15.033 0.005
2607.72944 15.028 0.005
2617.72106 15.027 0.005
2620.68574 15.027 0.005
2622.83218 15.039 0.005
2624.82595 15.031 0.005
2625.80719 15.035 0.005
2628.61117 15.025 0.005
2631.60948 15.028 0.005
2634.58821 15.028 0.005
2637.62639 15.041 0.005
2640.67241 15.053 0.005
2642.66458 15.025 0.005
2644.66147 15.027 0.005
2646.64913 15.030 0.005
2650.61620 15.053 0.005
2652.62761 15.043 0.005
2654.73971 15.041 0.005
2657.68698 15.029 0.005
2659.76019 15.030 0.006
2661.75945 15.029 0.005
2663.68633 15.030 0.006
2665.72957 15.033 0.005
2667.66010 15.034 0.005
2671.63770 15.031 0.005
2673.63654 15.033 0.005
2677.62750 15.046 0.005
2679.69073 15.042 0.005
2681.67797 15.032 0.005
2685.62500 15.033 0.005
2690.57865 15.023 0.005
2694.56954 15.038 0.005
2699.56884 15.037 0.005
2705.54255 15.034 0.005
2711.56919 15.032 0.005
2732.50593 15.049 0.006
2872.87424 15.031 0.005
2883.88770 15.063 0.005
2892.85286 15.016 0.006
2896.82733 15.027 0.005
2905.90448 15.037 0.006
2910.81946 15.013 0.005
2915.82028 15.031 0.005
2921.82250 15.018 0.005
2925.76583 15.035 0.005
2929.79451 15.035 0.005
2929.79900 15.039 0.005
2932.87672 15.021 0.005
2939.75560 15.041 0.005
2942.73379 15.044 0.005
2949.73791 15.032 0.005
2952.72896 15.033 0.005
2955.79054 15.039 0.006
2957.72314 15.037 0.005
2963.73088 15.041 0.005
2966.69780 15.025 0.005
2968.86151 15.035 0.005
2972.84896 15.032 0.005
2975.67086 15.052 0.005
2977.74163 15.044 0.005
2979.79369 15.034 0.005
2981.80111 15.045 0.006
2983.70182 15.043 0.005
2986.68407 15.021 0.005
2988.64879 15.025 0.005
2990.78245 15.014 0.005
2992.66695 15.020 0.005
2994.76324 15.023 0.005
2996.63923 15.038 0.005
2998.62079 15.050 0.005
3000.63887 15.052 0.005
3002.62359 15.045 0.005
3004.62647 15.047 0.005
3006.67552 15.019 0.005
3008.62655 15.032 0.006
3010.64680 15.018 0.005
3012.74218 15.025 0.005
3016.66080 15.031 0.005
3018.64621 15.047 0.005
3020.68722 15.051 0.006
3022.75282 15.018 0.005
3024.70120 15.022 0.005
3026.67025 15.020 0.005
3028.67576 15.022 0.005
3030.71107 15.028 0.005
3033.63152 15.032 0.005
3035.63928 15.035 0.005
3038.62280 15.040 0.006
3041.54579 15.037 0.005
3043.57527 15.030 0.006
3045.61435 15.028 0.005
3047.56882 15.036 0.005
3049.57376 15.027 0.005
3051.56598 15.040 0.005
3053.56236 15.037 0.005
3055.56105 15.039 0.005
3057.56024 15.047 0.005
3059.55884 15.037 0.005
3061.55310 15.023 0.005
3064.57599 15.018 0.005
3067.56385 15.014 0.005
3069.54886 15.020 0.005
3072.54713 15.048 0.005
3075.54770 15.058 0.005
3077.63239 15.048 0.005
3081.62386 15.037 0.005
3084.53070 15.037 0.005
3086.56969 15.044 0.005
3089.55453 15.056 0.005
3092.53977 15.062 0.006
3098.54073 15.034 0.005
3101.50468 15.038 0.005
3103.50146 15.040 0.005
3109.50356 15.043 0.005
3113.49166 15.049 0.006
3123.52459 15.035 0.005
3133.49818 15.045 0.005
3230.89717 15.058 0.005
3238.88076 15.029 0.005
3246.91253 15.042 0.005
3254.90062 15.028 0.005
3262.87511 15.052 0.005
3268.79842 15.031 0.005
3276.84010 15.054 0.005
3281.75331 15.045 0.005
3283.85312 15.047 0.005
3289.76666 15.041 0.005
3296.72055 15.030 0.005
3298.80063 15.044 0.005
3300.85659 15.039 0.005
3303.76381 15.006 0.005
3306.76531 15.027 0.005
3308.78199 15.032 0.005
3310.81435 15.041 0.005
3314.73568 15.041 0.005
3321.65616 15.047 0.005
3325.71793 15.018 0.005
3329.75054 15.035 0.005
3334.64677 15.047 0.005
3338.70017 15.043 0.005
3349.67757 15.044 0.005
3352.84409 15.029 0.005
3359.63862 15.044 0.005
3366.70055 15.044 0.005
3377.65713 15.050 0.005
3380.60509 15.049 0.005
3386.67155 15.020 0.005
3390.77663 15.045 0.005
3395.78057 15.049 0.005
3398.65385 15.038 0.005
3400.63351 15.040 0.005
3403.64307 15.039 0.005
3406.57690 15.035 0.005
3410.59494 15.033 0.005
3415.61729 15.029 0.005
3424.57992 15.040 0.005
3429.59483 15.036 0.005
3434.58420 15.040 0.005
3444.52067 15.039 0.005
3451.49964 15.054 0.005
3591.93142 15.028 0.005
3608.92385 15.046 0.005
3615.91760 15.032 0.005
3633.79035 15.024 0.005
3638.81957 15.042 0.005
3641.78968 15.038 0.005
3646.85714 15.035 0.005
3653.78756 15.046 0.005
3656.83992 15.031 0.005
3661.77538 15.047 0.005
3665.77858 15.044 0.005
3671.74462 15.034 0.005
3674.86672 15.041 0.005
3683.78257 15.057 0.005
3686.83044 15.025 0.005
3692.66842 15.051 0.005
3695.73245 15.045 0.005
3698.69015 15.029 0.005
3700.72951 15.034 0.005
3702.81712 15.030 0.005
3705.72391 15.044 0.005
3707.69898 15.041 0.005
3712.85414 15.038 0.005
3715.85199 15.040 0.005
3718.65367 15.049 0.005
3721.63684 15.044 0.005
3725.70405 15.056 0.005
3727.64839 15.043 0.005
3731.67877 15.039 0.005
3736.65968 15.046 0.005
3739.66301 15.048 0.005
3741.67805 15.060 0.005
3745.60883 15.032 0.005
3747.72187 15.042 0.005
3749.60461 15.057 0.005
3751.70878 15.054 0.005
3754.57054 15.057 0.005
3756.73669 15.054 0.005
3758.66079 15.038 0.005
3761.70816 15.042 0.005
3764.68526 15.049 0.005
3769.68367 15.038 0.005
3772.65156 15.041 0.005
3775.62271 15.039 0.005
3778.62193 15.043 0.005
3781.63528 15.053 0.005
3785.60563 15.054 0.005
3790.57436 15.058 0.005
3797.55411 15.046 0.005
3804.55058 15.042 0.005
3817.51739 15.036 0.005
3936.93811 15.056 0.005
3960.90011 15.054 0.005
3968.84428 15.035 0.005
3973.92543 15.027 0.005
3979.91124 15.036 0.005
3987.85596 15.033 0.005
3994.91098 15.037 0.005
4001.81879 15.051 0.005
4004.78954 15.047 0.005
4007.72212 15.037 0.005
4009.79528 15.043 0.005
4016.83304 15.038 0.005
4023.82422 15.032 0.005
4025.87514 15.026 0.005
4028.78498 15.028 0.005
4030.86235 15.035 0.005
4037.75618 15.034 0.005
4040.75119 15.030 0.005
4042.76737 15.042 0.005
4045.86902 15.040 0.006
4048.73074 15.047 0.005
4053.77266 15.045 0.005
4055.72243 15.061 0.005
4057.70133 15.046 0.005
4060.64040 15.039 0.005
4065.65852 15.030 0.005
4067.62405 15.046 0.005
4069.61372 15.048 0.005
4072.65167 15.037 0.005
4077.68383 15.040 0.005
4080.66804 15.040 0.005
4084.69764 15.033 0.005
4092.77907 15.030 0.005
4100.83444 15.055 0.005
4104.73968 15.024 0.005
4107.67577 15.035 0.005
4117.64138 15.034 0.005
4121.64236 15.046 0.005
4123.71308 15.041 0.005
4126.61406 15.047 0.005
4129.70292 15.053 0.005
4147.57933 15.045 0.005
4153.55816 15.043 0.006
4164.54054 15.026 0.005
4177.49884 15.034 0.005
4192.51721 15.044 0.006
4350.81967 15.045 0.005
4355.83989 15.034 0.005
4362.76870 15.036 0.005
4365.78127 15.040 0.006
4369.77677 15.032 0.006
4373.75225 15.040 0.005
4376.79177 15.049 0.006
4379.79729 15.044 0.005
4383.80233 15.034 0.005
4388.74224 15.031 0.005
4392.73872 15.032 0.005
4397.77569 15.044 0.005
4402.85316 15.030 0.005
4406.80336 15.039 0.006
4416.83057 15.034 0.005
4420.85222 15.022 0.005
4425.84835 15.026 0.005
4431.72558 15.037 0.005
4435.78456 15.036 0.005
4439.76910 15.039 0.005
4441.84952 15.035 0.005
4444.68580 15.037 0.005
4450.70154 15.052 0.006
4453.68416 15.040 0.005
4456.68696 15.029 0.005
4458.67162 15.026 0.005
4463.68396 15.039 0.005
4466.67370 15.033 0.005
4469.65485 15.052 0.005
4473.60948 15.045 0.005
4477.69651 15.046 0.005
4479.67796 15.043 0.005
4483.67806 15.024 0.005
4486.67686 15.017 0.005
4489.69479 15.038 0.006
4493.65604 15.037 0.005
4498.61092 15.038 0.005
4500.73392 15.029 0.005
4502.66055 15.039 0.005
4507.60773 15.034 0.005
4509.60086 15.034 0.005
4515.57260 15.035 0.005
4520.57513 15.038 0.005
4523.58328 15.045 0.005
4525.58877 15.048 0.005
4531.55054 15.032 0.005
4534.54076 15.020 0.005
4538.59919 15.030 0.005
4540.54317 15.039 0.005
4543.63441 15.037 0.005
4549.51836 15.046 0.005
4559.50881 15.043 0.005
4566.50959 15.035 0.005
4571.50158 15.034 0.005
4589.48352 15.045 0.006
4672.92431 15.049 0.005
4690.93000 15.044 0.005
4703.89363 15.043 0.005
4715.88861 15.040 0.005
4722.78650 15.041 0.005
4726.78384 15.041 0.005
4731.82717 15.033 0.005
4743.83861 15.025 0.005
4750.84301 15.047 0.005
4755.86163 15.043 0.005
4759.79587 15.034 0.005
4762.75569 15.037 0.005
4768.73376 15.036 0.005
4771.77536 15.035 0.005
4774.69807 15.038 0.005
4776.80924 15.038 0.005
4779.84622 15.035 0.005
4783.71227 15.039 0.005
4787.72811 15.043 0.005
4790.72229 15.033 0.005
4793.72514 15.033 0.005
4795.70351 15.036 0.005
4799.70103 15.036 0.005
4802.70884 15.029 0.005
4805.66649 15.015 0.005
4807.75690 15.021 0.005
4810.68907 15.031 0.005
4813.66773 15.036 0.005
4815.68089 15.031 0.005
4817.68706 15.024 0.005
4819.67927 15.029 0.005
4821.71635 15.020 0.005
4825.73190 15.024 0.005
4831.77661 15.032 0.005
4834.69688 15.028 0.005
4836.70907 15.032 0.005
4839.69047 15.014 0.005
4841.69510 15.033 0.005
4843.70108 15.042 0.005
4846.66573 15.037 0.005
4848.69288 15.052 0.005
4850.68502 15.030 0.005
4854.66724 15.026 0.005
4856.67343 15.019 0.005
4859.65133 15.019 0.005
4865.66996 15.032 0.005
4868.65500 15.039 0.005
4870.62009 15.030 0.005
4874.55071 15.025 0.005
4876.54061 15.027 0.005
4879.62868 15.031 0.005
4882.62484 15.021 0.005
4884.54742 15.041 0.005
4887.58038 15.025 0.005
4901.62427 15.038 0.005
4911.59972 15.033 0.005
4915.52127 15.046 0.005
4918.53763 15.031 0.005
4924.55233 15.026 0.005
4928.54805 15.041 0.005
4933.51802 15.026 0.005
4937.51465 15.036 0.005
4941.53106 15.033 0.005
4953.48341 15.034 0.005
