2171.86025 13.825 0.005
2183.81956 13.832 0.005
2184.81907 13.830 0.005
2188.86966 13.844 0.005
2191.78070 13.858 0.005
2200.80028 13.866 0.005
2206.73541 13.869 0.005
2216.86528 13.845 0.005
2223.72415 13.835 0.005
2226.70028 13.842 0.005
2228.74403 13.841 0.005
2230.65552 13.844 0.005
2232.67735 13.844 0.005
2234.67007 13.848 0.005
2238.61456 13.841 0.005
2240.74623 13.847 0.005
2242.75197 13.848 0.005
2244.80275 13.849 0.005
2249.67100 13.846 0.005
2252.63445 13.849 0.005
2253.65889 13.853 0.005
2256.66348 13.853 0.005
2259.65801 13.857 0.005
2262.66320 13.855 0.005
2269.72435 13.854 0.005
2272.62913 13.861 0.005
2276.63988 13.872 0.005
2279.63934 13.868 0.005
2281.68716 13.887 0.005
2283.71741 13.881 0.005
2288.70294 13.904 0.005
2290.74081 13.894 0.005
2292.71097 13.897 0.005
2294.68179 13.899 0.005
2296.70073 13.894 0.005
2298.72226 13.894 0.005
2300.67390 13.887 0.005
2302.64754 13.868 0.005
2304.65223 13.871 0.005
2315.57556 13.811 0.005
2322.55390 13.812 0.005
2325.56765 13.816 0.005
2330.57636 13.834 0.005
2337.52818 13.863 0.005
2343.52642 13.888 0.005
2353.52028 13.880 0.005
2370.52314 13.852 0.005
2519.88522 13.843 0.005
2526.85729 13.849 0.005
2540.86542 13.864 0.005
2544.78560 13.869 0.005
2550.90342 13.872 0.005
2554.87810 13.878 0.005
2558.87980 13.893 0.005
2571.82531 13.887 0.005
2577.76397 13.898 0.005
2580.79276 13.886 0.005
2588.83035 13.884 0.005
2593.81949 13.887 0.005
2599.73934 13.873 0.005
2607.70360 13.842 0.005
2620.63026 13.850 0.005
2622.80602 13.855 0.005
2624.80067 13.864 0.005
2626.61358 13.870 0.005
2629.61019 13.882 0.005
2634.56439 13.878 0.005
2637.60227 13.883 0.005
2640.64194 13.865 0.005
2642.64017 13.856 0.005
2644.63041 13.849 0.005
2649.65400 13.847 0.005
2651.70287 13.841 0.005
2654.65512 13.843 0.005
2656.73338 13.848 0.005
2658.72299 13.855 0.005
2661.73452 13.859 0.005
2663.63820 13.873 0.005
2665.66775 13.872 0.005
2667.62865 13.882 0.005
2669.67484 13.899 0.005
2671.60385 13.891 0.005
2673.60776 13.902 0.005
2675.60577 13.895 0.005
2677.60363 13.898 0.005
2679.63056 13.897 0.005
2681.65238 13.898 0.005
2685.59210 13.895 0.005
2690.54628 13.872 0.005
2694.54403 13.869 0.005
2698.60585 13.878 0.005
2704.58842 13.864 0.005
2711.54359 13.855 0.005
2731.49777 13.846 0.005
2879.89061 13.902 0.005
2884.83649 13.902 0.005
2888.86920 13.884 0.005
2893.86054 13.867 0.005
2897.82218 13.859 0.005
2903.86812 13.853 0.005
2906.81680 13.857 0.005
2910.78988 13.867 0.005
2915.79385 13.888 0.005
2921.79574 13.901 0.005
2924.88545 13.904 0.005
2929.88317 13.892 0.005
2932.85125 13.881 0.005
2941.82801 13.865 0.005
2943.70242 13.860 0.005
2946.72914 13.862 0.005
2949.71280 13.865 0.005
2952.70374 13.860 0.005
2955.76537 13.869 0.005
2957.69792 13.864 0.005
2963.70558 13.879 0.005
2966.67107 13.887 0.005
2968.83411 13.891 0.005
2971.84626 13.900 0.005
2975.64522 13.897 0.005
2979.76791 13.892 0.005
2983.67559 13.880 0.005
2985.85661 13.875 0.005
2988.62048 13.868 0.005
2990.81169 13.859 0.005
2994.73806 13.848 0.005
2997.62282 13.846 0.005
2999.64061 13.843 0.005
3001.61852 13.842 0.005
3003.64750 13.833 0.005
3005.67690 13.836 0.005
3007.62950 13.845 0.005
3009.62731 13.836 0.005
3011.65954 13.848 0.005
3013.63502 13.849 0.005
3016.63549 13.846 0.005
3018.62064 13.846 0.005
3020.66176 13.855 0.005
3022.69375 13.858 0.005
3024.67582 13.855 0.005
3026.64491 13.868 0.005
3028.65032 13.859 0.005
3030.68564 13.859 0.005
3032.78938 13.862 0.005
3035.61399 13.864 0.005
3037.62076 13.858 0.005
3040.61831 13.860 0.005
3042.58011 13.860 0.005
3045.58896 13.858 0.005
3047.54081 13.858 0.005
3049.54631 13.863 0.005
3051.53994 13.864 0.005
3053.53693 13.866 0.005
3055.53519 13.865 0.005
3057.53509 13.877 0.005
3059.53319 13.878 0.005
3060.52678 13.877 0.005
3061.52786 13.872 0.005
3064.54033 13.869 0.005
3067.53793 13.867 0.005
3069.52223 13.861 0.005
3072.51668 13.864 0.005
3075.52191 13.859 0.005
3077.60707 13.849 0.005
3081.59832 13.845 0.005
3083.60543 13.829 0.005
3086.54274 13.834 0.005
3089.52865 13.831 0.005
3092.51130 13.839 0.005
3098.50837 13.837 0.005
3101.52985 13.840 0.005
3104.50133 13.834 0.005
3108.49835 13.838 0.005
3112.49371 13.842 0.005
3115.52042 13.828 0.005
3123.49930 13.837 0.005
3133.47305 13.847 0.005
3230.87170 13.858 0.005
3246.88751 13.870 0.005
3254.87525 13.859 0.005
3261.90806 13.849 0.005
3272.88772 13.847 0.005
3275.88665 13.847 0.005
3280.88613 13.872 0.005
3283.82643 13.871 0.005
3289.73936 13.872 0.005
3294.74600 13.869 0.005
3296.69446 13.861 0.005
3298.77553 13.858 0.005
3300.83141 13.852 0.005
3303.73867 13.853 0.005
3306.74013 13.851 0.005
3308.75675 13.846 0.005
3310.78926 13.853 0.005
3314.71049 13.859 0.005
3321.63099 13.878 0.005
3328.84027 13.871 0.005
3335.85051 13.862 0.005
3340.82968 13.865 0.005
3349.65243 13.864 0.005
3353.64526 13.870 0.005
3356.63893 13.874 0.005
3360.65214 13.870 0.005
3369.67075 13.845 0.005
3377.63180 13.839 0.005
3381.63040 13.860 0.005
3386.64218 13.868 0.005
3390.64521 13.883 0.005
3395.75524 13.887 0.005
3398.62275 13.880 0.005
3400.60826 13.884 0.005
3403.61701 13.869 0.005
3406.54646 13.868 0.005
3410.56994 13.862 0.005
3415.55000 13.864 0.005
3421.61536 13.881 0.005
3429.56747 13.893 0.005
3434.55552 13.884 0.005
3442.52732 13.855 0.005
3450.52911 13.831 0.005
3569.93897 13.884 0.005
3592.89121 13.852 0.005
3608.89803 13.875 0.005
3614.88087 13.865 0.005
3621.91332 13.860 0.005
3628.89275 13.853 0.005
3633.76384 13.851 0.005
3639.76950 13.848 0.005
3641.76336 13.852 0.005
3646.82441 13.850 0.005
3652.87606 13.851 0.005
3656.81465 13.856 0.005
3661.75001 13.857 0.005
3665.75337 13.849 0.005
3671.71928 13.854 0.005
3674.84139 13.852 0.005
3683.75719 13.853 0.005
3686.80326 13.851 0.005
3689.72019 13.861 0.005
3692.64178 13.868 0.005
3695.70726 13.875 0.005
3698.65944 13.889 0.005
3700.70436 13.886 0.005
3702.79195 13.875 0.005
3705.69627 13.872 0.005
3707.67402 13.880 0.005
3713.63558 13.876 0.005
3716.71009 13.872 0.005
3720.65652 13.877 0.005
3724.71314 13.875 0.005
3727.62202 13.886 0.005
3731.62363 13.888 0.005
3736.63425 13.886 0.005
3739.60890 13.889 0.005
3742.65949 13.881 0.005
3745.74820 13.886 0.005
3748.60847 13.882 0.005
3750.63439 13.878 0.005
3752.58905 13.881 0.005
3755.60086 13.873 0.005
3758.60550 13.861 0.005
3760.74033 13.858 0.005
3762.61762 13.866 0.005
3766.59910 13.866 0.005
3769.60010 13.864 0.005
3772.62470 13.862 0.005
3775.59595 13.863 0.005
3778.59666 13.872 0.005
3781.60772 13.879 0.005
3785.58031 13.870 0.005
3790.54911 13.860 0.005
3796.58951 13.856 0.005
3804.52532 13.857 0.005
3816.53053 13.865 0.005
3935.92077 13.842 0.005
3960.87483 13.827 0.005
3967.90420 13.828 0.005
3973.89965 13.827 0.005
3979.88360 13.828 0.005
3987.82976 13.817 0.005
3994.88239 13.814 0.005
4004.76475 13.815 0.005
4008.71976 13.826 0.005
4011.88283 13.830 0.005
4016.89145 13.832 0.005
4021.83984 13.853 0.005
4025.85009 13.865 0.005
4028.76008 13.873 0.005
4030.83178 13.870 0.005
4037.73140 13.856 0.005
4040.72631 13.837 0.005
4042.74267 13.824 0.005
4045.84198 13.809 0.005
4048.70564 13.812 0.005
4050.77837 13.814 0.005
4053.74786 13.822 0.005
4055.69758 13.810 0.005
4057.67643 13.830 0.005
4060.61545 13.838 0.005
4065.63291 13.862 0.005
4068.64862 13.866 0.005
4070.64505 13.863 0.005
4073.80443 13.853 0.005
4077.65778 13.850 0.005
4080.64059 13.850 0.005
4084.67137 13.845 0.005
4092.74815 13.829 0.005
4100.80841 13.855 0.005
4104.71323 13.872 0.005
4107.65080 13.876 0.005
4117.61635 13.896 0.005
4121.61729 13.872 0.005
4123.59412 13.865 0.005
4125.70543 13.854 0.005
4129.67794 13.834 0.005
4144.55873 13.846 0.005
4153.53287 13.866 0.005
4161.57086 13.862 0.005
4176.51238 13.848 0.005
4345.83975 13.857 0.005
4349.90081 13.859 0.005
4355.81486 13.857 0.005
4361.80059 13.869 0.005
4364.78472 13.868 0.005
4368.88403 13.877 0.005
4371.74756 13.879 0.005
4376.76683 13.883 0.005
4379.77253 13.880 0.005
4383.77738 13.875 0.005
4391.87797 13.858 0.005
4397.74964 13.860 0.005
4402.82818 13.873 0.005
4406.77850 13.884 0.005
4409.84762 13.886 0.005
4416.71482 13.884 0.005
4420.82734 13.884 0.005
4424.84705 13.887 0.005
4428.82550 13.891 0.005
4431.75032 13.891 0.005
4435.72017 13.896 0.005
4438.84814 13.885 0.005
4441.81829 13.881 0.005
4444.66080 13.875 0.005
4450.67444 13.868 0.005
4453.65921 13.864 0.005
4456.66191 13.849 0.005
4458.64633 13.847 0.005
4462.66098 13.839 0.005
4467.64307 13.848 0.005
4471.63150 13.853 0.005
4474.81559 13.859 0.005
4478.67071 13.863 0.005
4482.69552 13.867 0.005
4485.67726 13.872 0.005
4487.67422 13.872 0.005
4492.73871 13.873 0.005
4497.66679 13.877 0.005
4499.68920 13.879 0.005
4502.60814 13.878 0.005
4507.58414 13.889 0.005
4509.57724 13.886 0.005
4515.54387 13.898 0.005
4520.53790 13.896 0.005
4523.55630 13.880 0.005
4525.52848 13.893 0.005
4531.52560 13.886 0.005
4537.51941 13.871 0.005
4540.51801 13.869 0.005
4543.60767 13.870 0.005
4547.51285 13.861 0.005
4556.51150 13.858 0.005
4561.51492 13.864 0.005
4570.49559 13.847 0.005
4581.49157 13.851 0.005
4690.87637 13.877 0.005
4702.89005 13.875 0.005
4715.86010 13.863 0.005
4721.83708 13.861 0.005
4726.75899 13.852 0.005
4730.89810 13.840 0.005
4743.81154 13.844 0.005
4750.81772 13.844 0.005
4755.83651 13.852 0.005
4758.87531 13.856 0.005
4762.73082 13.867 0.005
4768.70878 13.878 0.005
4771.75049 13.881 0.005
4773.84258 13.884 0.005
4776.78436 13.877 0.005
4779.75547 13.869 0.005
4783.68712 13.865 0.005
4787.70321 13.853 0.005
4789.84785 13.858 0.005
4792.72756 13.844 0.005
4795.67846 13.845 0.005
4799.67605 13.847 0.005
4802.68382 13.854 0.005
4805.63190 13.864 0.005
4807.66086 13.865 0.005
4810.64750 13.879 0.005
4813.64273 13.877 0.005
4815.65599 13.881 0.005
4817.66205 13.875 0.005
4819.65437 13.883 0.005
4821.69118 13.874 0.005
4825.70688 13.869 0.005
4831.75165 13.847 0.005
4834.67207 13.841 0.005
4836.68178 13.840 0.005
4838.67578 13.829 0.005
4841.66944 13.838 0.005
4843.67056 13.834 0.005
4845.68490 13.844 0.005
4847.70133 13.842 0.005
4849.69407 13.837 0.005
4853.69904 13.846 0.005
4855.68656 13.842 0.005
4863.61504 13.843 0.005
4867.63442 13.845 0.005
4869.57576 13.843 0.005
4871.61386 13.843 0.005
4873.60939 13.841 0.005
4875.54272 13.847 0.005
4879.60375 13.860 0.005
4882.59993 13.856 0.005
4883.68964 13.863 0.005
4887.55480 13.861 0.005
4899.63901 13.853 0.005
4903.59441 13.859 0.005
4913.55520 13.859 0.005
4917.54258 13.857 0.005
4921.53956 13.855 0.005
4927.53543 13.848 0.005
4931.54292 13.854 0.005
4935.50944 13.846 0.005
4939.51654 13.841 0.005
4944.52893 13.840 0.005
4950.50919 13.842 0.005
