2165.84172 15.296 0.006
2171.86412 15.298 0.005
2183.82360 15.294 0.006
2184.82308 15.298 0.006
2188.87359 15.307 0.006
2191.78470 15.299 0.005
2200.80531 15.302 0.005
2206.74148 15.308 0.006
2216.86891 15.299 0.006
2223.72862 15.296 0.005
2226.70420 15.302 0.006
2228.74792 15.294 0.006
2230.65965 15.289 0.006
2232.68142 15.278 0.005
2234.67452 15.287 0.006
2240.75416 15.304 0.006
2244.80681 15.290 0.006
2249.67501 15.291 0.005
2251.82492 15.289 0.005
2253.66515 15.292 0.005
2256.66946 15.291 0.006
2259.66215 15.307 0.005
2262.66741 15.301 0.006
2269.72858 15.300 0.006
2273.61991 15.308 0.006
2277.67809 15.314 0.005
2279.70463 15.304 0.005
2281.69672 15.308 0.005
2283.72249 15.305 0.005
2288.71105 15.309 0.005
2290.74580 15.312 0.006
2292.72062 15.299 0.006
2294.68827 15.302 0.006
2296.70984 15.291 0.006
2298.66592 15.285 0.006
2300.67798 15.290 0.006
2302.65382 15.290 0.006
2304.65724 15.302 0.006
2316.52921 15.298 0.006
2322.57004 15.307 0.006
2325.57393 15.301 0.006
2331.51292 15.311 0.007
2337.53547 15.306 0.006
2345.49522 15.309 0.008
2350.49726 15.290 0.006
2365.51395 15.305 0.007
2400.51316 15.287 0.006
2519.88910 15.284 0.006
2526.86870 15.287 0.006
2541.86301 15.288 0.006
2544.78976 15.305 0.006
2551.78975 15.305 0.006
2554.88219 15.297 0.006
2558.88383 15.293 0.006
2563.77162 15.288 0.006
2571.82947 15.296 0.006
2577.76800 15.291 0.006
2580.79673 15.293 0.006
2588.83490 15.284 0.005
2594.71242 15.277 0.006
2599.74367 15.301 0.006
2607.70812 15.306 0.006
2617.69654 15.290 0.006
2620.66470 15.292 0.006
2622.81124 15.294 0.006
2624.80495 15.291 0.006
2625.78618 15.286 0.006
2628.59012 15.300 0.006
2631.58976 15.298 0.006
2634.56847 15.299 0.006
2640.65264 15.285 0.006
2642.64482 15.290 0.006
2644.63456 15.275 0.006
2646.62934 15.264 0.006
2650.59513 15.300 0.006
2652.60781 15.301 0.006
2654.71203 15.296 0.006
2657.65914 15.295 0.006
2659.74037 15.296 0.006
2661.73963 15.304 0.006
2663.66648 15.308 0.006
2665.70976 15.294 0.005
2667.63253 15.298 0.006
2669.67909 15.306 0.006
2671.60791 15.300 0.005
2673.61240 15.293 0.006
2675.60971 15.294 0.006
2677.60761 15.293 0.006
2679.67085 15.292 0.006
2681.65679 15.308 0.006
2685.60373 15.296 0.006
2690.55332 15.300 0.006
2694.54827 15.309 0.006
2699.51434 15.289 0.006
2705.52109 15.293 0.006
2711.54778 15.293 0.006
2731.50212 15.285 0.006
2872.85272 15.305 0.006
2883.86625 15.305 0.006
2886.83492 15.306 0.006
2892.83145 15.285 0.006
2896.80593 15.299 0.006
2900.89424 15.296 0.005
2905.88317 15.300 0.006
2910.79370 15.290 0.006
2915.79912 15.303 0.006
2921.80133 15.291 0.006
2925.74463 15.298 0.006
2929.77054 15.299 0.006
2932.85558 15.286 0.006
2939.73446 15.298 0.006
2942.71265 15.295 0.006
2946.73324 15.299 0.006
2949.71686 15.297 0.006
2952.70791 15.303 0.006
2955.76952 15.300 0.006
2957.70215 15.304 0.006
2960.72760 15.300 0.005
2960.82433 15.310 0.006
2963.70988 15.295 0.006
2966.67680 15.297 0.006
2968.84061 15.299 0.006
2972.67645 15.285 0.006
2975.64991 15.294 0.006
2977.72065 15.294 0.006
2979.77269 15.305 0.006
2981.78007 15.316 0.007
2983.68082 15.303 0.006
2986.66312 15.293 0.006
2988.62908 15.296 0.006
2990.75862 15.293 0.005
2992.64048 15.307 0.006
2994.74231 15.286 0.005
2996.61770 15.290 0.005
2998.59983 15.289 0.006
3000.61795 15.286 0.006
3002.60259 15.290 0.006
3004.60547 15.283 0.006
3006.65452 15.289 0.006
3008.60559 15.290 0.006
3010.62577 15.305 0.006
3012.72115 15.301 0.006
3016.63976 15.284 0.006
3018.62516 15.287 0.006
3020.66622 15.308 0.006
3022.73179 15.313 0.005
3024.68014 15.300 0.006
3026.64916 15.286 0.005
3028.65469 15.280 0.005
3030.68998 15.301 0.005
3033.60625 15.289 0.005
3035.61821 15.289 0.006
3038.59908 15.295 0.006
3041.52469 15.302 0.006
3043.55409 15.292 0.006
3045.59324 15.284 0.005
3047.54765 15.293 0.006
3049.55224 15.295 0.006
3051.54484 15.289 0.006
3053.54112 15.291 0.006
3055.53985 15.289 0.005
3057.53904 15.276 0.005
3059.53762 15.278 0.005
3061.53184 15.297 0.006
3064.55474 15.306 0.006
3067.54258 15.299 0.006
3069.52754 15.280 0.005
3072.52578 15.279 0.006
3075.52637 15.298 0.006
3077.61106 15.305 0.006
3081.60253 15.291 0.005
3084.50881 15.297 0.005
3086.54730 15.297 0.006
3089.53310 15.291 0.005
3092.51716 15.294 0.006
3098.51448 15.292 0.006
3101.48314 15.290 0.006
3103.47994 15.294 0.006
3109.48207 15.291 0.005
3113.47011 15.279 0.006
3123.50298 15.288 0.006
3133.47655 15.288 0.006
3230.87569 15.282 0.005
3238.85925 15.301 0.006
3246.89113 15.295 0.006
3254.87930 15.280 0.005
3262.85393 15.303 0.005
3268.77714 15.295 0.005
3272.89180 15.301 0.005
3275.89059 15.301 0.005
3280.89017 15.281 0.005
3283.83195 15.288 0.005
3289.74547 15.297 0.005
3294.75008 15.293 0.005
3296.69946 15.304 0.005
3298.77957 15.282 0.005
3300.83553 15.278 0.005
3303.74278 15.284 0.005
3306.74422 15.273 0.005
3308.76100 15.282 0.005
3310.79335 15.283 0.005
3314.71468 15.266 0.006
3321.63514 15.273 0.005
3325.69689 15.288 0.005
3329.72957 15.278 0.005
3334.62578 15.281 0.006
3338.67920 15.282 0.005
3349.65664 15.295 0.005
3352.79773 15.285 0.005
3355.69648 15.289 0.005
3359.61683 15.294 0.005
3366.67960 15.261 0.005
3377.63610 15.294 0.005
3379.74334 15.285 0.005
3386.64640 15.266 0.005
3390.75556 15.289 0.005
3395.75955 15.275 0.006
3398.63276 15.279 0.005
3400.61244 15.300 0.006
3403.62193 15.290 0.005
3406.55071 15.282 0.005
3406.60941 15.281 0.005
3410.57404 15.283 0.005
3414.56233 15.272 0.006
3415.59629 15.270 0.005
3422.52205 15.279 0.005
3429.57381 15.288 0.005
3434.56310 15.276 0.005
3444.49952 15.294 0.006
3450.53335 15.275 0.005
3569.94253 15.293 0.006
3591.91014 15.287 0.005
3608.90261 15.281 0.005
3615.89638 15.281 0.005
3628.89658 15.284 0.005
3633.76925 15.286 0.006
3638.79851 15.291 0.005
3641.76860 15.286 0.005
3646.82830 15.281 0.005
3652.88819 15.291 0.005
3656.81875 15.281 0.005
3661.75418 15.270 0.005
3665.75746 15.283 0.005
3671.72348 15.297 0.005
3674.84563 15.284 0.005
3683.76149 15.286 0.005
3686.80941 15.290 0.005
3689.72432 15.288 0.005
3692.64741 15.293 0.005
3695.71141 15.295 0.005
3698.66914 15.278 0.006
3700.70852 15.285 0.005
3702.79608 15.287 0.005
3705.70289 15.278 0.005
3707.67791 15.273 0.005
3712.83316 15.291 0.005
3715.83096 15.286 0.005
3718.63268 15.294 0.006
3721.61588 15.303 0.006
3725.68307 15.289 0.005
3727.62740 15.289 0.005
3731.65774 15.281 0.005
3736.63861 15.280 0.005
3739.64197 15.282 0.005
3741.65693 15.293 0.005
3745.58767 15.310 0.005
3747.70086 15.297 0.006
3749.58356 15.294 0.006
3751.68769 15.299 0.005
3754.54949 15.299 0.006
3756.71561 15.301 0.005
3758.63971 15.298 0.005
3761.68701 15.299 0.005
3764.66415 15.290 0.005
3769.66250 15.292 0.005
3772.63036 15.302 0.005
3775.60150 15.303 0.005
3778.60070 15.285 0.005
3781.61407 15.301 0.005
3785.58438 15.284 0.006
3790.55312 15.277 0.005
3797.53276 15.302 0.005
3804.52922 15.311 0.006
3817.49595 15.295 0.006
3935.92950 15.280 0.005
3960.87887 15.294 0.005
3967.92666 15.278 0.005
3973.90426 15.283 0.005
3979.89009 15.287 0.005
3987.83486 15.297 0.005
3994.88990 15.282 0.005
4001.79780 15.286 0.005
4004.76852 15.298 0.005
4007.70115 15.288 0.005
4009.77434 15.292 0.005
4014.74905 15.294 0.005
4016.81211 15.284 0.005
4021.84386 15.283 0.005
4025.85426 15.285 0.005
4028.76412 15.288 0.005
4030.83825 15.289 0.005
4037.73535 15.285 0.005
4040.73038 15.292 0.005
4042.74659 15.285 0.005
4045.84820 15.290 0.006
4048.70998 15.274 0.005
4050.78232 15.297 0.005
4053.75193 15.287 0.005
4055.70172 15.289 0.005
4057.68057 15.297 0.005
4060.61967 15.304 0.005
4065.63777 15.295 0.005
4067.60329 15.287 0.005
4069.59305 15.283 0.005
4072.63093 15.287 0.005
4077.66305 15.278 0.005
4080.64729 15.292 0.005
4084.67694 15.297 0.005
4092.75833 15.283 0.005
4100.81367 15.292 0.005
4104.71891 15.271 0.005
4107.65501 15.283 0.005
4117.62051 15.287 0.005
4121.62154 15.287 0.005
4123.66750 15.283 0.005
4126.59326 15.303 0.005
4129.68206 15.290 0.005
4146.53460 15.300 0.006
4153.53715 15.298 0.006
4163.51929 15.304 0.006
4176.51643 15.291 0.006
4192.49594 15.302 0.006
4316.92653 15.307 0.006
4345.84345 15.296 0.006
4350.79672 15.297 0.006
4355.81869 15.299 0.006
4362.74760 15.283 0.006
4365.74254 15.298 0.007
4369.75571 15.304 0.006
4373.73123 15.299 0.006
4376.77072 15.293 0.006
4379.77635 15.291 0.006
4383.78141 15.295 0.006
4392.71781 15.299 0.005
4397.75480 15.302 0.006
4402.83231 15.300 0.006
4406.78249 15.294 0.006
4409.85503 15.294 0.006
4416.80979 15.281 0.006
4420.83149 15.288 0.006
4424.85828 15.297 0.006
4428.85087 15.303 0.007
4431.70473 15.301 0.006
4435.72441 15.299 0.006
4438.85581 15.281 0.006
4441.82877 15.289 0.006
4444.66500 15.297 0.006
4450.67940 15.287 0.006
4453.66340 15.295 0.006
4456.66615 15.307 0.006
4458.65084 15.298 0.006
4463.66321 15.300 0.005
4466.65288 15.299 0.006
4469.63406 15.297 0.006
4473.58866 15.301 0.006
4477.67571 15.301 0.006
4479.65710 15.297 0.005
4483.65722 15.291 0.006
4486.65603 15.291 0.006
4489.67390 15.301 0.006
4493.63345 15.302 0.006
4498.59124 15.286 0.005
4500.69867 15.290 0.006
4502.63582 15.294 0.006
4507.58802 15.298 0.005
4509.58112 15.296 0.006
4515.54792 15.300 0.006
4520.54371 15.313 0.006
4520.57107 15.302 0.006
4523.56106 15.299 0.006
4525.56130 15.297 0.005
4531.52954 15.299 0.006
4534.50053 15.299 0.007
4538.57170 15.291 0.006
4540.52209 15.294 0.006
4543.61200 15.284 0.006
4549.49177 15.298 0.006
4559.48749 15.300 0.006
4566.48588 15.292 0.006
4571.48027 15.287 0.006
4589.46210 15.298 0.007
4672.90288 15.303 0.006
4690.90875 15.301 0.006
4703.87239 15.306 0.006
4715.86744 15.304 0.006
4721.89824 15.294 0.005
4726.76278 15.302 0.006
4730.90400 15.299 0.006
4731.80610 15.300 0.006
4743.81761 15.297 0.005
4750.82203 15.304 0.005
4755.84071 15.292 0.006
4759.77495 15.281 0.005
4762.73483 15.283 0.005
4768.71290 15.299 0.005
4771.75451 15.287 0.005
4774.67722 15.289 0.005
4776.78848 15.292 0.006
4779.82545 15.291 0.005
4783.69146 15.294 0.005
4787.70734 15.290 0.006
4789.85395 15.296 0.005
4793.70443 15.294 0.006
4795.68273 15.288 0.005
4799.68024 15.286 0.005
4802.68808 15.289 0.005
4805.64575 15.282 0.005
4807.73617 15.296 0.005
4810.66835 15.288 0.005
4813.64694 15.296 0.006
4815.66016 15.296 0.006
4817.66630 15.287 0.005
4819.65854 15.289 0.005
4821.69554 15.282 0.005
4825.71112 15.295 0.005
4831.75587 15.290 0.005
4834.67611 15.286 0.005
4836.68567 15.294 0.006
4839.66968 15.286 0.005
4841.67434 15.288 0.005
4843.68023 15.288 0.006
4845.68921 15.299 0.006
4846.64488 15.295 0.005
4848.67197 15.288 0.005
4850.66417 15.290 0.005
4852.64568 15.300 0.006
4854.64580 15.284 0.005
4856.65254 15.293 0.005
4859.63046 15.301 0.005
4864.59748 15.290 0.005
4865.64907 15.305 0.006
4868.63412 15.312 0.005
4870.59911 15.285 0.005
4872.62877 15.288 0.006
4874.52980 15.287 0.005
4876.51965 15.294 0.006
4879.60770 15.300 0.005
4882.60381 15.302 0.006
4884.52646 15.303 0.006
4887.55935 15.290 0.005
4901.60322 15.305 0.006
4911.57852 15.293 0.006
4915.50005 15.299 0.006
4918.51636 15.287 0.006
4924.53224 15.291 0.005
4928.52792 15.292 0.006
4933.49788 15.301 0.006
4937.49450 15.304 0.005
4941.51091 15.280 0.006
4946.51032 15.288 0.006
4953.46326 15.298 0.007
