2165.84535 13.914 0.006
2171.86775 13.898 0.006
2184.82668 13.875 0.006
2191.79759 13.884 0.006
2200.80862 13.880 0.006
2206.74478 13.895 0.006
2216.87219 13.880 0.006
2223.73192 13.875 0.006
2226.70751 13.883 0.006
2228.75121 13.865 0.006
2230.66296 13.870 0.006
2232.68471 13.882 0.006
2234.67781 13.880 0.006
2238.62240 13.865 0.006
2240.75746 13.882 0.006
2242.75932 13.892 0.006
2244.81010 13.890 0.006
2249.67831 13.900 0.006
2251.82820 13.907 0.006
2253.66843 13.904 0.006
2256.67352 13.924 0.006
2259.66544 13.918 0.006
2262.67070 13.910 0.006
2269.73187 13.893 0.006
2273.62699 13.870 0.006
2277.68138 13.882 0.006
2279.70793 13.899 0.006
2281.70003 13.887 0.006
2288.71435 13.950 0.006
2302.65714 13.952 0.006
2304.66056 13.966 0.006
2316.53255 13.918 0.006
2322.57362 13.908 0.006
2325.57752 13.904 0.006
2331.51651 13.904 0.006
2337.53905 13.919 0.006
2345.49884 13.931 0.006
2350.50089 13.913 0.006
2365.51759 13.914 0.006
2519.89401 13.889 0.006
2526.87230 13.910 0.006
2541.86660 13.920 0.006
2544.79335 13.925 0.006
2551.79334 13.940 0.006
2554.88577 13.952 0.006
2558.88741 13.956 0.006
2563.77522 13.945 0.006
2577.77130 13.914 0.006
2580.80003 13.891 0.006
2588.83847 13.876 0.006
2594.71598 13.906 0.006
2599.74720 13.938 0.006
2617.70003 13.941 0.006
2620.66819 13.920 0.006
2622.81474 13.925 0.006
2624.80845 13.912 0.006
2625.78967 13.919 0.006
2631.59307 13.916 0.006
2640.65595 13.901 0.006
2642.64812 13.897 0.006
2644.63786 13.906 0.006
2646.63264 13.919 0.006
2650.59865 13.918 0.006
2652.61111 13.921 0.006
2654.71532 13.934 0.006
2657.66244 13.932 0.006
2659.74368 13.920 0.006
2661.74293 13.918 0.006
2663.66978 13.942 0.006
2665.71305 13.919 0.006
2667.63585 13.924 0.006
2671.61190 13.906 0.006
2673.61571 13.906 0.006
2675.61302 13.888 0.006
2677.61094 13.894 0.006
2679.67414 13.894 0.006
2681.66031 13.907 0.006
2685.60726 13.907 0.006
2690.56095 13.921 0.006
2694.55181 13.913 0.006
2699.51791 13.920 0.006
2705.52467 13.912 0.006
2711.55135 13.901 0.006
2731.50571 13.926 0.006
2872.85629 13.922 0.006
2883.86981 13.912 0.006
2892.83501 13.913 0.006
2896.80948 13.907 0.006
2900.89777 13.901 0.006
2905.88672 13.906 0.006
2910.79723 13.917 0.006
2915.80263 13.918 0.006
2921.80485 13.910 0.006
2925.74812 13.906 0.006
2929.77611 13.899 0.006
2932.85911 13.880 0.006
2939.73797 13.886 0.006
2946.73674 13.880 0.006
2949.72034 13.880 0.006
2952.71140 13.888 0.006
2955.77300 13.882 0.006
2957.70564 13.907 0.006
2960.73110 13.916 0.006
2960.82783 13.908 0.006
2963.71338 13.907 0.006
2966.68028 13.910 0.006
2968.84409 13.904 0.006
2972.67995 13.889 0.006
2975.65341 13.888 0.006
2977.72413 13.888 0.006
2979.77618 13.875 0.006
2981.78355 13.861 0.006
2983.68431 13.861 0.006
2986.66661 13.878 0.006
2988.63237 13.869 0.006
2990.76211 13.872 0.006
2992.64399 13.879 0.006
2994.74579 13.879 0.006
2996.62120 13.894 0.006
2998.60332 13.897 0.006
3000.62144 13.898 0.006
3002.60609 13.907 0.006
3004.60896 13.921 0.006
3006.65800 13.911 0.006
3008.60906 13.918 0.006
3010.62926 13.916 0.006
3012.72464 13.921 0.006
3016.64326 13.898 0.006
3018.62865 13.902 0.006
3020.66972 13.894 0.006
3022.73529 13.885 0.006
3024.68364 13.883 0.006
3026.65266 13.874 0.006
3028.65817 13.888 0.006
3030.69349 13.889 0.006
3035.62172 13.892 0.006
3038.60261 13.900 0.006
3041.52822 13.899 0.006
3043.55761 13.907 0.006
3045.59677 13.900 0.006
3047.55118 13.905 0.006
3049.55575 13.910 0.006
3051.54836 13.914 0.006
3053.54466 13.919 0.006
3055.54337 13.944 0.006
3057.54256 13.937 0.006
3059.54116 13.950 0.006
3061.53538 13.936 0.006
3064.55829 13.947 0.006
3067.54612 13.936 0.006
3069.53108 13.917 0.006
3072.52932 13.921 0.006
3075.52993 13.906 0.006
3084.51239 13.888 0.006
3086.55082 13.906 0.006
3089.53664 13.873 0.006
3092.52071 13.888 0.006
3098.51805 13.895 0.006
3101.48671 13.896 0.006
3103.48354 13.882 0.006
3109.48565 13.889 0.006
3113.47368 13.894 0.006
3133.48014 13.929 0.006
3230.87924 13.926 0.006
3238.86281 13.916 0.006
3246.89468 13.894 0.006
3262.85747 13.912 0.006
3268.78068 13.898 0.006
3272.89534 13.894 0.006
3275.89413 13.902 0.006
3280.89368 13.880 0.006
3283.83548 13.882 0.006
3289.74897 13.868 0.006
3294.75357 13.937 0.006
3298.78306 13.861 0.006
3300.83902 13.890 0.006
3303.74630 13.906 0.006
3306.74772 13.915 0.006
3308.76448 13.925 0.006
3310.79684 13.942 0.006
3314.71817 13.950 0.006
3321.63865 13.959 0.006
3325.70041 13.956 0.006
3329.73307 13.927 0.006
3334.62925 13.915 0.006
3338.68269 13.898 0.006
3349.66011 13.909 0.006
3352.80121 13.938 0.006
3355.69997 13.949 0.006
3359.62031 13.947 0.006
3366.68307 13.962 0.006
3377.63961 13.904 0.006
3379.74683 13.888 0.006
3386.64988 13.890 0.006
3390.75906 13.924 0.006
3398.63626 13.967 0.006
3400.61593 13.967 0.006
3403.62542 13.965 0.006
3406.55928 13.952 0.006
3406.61292 13.947 0.006
3410.57752 13.936 0.006
3415.59978 13.899 0.006
3422.52556 13.891 0.006
3429.57731 13.879 0.006
3434.56661 13.904 0.006
3444.50304 13.937 0.006
3450.53688 13.903 0.006
3569.94611 13.943 0.006
3591.91367 13.863 0.006
3608.90615 13.905 0.006
3615.89989 13.926 0.006
3628.90007 13.893 0.006
3633.77276 13.865 0.006
3638.80203 13.859 0.006
3641.77210 13.858 0.006
3646.83182 13.849 0.006
3652.89170 13.886 0.006
3656.82223 13.923 0.006
3661.75767 13.912 0.006
3665.76092 13.923 0.006
3671.72696 13.899 0.006
3674.84910 13.877 0.006
3683.76496 13.860 0.006
3686.81284 13.846 0.006
3689.72778 13.863 0.006
3692.65085 13.889 0.006
3695.71486 13.889 0.006
3698.67259 13.906 0.006
3700.71198 13.897 0.006
3702.79953 13.877 0.006
3705.70635 13.877 0.006
3707.68136 13.875 0.006
3712.83663 13.887 0.006
3715.83442 13.868 0.006
3718.63613 13.860 0.006
3721.61935 13.865 0.006
3725.68651 13.878 0.006
3727.63086 13.878 0.006
3731.66118 13.886 0.006
3736.64207 13.904 0.006
3739.64543 13.904 0.006
3741.66039 13.912 0.006
3745.59115 13.923 0.006
3749.58703 13.911 0.006
3751.69114 13.920 0.006
3754.55296 13.929 0.006
3756.71910 13.913 0.006
3758.64317 13.911 0.006
3761.69050 13.895 0.006
3764.66763 13.879 0.006
3769.66596 13.870 0.006
3772.63385 13.866 0.006
3775.60499 13.874 0.006
3778.60419 13.879 0.006
3781.61755 13.894 0.006
3785.58786 13.926 0.006
3790.55661 13.935 0.006
3797.53627 13.925 0.006
3804.53272 13.889 0.006
3817.49950 13.873 0.006
3935.93307 13.932 0.006
3960.88235 13.919 0.006
3967.93013 13.924 0.006
3973.90773 13.901 0.006
3979.89357 13.889 0.006
3987.83832 13.898 0.006
3994.89336 13.909 0.006
4001.80123 13.929 0.006
4004.77199 13.925 0.006
4007.70461 13.914 0.006
4009.77779 13.920 0.006
4014.75249 13.918 0.006
4016.81554 13.914 0.006
4021.84730 13.921 0.006
4025.85772 13.928 0.006
4028.76755 13.938 0.006
4030.84171 13.941 0.006
4037.73878 13.910 0.006
4040.73381 13.908 0.006
4042.75001 13.891 0.006
4045.85162 13.880 0.006
4048.71339 13.904 0.006
4051.65620 13.969 0.006
4053.75532 13.923 0.006
4055.70511 13.925 0.006
4057.68400 13.944 0.006
4060.62308 13.930 0.006
4065.64118 13.938 0.006
4067.60671 13.923 0.006
4069.59646 13.906 0.006
4072.63433 13.914 0.006
4077.66647 13.879 0.006
4080.65071 13.893 0.006
4084.68035 13.900 0.006
4092.76173 13.952 0.006
4100.81708 13.964 0.006
4104.72233 13.956 0.006
4107.65843 13.956 0.006
4117.62394 13.916 0.006
4121.62498 13.909 0.006
4123.69568 13.923 0.006
4126.59668 13.928 0.006
4129.68549 13.928 0.006
4146.53807 13.947 0.006
4153.54061 13.939 0.006
4164.52032 13.927 0.006
4176.51991 13.918 0.006
4192.49946 13.927 0.006
4316.92988 13.884 0.006
4345.84693 13.858 0.006
4350.80020 13.889 0.006
4355.82218 13.897 0.006
4362.75108 13.896 0.006
4365.76265 13.884 0.006
4369.75919 13.878 0.006
4373.73468 13.875 0.006
4376.77417 13.880 0.006
4379.77980 13.874 0.006
4383.78488 13.889 0.006
4392.72125 13.874 0.006
4397.75825 13.880 0.006
4402.83574 13.858 0.006
4406.78590 13.873 0.006
4409.85844 13.866 0.006
4416.81318 13.862 0.006
4420.83488 13.864 0.006
4424.86171 13.860 0.006
4428.85426 13.876 0.006
4431.70815 13.885 0.006
4435.72785 13.896 0.006
4438.85924 13.892 0.006
4441.83217 13.893 0.006
4444.66842 13.916 0.006
4450.68280 13.921 0.006
4453.66680 13.904 0.006
4456.66957 13.889 0.006
4458.65426 13.902 0.006
4463.66663 13.863 0.006
4466.65630 13.859 0.006
4469.63746 13.870 0.006
4473.59208 13.873 0.006
4477.67912 13.876 0.006
4479.66054 13.881 0.006
4483.66066 13.897 0.006
4486.65946 13.891 0.006
4489.67732 13.898 0.006
4493.63689 13.886 0.006
4498.59451 13.877 0.006
4500.70194 13.871 0.006
4502.63912 13.876 0.006
4507.59132 13.861 0.006
4509.58440 13.853 0.006
4515.55137 13.870 0.006
4520.54718 13.877 0.006
4523.56451 13.889 0.006
4525.56474 13.888 0.006
4531.53299 13.886 0.006
4534.50401 13.892 0.006
4540.52557 13.885 0.006
4543.61546 13.871 0.006
4549.49526 13.889 0.006
4559.49101 13.905 0.006
4566.49183 13.895 0.006
4571.48378 13.880 0.006
4589.46563 13.892 0.006
4672.90640 13.927 0.006
4690.91223 13.880 0.006
4703.87587 13.891 0.006
4715.87091 13.901 0.006
4721.90171 13.922 0.006
4726.76622 13.902 0.006
4731.80955 13.912 0.006
4743.82107 13.926 0.006
4750.82549 13.896 0.006
4755.84416 13.887 0.006
4759.77840 13.870 0.006
4762.73827 13.871 0.006
4768.71633 13.866 0.006
4771.75792 13.879 0.006
4774.68064 13.871 0.006
4776.79190 13.893 0.006
4779.82887 13.896 0.006
4783.69485 13.893 0.006
4787.71074 13.900 0.006
4789.85738 13.884 0.006
4793.70784 13.877 0.006
4795.68613 13.872 0.006
4799.68367 13.886 0.006
4802.69147 13.851 0.006
4805.64915 13.892 0.006
4807.73957 13.889 0.006
4810.67175 13.889 0.006
4813.65036 13.903 0.006
4815.66357 13.896 0.006
4817.66971 13.904 0.006
4819.66195 13.901 0.006
4821.69897 13.894 0.006
4825.71453 13.893 0.006
4831.75928 13.891 0.006
4834.67953 13.889 0.006
4836.68909 13.897 0.006
4839.67309 13.885 0.006
4841.67776 13.894 0.006
4843.68365 13.891 0.006
4845.69265 13.893 0.006
4846.64832 13.890 0.006
4848.67541 13.892 0.006
4850.66760 13.905 0.006
4852.64910 13.915 0.006
4854.64933 13.911 0.006
4856.65598 13.909 0.006
4859.63391 13.912 0.006
4864.60091 13.909 0.006
4865.65251 13.918 0.006
4870.60257 13.913 0.006
4872.63220 13.920 0.006
4874.53324 13.932 0.006
4876.52309 13.940 0.006
4879.61115 13.942 0.006
4882.60727 13.940 0.006
4884.52991 13.926 0.006
4887.56281 13.921 0.006
4901.60668 13.910 0.006
4911.58201 13.927 0.006
4915.50353 13.926 0.006
4918.51988 13.920 0.006
4924.53560 13.908 0.006
4928.53129 13.881 0.006
4933.50124 13.866 0.006
4937.49786 13.878 0.006
4941.51426 13.862 0.006
4946.51368 13.870 0.006
4953.46661 13.900 0.006
