2171.88226 14.367 0.006
2183.84165 14.381 0.006
2184.84118 14.388 0.006
2191.81204 14.429 0.006
2200.82188 14.387 0.006
2206.75803 14.401 0.006
2223.74513 14.376 0.006
2226.72070 14.377 0.006
2228.76440 14.374 0.006
2230.67614 14.385 0.006
2232.69792 14.392 0.006
2234.69099 14.398 0.006
2238.63554 14.416 0.006
2240.77064 14.410 0.006
2242.77248 14.406 0.006
2244.82327 14.412 0.006
2249.69561 14.411 0.006
2253.68160 14.403 0.006
2256.68667 14.392 0.006
2262.68383 14.381 0.006
2316.55475 14.395 0.006
2322.58810 14.441 0.006
2331.53101 14.411 0.006
2337.55357 14.400 0.006
2519.90861 14.415 0.006
2526.88684 14.391 0.006
2541.88110 14.398 0.006
2544.80786 14.404 0.006
2551.80778 14.387 0.006
2554.90021 14.362 0.006
2559.71574 14.402 0.006
2563.78965 14.401 0.006
2580.81324 14.387 0.006
2588.85377 14.370 0.006
2594.73028 14.396 0.006
2599.76147 14.415 0.006
2607.72592 14.420 0.006
2624.82249 14.385 0.006
2625.80373 14.384 0.006
2628.60772 14.394 0.006
2642.66130 14.396 0.006
2644.65799 14.398 0.006
2650.61271 14.388 0.006
2652.62430 14.394 0.006
2654.73640 14.399 0.006
2667.65680 14.397 0.006
2671.63440 14.381 0.006
2673.63322 14.394 0.006
2675.62628 14.396 0.006
2677.62418 14.394 0.006
2679.68743 14.385 0.006
2681.67448 14.376 0.006
2685.62151 14.388 0.006
2690.57514 14.396 0.006
2694.56603 14.403 0.006
2705.53902 14.377 0.006
2711.56568 14.380 0.006
2732.50172 14.390 0.006
2883.88413 14.406 0.006
2910.81148 14.383 0.006
2915.81681 14.380 0.006
2925.76234 14.400 0.006
2929.79103 14.402 0.006
2932.87324 14.410 0.006
2939.75212 14.403 0.006
2946.75083 14.402 0.006
2952.72549 14.383 0.006
2957.71968 14.398 0.006
2963.72742 14.410 0.006
2975.66742 14.385 0.006
2983.69836 14.378 0.006
2992.66350 14.394 0.006
2996.63578 14.393 0.006
3002.62016 14.363 0.006
3004.62302 14.368 0.006
3041.54231 14.374 0.006
3045.61089 14.394 0.006
3049.57028 14.405 0.006
3051.56250 14.397 0.006
3053.55888 14.387 0.006
3059.55537 14.379 0.006
3281.74982 14.406 0.006
3289.76316 14.422 0.006
3296.71709 14.425 0.006
3303.76036 14.380 0.006
3306.76184 14.387 0.006
3308.77855 14.404 0.006
3321.65272 14.422 0.006
3325.71448 14.396 0.006
3338.69672 14.389 0.006
3403.63957 14.396 0.006
3591.92790 14.397 0.006
3608.92035 14.375 0.006
3615.91412 14.408 0.006
3633.78687 14.385 0.006
3638.81611 14.395 0.006
3641.78620 14.378 0.006
3646.85355 14.382 0.006
3653.78399 14.377 0.006
3683.77900 14.384 0.006
3686.82690 14.374 0.006
3689.74184 14.376 0.006
3692.66488 14.386 0.006
3695.72891 14.383 0.006
3698.68661 14.403 0.006
3700.72596 14.398 0.006
3702.81357 14.396 0.006
3705.72038 14.398 0.006
3707.69542 14.401 0.006
3712.85062 14.378 0.006
3715.84845 14.386 0.006
3718.65016 14.401 0.006
3721.63332 14.410 0.006
3725.70051 14.418 0.006
3727.64485 14.410 0.006
3731.67522 14.402 0.006
3736.65611 14.379 0.006
3739.65947 14.383 0.006
3745.60525 14.396 0.006
3747.71831 14.402 0.006
3749.60108 14.415 0.006
3751.70523 14.395 0.006
3754.56701 14.390 0.006
3756.73313 14.389 0.006
3758.65725 14.375 0.006
3761.70458 14.381 0.006
3764.68169 14.393 0.006
3769.68012 14.388 0.006
3772.64800 14.392 0.006
3775.61913 14.408 0.006
3778.61837 14.407 0.006
3781.63171 14.415 0.006
3785.60203 14.406 0.006
3790.57079 14.391 0.006
3797.55049 14.381 0.006
3804.54698 14.373 0.006
3817.51379 14.398 0.006
3936.93449 14.387 0.006
3960.89653 14.380 0.006
3968.84070 14.382 0.006
3973.92188 14.386 0.006
3979.90767 14.390 0.006
3987.85241 14.394 0.006
3994.90743 14.374 0.006
4001.81527 14.363 0.006
4004.78600 14.384 0.006
4007.71858 14.392 0.006
4009.79177 14.397 0.006
4014.81716 14.387 0.006
4016.82950 14.381 0.006
4021.86128 14.398 0.006
4025.87164 14.378 0.006
4028.78147 14.378 0.006
4030.85563 14.383 0.006
4037.75268 14.386 0.006
4040.74767 14.377 0.006
4042.76388 14.388 0.006
4045.86554 14.386 0.006
4048.72722 14.375 0.006
4053.76917 14.375 0.006
4055.71894 14.366 0.006
4057.69783 14.371 0.006
4060.63690 14.365 0.006
4065.65505 14.385 0.006
4067.62054 14.393 0.006
4069.61025 14.396 0.006
4072.64817 14.385 0.006
4077.68032 14.397 0.006
4080.66455 14.392 0.006
4084.69415 14.390 0.006
4092.77558 14.371 0.006
4100.83090 14.400 0.006
4104.73619 14.396 0.006
4107.67228 14.393 0.006
4117.63786 14.402 0.006
4121.63886 14.395 0.006
4123.70956 14.402 0.006
4126.61056 14.408 0.006
4129.69942 14.399 0.006
4147.57581 14.387 0.006
4153.55463 14.403 0.006
4164.53697 14.390 0.006
4176.54265 14.379 0.006
4192.51363 14.397 0.006
4350.81579 14.400 0.006
4362.76515 14.403 0.006
4365.77774 14.399 0.006
4369.77321 14.397 0.006
4373.74871 14.409 0.006
4376.78821 14.404 0.006
4379.79376 14.399 0.006
4383.79883 14.389 0.006
4388.73873 14.381 0.006
4392.73519 14.376 0.006
4397.77217 14.386 0.006
4402.84966 14.391 0.006
4406.79983 14.397 0.006
4410.86716 14.380 0.006
4416.82709 14.375 0.006
4420.84874 14.385 0.006
4425.84488 14.375 0.006
4431.72206 14.396 0.006
4435.75313 14.400 0.006
4439.76563 14.393 0.006
4441.84602 14.395 0.006
4444.68230 14.397 0.006
4450.69803 14.393 0.006
4453.68067 14.375 0.006
4456.68345 14.401 0.006
4458.66812 14.397 0.006
4463.68044 14.397 0.006
4466.67019 14.403 0.006
4469.65137 14.413 0.006
4473.60597 14.402 0.006
4477.69300 14.410 0.006
4479.67446 14.405 0.006
4483.67457 14.408 0.006
4486.67337 14.404 0.006
4489.69128 14.402 0.006
4493.65087 14.389 0.006
4498.60762 14.401 0.006
4500.73065 14.393 0.006
4502.65725 14.397 0.006
4507.60445 14.391 0.006
4509.59755 14.400 0.006
4515.56905 14.403 0.006
4520.56116 14.397 0.006
4523.57976 14.404 0.006
4525.58524 14.400 0.006
4531.54700 14.410 0.006
4534.51805 14.410 0.006
4538.59565 14.403 0.006
4540.53961 14.404 0.006
4543.63083 14.386 0.006
4549.50940 14.389 0.006
4559.50522 14.392 0.006
4566.50601 14.388 0.006
4571.49802 14.386 0.006
4589.47992 14.402 0.006
4672.92070 14.383 0.006
4690.92641 14.398 0.006
4703.89008 14.396 0.006
4715.88504 14.390 0.006
4722.78295 14.389 0.006
4726.78030 14.395 0.006
4731.82362 14.398 0.006
4743.83509 14.408 0.006
4750.83947 14.394 0.006
4755.85812 14.392 0.006
4759.79233 14.397 0.006
4762.75219 14.412 0.006
4768.73023 14.424 0.006
4771.77185 14.425 0.006
4774.69456 14.415 0.006
4776.80575 14.414 0.006
4779.84272 14.389 0.006
4783.70874 14.375 0.006
4787.72463 14.391 0.006
4790.71882 14.397 0.006
4793.72166 14.404 0.006
4795.70003 14.403 0.006
4799.69753 14.413 0.006
4802.70533 14.397 0.006
4805.66298 14.390 0.006
4807.75342 14.389 0.006
4810.68559 14.391 0.006
4813.66423 14.399 0.006
4815.67741 14.393 0.006
4817.68358 14.391 0.006
4819.67578 14.415 0.006
4821.71284 14.406 0.006
4825.72839 14.418 0.006
4831.77312 14.387 0.006
4834.69337 14.401 0.006
4836.70557 14.390 0.006
4839.68698 14.381 0.006
4841.69159 14.383 0.006
4843.69758 14.392 0.006
4846.66225 14.393 0.006
4848.68936 14.406 0.006
4850.68151 14.413 0.006
4854.66360 14.399 0.006
4856.66992 14.399 0.006
4859.64782 14.396 0.006
4864.61484 14.391 0.006
4865.66643 14.389 0.006
4870.61656 14.387 0.006
4872.64617 14.392 0.006
4874.54719 14.402 0.006
4876.53710 14.410 0.006
4879.62516 14.388 0.006
4882.62132 14.413 0.006
4884.54391 14.410 0.006
4887.57683 14.417 0.006
4901.62072 14.373 0.006
4911.59614 14.379 0.006
4915.51768 14.388 0.006
4918.53406 14.394 0.006
4924.54899 14.390 0.006
4928.54469 14.390 0.006
4933.51466 14.400 0.006
4937.51129 14.409 0.006
4941.52771 14.397 0.006
4953.48006 14.394 0.006
