2171.88969 14.859 0.006
2183.84919 14.889 0.006
2184.85114 14.876 0.006
2189.79546 14.872 0.006
2191.81957 14.878 0.006
2200.83021 14.881 0.006
2211.80597 14.878 0.006
2217.73286 14.894 0.006
2223.75286 14.878 0.006
2226.72802 14.864 0.006
2228.77165 14.869 0.006
2230.68464 14.856 0.006
2232.70519 14.873 0.006
2234.69836 14.877 0.006
2238.64967 14.873 0.006
2240.77805 14.868 0.006
2242.77990 14.857 0.006
2244.83062 14.856 0.006
2249.70295 14.861 0.006
2251.79784 14.866 0.006
2253.69035 14.866 0.006
2256.69411 14.885 0.006
2258.80946 14.882 0.006
2261.60173 14.892 0.006
2265.65166 14.868 0.006
2271.62314 14.879 0.006
2273.78115 14.870 0.006
2275.71902 14.873 0.006
2277.72257 14.866 0.006
2279.72848 14.874 0.006
2281.72070 14.873 0.006
2283.74896 14.865 0.006
2289.67271 14.878 0.006
2291.68150 14.878 0.006
2293.64880 14.885 0.006
2295.67697 14.881 0.006
2297.67510 14.879 0.006
2299.66789 14.878 0.006
2301.63310 14.874 0.006
2303.63409 14.870 0.006
2317.55778 14.874 0.006
2322.60235 14.877 0.006
2326.51175 14.869 0.006
2331.54229 14.879 0.006
2337.56104 14.885 0.006
2349.51881 14.871 0.006
2366.49438 14.867 0.006
2397.49123 14.866 0.006
2519.91691 14.864 0.006
2535.90017 14.883 0.006
2542.77230 14.882 0.006
2544.81533 14.878 0.006
2551.81541 14.862 0.006
2555.83945 14.876 0.006
2559.72717 14.886 0.006
2563.79734 14.873 0.006
2571.85454 14.877 0.006
2577.79165 14.889 0.006
2580.82083 14.871 0.006
2588.86194 14.884 0.006
2594.73893 14.877 0.006
2599.77494 14.888 0.006
2607.73758 14.876 0.006
2613.66231 14.881 0.006
2617.75289 14.880 0.006
2620.69234 14.882 0.006
2623.66690 14.875 0.006
2626.64609 14.860 0.006
2628.81303 14.873 0.006
2631.61382 14.879 0.006
2634.63441 14.883 0.006
2637.66064 14.881 0.006
2640.70150 14.874 0.006
2642.67033 14.881 0.006
2644.66864 14.868 0.006
2650.64908 14.876 0.006
2652.63420 14.890 0.006
2655.62509 14.878 0.006
2657.69132 14.872 0.006
2659.71165 14.865 0.006
2661.76348 14.859 0.006
2663.69035 14.877 0.006
2665.73353 14.879 0.006
2667.74838 14.878 0.006
2671.64170 14.881 0.006
2673.64153 14.880 0.006
2675.66583 14.865 0.006
2677.66836 14.883 0.006
2679.69489 14.881 0.006
2681.68257 14.880 0.006
2685.62904 14.881 0.006
2690.58292 14.889 0.006
2695.52068 14.880 0.006
2699.57296 14.880 0.006
2705.54670 14.882 0.006
2712.51136 14.885 0.006
2733.48089 14.869 0.006
2870.89245 14.879 0.006
2883.89206 14.881 0.006
2888.87310 14.889 0.006
2894.80824 14.874 0.006
2899.80911 14.863 0.006
2905.79844 14.887 0.006
2910.82335 14.872 0.006
2915.82424 14.882 0.006
2921.82670 14.880 0.006
2925.77001 14.869 0.006
2929.80708 14.887 0.006
2933.75390 14.875 0.006
2939.75978 14.866 0.006
2942.73789 14.872 0.006
2946.75836 14.868 0.006
2949.74204 14.873 0.006
2952.73395 14.864 0.006
2955.79473 14.867 0.006
2957.72727 14.865 0.006
2961.70205 14.863 0.006
2963.76906 14.878 0.006
2966.70190 14.867 0.006
2969.65728 14.874 0.006
2973.82321 14.883 0.006
2975.75870 14.878 0.006
2977.74660 14.876 0.006
2977.77264 14.871 0.006
2979.79861 14.876 0.006
2981.80557 14.886 0.006
2983.70622 14.884 0.006
2986.68887 14.876 0.006
2988.65434 14.883 0.006
2990.73220 14.874 0.006
2992.67255 14.877 0.006
2994.76758 14.858 0.006
2996.64357 14.852 0.006
2998.62642 14.869 0.006
3000.64317 14.861 0.006
3002.62889 14.870 0.006
3004.63080 14.869 0.006
3006.68025 14.867 0.006
3008.63948 14.886 0.006
3010.65109 14.872 0.006
3012.74651 14.862 0.006
3016.66530 14.858 0.006
3018.65036 14.876 0.006
3020.69186 14.877 0.006
3022.75705 14.875 0.006
3024.70531 14.866 0.006
3026.67438 14.883 0.006
3028.71023 14.880 0.006
3030.71522 14.882 0.006
3033.63733 14.882 0.006
3035.64346 14.867 0.006
3038.62702 14.868 0.006
3040.65229 14.876 0.006
3042.58735 14.861 0.006
3044.52938 14.881 0.006
3046.54520 14.895 0.006
3048.52234 14.887 0.006
3050.52356 14.884 0.006
3052.51783 14.889 0.006
3054.51929 14.882 0.006
3056.51855 14.877 0.006
3057.56493 14.890 0.006
3058.51145 14.909 0.006
3060.53115 14.889 0.006
3067.56774 14.889 0.006
3069.55282 14.888 0.006
3072.59969 14.870 0.006
3075.55208 14.863 0.006
3077.63703 14.869 0.006
3081.62942 14.878 0.006
3084.53499 14.893 0.006
3087.50105 14.907 0.006
3089.55926 14.913 0.006
3092.54461 14.887 0.006
3098.54471 14.860 0.006
3102.48359 14.872 0.006
3105.52324 14.906 0.006
3108.50229 14.918 0.006
3111.48025 14.908 0.006
3114.47155 14.888 0.006
3125.46880 14.906 0.006
3134.46919 14.890 0.006
3229.90029 14.872 0.006
3238.92787 14.901 0.006
3246.91621 14.894 0.006
3247.83384 14.882 0.006
3254.90621 14.866 0.006
3262.88084 14.887 0.006
3268.80244 14.890 0.006
3273.76155 14.875 0.006
3276.80720 14.880 0.006
3281.75733 14.870 0.006
3283.85711 14.897 0.006
3289.77089 14.884 0.006
3294.76842 14.896 0.006
3296.77410 14.892 0.006
3298.80469 14.902 0.006
3300.86062 14.901 0.006
3303.76958 14.890 0.006
3306.76924 14.874 0.006
3308.78596 14.884 0.006
3310.81837 14.883 0.006
3314.74027 14.884 0.006
3321.66038 14.888 0.006
3325.72219 14.887 0.006
3329.75679 14.866 0.006
3334.65207 14.873 0.006
3338.70477 14.884 0.006
3349.68187 14.874 0.006
3352.64865 14.880 0.006
3355.66991 14.884 0.006
3359.67510 14.879 0.006
3369.67500 14.870 0.006
3377.66141 14.877 0.006
3381.76692 14.904 0.006
3389.65645 14.886 0.006
3394.70199 14.861 0.006
3396.58143 14.891 0.006
3399.60473 14.894 0.006
3402.61722 14.903 0.006
3404.54534 14.908 0.006
3409.52462 14.880 0.006
3414.51996 14.881 0.006
3418.61263 14.889 0.006
3428.59161 14.887 0.006
3434.59220 14.882 0.006
3444.52461 14.898 0.006
3451.50364 14.872 0.006
3570.93499 14.879 0.006
3585.89610 14.887 0.006
3590.92354 14.885 0.006
3592.89548 14.890 0.006
3617.84378 14.887 0.006
3629.75200 14.888 0.006
3633.79414 14.886 0.006
3638.75508 14.891 0.006
3641.79347 14.884 0.006
3646.86106 14.876 0.006
3653.79157 14.899 0.006
3656.84738 14.889 0.006
3660.73333 14.884 0.006
3665.78277 14.852 0.006
3671.74876 14.892 0.006
3674.87091 14.876 0.006
3683.78682 14.863 0.006
3686.83457 14.871 0.006
3689.75241 14.887 0.006
3692.67287 14.896 0.006
3694.85617 14.883 0.006
3698.69439 14.869 0.006
3700.73369 14.874 0.006
3702.82136 14.875 0.006
3705.72818 14.880 0.006
3707.70428 14.893 0.006
3712.80776 14.862 0.006
3715.62545 14.868 0.006
3718.65803 14.872 0.006
3721.85263 14.860 0.006
3722.61147 14.854 0.006
3725.70837 14.860 0.006
3728.61185 14.875 0.006
3731.68308 14.885 0.006
3734.67599 14.891 0.006
3736.66402 14.887 0.006
3738.61712 14.874 0.006
3740.58737 14.872 0.006
3743.58475 14.871 0.006
3746.58607 14.874 0.006
3748.61293 14.876 0.006
3750.58734 14.874 0.006
3752.60261 14.877 0.006
3754.64074 14.878 0.006
3756.74078 14.870 0.006
3758.66494 14.874 0.006
3761.71225 14.865 0.006
3765.57779 14.869 0.006
3769.68761 14.871 0.006
3772.65569 14.874 0.006
3775.62696 14.871 0.006
3778.62595 14.869 0.006
3785.60957 14.877 0.006
3790.57829 14.871 0.006
3797.55850 14.858 0.006
3804.55452 14.854 0.006
3817.52142 14.867 0.006
3936.94182 14.879 0.006
3961.86519 14.888 0.006
3968.84797 14.874 0.006
3981.74117 14.861 0.006
3987.85961 14.880 0.006
3995.77195 14.880 0.006
3999.80491 14.885 0.006
4004.79333 14.884 0.006
4007.72590 14.892 0.006
4009.87766 14.888 0.006
4016.83698 14.872 0.006
4023.74032 14.875 0.006
4025.87921 14.880 0.006
4028.78931 14.873 0.006
4030.86660 14.873 0.006
4037.76024 14.875 0.006
4040.75597 14.875 0.006
4042.77138 14.863 0.006
4046.64613 14.885 0.006
4048.73465 14.893 0.006
4051.72356 14.893 0.006
4053.77659 14.886 0.006
4055.72642 14.867 0.006
4057.70533 14.861 0.006
4060.64462 14.853 0.006
4065.69212 14.875 0.006
4067.62817 14.880 0.006
4069.61853 14.875 0.006
4072.65580 14.874 0.006
4077.68810 14.874 0.006
4080.67189 14.870 0.006
4084.70182 14.890 0.006
4087.72871 14.875 0.006
4092.78453 14.868 0.006
4100.84092 14.867 0.006
4104.74478 14.893 0.006
4107.71741 14.870 0.006
4117.64551 14.880 0.006
4122.63726 14.895 0.006
4124.61239 14.888 0.006
4126.68204 14.876 0.006
4131.53497 14.897 0.006
4149.62670 14.866 0.006
4153.56743 14.880 0.006
4164.54547 14.865 0.006
4177.50283 14.854 0.006
4193.50831 14.850 0.006
4345.86150 14.879 0.006
4350.82340 14.877 0.006
4350.85733 14.877 0.006
4355.84361 14.875 0.006
4361.80440 14.882 0.006
4364.78884 14.870 0.006
4366.81011 14.887 0.006
4370.75662 14.872 0.006
4373.75657 14.871 0.006
4376.79574 14.857 0.006
4379.80130 14.854 0.006
4383.80642 14.877 0.006
4388.74614 14.897 0.006
4392.77128 14.877 0.006
4397.78174 14.877 0.006
4402.85722 14.878 0.006
4410.81612 14.870 0.006
4416.83959 14.865 0.006
4420.85650 14.873 0.006
4425.69617 14.871 0.006
4431.75450 14.873 0.006
4435.78877 14.868 0.006
4439.67670 14.868 0.006
4441.85362 14.869 0.006
4448.70304 14.877 0.006
4450.71341 14.877 0.006
4453.68990 14.862 0.006
4457.65950 14.869 0.006
4459.63876 14.876 0.006
4464.63696 14.893 0.006
4467.64730 14.877 0.006
4471.63607 14.872 0.006
4474.69026 14.878 0.006
4478.70394 14.892 0.006
4481.73304 14.878 0.006
4484.64661 14.876 0.006
4487.70939 14.872 0.006
4490.70493 14.875 0.006
4494.63415 14.878 0.006
4499.56588 14.882 0.006
4502.61222 14.873 0.006
4507.61174 14.875 0.006
4509.60567 14.876 0.006
4520.57912 14.880 0.006
4523.51051 14.869 0.006
4530.50598 14.871 0.006
4533.52769 14.875 0.006
4537.52340 14.866 0.006
4540.54710 14.867 0.006
4544.49297 14.868 0.006
4547.58850 14.871 0.006
4558.53875 14.874 0.006
4564.48462 14.879 0.006
4570.52630 14.864 0.006
4583.46227 14.866 0.006
4598.46659 14.848 0.006
4672.92794 14.862 0.006
4675.93051 14.866 0.006
4677.91100 14.889 0.006
4691.83155 14.866 0.006
4703.89716 14.881 0.006
4704.86230 14.879 0.006
4716.85231 14.886 0.006
4722.79017 14.881 0.006
4726.78881 14.877 0.006
4731.83281 14.866 0.006
4747.78160 14.853 0.006
4750.85518 14.858 0.006
4755.86551 14.861 0.006
4759.79981 14.871 0.006
4762.75964 14.876 0.006
4768.73770 14.866 0.006
4771.77954 14.863 0.006
4774.73156 14.863 0.006
4776.81335 14.875 0.006
4779.85019 14.873 0.006
4783.71629 14.880 0.006
4787.85727 14.881 0.006
4790.82622 14.854 0.006
4793.72948 14.861 0.006
4795.74382 14.882 0.006
4799.70518 14.879 0.006
4802.71292 14.882 0.006
4805.68182 14.874 0.006
4807.69512 14.877 0.006
4810.69355 14.873 0.006
4813.68037 14.887 0.006
4815.68511 14.883 0.006
4817.69116 14.894 0.006
4819.68360 14.889 0.006
4821.74778 14.886 0.006
4825.73607 14.873 0.006
4831.78089 14.862 0.006
4834.71122 14.876 0.006
4836.71366 14.882 0.006
4840.64170 14.877 0.006
4842.63965 14.876 0.006
4844.63824 14.876 0.006
4847.70568 14.894 0.006
4849.69834 14.885 0.006
4851.71071 14.883 0.006
4853.70337 14.886 0.006
4855.69090 14.884 0.006
4863.62288 14.884 0.006
4866.63597 14.875 0.006
4869.58770 14.877 0.006
4871.61790 14.868 0.006
4873.61322 14.868 0.006
4875.54683 14.881 0.006
4875.62914 14.882 0.006
4877.51880 14.893 0.006
4878.57413 14.877 0.006
4881.57012 14.871 0.006
4882.62866 14.884 0.006
4884.56304 14.876 0.006
4887.59994 14.867 0.006
4899.64298 14.872 0.006
4900.52067 14.869 0.006
4905.54534 14.865 0.006
4915.52510 14.865 0.006
4919.51294 14.862 0.006
4925.52272 14.859 0.006
4929.49646 14.884 0.006
4933.52146 14.863 0.006
4936.49571 14.867 0.006
4940.51058 14.870 0.006
4945.50426 14.871 0.006
4951.48392 14.874 0.006
