2171.90070 13.011 0.006
2183.86013 13.025 0.006
2184.86209 13.016 0.006
2189.80642 13.031 0.006
2191.83319 13.040 0.006
2211.81589 13.022 0.006
2217.74280 13.018 0.006
2223.76274 13.008 0.006
2226.73790 13.010 0.006
2228.78152 13.015 0.006
2230.69451 13.011 0.006
2232.71505 13.022 0.006
2238.65955 13.017 0.006
2240.78791 13.014 0.006
2242.78979 13.019 0.006
2244.84050 13.024 0.006
2249.71285 13.028 0.006
2251.80771 13.024 0.006
2253.70422 13.025 0.006
2256.70395 13.020 0.006
2258.81933 13.017 0.006
2261.61160 13.014 0.006
2265.66153 13.009 0.006
2271.63797 12.997 0.006
2273.79100 13.013 0.006
2275.72891 13.000 0.006
2277.73242 12.998 0.006
2279.74338 12.988 0.006
2281.73059 12.984 0.006
2283.75887 12.981 0.006
2289.68261 12.967 0.006
2291.69143 12.967 0.006
2293.66735 12.972 0.006
2295.68689 12.972 0.006
2297.68502 12.983 0.006
2299.67779 12.982 0.006
2301.64719 12.996 0.006
2303.64403 12.994 0.006
2317.56775 13.039 0.006
2322.61335 13.052 0.006
2326.52273 13.060 0.006
2331.55324 13.059 0.006
2337.57203 13.043 0.006
2349.53178 13.003 0.006
2366.50717 12.983 0.006
2397.50236 13.029 0.006
2520.87992 13.036 0.006
2535.91117 13.016 0.006
2542.78232 13.006 0.006
2544.82628 13.002 0.006
2551.82634 13.026 0.006
2555.85039 13.034 0.006
2559.73809 13.036 0.006
2563.80943 13.049 0.006
2571.86443 13.060 0.006
2577.80157 13.078 0.006
2580.83073 13.092 0.006
2589.73058 13.067 0.006
2594.74983 13.057 0.006
2599.79124 13.039 0.006
2607.74841 13.018 0.006
2613.67299 13.020 0.006
2617.76360 13.025 0.006
2620.70297 13.027 0.006
2623.67757 13.039 0.006
2626.65673 13.040 0.006
2628.82291 13.043 0.006
2631.62370 13.068 0.006
2634.64428 13.096 0.006
2637.67050 13.076 0.006
2640.71138 13.079 0.006
2642.68103 13.074 0.006
2644.67935 13.067 0.006
2650.66100 13.065 0.006
2652.64410 13.055 0.006
2655.63884 13.052 0.006
2657.70125 13.038 0.006
2659.72158 13.026 0.006
2661.77338 13.030 0.006
2663.70438 13.016 0.006
2665.74343 13.009 0.006
2667.75830 12.997 0.006
2671.65910 12.999 0.006
2673.65148 13.002 0.006
2675.67576 13.007 0.006
2677.68241 13.012 0.006
2679.70482 13.020 0.006
2681.69330 13.023 0.006
2685.63982 13.051 0.006
2690.59371 13.062 0.006
2695.53147 13.086 0.006
2699.58379 13.110 0.006
2705.55757 13.114 0.006
2712.52221 13.097 0.006
2733.49182 12.992 0.006
2870.90337 13.064 0.006
2883.90294 13.088 0.006
2888.88401 13.070 0.006
2894.81907 13.052 0.006
2899.81995 13.026 0.006
2905.80927 12.998 0.006
2910.83915 12.994 0.006
2915.83503 12.988 0.006
2921.83743 13.005 0.006
2925.78073 13.037 0.006
2929.81783 13.054 0.006
2933.76466 13.105 0.006
2939.77051 13.089 0.006
2942.74862 13.103 0.006
2946.76907 13.098 0.006
2949.75274 13.096 0.006
2952.74593 13.094 0.006
2955.81028 13.102 0.006
2957.73794 13.103 0.006
2961.72064 13.090 0.006
2963.77969 13.083 0.006
2966.71908 13.072 0.006
2969.66789 13.064 0.006
2975.76934 13.057 0.006
2977.75722 13.032 0.006
2977.78325 13.046 0.006
2979.80922 13.028 0.006
2981.81624 13.013 0.006
2983.71688 13.031 0.006
2986.69953 13.025 0.006
2988.66670 13.031 0.006
2990.74286 13.035 0.006
2992.68319 13.041 0.006
2994.77819 13.052 0.006
2996.65419 13.067 0.006
2998.63710 13.061 0.006
3000.65386 13.071 0.006
3002.63960 13.081 0.006
3004.64139 13.105 0.006
3006.69092 13.096 0.006
3010.66175 13.116 0.006
3012.75717 13.103 0.006
3016.67595 13.106 0.006
3018.66100 13.096 0.006
3020.70729 13.094 0.006
3022.76773 13.086 0.006
3024.71596 13.084 0.006
3026.68507 13.069 0.006
3028.72091 13.060 0.006
3030.72592 13.038 0.006
3033.64801 13.026 0.006
3035.65412 13.020 0.006
3038.63773 13.016 0.006
3040.66304 13.014 0.006
3042.59806 13.011 0.006
3044.54015 13.011 0.006
3046.55595 13.015 0.006
3048.53312 13.036 0.006
3050.53429 13.042 0.006
3052.52859 13.033 0.006
3054.53002 13.042 0.006
3056.52931 13.054 0.006
3057.57567 13.056 0.006
3058.52221 13.064 0.006
3060.54193 13.075 0.006
3062.53565 13.087 0.006
3067.57853 13.083 0.006
3069.56363 13.092 0.006
3072.61052 13.096 0.006
3075.56551 13.095 0.006
3077.64896 13.091 0.006
3081.64025 13.092 0.006
3084.54844 13.081 0.006
3087.51212 13.069 0.006
3089.57035 13.049 0.006
3092.55569 13.023 0.006
3098.55780 13.009 0.006
3102.49623 12.999 0.006
3105.53504 13.012 0.006
3108.51341 13.013 0.006
3111.49139 13.017 0.006
3114.48269 13.029 0.006
3125.47996 13.058 0.006
3134.48035 13.067 0.006
3229.91140 12.993 0.006
3246.92723 13.019 0.006
3247.84490 13.028 0.006
3254.91729 13.045 0.006
3262.89185 13.046 0.006
3268.81348 13.036 0.006
3273.77253 13.020 0.006
3276.81816 13.012 0.006
3281.76827 12.999 0.006
3283.86805 13.001 0.006
3289.78183 12.986 0.006
3294.77936 12.981 0.006
3296.78505 12.986 0.006
3298.81567 12.989 0.006
3300.87155 12.999 0.006
3303.78652 12.992 0.006
3306.78016 13.051 0.006
3308.79686 13.003 0.006
3310.82923 13.002 0.006
3314.75643 13.013 0.006
3321.67127 13.016 0.006
3325.73307 13.018 0.006
3329.76766 13.058 0.006
3334.66297 13.005 0.006
3338.71564 13.016 0.006
3349.69277 13.020 0.006
3352.65952 13.007 0.006
3355.68081 13.012 0.006
3359.68593 13.023 0.006
3369.68588 13.047 0.006
3377.67227 13.040 0.006
3381.77781 13.038 0.006
3389.66732 13.030 0.006
3394.71291 13.021 0.006
3396.59234 13.026 0.006
3399.62977 13.050 0.006
3402.62810 13.020 0.006
3404.55627 13.018 0.006
3409.53545 13.003 0.006
3414.53079 12.995 0.006
3418.62349 12.980 0.006
3428.60552 12.998 0.006
3434.60310 13.034 0.006
3444.53555 13.058 0.006
3452.49699 13.047 0.006
3570.94738 13.033 0.006
3585.91360 13.021 0.006
3590.93461 12.992 0.006
3592.90651 13.036 0.006
3617.85473 12.999 0.006
3629.76516 13.038 0.006
3633.81238 13.047 0.006
3638.76597 13.054 0.006
3641.80432 13.046 0.006
3646.88349 13.037 0.006
3653.80218 13.002 0.006
3656.85802 12.985 0.006
3660.74393 12.967 0.006
3665.79341 12.962 0.006
3671.75935 12.973 0.006
3675.77438 13.017 0.006
3683.79742 13.016 0.006
3686.84510 13.016 0.006
3689.76296 13.047 0.006
3692.68339 13.048 0.006
3694.86674 13.040 0.006
3698.70963 13.047 0.006
3700.74423 13.053 0.006
3702.83187 13.056 0.006
3705.73871 13.085 0.006
3707.71479 13.064 0.006
3712.81830 13.052 0.006
3715.63599 13.041 0.006
3718.66859 13.033 0.006
3722.62201 13.025 0.006
3725.71891 13.024 0.006
3728.62240 13.034 0.006
3731.69362 13.020 0.006
3734.68654 13.017 0.006
3736.67456 13.033 0.006
3738.62765 13.028 0.006
3740.59799 13.028 0.006
3743.59534 13.034 0.006
3746.59657 13.051 0.006
3748.62491 13.048 0.006
3750.59792 13.042 0.006
3752.61322 13.055 0.006
3754.65136 13.057 0.006
3756.75136 13.071 0.006
3758.67664 13.062 0.006
3761.72289 13.075 0.006
3765.58843 13.067 0.006
3769.69823 13.057 0.006
3772.66631 13.047 0.006
3775.63761 13.033 0.006
3778.63663 13.028 0.006
3781.68240 13.013 0.006
3785.62025 13.016 0.006
3790.58896 13.017 0.006
3797.56922 13.029 0.006
3804.56529 13.048 0.006
3818.51446 13.080 0.006
3937.91698 13.089 0.006
3961.87585 13.052 0.006
3968.85861 13.039 0.006
3974.83220 13.038 0.006
3981.75177 13.021 0.006
3987.87571 13.033 0.006
3995.78251 13.039 0.006
3999.81546 13.061 0.006
4004.80388 13.070 0.006
4007.73647 13.078 0.006
4009.89459 13.090 0.006
4016.84752 13.063 0.006
4023.75082 13.046 0.006
4026.66389 13.035 0.006
4028.79980 13.023 0.006
4030.87709 13.020 0.006
4037.77066 13.005 0.006
4040.76642 13.003 0.006
4042.78182 12.999 0.006
4046.65659 12.993 0.006
4048.74512 13.001 0.006
4051.73568 13.007 0.006
4053.78705 13.015 0.006
4055.73679 13.019 0.006
4057.71574 13.023 0.006
4060.65503 13.041 0.006
4065.70254 13.076 0.006
4067.64100 13.086 0.006
4069.62895 13.087 0.006
4072.66625 13.086 0.006
4077.69853 13.095 0.006
4080.68230 13.092 0.006
4084.71221 13.072 0.006
4087.73912 13.062 0.006
4092.79494 13.056 0.006
4100.85135 13.030 0.006
4104.75517 13.031 0.006
4107.72786 13.025 0.006
4117.65595 13.050 0.006
4122.64771 13.046 0.006
4124.62284 13.051 0.006
4126.69249 13.045 0.006
4131.54544 13.051 0.006
4149.63729 13.034 0.006
4153.57801 13.027 0.006
4164.55654 13.011 0.006
4177.54397 13.027 0.006
4345.87215 13.026 0.006
4350.83403 13.036 0.006
4355.85421 13.020 0.006
4361.81498 13.020 0.006
4364.79942 13.016 0.006
4366.82186 13.026 0.006
4370.76720 13.022 0.006
4373.76713 13.038 0.006
4376.80625 13.040 0.006
4379.81184 13.037 0.006
4383.81694 13.046 0.006
4388.75664 13.038 0.006
4392.78175 13.059 0.006
4397.79222 13.041 0.006
4402.86769 13.011 0.006
4416.85003 13.001 0.006
4425.70661 13.007 0.006
4431.76492 13.025 0.006
4435.79920 13.030 0.006
4439.68713 13.049 0.006
4448.71344 13.048 0.006
4450.72380 13.055 0.006
4453.70032 13.044 0.006
4457.66991 13.038 0.006
4459.64920 13.032 0.006
4464.64739 13.032 0.006
4467.65772 13.011 0.006
4471.64648 13.029 0.006
4474.70068 13.012 0.006
4478.71437 13.015 0.006
4481.74351 13.024 0.006
4484.65711 13.013 0.006
4490.71536 13.029 0.006
4494.64466 13.040 0.006
4499.58997 13.062 0.006
4502.62208 13.053 0.006
4520.58969 13.048 0.006
4523.52108 13.045 0.006
4530.51655 13.022 0.006
4533.53829 13.016 0.006
4537.53398 12.987 0.006
4540.55774 12.983 0.006
4544.50357 12.989 0.006
4547.59915 12.992 0.006
4558.54942 13.015 0.006
4564.49530 13.042 0.006
4570.53701 13.052 0.006
4583.47297 13.064 0.006
4598.47733 13.019 0.006
4672.93868 13.005 0.006
4675.94124 13.013 0.006
4677.92171 13.026 0.006
4691.84226 13.044 0.006
4703.90781 13.038 0.006
4704.87294 13.033 0.006
4716.86293 13.009 0.006
4722.80075 13.000 0.006
4726.79939 12.998 0.006
4731.84338 13.003 0.006
4747.79212 13.051 0.006
4750.86569 13.053 0.006
4755.87599 13.067 0.006
4762.77010 13.047 0.006
4768.74816 13.029 0.006
4771.78997 13.024 0.006
4774.74205 13.027 0.006
4776.82383 13.020 0.006
4779.86064 13.011 0.006
4783.72677 13.042 0.006
4788.66147 12.996 0.006
4790.83668 13.025 0.006
4793.73993 13.005 0.006
4795.75420 13.013 0.006
4799.71558 13.007 0.006
4802.72333 13.018 0.006
4807.70556 13.016 0.006
4810.70398 13.022 0.006
4813.69080 13.020 0.006
4815.69552 13.027 0.006
4817.70155 13.033 0.006
4819.69402 13.034 0.006
4821.75823 13.040 0.006
4825.74648 13.039 0.006
4831.79133 13.028 0.006
4834.72163 13.032 0.006
4836.72411 13.037 0.006
4840.65214 13.031 0.006
4842.65005 13.059 0.006
4844.64941 13.038 0.006
4847.71613 13.022 0.006
4849.70877 13.021 0.006
4853.71386 13.024 0.006
4855.70133 13.026 0.006
4863.63336 13.044 0.006
4866.64643 13.011 0.006
4869.59818 13.012 0.006
4871.62844 13.016 0.006
4873.62372 13.020 0.006
4875.55734 13.019 0.006
4875.63968 13.022 0.006
4878.58466 13.031 0.006
4882.63919 13.031 0.006
4884.57359 13.027 0.006
4899.65354 13.022 0.006
4900.53127 13.031 0.006
4919.52361 13.017 0.006
4925.53273 13.020 0.006
4929.50650 13.034 0.006
4945.51431 13.039 0.006
4951.49402 13.051 0.006
