465.78079 20.677 0.212
465.83986 20.505 0.167
466.69141 20.673 0.192
467.79929 20.261 0.129
468.70568 20.652 0.166
469.70572 20.226 0.133
470.71657 20.668 0.253
471.82551 20.579 0.268
472.75040 20.744 0.241
473.66221 23.052 2.665
474.74264 20.389 0.190
475.63542 20.771 0.282
475.70152 20.714 0.266
476.78766 20.477 0.245
477.77231 20.343 0.143
478.57958 20.316 0.130
479.77801 20.615 0.216
480.61467 20.825 0.225
481.59977 20.759 0.195
482.76076 20.267 0.119
483.54849 20.599 0.195
484.54638 20.361 0.209
485.55092 20.590 0.156
486.54247 20.543 0.155
487.57015 20.468 0.158
488.53475 20.673 0.240
488.67311 20.577 0.158
489.60488 20.460 0.130
489.62505 20.371 0.122
490.59551 20.384 0.097
491.55366 20.522 0.140
492.53794 20.415 0.162
492.61232 20.335 0.171
493.54100 20.267 0.109
494.53583 20.480 0.151
495.53815 20.787 0.272
496.53364 20.575 0.220
498.53243 20.255 0.139
499.52791 20.797 0.239
500.51911 20.838 0.293
501.51967 20.358 0.232
507.63722 20.675 0.342
508.52338 20.552 0.292
508.59010 20.551 0.239
510.52803 20.284 0.187
511.63762 21.487 0.555
512.67500 20.300 0.171
513.66690 20.555 0.144
514.54003 20.534 0.207
515.53170 20.599 0.176
516.53522 20.580 0.229
517.53671 20.583 0.232
518.57550 20.447 0.142
518.73837 20.544 0.266
519.52612 20.259 0.130
520.69292 20.442 0.171
521.52698 20.159 0.171
523.53881 20.540 0.168
524.51783 19.900 0.146
526.52123 20.756 0.282
526.62236 20.069 0.148
527.51859 20.340 0.162
528.57801 20.466 0.235
530.60662 20.640 0.341
531.53352 19.976 0.151
532.51893 19.963 0.151
533.52246 20.729 0.278
534.52975 20.518 0.244
535.64426 21.270 0.509
536.67948 20.575 0.296
552.62762 20.843 0.292
553.48334 20.482 0.272
554.54212 20.718 0.331
561.54255 21.362 0.730
566.47818 20.767 0.288
567.47893 20.433 0.194
569.47341 20.983 0.522
571.52691 20.412 0.232
572.48311 20.374 0.278
573.49069 20.730 0.465
574.51947 20.622 0.233
673.84513 20.668 0.178
699.81843 20.247 0.172
701.86330 20.357 0.201
704.80720 20.447 0.220
706.81113 20.136 0.253
707.86048 20.096 0.223
712.88292 20.316 0.164
715.84828 20.726 0.281
720.80311 20.144 0.209
726.86830 20.438 0.155
728.83246 20.319 0.166
729.81478 20.723 0.278
733.86709 20.665 0.335
742.80759 20.732 0.317
745.73906 20.162 0.155
747.79585 20.633 0.186
748.75062 20.293 0.182
750.84346 20.598 0.266
751.73604 20.519 0.262
755.69451 20.584 0.290
759.76380 20.598 0.211
760.81594 20.572 0.220
763.81193 20.348 0.252
769.84834 20.416 0.211
773.83691 20.546 0.262
778.78985 20.676 0.378
780.82068 21.173 0.372
782.82540 20.339 0.178
787.82842 20.249 0.164
792.76239 20.396 0.231
796.77828 20.669 0.257
798.79547 20.569 0.237
816.80398 20.101 0.144
817.79342 20.334 0.194
822.75150 20.938 0.252
826.61975 20.497 0.237
827.73046 20.426 0.191
830.81065 20.363 0.300
831.65589 20.995 0.341
832.78685 20.451 0.215
833.68830 20.738 0.197
834.77933 20.114 0.224
837.78527 20.774 0.203
839.61098 20.647 0.237
841.79432 20.284 0.229
843.71732 20.393 0.211
844.66647 20.662 0.318
850.68729 21.047 0.431
854.70931 20.585 0.315
855.75577 19.813 0.200
856.70853 20.223 0.260
858.64366 20.370 0.354
860.73488 19.986 0.186
864.72982 20.464 0.346
874.74287 20.845 0.301
876.65918 21.056 0.329
879.61901 20.781 0.358
881.55100 20.275 0.207
887.63319 20.419 0.297
892.59814 20.842 0.346
895.57887 20.240 0.217
900.54781 20.682 0.319
918.58375 20.788 0.596
920.54894 20.291 0.232
925.50115 20.200 0.289
933.51528 20.253 0.260
951.52830 20.682 0.236
1040.92167 20.340 0.195
1051.91751 20.216 0.197
1065.87805 20.694 0.300
1068.84011 20.676 0.304
1069.83059 20.389 0.163
1071.84771 21.476 0.645
1079.79491 20.394 0.195
1083.80861 20.327 0.243
1088.87329 20.391 0.217
1093.86996 20.430 0.188
1102.84797 20.384 0.126
1107.83084 20.180 0.147
1113.84464 20.529 0.228
1119.77745 20.375 0.220
1126.74892 21.041 0.382
1130.71500 20.370 0.208
1132.72356 20.825 0.260
1136.84281 20.330 0.156
1142.73481 20.360 0.138
1151.82990 20.990 0.350
1154.83846 20.363 0.219
1157.79004 21.009 0.465
1161.78803 20.400 0.135
1163.75956 20.323 0.217
1166.79604 20.743 0.364
1170.84399 20.716 0.241
1174.82665 20.438 0.159
1178.74367 20.337 0.231
1181.71023 20.399 0.244
1185.79280 20.596 0.212
1187.74474 20.331 0.194
1189.80921 20.398 0.192
1192.72878 20.152 0.123
1196.60486 20.689 0.534
1202.66669 20.716 0.261
1204.77208 20.717 0.268
1207.66550 20.410 0.236
1211.74593 20.777 0.371
1214.76239 20.813 0.343
1217.72358 20.323 0.162
1219.70823 20.450 0.213
1223.61572 20.336 0.188
1226.71065 20.264 0.184
1230.65903 20.264 0.183
1234.58546 20.688 0.294
1238.58902 20.655 0.374
1239.72166 20.208 0.265
1241.69828 20.205 0.212
1243.55615 20.217 0.188
1245.52474 20.220 0.236
1248.53312 20.901 0.441
1253.60391 20.165 0.209
1256.58321 20.983 0.424
1261.57926 20.521 0.221
1265.59694 20.456 0.219
1268.58184 20.907 0.472
1276.53531 20.652 0.284
1279.52979 20.303 0.224
1288.56335 20.547 0.269
1291.59439 20.005 0.143
1296.56777 20.265 0.236
1300.51415 20.348 0.280
1305.48856 20.412 0.269
1308.52333 20.520 0.249
1313.49890 20.288 0.247
1317.52649 20.287 0.241
1320.47318 20.733 0.363
1330.49118 20.522 0.363
1333.49599 20.700 0.516
1397.91992 21.002 0.482
1412.89754 20.351 0.209
1431.81248 21.008 0.302
1432.89782 20.767 0.297
1435.85782 20.175 0.168
1437.85063 20.904 0.346
1440.88930 20.617 0.294
1443.88721 20.444 0.232
1447.81029 20.451 0.349
1449.85202 20.822 0.557
1454.76619 20.817 0.406
1455.88985 20.089 0.213
1458.80380 20.467 0.249
1459.87119 20.660 0.264
1462.74238 20.284 0.203
1470.82337 20.738 0.223
1475.82212 20.166 0.170
1477.70898 20.369 0.239
1479.74916 20.529 0.256
1484.76461 20.720 0.278
1487.80621 20.419 0.205
1491.72940 20.833 0.339
1493.82995 21.027 0.359
1496.61576 20.758 0.358
1498.75829 21.137 0.407
1501.84236 21.091 0.354
1503.73712 20.575 0.288
1505.84374 20.752 0.337
1507.79086 21.069 0.514
1511.66358 21.050 0.355
1514.71062 20.140 0.197
1517.70015 20.762 0.219
1519.70253 20.483 0.219
1521.72522 20.554 0.200
1522.70279 20.429 0.223
1523.75926 20.502 0.315
1525.73589 20.447 0.172
1527.82307 20.521 0.219
1528.72551 20.764 0.223
1531.74314 20.873 0.314
1538.69984 20.352 0.176
1541.65592 20.557 0.148
1542.75583 20.577 0.225
1544.71263 20.500 0.200
1547.73870 20.494 0.151
1548.71608 20.413 0.171
1549.78143 20.744 0.216
1551.74531 20.471 0.154
1552.67858 20.799 0.241
1554.77153 20.487 0.166
1555.70834 20.552 0.209
1556.67900 20.450 0.182
1562.71137 20.649 0.277
1564.59000 21.412 0.679
1564.68604 20.567 0.392
1567.64346 20.523 0.223
1570.74091 20.575 0.197
1574.73657 20.662 0.192
1576.63627 20.444 0.245
1578.73788 20.159 0.213
1581.65175 20.678 0.228
1584.63026 20.683 0.284
1587.61812 20.843 0.281
1590.62517 20.255 0.174
1595.69783 19.918 0.178
1599.70917 21.284 0.622
1600.68369 20.822 0.444
1604.53437 20.618 0.289
1606.54812 20.489 0.220
1609.56736 20.784 0.338
1610.61163 20.918 0.398
1611.64307 20.518 0.266
1612.53741 20.452 0.197
1613.62883 20.221 0.239
1614.52967 20.698 0.237
1615.53457 20.466 0.211
1616.54896 20.220 0.168
1617.53393 20.675 0.258
1618.54060 20.588 0.281
1619.58969 20.772 0.370
1620.61075 20.683 0.396
1621.52889 20.444 0.288
1622.59629 20.801 0.359
1623.55121 20.328 0.239
1624.55888 21.016 0.473
1625.57083 20.233 0.262
1626.66331 20.383 0.192
1627.57845 20.543 0.353
1628.51738 20.825 0.374
1630.54429 20.095 0.235
1631.54197 20.830 0.288
1632.62012 20.864 0.370
1633.53278 20.441 0.216
1634.57242 20.877 0.325
1635.54065 20.710 0.273
1643.56145 20.034 0.232
1650.52200 20.220 0.318
1653.59797 20.830 0.500
1656.57857 20.864 0.415
1658.55604 20.595 0.300
1661.48637 20.448 0.247
1663.51151 20.237 0.186
1665.52770 20.412 0.300
1671.52358 20.317 0.313
1676.51814 22.310 2.311
1684.51810 21.143 1.207
1694.51967 21.247 0.635
1766.91265 20.217 0.244
1768.90004 20.316 0.239
1782.88728 20.217 0.191
1789.83320 20.608 0.150
1804.78258 20.363 0.216
1809.84455 20.553 0.168
1812.86734 20.652 0.208
1814.88250 20.255 0.154
1817.88442 20.430 0.160
1822.82823 20.423 0.220
1828.89244 20.514 0.461
1829.86401 20.592 0.262
1833.81881 18.803 0.106
1843.84384 20.339 0.200
1850.82365 20.311 0.204
1855.82634 20.942 0.277
1860.79957 20.474 0.269
1863.77311 20.992 0.399
1865.82795 20.708 0.228
1867.79668 20.259 0.160
1869.77014 20.709 0.241
1872.76879 20.762 0.273
2166.90333 20.341 0.181
2173.82374 20.814 0.280
2192.79707 20.502 0.159
2201.80985 20.232 0.114
2212.84151 20.149 0.220
2223.84615 20.266 0.171
2226.82611 20.554 0.250
2229.63805 20.214 0.180
2230.77663 20.547 0.230
2232.79638 20.445 0.198
2234.79057 20.739 0.215
2238.76257 20.237 0.146
2241.63760 20.534 0.230
2243.69603 20.412 0.218
2248.76843 20.658 0.198
2251.72586 20.672 0.198
2253.80995 20.731 0.249
2255.68493 20.584 0.236
2261.70519 20.237 0.162
2264.78624 20.405 0.159
2269.81964 20.955 0.327
2271.76707 20.683 0.209
2273.85209 20.431 0.237
2274.63676 20.449 0.244
2276.74387 20.099 0.164
2278.64240 20.649 0.236
2280.64059 20.188 0.157
2282.64916 20.364 0.211
2284.64042 20.675 0.293
2289.78281 20.473 0.215
2291.79091 20.466 0.269
2293.75664 20.069 0.205
2295.77858 20.024 0.125
2297.77191 20.293 0.181
2299.81245 20.938 0.417
2301.70658 20.411 0.260
2303.70276 20.479 0.293
2321.65386 20.426 0.213
2327.53239 20.737 0.321
2332.56527 20.110 0.230
2333.52934 20.720 0.394
2339.51756 20.361 0.215
2347.51223 20.264 0.181
2402.50628 20.510 0.339
2524.90196 20.243 0.173
2542.86381 20.934 0.284
2552.81317 20.527 0.224
2556.80478 20.403 0.172
2559.85293 20.506 0.233
2564.82091 20.523 0.239
2573.82208 20.322 0.222
2578.74624 20.435 0.265
2583.78172 20.596 0.248
2589.82510 20.290 0.147
2596.71333 20.947 0.442
2605.71460 20.368 0.164
2609.70531 20.655 0.271
2614.64001 20.723 0.252
2618.69759 20.938 0.340
2620.82562 20.662 0.194
2623.79652 20.315 0.142
2627.66075 20.451 0.322
2629.68427 20.404 0.287
2631.70428 20.665 0.299
2634.73288 20.845 0.256
2635.60448 20.638 0.177
2637.80352 20.984 0.295
2639.62942 20.645 0.158
2641.69546 20.721 0.231
2643.70422 20.326 0.184
2645.69310 21.230 0.254
2647.65084 20.681 0.203
2651.60577 20.173 0.176
2653.63241 20.482 0.236
2655.75336 20.097 0.146
2657.59837 20.477 0.188
2659.61338 20.180 0.164
2661.83138 20.129 0.223
2663.84544 20.227 0.293
2665.85136 20.390 0.331
2668.60119 20.024 0.172
2670.60549 20.933 0.339
2672.59210 20.390 0.219
2674.61346 20.443 0.183
2676.59995 20.354 0.170
2678.67272 20.642 0.250
2680.59848 20.647 0.183
2682.64778 19.920 0.149
2686.64232 20.378 0.248
2691.58891 21.074 0.496
2695.62474 20.591 0.239
2700.58023 20.861 0.333
2706.59766 19.936 0.168
2713.56280 21.499 0.705
2840.94313 20.834 0.479
2885.84521 20.488 0.188
2892.87477 20.619 0.304
2897.84409 20.577 0.293
2903.88987 20.202 0.124
2906.89301 20.386 0.143
2911.77285 20.613 0.198
2916.82256 20.648 0.170
2922.80677 20.601 0.286
2926.73334 21.066 0.376
2930.80789 21.007 0.303
2933.85223 20.401 0.157
2939.86051 20.477 0.210
2942.81110 20.702 0.203
2944.85455 20.734 0.248
2946.85645 20.323 0.170
2949.77089 20.812 0.237
2952.84778 20.927 0.297
2956.68621 20.567 0.210
2958.71289 20.387 0.193
2962.72462 20.120 0.142
2965.74284 20.424 0.136
2967.84240 20.265 0.107
2970.80776 20.440 0.119
2974.74557 20.593 0.224
2976.78028 20.467 0.164
2978.76036 20.294 0.171
2980.70042 20.348 0.164
2982.66319 20.466 0.193
2984.71036 20.710 0.243
2986.79365 20.494 0.224
2988.75771 20.304 0.183
2990.62989 20.396 0.189
2992.78047 20.434 0.159
2994.62675 21.053 0.304
2995.63632 20.325 0.121
2997.64631 20.619 0.168
2999.76503 20.321 0.168
3001.73707 20.747 0.228
3003.71034 20.502 0.171
3005.70109 20.658 0.228
3007.71551 20.637 0.213
3009.71360 20.707 0.217
3011.68295 20.311 0.197
3013.68614 20.481 0.183
3017.69655 20.324 0.198
3019.62416 21.089 0.322
3021.74329 20.631 0.188
3023.60525 20.496 0.136
3024.80628 20.800 0.233
3026.80255 20.794 0.181
3028.81457 20.474 0.200
3031.67655 20.497 0.142
3033.74047 20.672 0.155
3035.74786 20.268 0.130
3038.72523 20.900 0.342
3041.59341 20.354 0.237
3043.62880 21.293 0.502
3045.66251 20.479 0.205
3047.61656 20.413 0.209
3049.62217 20.544 0.130
3051.58945 20.854 0.260
3053.58457 20.384 0.143
3055.58373 20.710 0.217
3057.60855 20.624 0.201
3060.63106 20.445 0.180
3064.63971 20.423 0.240
3067.69387 20.572 0.218
3070.54073 20.646 0.248
3073.60907 21.090 0.532
3075.65665 20.660 0.284
3078.57678 20.528 0.219
3082.56613 20.806 0.297
3084.64306 20.246 0.141
3087.60617 20.765 0.211
3090.56846 20.325 0.194
3099.50466 20.647 0.261
3102.53495 20.682 0.274
3105.56873 20.609 0.254
3108.54721 20.746 0.236
3112.51858 20.375 0.202
3116.50584 20.654 0.253
3126.51159 20.582 0.233
3146.47409 20.332 0.276
3241.89908 20.361 0.194
3256.91046 20.711 0.266
3263.88529 20.538 0.140
3268.90089 20.354 0.171
3273.87613 20.690 0.235
3277.86535 20.809 0.261
3281.85543 20.458 0.132
3289.86913 20.935 0.249
3294.86459 20.467 0.149
3296.87234 20.512 0.190
3299.72359 20.420 0.147
3301.72330 20.356 0.197
3304.78600 20.581 0.235
3306.86699 20.601 0.223
3309.69634 20.652 0.197
3311.69409 20.736 0.236
3320.73687 20.358 0.155
3327.70590 20.843 0.246
3329.85651 20.802 0.230
3334.76245 20.202 0.211
3338.81258 20.556 0.164
3350.64439 20.274 0.130
3354.64459 20.149 0.153
3358.69805 20.592 0.154
3361.80348 20.573 0.180
3363.75327 20.340 0.166
3367.70706 20.202 0.190
3372.72550 20.419 0.143
3378.63822 20.696 0.256
3383.76758 20.162 0.094
3387.62457 20.559 0.217
3391.70578 20.539 0.215
3395.69722 20.671 0.271
3399.67332 20.414 0.176
3402.69018 20.291 0.136
3404.62074 20.470 0.176
3408.57137 20.322 0.146
3412.61674 21.196 0.387
3416.60015 20.731 0.218
3424.60325 20.821 0.303
3431.50489 20.636 0.233
3437.51591 20.375 0.162
3445.52066 20.159 0.158
3453.54238 20.962 0.381
3462.51768 21.040 0.339
3582.92430 21.718 0.661
3589.93105 20.711 0.202
3617.91647 20.872 0.391
3629.85610 20.303 0.198
3634.82145 20.703 0.235
3639.87436 20.691 0.179
3641.86526 20.884 0.278
3650.86056 20.567 0.159
3653.88845 20.233 0.177
3657.84163 20.471 0.146
3661.82552 20.414 0.190
3666.82173 20.095 0.175
3671.85456 20.706 0.205
3675.83712 20.639 0.173
3683.85826 21.004 0.296
3687.75097 20.214 0.120
3689.85143 20.423 0.162
3692.77528 20.896 0.278
3694.79021 20.435 0.150
3696.73268 20.331 0.145
3699.73524 20.184 0.095
3701.78821 20.230 0.120
3704.69530 20.771 0.203
3706.82408 20.542 0.162
3711.69773 20.389 0.153
3713.71149 20.378 0.155
3716.81062 20.688 0.181
3719.79153 20.831 0.379
3725.78322 20.828 0.316
3727.75798 20.373 0.158
3730.65334 20.669 0.153
3732.67783 20.290 0.112
3734.77580 20.600 0.154
3736.79221 20.594 0.188
3737.68073 20.684 0.170
3739.77976 20.546 0.137
3742.60281 21.140 0.373
3745.71551 20.640 0.179
3747.74382 20.171 0.246
3749.62662 20.695 0.382
3751.73078 20.382 0.201
3753.60240 20.793 0.280
3755.63993 20.297 0.206
3757.67338 20.323 0.163
3759.73807 20.357 0.120
3762.72536 20.143 0.150
3765.74393 20.212 0.100
3770.58545 20.741 0.239
3773.59281 20.859 0.295
3776.59184 20.665 0.207
3779.58191 20.227 0.201
3782.63161 20.896 0.246
3787.55744 20.374 0.167
3791.60370 20.312 0.162
3799.52824 20.726 0.313
3806.53325 20.333 0.288
3821.50628 19.998 0.115
3945.93097 20.905 0.211
3963.92703 21.344 0.502
3969.85747 20.242 0.184
3975.90751 20.501 0.187
3981.83672 21.051 0.374
3995.88710 20.340 0.206
4001.84019 20.982 0.266
4005.81802 20.460 0.146
4007.82206 20.238 0.125
4011.82221 20.444 0.233
4018.81375 20.563 0.190
4023.84585 20.802 0.249
4026.75220 20.786 0.207
4029.69554 20.240 0.203
4031.77608 20.551 0.203
4038.68529 20.358 0.153
4040.85208 20.941 0.317
4042.86784 20.312 0.159
4046.74281 20.473 0.217
4048.83231 19.965 0.143
4052.67449 20.740 0.202
4054.64757 19.940 0.158
4056.71904 20.412 0.223
4058.65708 20.069 0.133
4063.65110 20.393 0.155
4066.64890 20.482 0.163
4069.71451 20.993 0.300
4071.64313 20.097 0.159
4076.71537 20.405 0.187
4079.72808 20.026 0.170
4083.64499 20.906 0.349
4085.71031 20.498 0.188
4092.82763 20.422 0.147
4112.69915 20.750 0.162
4117.68800 20.949 0.299
4121.66401 20.581 0.228
4124.74690 20.207 0.128
4129.75945 22.401 1.307
4142.61849 20.625 0.220
4150.62432 20.415 0.130
4155.52029 20.667 0.223
4166.54917 20.558 0.296
4196.49867 20.686 0.308
4341.87470 20.382 0.220
4347.82460 20.872 0.325
4351.87051 20.376 0.190
4357.88246 20.842 0.327
4363.80706 20.350 0.211
4366.85768 20.640 0.276
4369.89818 21.151 0.447
4372.80110 20.660 0.235
4376.89152 20.402 0.276
4379.89791 20.487 0.369
4386.75905 20.366 0.151
4393.76998 20.952 0.274
4398.84619 20.300 0.141
4403.85261 20.301 0.228
4411.78157 20.491 0.170
4411.84325 20.359 0.166
4418.73238 20.556 0.151
4422.82897 20.447 0.168
4429.77149 22.016 1.660
4432.69713 20.830 0.318
4436.73652 20.797 0.280
4439.80220 20.426 0.262
4443.67192 20.100 0.193
4448.82591 20.539 0.213
4451.66611 20.438 0.196
4455.66489 20.822 0.336
4457.72042 20.893 0.400
4460.75052 20.999 0.450
4464.71317 20.255 0.115
4467.70568 20.531 0.164
4471.75195 20.681 0.284
4476.67447 20.457 0.138
4480.67427 20.800 0.271
4484.75327 20.712 0.336
4488.67582 20.314 0.218
4493.67796 20.853 0.360
4498.65599 20.463 0.154
4501.64903 20.531 0.200
4506.58714 20.964 0.352
4508.59714 20.062 0.138
4510.67667 22.404 1.230
4516.62643 19.960 0.201
4519.69795 20.389 0.237
4521.54161 20.767 0.314
4524.58212 20.738 0.300
4530.60625 21.047 0.363
4532.63454 20.918 0.305
4537.59618 20.355 0.187
4540.64733 20.998 0.415
4544.60133 20.349 0.260
4547.54393 21.551 0.627
4556.55959 20.397 0.192
4561.53708 20.054 0.143
4568.49177 20.094 0.141
4575.51469 20.804 0.316
4592.51194 20.950 0.561
4600.49547 20.561 0.304
4682.91927 20.432 0.194
4691.92760 20.542 0.233
4719.85551 20.421 0.207
4724.80172 20.214 0.175
4727.89227 20.815 0.318
4733.89851 20.086 0.154
4747.88016 20.600 0.254
4752.83940 20.876 0.326
4756.84864 20.569 0.218
4760.73152 20.647 0.185
4762.85528 20.497 0.162
4768.83318 20.506 0.193
4771.87552 20.416 0.374
4775.70889 20.903 0.327
4777.72345 20.489 0.167
4781.68679 20.295 0.168
4783.84104 20.898 0.292
4788.77061 20.449 0.176
4791.78110 20.604 0.175
4794.75250 20.590 0.215
4797.73369 20.351 0.188
4800.69518 20.449 0.149
4802.80850 20.526 0.168
4804.83292 20.401 0.175
4805.85570 20.874 0.304
4807.81076 20.677 0.193
4809.84854 21.196 0.395
4812.69758 21.094 0.556
4814.71361 20.691 0.291
4816.71053 20.753 0.279
4818.76653 20.453 0.189
4820.74408 20.617 0.193
4823.77041 20.534 0.240
4825.84397 20.608 0.250
4833.65693 20.354 0.150
4835.67410 20.176 0.150
4837.73190 21.253 0.529
4840.69750 20.215 0.177
4842.68220 20.438 0.183
4844.68138 20.580 0.223
4847.74835 20.731 0.230
4849.74531 21.000 0.451
4852.75412 20.585 0.205
4854.73027 20.736 0.274
4856.72555 20.730 0.334
4865.69141 20.660 0.243
4867.68120 21.302 0.379
4870.69439 20.296 0.210
4873.72516 20.607 0.310
4875.69693 20.612 0.223
4877.61902 20.725 0.226
4879.67568 20.813 0.336
4884.68811 20.444 0.217
4888.57578 20.845 0.260
4902.61210 20.285 0.276
4911.62145 20.303 0.184
4919.55568 20.648 0.241
4925.56550 20.567 0.278
4929.53685 20.302 0.306
4932.57225 20.236 0.248
4936.53630 20.273 0.209
4938.53488 20.027 0.188
4942.54790 20.397 0.210
4949.51618 20.690 0.218
