2166.89599 20.168 0.147
2173.81641 19.851 0.097
2189.88779 20.359 0.214
2192.79042 20.054 0.101
2201.80321 19.941 0.082
2212.83488 19.809 0.102
2217.81969 19.765 0.133
2223.83950 19.956 0.124
2226.81951 19.870 0.125
2228.85650 19.983 0.128
2230.77004 19.863 0.108
2232.78980 19.732 0.118
2234.78398 19.610 0.094
2238.74766 19.824 0.098
2240.86385 19.701 0.194
2243.68943 19.667 0.114
2248.75732 19.994 0.113
2251.71927 19.933 0.097
2253.80337 19.606 0.074
2255.67832 20.009 0.129
2261.69858 19.710 0.090
2264.77964 19.729 0.079
2269.81304 19.788 0.103
2271.76044 19.852 0.094
2273.84552 19.973 0.150
2274.63016 19.766 0.140
2276.73728 19.803 0.112
2278.63580 19.945 0.119
2280.63400 19.896 0.112
2282.64257 20.006 0.136
2284.63382 20.182 0.165
2289.77622 19.736 0.108
2291.78431 20.132 0.193
2293.75006 19.834 0.155
2295.77197 19.925 0.105
2297.76528 19.885 0.121
2299.80585 19.803 0.155
2301.69995 20.149 0.223
2303.69614 19.794 0.165
2321.64656 20.012 0.120
2327.52508 19.747 0.115
2332.55796 20.054 0.201
2333.52201 19.918 0.174
2339.51019 19.929 0.144
2347.50489 19.957 0.155
2402.49883 19.838 0.168
2524.89464 19.876 0.127
2537.89458 20.034 0.202
2542.85715 19.962 0.109
2552.80423 19.894 0.124
2556.79747 19.837 0.110
2559.84565 19.786 0.110
2563.89091 19.897 0.196
2564.81361 19.857 0.124
2573.81546 19.878 0.140
2578.73963 20.104 0.174
2583.77512 19.685 0.116
2589.81785 20.044 0.116
2596.70611 19.979 0.191
2605.70737 19.931 0.120
2609.69811 19.730 0.125
2614.63292 19.975 0.109
2618.69058 19.984 0.128
2620.81853 19.902 0.101
2623.78941 19.961 0.117
2627.65416 20.061 0.218
2629.67768 19.842 0.126
2634.72577 19.839 0.109
2635.59788 19.866 0.096
2637.79694 20.139 0.250
2639.62284 19.976 0.080
2641.68833 19.922 0.113
2643.69711 19.959 0.114
2645.68652 20.125 0.110
2647.64424 19.866 0.110
2650.85967 19.950 0.106
2653.62582 19.858 0.126
2655.73911 19.776 0.121
2657.59178 20.003 0.130
2659.60678 20.104 0.148
2661.82478 19.953 0.165
2663.83883 19.742 0.189
2665.84374 20.053 0.197
2668.59373 20.110 0.207
2670.59888 20.005 0.146
2672.58545 20.155 0.207
2674.60683 19.989 0.125
2676.59330 19.804 0.115
2678.66224 20.128 0.146
2678.66608 19.810 0.114
2680.59179 19.847 0.103
2682.64062 20.127 0.172
2686.63517 19.929 0.158
2695.61752 19.774 0.129
2700.57163 19.608 0.102
2706.59047 19.911 0.170
2713.55552 19.875 0.171
2840.93324 20.120 0.191
2868.87300 19.949 0.129
2885.83797 19.982 0.105
2892.86754 19.930 0.161
2897.83688 19.761 0.125
2903.88267 19.784 0.081
2906.88582 19.992 0.094
2911.76562 19.907 0.098
2916.80970 19.993 0.103
2922.79958 20.248 0.228
2925.88810 19.896 0.177
2930.80074 19.918 0.118
2933.84509 19.857 0.088
2939.85337 19.756 0.129
2942.80300 19.920 0.098
2944.84740 19.738 0.101
2946.84931 19.809 0.099
2948.86575 19.812 0.104
2952.83984 19.997 0.126
2956.67909 19.705 0.117
2958.70580 19.819 0.117
2962.71666 19.940 0.110
2965.73576 20.087 0.101
2967.83530 19.956 0.089
2970.80067 20.014 0.084
2974.73847 19.876 0.100
2976.77317 19.959 0.099
2978.73700 19.832 0.124
2978.75326 19.963 0.132
2980.69331 19.814 0.104
2982.65272 19.859 0.121
2984.70328 19.814 0.095
2986.78138 19.918 0.123
2988.75065 19.848 0.114
2990.62281 19.684 0.086
2992.77338 20.130 0.108
2994.61962 19.970 0.134
2995.62923 19.880 0.070
2997.63820 19.997 0.093
2999.75792 19.821 0.097
3001.72973 19.933 0.105
3003.70325 19.737 0.085
3005.69401 19.893 0.121
3007.70843 19.822 0.105
3009.70649 19.910 0.102
3011.67580 19.819 0.133
3013.67904 19.938 0.125
3017.68944 19.950 0.150
3019.61701 19.914 0.103
3021.73616 19.753 0.082
3023.59814 20.082 0.103
3024.79918 19.851 0.089
3026.79549 19.941 0.087
3028.80746 19.910 0.097
3031.66940 19.892 0.087
3033.73335 19.787 0.069
3035.73969 19.825 0.097
3038.71808 19.815 0.097
3041.58627 19.699 0.150
3043.62165 19.864 0.132
3045.65533 19.896 0.115
3047.60940 20.169 0.147
3049.61502 20.013 0.085
3051.58229 19.853 0.099
3053.57742 20.031 0.115
3055.57656 19.958 0.120
3057.60141 19.992 0.115
3060.62389 20.066 0.126
3064.62822 19.967 0.140
3067.68520 19.885 0.119
3070.53355 19.697 0.120
3073.60023 19.994 0.187
3075.64945 20.257 0.154
3078.56956 19.858 0.143
3082.55893 19.649 0.101
3084.63584 19.766 0.088
3087.59750 20.025 0.117
3090.56129 19.996 0.168
3099.49610 20.254 0.201
3102.52290 20.009 0.158
3105.56152 19.947 0.184
3108.53999 19.838 0.106
3112.51134 20.010 0.140
3116.49862 19.999 0.152
3126.50434 19.802 0.105
3146.46686 20.166 0.193
3241.89188 19.854 0.120
3247.92472 19.587 0.128
3256.90326 19.794 0.112
3263.87815 19.820 0.068
3268.89372 19.908 0.094
3273.86898 19.932 0.117
3277.85820 19.695 0.086
3281.84830 20.100 0.098
3287.70986 19.923 0.106
3289.86205 19.782 0.095
3294.85751 19.973 0.084
3296.86526 19.661 0.078
3299.71652 20.147 0.120
3301.71622 19.916 0.141
3304.77888 19.813 0.123
3306.85991 19.763 0.100
3308.87668 19.948 0.194
3311.68702 20.197 0.142
3320.72981 19.863 0.093
3327.69884 19.848 0.093
3329.84946 20.100 0.109
3334.75540 20.040 0.175
3338.80552 20.013 0.094
3350.63179 19.912 0.089
3354.63752 19.912 0.117
3358.69099 20.027 0.097
3361.79126 19.937 0.103
3363.74620 19.824 0.106
3367.70002 19.970 0.133
3372.71844 19.819 0.075
3378.63118 19.914 0.141
3382.60937 19.656 0.127
3387.61749 19.816 0.112
3391.69874 19.930 0.126
3395.69015 19.997 0.149
3399.66622 19.923 0.113
3402.68308 19.455 0.066
3404.61366 20.042 0.120
3408.56428 19.917 0.100
3412.60970 19.896 0.105
3416.59310 20.118 0.121
3424.59620 19.821 0.138
3430.57060 20.366 0.158
3437.50882 19.810 0.100
3445.51352 19.851 0.126
3453.53527 19.775 0.114
3462.51053 19.827 0.120
3582.91714 19.901 0.136
3589.92391 19.931 0.096
3617.90935 19.766 0.109
3629.84900 19.735 0.105
3634.81437 19.992 0.119
3639.86729 19.924 0.088
3641.85818 19.747 0.100
3650.85351 19.855 0.079
3653.88138 19.877 0.096
3657.83462 20.027 0.103
3661.81848 19.829 0.128
3666.81470 19.742 0.100
3671.84757 20.260 0.133
3675.83014 19.902 0.090
3683.85126 19.654 0.079
3687.74397 19.979 0.104
3689.84444 19.996 0.119
3692.76833 19.913 0.110
3694.78323 19.813 0.096
3696.72570 19.893 0.085
3699.72826 19.923 0.081
3701.77935 19.759 0.075
3704.68831 19.689 0.076
3706.81709 19.801 0.097
3711.69077 19.816 0.091
3713.70448 19.737 0.093
3716.80364 19.944 0.094
3719.78457 20.010 0.193
3725.77623 19.865 0.130
3727.75101 20.074 0.113
3730.64632 19.953 0.076
3732.67083 20.104 0.096
3734.76881 19.942 0.081
3736.78519 19.967 0.098
3737.67376 19.997 0.099
3739.77278 19.975 0.085
3742.59574 19.672 0.121
3745.70724 20.117 0.109
3747.73680 20.177 0.230
3749.61964 20.058 0.183
3751.72376 19.751 0.100
3753.59539 19.913 0.114
3755.63292 20.169 0.161
3757.66639 20.205 0.153
3759.73001 19.856 0.080
3762.71833 19.810 0.104
3765.73690 19.834 0.065
3770.57841 19.913 0.102
3773.58578 20.106 0.128
3776.58481 19.864 0.105
3779.57482 20.136 0.172
3782.62457 19.951 0.108
3787.54942 19.867 0.100
3791.59664 20.031 0.115
3799.52113 19.849 0.163
3821.49913 19.719 0.093
3945.92378 19.847 0.096
3963.91997 20.052 0.157
3969.85043 19.939 0.120
3975.90048 19.852 0.102
3981.82968 20.273 0.193
3995.88010 19.861 0.115
4001.83320 19.986 0.114
4005.81104 19.726 0.078
4007.81512 19.951 0.103
4011.81525 19.921 0.125
4018.80678 20.462 0.184
4023.83887 20.069 0.113
4026.74525 20.185 0.121
4028.88141 20.076 0.155
4031.76915 19.757 0.114
4037.87825 19.873 0.146
4040.84518 19.905 0.124
4042.86089 19.778 0.102
4046.73590 19.979 0.141
4048.82544 19.814 0.134
4052.66760 19.968 0.087
4053.86523 19.764 0.125
4056.71213 20.522 0.228
4058.65019 19.884 0.106
4063.64422 20.143 0.136
4066.64202 19.710 0.104
4069.70764 19.941 0.105
4071.63625 20.132 0.157
4076.70850 19.844 0.112
4079.72118 19.705 0.115
4083.63811 19.817 0.136
4085.70340 19.724 0.097
4092.82072 19.942 0.090
4104.86755 19.977 0.229
4112.69221 19.825 0.072
4117.68108 19.649 0.087
4121.65711 20.238 0.172
4124.73996 19.767 0.088
4129.75252 20.122 0.132
4142.61154 19.814 0.118
4150.59997 19.995 0.086
4155.51331 19.817 0.121
4166.54214 19.924 0.162
4196.49164 19.789 0.118
4341.86766 19.947 0.154
4347.81760 19.800 0.129
4351.86353 19.866 0.116
4363.80010 19.868 0.150
4366.85066 19.735 0.124
4369.89119 19.910 0.133
4372.79414 19.889 0.103
4376.88451 19.932 0.163
4379.89095 19.914 0.152
4386.75208 19.835 0.091
4388.88998 20.048 0.330
4393.76303 19.786 0.097
4398.83929 19.885 0.108
4403.84570 19.805 0.134
4411.77465 20.060 0.118
4411.83632 20.000 0.120
4418.72549 19.923 0.085
4422.82207 19.947 0.095
4429.75329 20.000 0.243
4432.69022 19.969 0.125
4436.72963 19.812 0.120
4439.79532 20.353 0.242
4443.66502 19.913 0.146
4448.81901 19.944 0.108
4451.65924 19.971 0.117
4455.65801 19.680 0.117
4457.71355 19.805 0.127
4460.74363 19.855 0.130
4464.70630 19.932 0.087
4467.69881 19.837 0.084
4471.70053 19.956 0.098
4476.66756 19.805 0.078
4480.66735 19.917 0.108
4484.74637 19.776 0.130
4488.66889 19.918 0.141
4493.67102 19.875 0.133
4498.64941 20.103 0.109
4501.64245 19.894 0.114
4506.58054 19.914 0.140
4508.59055 19.928 0.121
4510.66970 19.759 0.113
4516.61943 19.925 0.191
4519.68586 19.969 0.165
4521.53463 20.086 0.145
4524.51980 19.984 0.188
4530.59925 20.020 0.144
4532.62750 20.206 0.155
4537.58916 19.861 0.117
4540.64034 20.173 0.203
4544.59430 20.303 0.236
4547.53686 20.250 0.215
4556.55255 19.997 0.128
4561.53002 19.880 0.116
4568.48471 20.094 0.148
4575.50762 19.921 0.138
4592.50484 19.943 0.193
4600.48834 19.743 0.135
4682.91221 20.084 0.148
4691.92055 19.831 0.124
4704.92588 20.330 0.388
4719.84851 19.923 0.154
4724.79472 20.019 0.149
4727.88529 20.048 0.160
4733.89155 19.782 0.110
4741.81394 19.969 0.098
4747.75664 19.847 0.096
4747.87322 19.945 0.104
4748.78121 19.962 0.117
4749.70738 20.085 0.181
4752.83245 19.911 0.140
4756.84169 19.850 0.109
4760.72456 19.993 0.108
4762.84835 19.919 0.103
4768.82628 19.971 0.114
4771.86861 20.208 0.207
4775.70196 19.863 0.115
4777.71656 19.835 0.099
4779.69390 19.766 0.103
4780.70591 19.698 0.106
4781.67991 20.080 0.141
4782.64039 20.094 0.170
4782.84297 19.923 0.127
4783.67218 19.820 0.117
4783.83414 19.938 0.102
4783.85184 19.969 0.125
4784.67486 19.560 0.154
4784.85821 19.733 0.129
4786.68744 19.809 0.108
4787.67342 19.810 0.203
4788.76370 20.054 0.123
4791.77421 19.678 0.071
4794.74559 19.841 0.102
4797.72680 19.899 0.118
4800.68830 19.994 0.109
4801.63490 19.781 0.123
4802.65536 20.015 0.113
4802.80158 19.798 0.081
4803.62463 19.985 0.136
4804.82600 19.941 0.101
4805.84879 19.818 0.085
4807.80385 19.820 0.091
4809.84162 19.784 0.087
4812.69064 20.162 0.226
4814.70675 20.018 0.155
4816.70363 19.733 0.115
4818.75964 19.809 0.088
4820.73717 20.097 0.113
4823.76352 19.883 0.087
4825.83706 19.477 0.086
4835.66718 19.994 0.138
4837.72498 19.688 0.111
4840.69061 19.819 0.116
4842.67533 19.893 0.102
4844.67447 20.057 0.114
4847.74148 19.907 0.112
4849.73838 19.764 0.148
4852.74719 20.045 0.119
4854.72322 19.949 0.117
4856.71864 19.775 0.117
4857.62540 19.965 0.143
4858.67475 19.586 0.119
4859.62194 19.944 0.115
4861.67713 20.003 0.113
4861.71884 19.871 0.130
4865.68448 19.823 0.117
4867.67424 19.796 0.090
4870.68744 19.780 0.120
4873.71817 20.046 0.157
4875.68999 19.996 0.123
4877.61207 20.102 0.121
4879.66871 19.931 0.120
4884.68116 19.908 0.125
4888.56878 19.952 0.104
4902.60510 19.848 0.171
4911.61445 20.052 0.131
4914.53025 20.101 0.189
4915.49134 20.807 0.425
4915.58625 19.750 0.116
4916.49717 19.815 0.133
4916.57419 19.886 0.108
4917.50647 19.731 0.110
4918.50591 20.096 0.165
4919.54865 19.800 0.136
4925.55882 20.132 0.164
4929.48474 19.948 0.185
4929.53016 19.826 0.169
4930.48016 20.183 0.218
4931.48049 19.800 0.189
4932.56553 19.720 0.146
4936.52960 20.319 0.227
4938.52817 19.724 0.138
4942.54445 20.045 0.155
4949.51273 19.779 0.090
4954.46621 19.779 0.197
