2183.89928 20.168 0.396
2192.76512 19.977 0.107
2201.77532 19.702 0.108
2212.80960 19.946 0.138
2228.83237 20.032 0.162
2230.74579 20.052 0.150
2234.75998 19.849 0.105
2242.84532 20.019 0.182
2248.72657 20.352 0.159
2251.75620 19.781 0.088
2253.77380 19.969 0.099
2255.70212 19.812 0.125
2258.70157 19.976 0.122
2269.78308 20.071 0.139
2271.73138 20.048 0.134
2273.82172 20.066 0.159
2275.79519 19.853 0.131
2277.79798 20.044 0.116
2279.79480 20.023 0.116
2281.75763 19.839 0.090
2283.81483 19.774 0.081
2289.75169 19.964 0.130
2291.75780 19.705 0.141
2293.72615 19.874 0.161
2295.74721 19.862 0.101
2297.73813 19.723 0.120
2299.77055 19.904 0.126
2303.67136 19.783 0.152
2323.57307 19.972 0.114
2326.58006 20.296 0.191
2332.52346 19.975 0.188
2338.54603 19.772 0.111
2355.51150 19.808 0.175
2387.50181 19.559 0.182
2524.86659 19.976 0.164
2542.83342 20.076 0.153
2544.89157 19.836 0.150
2551.88179 19.888 0.111
2559.81971 20.004 0.157
2563.86494 20.042 0.189
2573.79166 19.599 0.118
2577.85446 19.870 0.127
2583.75090 19.955 0.153
2594.80826 20.002 0.229
2609.66930 19.946 0.167
2617.81982 20.307 0.224
2620.78884 19.973 0.122
2623.76207 19.827 0.130
2626.68715 19.789 0.115
2627.62896 19.701 0.158
2628.85428 20.035 0.196
2630.84300 20.062 0.242
2632.63371 19.759 0.149
2635.62855 19.974 0.137
2637.76871 20.003 0.136
2639.78496 19.873 0.121
2645.66274 19.966 0.125
2647.58948 19.778 0.118
2651.65775 19.801 0.129
2653.68248 19.857 0.173
2655.66680 19.942 0.149
2657.80052 19.661 0.131
2665.79432 20.002 0.164
2675.73071 19.849 0.105
2686.60786 19.790 0.150
2691.53462 20.323 0.264
2695.59196 20.180 0.232
2713.52806 20.037 0.242
2841.93229 19.851 0.150
2868.89484 20.054 0.156
2890.83797 20.108 0.210
2900.82936 19.789 0.098
2906.86035 19.688 0.077
2910.89370 20.052 0.108
2915.89384 19.841 0.098
2922.77399 19.690 0.149
2925.86239 19.756 0.119
2930.77496 19.949 0.137
2933.81939 19.852 0.084
2939.82779 19.806 0.121
2941.84585 19.728 0.087
2943.72065 19.688 0.105
2946.82369 19.866 0.123
2948.81400 20.062 0.142
2952.81004 19.932 0.127
2956.65345 19.807 0.114
2958.68024 19.900 0.141
2962.69116 19.827 0.108
2967.80754 19.878 0.100
2970.77316 19.884 0.084
2974.71272 19.573 0.084
2976.74657 19.893 0.104
2978.64111 20.023 0.167
2980.66754 19.869 0.125
2982.62670 19.845 0.127
2984.66783 19.756 0.096
2986.75567 19.774 0.114
2988.72364 19.610 0.092
2990.65706 20.149 0.123
2992.74668 19.965 0.106
2994.65446 20.081 0.108
2996.74478 19.886 0.110
2998.69950 20.054 0.122
2999.79153 20.063 0.146
3001.67025 20.005 0.103
3003.66591 19.970 0.112
3005.62290 19.770 0.122
3007.74138 20.079 0.149
3009.67720 19.635 0.088
3011.62277 20.237 0.228
3013.65343 19.802 0.106
3017.62873 19.746 0.069
3018.72056 19.813 0.118
3020.79577 19.887 0.122
3022.82226 20.216 0.162
3024.77083 19.911 0.098
3026.76814 19.979 0.098
3028.77561 20.078 0.100
3030.78048 20.072 0.122
3033.70778 19.721 0.067
3035.71407 19.729 0.095
3038.69244 20.090 0.168
3040.69207 20.079 0.173
3042.63561 19.616 0.128
3044.56952 19.791 0.137
3046.58501 20.194 0.146
3048.56996 20.195 0.123
3050.58882 19.780 0.092
3052.58585 19.825 0.095
3054.58670 19.952 0.130
3056.58389 19.790 0.101
3058.57764 19.549 0.105
3060.59812 19.987 0.125
3064.60266 19.744 0.156
3067.65963 19.772 0.105
3069.61973 20.046 0.171
3073.53451 20.048 0.201
3075.62386 19.662 0.101
3078.54370 19.991 0.166
3082.53269 20.127 0.195
3084.60863 20.063 0.110
3087.57091 19.835 0.115
3090.52586 19.957 0.182
3093.50719 20.467 0.308
3098.61612 19.918 0.160
3101.57380 19.845 0.205
3104.54703 20.192 0.184
3107.52696 19.649 0.161
3111.52055 19.994 0.192
3114.51449 19.786 0.128
3115.53883 19.582 0.110
3126.47895 20.846 0.376
3144.49424 20.058 0.210
3224.89441 19.937 0.165
3239.92839 20.072 0.142
3247.89934 19.619 0.098
3256.87762 19.874 0.105
3263.85244 19.991 0.084
3268.86819 19.906 0.085
3273.83980 19.805 0.106
3276.85787 19.767 0.129
3281.82281 20.028 0.099
3294.83441 19.841 0.085
3296.83976 20.044 0.104
3298.87030 20.429 0.173
3301.69067 19.799 0.161
3303.85970 20.156 0.205
3306.83430 20.080 0.146
3308.85131 20.262 0.176
3311.66143 19.703 0.112
3320.69457 19.869 0.116
3323.64754 19.699 0.107
3329.82359 19.896 0.089
3334.72342 19.677 0.125
3338.77916 19.682 0.083
3349.79543 19.732 0.097
3351.78025 19.829 0.107
3354.74839 20.047 0.133
3358.63470 19.905 0.082
3361.73051 19.881 0.103
3363.72064 20.294 0.167
3372.69294 19.981 0.100
3377.72913 20.013 0.152
3386.75491 19.836 0.080
3391.60024 19.877 0.126
3395.66433 20.014 0.159
3398.71203 20.356 0.184
3402.65731 19.934 0.103
3404.58514 20.256 0.174
3408.53859 19.861 0.103
3412.58388 19.602 0.089
3414.61543 19.672 0.110
3419.58627 19.793 0.122
3426.52178 19.968 0.158
3433.57297 19.951 0.138
3443.54356 19.751 0.106
3453.50992 19.797 0.122
3617.88345 20.174 0.153
3629.82294 20.094 0.191
3634.78906 19.848 0.121
3639.89930 19.982 0.131
3641.83294 19.908 0.116
3650.82828 20.023 0.101
3653.85629 19.782 0.085
3657.80679 20.002 0.091
3660.77250 20.068 0.191
3664.80795 19.758 0.088
3668.74426 19.695 0.119
3672.75379 19.821 0.088
3676.85520 19.826 0.115
3684.79940 19.881 0.091
3687.71841 19.956 0.101
3689.81701 19.781 0.090
3692.74143 19.756 0.103
3696.69067 19.976 0.214
3701.75378 19.750 0.082
3704.72029 20.039 0.107
3706.77450 19.959 0.096
3711.66549 19.952 0.112
3713.67915 19.703 0.076
3716.72821 19.878 0.164
3719.75596 19.761 0.129
3726.67840 19.629 0.087
3728.65116 20.069 0.095
3731.75173 19.696 0.077
3733.63789 19.619 0.073
3736.75974 20.192 0.138
3737.64838 19.788 0.084
3741.81675 20.188 0.196
3743.71464 19.722 0.099
3748.70965 19.868 0.144
3750.71584 19.855 0.100
3754.74520 19.979 0.114
3755.66495 19.971 0.143
3762.68957 19.917 0.105
3765.71149 19.800 0.062
3769.75209 20.083 0.107
3775.71235 20.007 0.176
3791.57135 19.857 0.104
3798.57104 20.147 0.119
3805.55825 19.746 0.110
3820.50359 19.934 0.141
3944.93718 19.987 0.167
3961.93382 20.008 0.167
3968.91590 20.212 0.152
3974.91186 19.988 0.152
3981.80487 19.942 0.128
3988.88677 19.865 0.171
3995.83979 19.721 0.097
4002.83592 20.371 0.159
4005.78595 20.140 0.113
4007.79015 20.355 0.143
4011.77058 19.906 0.119
4018.75615 19.978 0.145
4023.80965 19.552 0.075
4026.72027 19.838 0.100
4028.85634 19.923 0.090
4031.74407 19.703 0.111
4037.85294 19.758 0.092
4040.82029 19.894 0.114
4042.83507 19.931 0.108
4046.71089 19.983 0.133
4048.79982 19.980 0.148
4052.64272 20.042 0.098
4053.84042 19.963 0.106
4056.68396 20.487 0.249
4059.67118 19.970 0.111
4064.63570 19.866 0.082
4066.61526 19.916 0.122
4069.68265 19.718 0.179
4071.60771 19.528 0.089
4076.67949 19.729 0.145
4079.69607 19.960 0.148
4082.68643 20.363 0.160
4084.76629 20.140 0.192
4087.68574 19.645 0.081
4102.66298 19.734 0.136
4104.80976 19.747 0.131
4113.68923 19.732 0.089
4119.62746 20.075 0.162
4125.72371 19.749 0.103
4142.58138 19.845 0.141
4150.55790 19.907 0.103
4166.51621 19.900 0.168
4340.90636 19.978 0.105
4346.89446 19.997 0.157
4350.91303 19.855 0.110
4357.84665 19.925 0.169
4365.79873 19.667 0.148
4369.79431 19.794 0.176
4376.85956 19.691 0.126
4379.86611 19.984 0.157
4383.87017 20.010 0.149
4393.73804 19.633 0.112
4398.81323 19.829 0.123
4403.75385 19.925 0.205
4411.74903 19.915 0.105
4421.74427 19.721 0.083
4425.81749 19.723 0.136
4429.72824 19.795 0.209
4432.76980 19.717 0.095
4436.69631 19.807 0.123
4439.74045 19.923 0.144
4442.71785 19.896 0.144
4456.76737 20.326 0.232
4462.67940 19.943 0.142
4465.71963 19.817 0.090
4469.67275 19.664 0.123
4478.77756 19.786 0.116
4481.77634 20.199 0.175
4484.68607 20.095 0.204
4487.74844 20.037 0.250
4492.70101 20.100 0.167
4494.73545 19.763 0.135
4499.61693 19.894 0.135
4502.68978 19.763 0.130
4509.64579 19.916 0.162
4522.55334 19.899 0.141
4524.56735 19.599 0.114
4530.57253 19.909 0.162
4532.56459 20.014 0.215
4537.56265 19.548 0.108
4549.56779 20.062 0.195
4560.50634 19.732 0.138
4567.51790 19.891 0.171
4574.53894 20.067 0.188
4681.92998 20.115 0.142
4702.90760 20.116 0.161
4719.82313 20.227 0.201
4722.91191 20.088 0.176
4726.89753 19.899 0.122
4731.87386 19.627 0.084
4747.84624 19.969 0.128
4751.89253 21.949 1.352
4756.81659 19.871 0.141
4762.82342 19.971 0.128
4768.80136 19.962 0.129
4771.84351 19.942 0.157
4777.69031 19.828 0.129
4791.71597 20.067 0.122
4794.72026 19.884 0.112
4797.70169 19.724 0.106
4800.74493 20.054 0.115
4802.77657 19.807 0.095
4804.80070 20.052 0.131
4805.82379 20.028 0.141
4807.77465 19.939 0.114
4810.73259 19.684 0.087
4812.79218 19.847 0.212
4814.68178 19.771 0.128
4816.67859 19.921 0.135
4818.70074 19.820 0.095
4825.80835 19.882 0.141
4831.85071 19.853 0.175
4832.81094 19.701 0.104
4834.78003 19.791 0.137
4837.68005 20.187 0.214
4839.70857 19.957 0.139
4841.74490 20.222 0.158
4843.74413 19.701 0.143
4846.71007 20.233 0.211
4852.72214 20.141 0.153
4855.72956 19.686 0.122
4857.70773 19.560 0.125
4866.67487 20.041 0.154
4868.67294 20.016 0.134
4873.69304 19.792 0.137
4875.59007 19.760 0.089
4878.64564 19.997 0.115
4882.56491 19.842 0.116
4900.57538 20.030 0.177
4904.60111 19.864 0.161
4913.57893 19.654 0.115
4918.55556 19.971 0.157
4924.57517 19.800 0.101
4928.56497 19.906 0.134
4930.51620 19.877 0.164
4934.51302 19.682 0.131
4938.50428 19.905 0.182
4942.52085 19.757 0.154
4947.51422 19.838 0.152
