2166.88503 19.175 0.060
2167.82311 19.084 0.058
2173.80483 19.128 0.056
2189.87690 19.080 0.064
2192.78047 19.107 0.049
2201.79316 19.133 0.042
2212.82484 19.060 0.062
2217.80976 19.130 0.069
2223.82962 19.153 0.056
2226.80961 19.100 0.056
2228.84663 19.076 0.056
2230.76014 19.124 0.057
2232.77993 19.236 0.070
2234.77410 19.107 0.047
2238.73778 19.091 0.052
2240.85397 19.140 0.071
2242.85990 19.165 0.091
2248.74207 19.053 0.047
2251.70942 19.133 0.053
2253.79351 19.042 0.046
2255.66846 19.193 0.066
2261.68872 19.039 0.048
2264.76976 19.084 0.043
2269.80315 18.966 0.055
2271.74571 19.243 0.057
2273.83562 19.220 0.075
2274.61822 19.041 0.077
2276.69164 19.054 0.057
2278.62592 19.088 0.055
2280.61181 19.095 0.064
2282.63267 18.993 0.056
2289.76630 19.125 0.056
2291.77441 19.055 0.065
2293.74019 19.196 0.071
2295.76207 19.213 0.052
2297.75534 19.153 0.064
2299.78452 19.042 0.057
2301.69002 19.032 0.070
2303.68620 19.169 0.082
2321.63567 19.192 0.061
2327.51416 18.893 0.074
2332.54705 18.889 0.068
2333.51112 19.127 0.093
2339.49924 19.284 0.170
2347.49393 19.049 0.105
2402.48771 18.941 0.074
2524.88364 19.190 0.073
2537.88363 19.199 0.091
2542.84717 19.038 0.051
2551.89685 19.215 0.089
2556.78659 19.072 0.053
2559.83479 19.136 0.062
2563.88005 19.192 0.078
2564.80276 19.145 0.058
2573.80553 19.099 0.064
2577.86943 19.007 0.062
2583.76525 19.044 0.056
2589.80703 19.123 0.051
2596.69532 19.163 0.100
2605.69656 19.098 0.057
2609.68731 19.142 0.074
2614.61987 19.146 0.052
2618.67994 19.086 0.052
2620.80794 19.146 0.046
2623.77882 19.103 0.056
2627.64433 19.092 0.091
2629.66784 19.128 0.053
2631.68780 19.284 0.074
2634.71515 19.076 0.052
2635.58802 19.179 0.047
2637.78707 19.114 0.062
2639.61295 18.963 0.038
2641.67771 19.253 0.060
2643.68648 19.077 0.057
2645.67663 18.997 0.040
2647.63435 19.247 0.068
2650.84900 19.161 0.055
2653.61592 19.348 0.071
2655.72475 19.186 0.064
2657.58189 19.167 0.060
2659.59688 19.074 0.061
2661.81484 19.102 0.065
2665.83384 19.180 0.089
2668.58291 19.010 0.053
2670.58893 18.994 0.057
2672.57477 19.154 0.080
2674.59689 19.269 0.061
2676.58335 19.156 0.048
2678.65060 19.152 0.052
2680.58133 19.009 0.056
2682.62992 19.076 0.066
2686.62447 18.909 0.061
2695.60679 19.028 0.065
2700.55996 19.067 0.061
2706.57968 18.988 0.069
2713.54361 19.242 0.095
2840.92233 18.972 0.064
2868.86213 19.375 0.078
2885.82715 19.136 0.047
2892.85677 19.236 0.079
2897.82613 19.179 0.092
2903.87190 19.226 0.047
2906.87507 19.027 0.040
2911.75493 19.201 0.047
2916.79899 19.280 0.049
2922.78892 19.075 0.075
2925.87743 18.995 0.051
2930.79003 19.004 0.049
2933.83438 19.240 0.049
2939.84275 19.110 0.060
2944.83676 19.163 0.060
2946.83868 18.885 0.046
2948.85512 19.241 0.058
2952.82919 19.237 0.064
2956.66850 19.025 0.047
2958.69520 19.163 0.060
2962.70608 19.090 0.051
2965.72517 19.188 0.049
2967.82399 19.098 0.044
2970.79008 19.161 0.042
2974.72786 19.110 0.048
2976.76261 19.187 0.053
2978.72639 19.157 0.061
2980.68269 19.229 0.061
2982.64215 19.213 0.073
2984.68315 19.018 0.048
2986.77079 19.069 0.053
2988.74007 19.000 0.052
2990.61228 19.186 0.056
2992.76165 19.205 0.051
2994.60906 19.190 0.064
2995.61861 19.091 0.035
2997.62761 19.078 0.042
2999.74578 19.122 0.053
3001.71483 18.980 0.047
3003.68106 19.064 0.060
3005.68243 19.154 0.075
3007.68886 19.138 0.065
3009.69218 19.121 0.053
3011.66520 19.009 0.061
3013.66845 19.088 0.056
3019.60646 19.199 0.051
3021.72558 19.205 0.048
3022.83731 19.110 0.053
3024.78590 19.151 0.044
3026.78307 19.250 0.047
3028.79528 19.168 0.048
3031.65879 19.060 0.040
3033.72273 19.239 0.043
3035.72908 19.084 0.047
3038.70747 19.064 0.055
3041.57560 19.165 0.077
3043.61102 19.064 0.068
3045.64462 19.153 0.061
3047.59871 19.155 0.058
3049.60434 19.248 0.051
3051.57162 19.236 0.058
3053.56673 19.133 0.053
3055.56586 19.076 0.051
3057.59069 19.247 0.058
3060.61315 19.068 0.049
3064.61746 19.188 0.065
3067.67448 18.978 0.052
3070.52283 19.217 0.084
3073.58946 19.024 0.071
3075.63870 19.155 0.062
3078.55876 19.400 0.093
3082.54815 19.130 0.066
3084.62422 19.216 0.048
3087.58673 19.234 0.068
3090.54275 19.259 0.084
3093.54918 19.157 0.097
3099.48460 19.194 0.071
3102.51115 19.278 0.079
3105.55069 19.224 0.084
3108.52910 19.243 0.069
3112.49927 19.270 0.079
3116.48775 19.018 0.070
3126.49345 19.068 0.053
3144.50876 19.116 0.075
3224.86613 19.254 0.073
3241.85013 19.184 0.084
3247.91394 19.273 0.061
3256.89248 19.134 0.055
3263.86744 19.031 0.035
3268.88297 19.255 0.046
3273.85607 19.043 0.056
3281.83762 19.216 0.042
3287.69918 19.054 0.057
3289.85134 19.168 0.060
3296.85460 19.198 0.048
3299.70588 19.322 0.049
3301.70562 19.220 0.077
3303.87459 19.021 0.060
3306.84925 19.174 0.060
3308.86607 19.115 0.058
3311.67643 19.222 0.064
3320.71917 19.129 0.047
3323.67534 19.111 0.055
3327.68826 19.261 0.056
3329.83883 19.116 0.046
3334.74477 19.142 0.069
3338.79491 19.176 0.052
3349.86064 19.182 0.068
3350.62121 19.202 0.049
3354.62694 19.127 0.068
3358.68041 18.997 0.043
3361.78066 19.017 0.044
3363.73563 19.141 0.056
3367.68938 19.075 0.058
3372.70790 19.210 0.049
3378.62055 19.150 0.060
3382.59877 18.969 0.058
3387.60689 19.209 0.056
3391.68345 19.232 0.064
3395.67951 18.977 0.057
3399.65297 19.131 0.064
3402.67245 19.151 0.047
3404.60302 19.126 0.052
3408.55360 19.247 0.062
3412.59911 19.112 0.052
3416.58256 19.196 0.053
3424.58562 19.112 0.074
3430.55994 19.122 0.056
3436.57803 19.263 0.064
3445.49831 18.839 0.066
3453.52462 19.079 0.057
3462.49983 18.997 0.060
3582.90633 19.020 0.061
3589.91313 19.096 0.044
3617.89864 19.110 0.056
3629.83833 19.292 0.079
3634.80377 18.836 0.048
3639.85664 19.160 0.039
3641.84755 19.119 0.051
3650.84295 19.100 0.042
3653.87080 19.162 0.046
3661.80479 19.196 0.071
3666.80195 19.278 0.061
3675.81798 19.188 0.048
3683.84077 19.290 0.052
3687.73345 19.045 0.042
3689.83191 18.976 0.046
3692.75781 19.125 0.056
3694.77276 19.058 0.048
3696.71520 18.993 0.046
3699.71778 19.255 0.049
3701.76889 18.967 0.040
3703.85603 19.113 0.051
3706.80663 19.210 0.053
3711.68034 19.076 0.047
3713.69399 19.229 0.048
3716.79317 19.280 0.057
3719.77408 19.123 0.075
3725.76575 19.235 0.069
3727.74054 19.134 0.053
3730.63580 19.087 0.034
3732.66034 19.259 0.049
3734.75832 19.198 0.043
3736.77467 19.100 0.049
3737.66329 19.088 0.039
3739.76232 19.077 0.040
3742.58522 19.150 0.073
3745.69671 19.169 0.044
3747.72628 19.124 0.092
3749.60914 19.069 0.078
3751.71328 19.022 0.047
3753.58482 19.204 0.073
3755.62239 18.974 0.057
3757.65526 19.136 0.056
3759.71947 18.984 0.042
3762.70776 19.111 0.046
3765.72633 19.210 0.033
3770.56782 19.092 0.048
3773.57518 19.221 0.058
3776.57425 19.209 0.055
3779.56423 19.062 0.065
3782.61394 19.056 0.052
3787.53880 19.245 0.061
3791.58602 19.306 0.057
3799.51055 19.078 0.070
3806.51551 19.079 0.082
3820.51837 19.078 0.060
3945.91296 19.252 0.051
3963.88950 19.328 0.105
3969.83681 19.305 0.071
3975.88982 19.179 0.064
3981.81910 19.067 0.061
3988.91295 19.051 0.061
3995.86955 19.155 0.055
4001.82274 19.150 0.046
4007.80466 19.114 0.048
4018.79629 19.140 0.055
4023.82841 19.192 0.053
4026.73482 19.202 0.049
4028.87100 19.185 0.042
4031.75870 19.050 0.049
4037.86787 19.169 0.049
4040.83480 19.193 0.058
4042.85048 18.982 0.061
4046.72554 19.210 0.066
4048.81509 19.015 0.062
4052.65724 19.251 0.048
4053.85486 19.006 0.040
4056.69886 19.246 0.086
4058.63982 19.034 0.053
4063.63146 19.275 0.058
4066.63166 19.104 0.057
4069.69730 19.244 0.051
4071.62589 19.177 0.066
4076.69817 19.158 0.070
4079.71088 19.182 0.066
4083.62779 19.217 0.066
4085.64369 19.227 0.070
4092.81038 19.077 0.044
4098.59781 19.095 0.057
4104.82996 18.885 0.074
4106.81774 19.117 0.071
4112.68186 19.024 0.037
4117.67071 19.149 0.053
4121.64671 19.000 0.052
4124.72955 19.169 0.048
4129.74209 19.268 0.062
4142.60103 19.056 0.055
4150.58383 19.201 0.042
4154.59579 19.086 0.075
4166.53159 19.014 0.080
4184.52372 19.126 0.073
4196.48103 19.043 0.075
4357.86106 19.151 0.086
4363.78962 19.125 0.074
4366.84017 18.957 0.064
4369.87814 19.302 0.078
4371.90059 19.100 0.087
4372.78363 19.169 0.057
4376.87405 19.196 0.064
4379.88046 19.182 0.068
4383.88465 19.073 0.061
4386.74162 19.192 0.053
4388.87956 19.134 0.075
4393.75256 19.223 0.060
4398.82884 19.236 0.057
4403.83528 19.065 0.066
4411.76424 19.170 0.049
4411.82592 19.056 0.049
4418.71509 19.115 0.040
4422.81168 19.053 0.042
4425.85439 19.270 0.069
4429.74291 19.139 0.102
4432.67983 19.107 0.049
4436.71924 19.064 0.057
4439.78498 19.174 0.078
4443.65467 19.046 0.062
4448.80864 19.125 0.048
4451.64888 18.994 0.049
4455.64768 19.200 0.069
4457.70316 19.010 0.051
4460.70857 19.202 0.086
4460.71700 19.250 0.079
4464.69591 19.146 0.047
4467.68846 19.048 0.039
4471.69015 19.238 0.051
4476.65716 19.121 0.044
4480.65695 19.074 0.058
4484.73594 19.092 0.071
4488.65845 19.105 0.080
4493.66058 19.163 0.066
4498.63957 19.087 0.046
4501.63262 19.235 0.061
4506.57070 19.032 0.062
4508.58070 19.193 0.060
4510.65922 19.128 0.057
4516.60895 19.065 0.086
4519.66928 19.262 0.073
4521.52410 19.194 0.073
4524.50930 18.868 0.092
4530.58872 18.963 0.065
4532.61697 19.264 0.062
4537.57860 18.993 0.056
4540.62593 19.240 0.083
4544.58376 19.092 0.078
4547.52630 19.248 0.083
4556.54198 19.294 0.083
4561.51943 18.970 0.056
4568.47411 19.239 0.096
4575.49694 19.176 0.077
4592.49416 19.009 0.083
4600.47765 19.141 0.083
4691.90993 18.927 0.056
4704.91263 19.271 0.075
4719.83798 19.457 0.097
4724.78420 19.131 0.064
4727.87263 19.183 0.071
4731.90140 19.260 0.077
4747.86276 19.114 0.047
4752.82203 19.184 0.078
4756.83121 19.142 0.062
4760.70929 19.069 0.046
4762.83792 19.240 0.057
4768.81587 19.170 0.053
4771.85822 19.190 0.070
4775.69159 19.287 0.074
4777.70615 19.012 0.047
4781.66955 19.134 0.061
4783.82371 19.157 0.068
4788.75333 19.167 0.065
4791.76379 19.046 0.040
4794.73525 19.037 0.048
4797.71643 19.128 0.055
4800.67796 19.099 0.046
4802.79122 19.007 0.043
4804.81566 19.299 0.062
4805.83845 19.104 0.048
4807.79345 19.093 0.048
4809.83125 19.065 0.046
4812.68028 19.420 0.106
4814.69640 18.913 0.062
4816.69326 19.019 0.068
4818.74926 19.149 0.052
4820.72682 19.118 0.048
4823.75321 19.153 0.043
4832.82558 19.115 0.056
4835.65678 18.936 0.055
4837.71458 19.155 0.077
4840.68020 19.143 0.066
4842.66498 19.051 0.051
4844.66408 18.968 0.040
4847.73110 19.173 0.058
4849.72793 19.013 0.066
4852.73683 19.167 0.060
4854.71240 19.293 0.066
4856.70822 19.392 0.092
4865.67405 19.169 0.055
4867.66376 19.251 0.057
4869.62192 19.394 0.083
4870.67700 19.102 0.058
4873.70772 19.179 0.069
4875.67953 19.230 0.061
4877.60154 19.041 0.048
4879.65823 19.114 0.048
4884.67066 19.366 0.069
4888.55827 18.984 0.044
4902.59455 19.098 0.097
4911.60392 19.249 0.070
4919.53802 19.134 0.062
4925.54879 19.117 0.074
4929.52016 19.038 0.084
4932.55549 19.442 0.113
4936.51953 18.995 0.066
4938.51811 19.146 0.077
4942.53436 19.155 0.061
4949.50265 19.209 0.057
