726.79519 20.374 0.179
728.85848 20.245 0.162
729.84137 20.946 0.413
739.82604 20.227 0.236
742.83834 20.481 0.256
744.81120 20.377 0.208
745.82074 20.349 0.196
746.85883 20.044 0.127
747.67820 20.591 0.233
748.65556 20.099 0.207
750.73586 20.957 0.361
751.76637 21.159 0.588
752.82772 20.237 0.183
754.83603 20.707 0.353
755.73329 20.078 0.202
759.73651 20.357 0.165
760.79097 20.354 0.176
762.81170 20.199 0.183
769.82409 20.658 0.293
773.81151 20.308 0.194
776.83755 20.494 0.223
779.77844 20.159 0.177
781.79498 20.447 0.208
783.80340 20.186 0.146
788.80587 20.191 0.128
790.82065 20.424 0.203
795.77740 20.107 0.139
798.77264 20.112 0.147
805.83421 19.733 0.183
816.82830 20.513 0.207
817.77079 20.532 0.234
824.71817 20.376 0.235
826.69044 20.648 0.260
827.66091 20.234 0.159
828.72036 20.539 0.178
829.68142 20.072 0.154
830.60191 20.642 0.274
831.60994 20.037 0.169
832.73278 20.037 0.155
833.66556 20.446 0.141
833.75728 20.444 0.179
834.71864 20.084 0.158
835.68577 20.727 0.220
836.65465 20.197 0.171
837.63614 20.259 0.138
838.76383 23.205 4.400
839.63482 19.874 0.150
840.75522 20.273 0.180
842.66731 20.829 0.327
844.61505 20.166 0.172
845.64015 20.473 0.146
850.71116 20.601 0.310
854.74864 20.415 0.330
855.73323 21.172 0.694
856.64057 21.289 0.657
857.69886 20.392 0.267
858.65269 19.917 0.195
859.72863 20.219 0.192
860.60716 20.629 0.349
860.66983 20.351 0.236
865.53752 20.483 0.303
867.59291 20.547 0.270
874.70445 20.209 0.126
876.57365 20.198 0.133
876.67379 20.054 0.142
878.71048 19.424 0.121
880.59728 20.555 0.248
885.60398 20.121 0.364
887.64230 20.020 0.214
890.66588 20.857 0.432
892.55943 20.611 0.273
895.60277 20.582 0.271
898.58047 19.954 0.104
918.59572 20.422 0.362
922.50001 21.188 0.463
928.56192 20.100 0.317
933.52420 20.165 0.160
951.48212 20.036 0.145
1041.89627 20.825 0.330
1072.84458 20.676 0.248
1078.79673 20.141 0.178
1080.83160 20.226 0.132
1081.80832 21.196 0.450
1083.87656 20.539 0.248
1084.79019 20.816 0.361
1086.81050 21.019 0.371
1089.77355 20.457 0.227
1090.79535 20.669 0.335
1091.85349 19.995 0.192
1092.85179 20.056 0.154
1093.87862 20.179 0.151
1102.85750 20.131 0.113
1107.84048 20.486 0.218
1109.79018 21.520 0.754
1113.85364 20.379 0.227
1116.79787 20.375 0.142
1126.69962 20.272 0.200
1129.79837 19.976 0.121
1131.80303 20.538 0.308
1132.79489 20.991 0.368
1134.80794 21.359 0.452
1142.74525 20.316 0.147
1151.83992 20.453 0.211
1153.71154 20.239 0.183
1155.66724 20.227 0.259
1157.72782 20.976 0.509
1159.70483 19.599 0.170
1159.73277 19.844 0.172
1161.79787 20.259 0.139
1163.79453 20.406 0.209
1165.79471 19.966 0.130
1167.72940 20.106 0.175
1168.74039 20.931 0.368
1171.70828 20.160 0.141
1174.83608 20.050 0.129
1178.75408 20.285 0.177
1181.71965 20.914 0.394
1183.75317 20.243 0.168
1185.80210 20.697 0.250
1187.75533 20.107 0.143
1189.74374 21.194 0.398
1191.80860 20.508 0.187
1192.83938 20.953 0.291
1194.65890 20.463 0.233
1196.67574 20.576 0.317
1202.68111 19.919 0.142
1204.66129 20.004 0.159
1207.67405 19.919 0.164
1211.70045 20.422 0.250
1214.73902 20.161 0.185
1215.56515 20.158 0.143
1216.63320 20.288 0.183
1217.70084 20.408 0.190
1219.63803 20.012 0.149
1221.60875 20.007 0.149
1223.69889 20.107 0.187
1224.57852 20.367 0.284
1226.58679 20.037 0.125
1227.59384 19.935 0.116
1232.68341 20.113 0.158
1235.58462 20.089 0.189
1237.56855 20.117 0.334
1238.67054 18.696 0.131
1241.57079 20.229 0.195
1242.64414 20.467 0.244
1243.61173 20.300 0.187
1245.55645 20.160 0.172
1247.69082 20.518 0.254
1248.65860 20.161 0.210
1251.61312 20.478 0.298
1254.56698 20.285 0.239
1255.60000 20.352 0.260
1258.59730 19.945 0.128
1260.62443 20.075 0.133
1266.60989 20.346 0.292
1268.53099 20.176 0.233
1275.54841 19.948 0.170
1278.53101 20.087 0.195
1281.53907 20.531 0.323
1290.50879 20.436 0.271
1296.59968 20.124 0.210
1300.54582 19.840 0.192
1305.52419 20.504 0.318
1308.55520 20.289 0.229
1315.51435 20.045 0.244
1318.49708 20.203 0.236
1320.53925 19.967 0.193
1331.50169 19.932 0.240
1431.84499 20.092 0.140
1433.84154 20.365 0.257
1435.88943 20.101 0.188
1437.88216 20.273 0.232
1441.85828 20.446 0.207
1443.81694 20.465 0.398
1447.78623 20.368 0.342
1448.87693 20.024 0.181
1453.79886 20.196 0.282
1455.79516 19.515 0.196
1458.78107 19.999 0.185
1461.74906 19.978 0.147
1462.86824 20.141 0.200
1471.75949 20.313 0.209
1475.85388 20.097 0.151
1478.77863 20.262 0.185
1481.84086 20.067 0.164
1484.84516 20.326 0.165
1487.83797 20.500 0.219
1491.77668 19.907 0.176
1493.71858 20.360 0.221
1495.76206 20.356 0.206
1498.68319 20.173 0.206
1500.82372 20.024 0.158
1503.71401 20.336 0.280
1505.82086 20.314 0.231
1507.71691 19.941 0.196
1508.83352 20.176 0.149
1509.69506 20.005 0.139
1510.66055 20.706 0.258
1511.74316 20.247 0.180
1512.77720 20.039 0.169
1514.79169 20.434 0.229
1516.83748 19.877 0.112
1518.70934 20.197 0.156
1520.73467 20.252 0.166
1522.73535 20.345 0.189
1523.73551 20.213 0.304
1525.71143 20.163 0.149
1527.77679 19.900 0.149
1528.70274 20.296 0.163
1529.82814 20.062 0.137
1531.72011 20.810 0.336
1538.67724 20.163 0.144
1541.63309 20.147 0.133
1542.78739 20.192 0.160
1544.68981 20.130 0.128
1546.71444 20.343 0.274
1547.71609 20.260 0.128
1548.69320 20.691 0.245
1551.72260 20.302 0.137
1552.65551 20.373 0.187
1553.67921 19.954 0.116
1554.65778 20.189 0.140
1555.68229 20.078 0.158
1556.65642 20.481 0.230
1560.64814 19.506 0.156
1564.56726 20.167 0.226
1568.64398 20.145 0.242
1571.65366 20.602 0.223
1575.66802 20.155 0.189
1578.70835 20.091 0.178
1580.71917 20.061 0.126
1582.65363 20.250 0.183
1585.64440 20.200 0.150
1588.64770 20.152 0.198
1591.61155 20.122 0.263
1595.60477 20.539 0.288
1599.67077 20.194 0.164
1600.63764 20.476 0.329
1601.63079 20.387 0.272
1602.69725 20.216 0.223
1604.62883 20.077 0.171
1606.58584 20.610 0.311
1609.54207 20.543 0.305
1610.55699 20.364 0.254
1611.61705 20.222 0.189
1613.59744 20.385 0.227
1614.66850 19.937 0.195
1616.52616 19.937 0.121
1618.67535 20.298 0.256
1619.56539 19.917 0.169
1621.56155 20.434 0.300
1623.65870 20.181 0.228
1625.63973 19.879 0.141
1627.61002 20.058 0.209
1628.54997 20.247 0.193
1630.52158 19.841 0.207
1631.51940 20.035 0.145
1633.63483 20.027 0.134
1635.51778 19.975 0.180
1643.59383 19.733 0.221
1645.52691 19.471 0.181
1653.51225 20.473 0.331
1655.55616 20.103 0.210
1657.56564 20.233 0.274
1659.58025 20.620 0.350
1662.54782 20.293 0.213
1664.57089 20.467 0.258
1669.54082 20.195 0.312
1672.51354 20.062 0.215
1687.51115 20.080 0.319
1695.49648 20.577 0.342
1766.88919 20.947 0.536
1768.87483 20.537 0.280
1773.93313 20.033 0.231
1782.86439 20.134 0.202
1788.87283 20.410 0.220
1804.86805 20.256 0.195
1811.88860 20.048 0.137
1815.86478 20.108 0.151
1822.74646 20.697 0.284
1829.89574 20.274 0.601
1844.80367 20.511 0.196
1850.78499 19.850 0.142
1854.84200 20.152 0.124
1858.78909 20.148 0.217
1860.83148 20.534 0.270
1863.80459 20.362 0.177
1866.75528 20.160 0.153
1868.73639 20.265 0.152
1870.85741 20.261 0.269
1874.77822 20.056 0.128
2166.89956 19.878 0.135
2173.81998 20.114 0.170
2189.89136 20.204 0.215
2192.79375 20.132 0.134
2201.80654 20.086 0.111
2212.83820 19.938 0.134
2223.84281 20.097 0.171
2226.82280 20.161 0.183
2228.85981 20.537 0.261
2230.77333 20.295 0.204
2232.79308 20.288 0.214
2234.78727 19.920 0.112
2238.75098 20.079 0.152
2241.63430 20.419 0.246
2243.69273 20.059 0.177
2248.76063 20.209 0.150
2251.72256 20.206 0.155
2253.80666 20.270 0.171
2255.68162 20.640 0.287
2261.70187 20.944 0.329
2264.78294 20.579 0.197
2269.81635 19.791 0.119
2271.76374 20.244 0.139
2273.84879 20.546 0.275
2274.63345 20.069 0.208
2276.74058 20.224 0.194
2278.63909 20.051 0.152
2280.63730 19.747 0.111
2282.64586 20.266 0.190
2284.63712 20.282 0.229
2289.77951 20.338 0.200
2291.78759 20.208 0.228
2293.75335 20.081 0.205
2295.77527 20.113 0.142
2297.76860 20.137 0.177
2299.80916 19.670 0.135
2301.70327 20.015 0.188
2303.69947 20.659 0.433
2321.65014 20.073 0.167
2327.52864 20.114 0.183
2332.56153 20.331 0.312
2333.52559 20.026 0.232
2339.51379 20.682 0.295
2347.50846 20.134 0.201
2402.50247 20.253 0.273
2524.89819 20.009 0.176
2537.89815 20.265 0.254
2542.86048 19.996 0.145
2552.80779 20.009 0.173
2556.80103 20.453 0.209
2559.84920 20.426 0.222
2563.89447 19.961 0.311
2564.81717 19.930 0.163
2573.81877 20.120 0.193
2578.74295 20.083 0.205
2583.77842 20.134 0.193
2589.82139 20.371 0.171
2596.70963 19.801 0.184
2605.71088 20.219 0.183
2609.70163 20.442 0.280
2614.63639 20.280 0.176
2618.69412 20.047 0.152
2620.82200 20.328 0.149
2623.79288 20.208 0.153
2627.65745 20.827 0.572
2629.68099 20.200 0.212
2631.70096 20.539 0.357
2634.72923 20.187 0.152
2635.60118 20.232 0.149
2639.62614 20.217 0.121
2641.69181 20.258 0.160
2643.70058 20.436 0.198
2645.68981 20.345 0.132
2647.64754 20.394 0.191
2650.86314 20.444 0.228
2651.60211 20.343 0.233
2653.62912 19.911 0.142
2655.74240 20.206 0.159
2657.59509 20.492 0.218
2659.61008 20.629 0.288
2661.82808 20.017 0.209
2663.84215 20.164 0.280
2665.84805 20.195 0.261
2668.59704 20.384 0.261
2670.60218 20.151 0.190
2672.58876 20.600 0.274
2674.61015 20.308 0.180
2676.59663 20.725 0.261
2678.66939 20.266 0.232
2680.59512 20.322 0.146
2682.64410 20.339 0.247
2686.63864 20.390 0.263
2695.62102 20.298 0.207
2700.57515 20.171 0.174
2706.59396 20.420 0.302
2713.55904 20.374 0.277
2840.93682 20.595 0.340
2868.87654 20.298 0.225
2885.84151 20.270 0.166
2892.87107 19.992 0.191
2897.84039 20.418 0.274
2903.88620 19.969 0.110
2906.88933 20.302 0.177
2911.76914 20.379 0.177
2916.81318 20.271 0.153
2922.80307 19.946 0.187
2925.89160 20.366 0.392
2930.80421 20.229 0.174
2933.84857 20.323 0.155
2939.85686 20.273 0.198
2942.80646 20.156 0.166
2944.85089 20.186 0.211
2946.85280 19.926 0.142
2949.76744 20.207 0.194
2952.84332 20.358 0.195
2956.68254 20.101 0.143
2958.70925 20.342 0.194
2962.72012 20.141 0.156
2965.73920 20.334 0.146
2967.83876 20.150 0.122
2970.80410 20.468 0.167
2974.74194 19.982 0.138
2976.77661 20.205 0.146
2978.75671 21.140 0.478
2980.69677 19.972 0.138
2982.65616 20.100 0.157
2984.70675 20.106 0.160
2986.79003 20.704 0.292
2988.75408 20.471 0.232
2990.62624 19.903 0.127
2992.77684 20.178 0.145
2994.62311 20.010 0.149
2995.63267 20.115 0.107
2997.64165 20.033 0.121
2999.76136 20.629 0.240
3001.73316 20.261 0.155
3003.70670 20.458 0.177
3005.69746 20.278 0.177
3007.71188 19.977 0.125
3009.70994 20.287 0.167
3011.67926 20.611 0.302
3013.68248 20.278 0.184
3017.69291 19.993 0.176
3019.62047 20.134 0.159
3021.73963 20.109 0.127
3023.60160 20.311 0.148
3024.80263 20.251 0.145
3026.79893 20.173 0.132
3028.81091 20.829 0.277
3031.67288 20.210 0.125
3033.73681 20.349 0.132
3035.74317 20.180 0.146
3038.72155 20.764 0.312
3041.58973 23.049 3.171
3043.62513 20.112 0.195
3045.65881 19.776 0.122
3047.61289 20.587 0.261
3049.61850 20.508 0.156
3051.58578 20.337 0.174
3053.58090 20.424 0.187
3055.58005 20.646 0.240
3057.60487 20.352 0.167
3060.62738 20.204 0.156
3064.63170 20.045 0.178
3067.68869 20.425 0.219
3070.53704 20.441 0.252
3073.60455 20.322 0.291
3075.65295 20.350 0.218
3078.57307 20.687 0.339
3082.56244 19.992 0.156
3084.63936 20.411 0.181
3087.60102 20.076 0.131
3090.56480 20.534 0.250
3099.49965 20.154 0.242
3102.53126 20.582 0.261
3105.56506 19.922 0.163
3108.54352 20.656 0.246
3112.51488 20.485 0.263
3116.50217 20.605 0.278
3126.50789 19.867 0.134
3146.47041 21.073 0.509
3241.89543 19.785 0.134
3256.90680 20.066 0.156
3263.88165 20.349 0.131
3268.89723 20.460 0.205
3273.87249 20.347 0.201
3277.86169 20.158 0.157
3281.85180 20.395 0.152
3287.71335 20.296 0.163
3289.86552 20.062 0.135
3294.86098 19.949 0.104
3296.86873 19.894 0.121
3299.71999 20.393 0.170
3301.71972 20.155 0.181
3304.78236 20.164 0.174
3306.86337 19.972 0.134
3308.88016 21.079 0.732
3311.69048 20.135 0.146
3320.73326 20.124 0.122
3327.70228 20.290 0.169
3329.85289 20.119 0.124
3334.75886 20.396 0.228
3338.80898 20.006 0.107
3350.64080 19.966 0.104
3354.64096 20.837 0.420
3358.69444 20.151 0.117
3361.79990 20.642 0.202
3363.74966 21.167 0.419
3367.70345 20.425 0.247
3372.72188 20.143 0.128
3378.63462 21.614 0.627
3382.61281 20.669 0.370
3387.62096 21.284 0.430
3391.70218 20.145 0.157
3395.69360 20.098 0.171
3399.66970 20.508 0.200
3402.68655 21.027 0.287
3404.61712 20.561 0.226
3408.56773 20.593 0.198
3412.61316 20.246 0.180
3416.59656 20.593 0.209
3424.59964 20.687 0.304
3431.50128 20.014 0.216
3437.51229 20.710 0.249
3445.51702 20.725 0.301
3453.53876 20.165 0.190
3462.51404 21.007 0.393
3582.92064 20.159 0.187
3589.92743 20.019 0.114
3617.91283 19.656 0.135
3629.85249 20.556 0.260
3634.81785 20.032 0.128
3639.87075 19.896 0.098
3641.86165 20.639 0.284
3650.85697 20.251 0.127
3653.88483 20.184 0.166
3657.83807 19.919 0.114
3661.82193 19.784 0.136
3666.81814 19.671 0.119
3671.85100 20.559 0.191
3675.83358 20.575 0.180
3683.85468 20.463 0.190
3687.74740 20.214 0.139
3689.84788 20.417 0.180
3692.77174 20.131 0.148
3694.78665 20.205 0.142
3696.72911 20.665 0.208
3699.73167 20.344 0.122
3701.78467 20.306 0.143
3704.69173 20.469 0.186
3706.82053 20.586 0.214
3711.69418 20.206 0.163
3713.70793 20.623 0.228
3716.80707 20.159 0.119
3719.78797 20.171 0.240
3725.77965 20.275 0.174
3727.75444 20.154 0.146
3730.64976 19.914 0.086
3732.67426 20.042 0.111
3734.77223 20.415 0.155
3736.78863 20.273 0.160
3737.67718 20.175 0.114
3739.77619 20.256 0.124
3742.59918 20.222 0.191
3745.71066 19.927 0.107
3747.74024 21.145 0.718
3749.62305 19.928 0.200
3751.72719 19.880 0.119
3753.59883 20.086 0.153
3755.63638 20.744 0.334
3757.66982 20.121 0.163
3759.73347 20.709 0.223
3762.72180 19.689 0.115
3765.74033 20.482 0.149
3770.58185 20.961 0.336
3773.58921 20.898 0.322
3776.58825 20.201 0.166
3779.57829 20.265 0.205
3782.62802 19.971 0.122
3787.55289 20.228 0.176
3791.60009 20.213 0.150
3799.52460 22.708 2.255
3821.50264 20.123 0.142
3945.92731 20.073 0.119
3963.92344 20.344 0.209
3969.85388 20.086 0.159
3975.90392 20.335 0.176
3981.83314 20.326 0.222
3995.88353 20.585 0.254
4001.83662 20.440 0.193
4005.81447 20.343 0.150
4007.81852 20.732 0.247
4011.81867 20.011 0.180
4018.81020 19.850 0.121
4023.84229 20.422 0.174
4026.74864 20.176 0.157
4028.88479 19.663 0.166
4031.77256 19.615 0.145
4037.88166 19.836 0.181
4040.84855 21.501 0.568
4042.86429 20.717 0.257
4046.73927 21.184 0.502
4048.82882 20.414 0.216
4052.67097 20.592 0.209
4053.86861 21.138 0.725
4056.71550 20.381 0.212
4058.65356 19.910 0.132
4063.64759 20.153 0.143
4066.64538 20.716 0.253
4069.71101 20.530 0.207
4071.63962 19.926 0.139
4076.71188 19.937 0.135
4079.72459 20.748 0.332
4083.64150 20.167 0.194
4085.70678 20.296 0.198
4092.82410 20.706 0.257
4104.87092 20.358 0.433
4112.69561 20.281 0.135
4117.68446 20.265 0.183
4121.66051 20.057 0.160
4124.74335 20.510 0.183
4129.75593 20.227 0.209
4142.61494 20.435 0.218
4150.60341 20.408 0.153
4155.51674 20.106 0.155
4166.54560 20.030 0.204
4196.49509 20.013 0.183
4341.87111 20.048 0.181
4347.82102 20.267 0.215
4351.86695 20.240 0.211
4357.87887 20.013 0.187
4363.80351 20.286 0.232
4366.85409 20.117 0.195
4369.89463 20.261 0.193
4372.79756 20.254 0.193
4376.88794 20.846 0.433
4379.89436 20.138 0.229
4386.75550 20.155 0.142
4393.76644 19.948 0.112
4398.84267 20.214 0.153
4403.84909 20.043 0.194
4411.77803 20.180 0.149
4411.83973 20.167 0.170
4418.72885 20.117 0.117
4422.82544 20.503 0.193
4429.75668 20.421 0.393
4432.69361 20.181 0.150
4436.73301 20.252 0.200
4439.79870 20.515 0.326
4443.66839 19.724 0.150
4448.82239 20.739 0.256
4451.66260 20.602 0.287
4455.66139 20.457 0.278
4457.71692 20.474 0.315
4460.74699 20.784 0.358
4464.70967 20.561 0.170
4467.70218 20.242 0.153
4471.70390 20.418 0.178
4476.67094 20.428 0.150
4480.67072 20.053 0.138
4484.74976 20.054 0.202
4488.67228 21.254 0.555
4493.67441 20.919 0.400
4498.65269 20.408 0.159
4501.64573 20.510 0.225
4506.58384 19.989 0.150
4508.59383 20.453 0.228
4510.67312 19.858 0.146
4516.62286 20.486 0.375
4519.69439 20.252 0.219
4521.53803 19.978 0.173
4530.60267 20.329 0.211
4532.63096 20.440 0.209
4537.59260 20.237 0.186
4540.64377 20.340 0.239
4544.59775 19.951 0.187
4547.54033 19.835 0.136
4556.55600 20.747 0.287
4561.53348 20.512 0.230
4568.48816 20.158 0.181
4575.51108 20.130 0.176
4592.50832 19.486 0.146
4600.49182 20.043 0.183
4682.91567 20.613 0.267
4691.92401 20.118 0.180
4719.85195 20.462 0.264
4724.79813 20.205 0.190
4727.88871 20.188 0.223
4733.89497 20.149 0.183
4747.87662 20.328 0.191
4752.83586 20.138 0.198
4754.77596 19.869 0.164
4755.77855 20.013 0.134
4756.84510 19.968 0.138
4757.76495 20.223 0.232
4757.88601 20.458 0.368
4758.73594 20.228 0.176
4758.88321 20.456 0.252
4759.77074 20.027 0.117
4759.88173 20.877 0.437
4760.72796 20.566 0.204
4761.74864 20.236 0.156
4762.70151 19.997 0.131
4762.85174 20.455 0.178
4768.82966 20.168 0.157
4771.87199 20.804 0.497
4775.70536 20.190 0.190
4777.71993 20.100 0.136
4781.68327 20.565 0.243
4783.83751 20.326 0.164
4788.76709 20.051 0.138
4791.77759 20.287 0.149
4794.74895 20.066 0.143
4797.73017 20.103 0.157
4800.69166 20.408 0.157
4802.80496 19.963 0.112
4804.82939 19.885 0.118
4805.85218 20.207 0.152
4807.80724 20.318 0.173
4809.84501 20.536 0.197
4812.69405 20.388 0.306
4814.71012 20.161 0.195
4816.70701 19.983 0.162
4818.76301 20.229 0.159
4820.74057 20.618 0.211
4823.76690 19.947 0.125
4825.84045 20.210 0.194
4833.65344 20.951 0.296
4835.67054 20.486 0.223
4837.72836 19.827 0.146
4840.69399 20.085 0.162
4842.67869 20.363 0.174
4844.67787 19.922 0.112
4847.74482 20.197 0.160
4849.74177 20.448 0.301
4850.65579 20.444 0.200
4851.81343 19.785 0.145
4852.75060 20.410 0.183
4853.66993 20.241 0.202
4854.72673 20.009 0.149
4854.75762 19.915 0.124
4855.65741 20.113 0.186
4856.72203 20.533 0.289
4857.63346 20.028 0.141
4865.68788 20.856 0.312
4867.67765 20.378 0.174
4870.69084 20.298 0.216
4873.72160 20.365 0.252
4875.69339 20.943 0.348
4877.61548 20.284 0.187
4879.67213 20.841 0.357
4884.68456 20.026 0.162
4888.57220 20.284 0.180
4902.60853 21.794 1.099
4911.61787 20.197 0.170
4919.55210 20.618 0.275
4925.56215 19.881 0.146
4929.53351 20.002 0.245
4932.56888 20.625 0.384
4936.53295 20.059 0.194
4938.53152 21.182 0.566
4941.48869 20.370 0.249
4942.49245 20.401 0.222
4943.50413 20.016 0.171
4944.48600 20.128 0.193
4945.48941 20.344 0.187
4946.48788 21.060 0.507
4947.54577 20.417 0.228
4948.47414 21.302 0.663
4949.47260 20.158 0.164
4950.46697 21.473 0.946
4951.46480 20.362 0.315
4953.49464 20.040 0.180
4954.46984 20.256 0.309
