2166.91060 20.457 0.283
2173.83101 20.821 0.298
2192.80374 20.418 0.161
2201.81646 20.611 0.192
2212.84811 20.668 0.251
2223.85275 20.388 0.211
2226.83274 20.854 0.353
2229.64465 20.245 0.214
2230.78323 20.915 0.323
2232.80301 20.190 0.183
2234.79721 20.498 0.167
2238.76917 20.270 0.153
2241.64421 20.320 0.227
2243.70261 21.024 0.393
2248.77504 20.478 0.180
2251.73246 20.761 0.214
2253.81737 20.035 0.136
2264.79282 20.799 0.246
2269.82621 20.424 0.200
2271.77365 20.757 0.202
2274.64336 20.267 0.235
2276.75048 20.710 0.260
2278.64901 20.457 0.227
2280.64720 20.880 0.313
2282.65576 20.516 0.266
2284.64704 20.404 0.251
2289.78945 20.441 0.195
2291.79753 20.706 0.303
2293.76325 20.786 0.418
2295.78520 20.377 0.152
2297.77853 20.609 0.243
2299.81909 21.042 0.483
2301.71320 20.431 0.238
2303.70939 21.170 0.588
2327.53964 20.703 0.309
2332.57252 20.145 0.257
2333.53657 20.789 0.503
2339.52480 20.558 0.256
2347.51949 20.790 0.325
2402.51363 20.103 0.240
2542.87046 20.172 0.145
2552.82038 20.037 0.150
2556.81202 20.425 0.185
2559.86012 20.538 0.250
2564.82809 20.404 0.200
2573.82869 20.380 0.228
2578.75285 20.424 0.255
2583.78835 20.356 0.213
2589.83224 20.367 0.175
2596.72046 20.755 0.377
2605.72176 20.591 0.222
2609.71726 21.019 0.448
2614.64702 20.721 0.285
2618.70472 20.859 0.303
2620.83262 20.617 0.217
2623.80351 20.675 0.242
2627.66736 20.944 0.520
2629.69086 21.056 0.476
2631.71085 20.380 0.275
2634.73995 20.688 0.246
2635.61106 20.570 0.189
2637.81009 20.596 0.226
2639.63603 20.766 0.174
2641.70250 20.827 0.282
2643.71125 20.421 0.202
2645.69966 20.755 0.197
2647.65746 20.381 0.189
2651.61278 20.348 0.241
2653.63900 20.203 0.185
2655.75997 20.584 0.344
2657.60496 20.273 0.174
2659.62432 20.657 0.263
2661.83797 20.280 0.217
2665.85844 20.356 0.317
2668.60781 20.416 0.320
2670.61213 20.457 0.232
2672.59871 20.242 0.205
2674.62009 20.685 0.243
2676.60659 20.623 0.183
2678.67933 20.265 0.181
2680.60511 20.485 0.189
2682.65489 20.548 0.297
2686.64937 20.237 0.224
2691.59603 20.470 0.313
2695.63184 20.581 0.252
2700.58734 21.102 0.453
2713.56991 20.789 0.418
2841.91023 20.662 0.323
2885.85233 20.511 0.167
2892.88192 20.439 0.261
2897.85124 20.437 0.228
2903.89698 20.379 0.138
2906.90009 20.409 0.199
2911.77996 20.779 0.208
2916.82968 20.423 0.134
2922.81387 20.532 0.283
2926.74042 20.297 0.166
2930.81493 20.623 0.208
2933.85927 20.721 0.245
2939.86759 20.312 0.209
2942.81814 20.448 0.160
2944.86159 21.050 0.448
2946.86351 20.126 0.153
2949.80101 20.969 0.303
2952.85481 20.523 0.228
2956.69321 20.548 0.185
2958.71990 20.496 0.189
2962.73165 20.254 0.170
2965.74988 20.845 0.295
2967.84943 20.543 0.181
2970.81477 20.643 0.174
2974.75256 20.426 0.181
2976.78729 20.563 0.208
2978.76737 20.798 0.290
2980.70742 20.472 0.193
2982.67013 20.450 0.219
2984.71739 20.633 0.224
2986.80058 20.690 0.314
2988.76473 20.569 0.240
2990.63685 20.947 0.323
2992.79138 20.914 0.273
2994.63379 20.648 0.198
2995.64334 20.575 0.151
2997.65330 20.618 0.186
2999.77204 20.636 0.235
3001.74408 20.543 0.203
3003.71731 20.574 0.193
3005.70806 20.989 0.340
3007.72251 20.312 0.167
3009.72062 20.567 0.211
3011.68993 20.312 0.224
3013.69313 20.845 0.311
3017.70355 20.773 0.288
3019.63117 20.175 0.162
3021.75032 20.206 0.132
3023.61228 20.512 0.151
3024.81329 20.777 0.232
3026.80959 20.554 0.142
3031.68357 20.405 0.147
3033.74754 20.257 0.132
3035.75490 20.588 0.186
3038.73228 20.426 0.226
3041.60046 21.557 0.851
3043.63586 20.393 0.280
3045.66960 21.194 0.445
3047.62361 20.385 0.203
3049.62924 20.607 0.155
3051.59652 20.543 0.209
3053.59166 20.761 0.252
3055.59077 20.266 0.172
3057.61563 20.789 0.264
3060.63814 20.938 0.290
3067.70102 20.910 0.316
3070.54787 20.384 0.270
3073.61619 21.017 0.484
3075.66377 21.250 0.592
3078.58390 20.433 0.226
3082.57325 20.689 0.269
3084.65020 20.348 0.147
3087.61326 20.309 0.159
3090.57657 19.947 0.155
3099.52043 20.161 0.192
3102.54353 20.204 0.202
3105.57587 20.800 0.279
3108.55436 20.270 0.162
3112.52573 20.534 0.242
3116.51297 20.865 0.336
3126.51874 20.178 0.195
3146.48133 21.068 0.517
3241.90622 20.904 0.302
3257.90828 20.467 0.174
3263.89235 20.554 0.153
3268.90795 20.935 0.450
3273.88316 20.282 0.188
3277.87237 20.663 0.268
3281.86243 20.874 0.238
3287.72400 21.226 0.364
3289.87618 20.112 0.128
3294.87162 20.295 0.137
3296.87938 20.882 0.246
3299.73518 20.182 0.109
3301.73030 20.606 0.264
3304.79297 20.867 0.340
3306.87399 20.771 0.290
3309.70331 20.732 0.233
3311.70107 21.363 0.384
3320.74382 20.502 0.174
3327.71285 20.302 0.141
3329.86346 20.281 0.195
3334.76943 20.821 0.435
3338.81952 20.503 0.207
3350.65135 20.418 0.137
3358.70500 20.584 0.161
3361.81043 21.003 0.251
3363.76025 20.493 0.213
3367.71890 20.220 0.268
3372.73246 20.376 0.129
3378.64520 20.069 0.141
3382.62337 20.602 0.378
3383.77455 20.873 0.199
3387.63151 20.821 0.318
3391.71277 20.468 0.219
3395.70421 19.981 0.172
3399.68029 21.058 0.342
3402.69715 20.273 0.138
3404.62772 22.040 0.838
3408.57838 20.546 0.176
3412.62368 20.332 0.199
3416.61416 20.549 0.188
3424.61020 20.629 0.259
3431.51649 20.486 0.171
3437.52292 20.286 0.156
3445.52765 19.985 0.142
3453.54940 20.187 0.185
3462.52473 20.387 0.211
3582.93140 21.467 0.557
3589.93811 20.365 0.197
3629.86308 21.346 0.477
3634.82841 20.377 0.174
3639.88132 20.256 0.128
3641.87224 20.886 0.280
3650.86755 20.367 0.159
3653.89541 20.598 0.511
3657.84863 20.547 0.160
3661.83250 20.928 0.392
3671.86148 21.112 0.336
3675.84405 20.811 0.218
3683.86515 20.232 0.188
3687.75790 21.267 0.308
3689.85832 20.186 0.150
3692.78216 20.963 0.349
3694.79707 20.555 0.204
3696.73956 20.412 0.153
3699.74216 20.515 0.145
3701.79512 20.545 0.183
3704.70217 20.242 0.131
3706.83096 20.461 0.174
3711.70461 20.725 0.223
3713.71834 20.611 0.184
3716.81748 20.625 0.183
3719.79840 20.243 0.214
3721.75815 20.275 0.174
3725.79008 20.605 0.254
3727.76487 20.498 0.204
3730.66024 20.334 0.121
3732.68468 20.357 0.150
3734.78268 20.371 0.156
3736.79908 20.409 0.171
3737.68766 20.622 0.189
3739.78666 20.663 0.186
3742.60973 20.137 0.156
3745.72244 20.554 0.219
3747.75075 19.732 0.186
3749.63352 20.121 0.231
3751.73771 20.690 0.237
3753.60931 20.530 0.231
3757.68031 20.322 0.176
3759.74501 20.597 0.167
3762.73230 20.702 0.270
3765.75084 20.420 0.117
3770.59240 20.711 0.241
3773.59976 20.408 0.183
3776.59884 20.871 0.301
3779.58883 20.145 0.190
3782.63857 20.479 0.200
3787.56437 20.635 0.218
3791.61070 20.850 0.279
3799.53520 20.715 0.427
3808.54598 21.254 0.474
3821.51333 20.841 0.224
3945.93808 20.892 0.233
3963.93399 20.427 0.274
3969.86442 20.031 0.145
3975.91443 20.902 0.301
3981.84366 20.880 0.347
3995.89404 20.732 0.297
4001.84707 20.564 0.240
4005.82488 20.108 0.110
4007.82891 20.561 0.188
4011.82907 20.300 0.184
4018.82057 20.428 0.170
4023.85269 20.433 0.180
4026.75903 20.541 0.159
4029.70237 20.640 0.339
4031.78293 20.762 0.218
4038.69211 20.452 0.164
4040.85892 20.392 0.222
4042.87470 21.092 0.547
4046.74964 20.313 0.199
4048.83911 20.896 0.373
4052.68130 21.607 0.415
4054.65438 20.142 0.235
4056.72584 20.029 0.157
4058.66389 20.826 0.302
4063.65789 20.074 0.119
4066.65568 20.583 0.181
4069.72130 20.314 0.207
4071.64992 20.214 0.189
4076.72217 20.749 0.279
4079.73490 20.652 0.289
4083.65177 20.499 0.237
4085.71710 20.333 0.257
4092.83443 20.422 0.156
4112.70599 21.286 0.289
4117.69483 20.814 0.325
4121.67086 19.779 0.129
4124.75372 20.409 0.152
4129.77101 20.339 0.178
4142.62538 20.602 0.282
4150.63320 20.525 0.190
4155.52719 20.341 0.165
4159.52108 20.736 0.383
4160.54689 20.467 0.246
4163.51053 20.864 0.388
4164.51040 20.467 0.298
4165.56123 20.617 0.313
4166.55607 20.854 0.393
4168.55848 20.588 0.185
4170.55921 20.616 0.227
4174.54151 20.517 0.259
4178.50590 20.294 0.236
4184.49782 20.382 0.289
4192.52460 20.510 0.347
4196.50564 20.521 0.263
4198.48050 20.568 0.307
4203.47927 20.727 0.487
4341.88163 20.680 0.278
4347.83155 20.485 0.212
4351.87743 20.342 0.197
4357.88939 20.863 0.398
4363.81395 20.520 0.264
4366.86457 20.447 0.197
4370.78158 20.699 0.435
4372.80798 20.474 0.208
4380.79033 20.395 0.178
4386.76591 20.236 0.148
4393.77680 20.682 0.243
4398.85304 20.746 0.252
4403.85943 20.416 0.306
4411.78837 20.374 0.160
4411.85006 20.008 0.132
4418.73919 20.584 0.162
4422.83579 20.701 0.197
4429.77830 19.770 0.216
4432.70390 20.532 0.207
4436.74331 20.618 0.218
4439.80899 20.372 0.280
4443.67871 20.401 0.299
4448.83272 20.236 0.160
4451.67287 20.543 0.235
4455.67170 21.197 0.434
4457.72723 20.392 0.270
4460.75731 21.193 0.671
4464.71996 21.029 0.299
4467.71250 20.451 0.153
4471.75875 20.868 0.374
4476.68127 20.345 0.155
4480.68110 20.201 0.134
4484.76012 20.711 0.358
4488.68266 21.536 0.817
4493.68482 20.804 0.379
4498.66255 20.467 0.188
4501.65560 21.215 0.465
4506.59372 20.447 0.268
4508.60374 19.977 0.136
4510.68352 20.070 0.159
4516.63326 21.085 0.619
4519.70485 20.219 0.236
4524.58900 20.514 0.264
4530.61316 20.406 0.230
4532.64142 20.155 0.159
4537.60308 20.848 0.325
4540.65427 20.548 0.308
4544.60831 20.738 0.430
4547.55089 20.775 0.374
4556.56655 20.711 0.313
4561.54403 20.698 0.307
4568.49872 20.440 0.246
4575.52166 20.143 0.227
4592.51896 21.936 1.291
4600.50252 20.874 0.479
4682.92627 20.468 0.216
4691.93456 20.637 0.332
4719.86241 20.488 0.214
4724.80859 20.951 0.358
4727.90347 20.362 0.261
4733.90543 21.867 1.135
4747.88705 20.039 0.176
4752.84624 20.554 0.241
4756.85547 20.509 0.202
4760.73839 20.698 0.193
4762.86210 20.530 0.198
4768.84004 20.539 0.226
4772.68201 20.369 0.199
4775.71571 20.856 0.387
4777.73030 20.242 0.179
4781.69361 20.478 0.184
4783.84785 20.265 0.190
4788.77744 20.254 0.160
4791.78793 21.180 0.284
4794.75933 20.442 0.174
4797.74049 20.330 0.199
4800.70195 20.857 0.255
4802.81530 20.648 0.184
4804.83971 20.495 0.266
4805.86250 20.819 0.563
4807.81753 20.356 0.169
4809.85534 19.980 0.147
4812.70438 20.638 0.361
4814.72041 20.312 0.217
4816.71733 21.030 0.354
4818.77330 20.307 0.176
4820.75086 20.938 0.287
4823.77719 20.406 0.184
4825.85080 21.144 0.385
4833.66373 20.722 0.202
4835.68091 21.031 0.353
4837.73870 20.523 0.285
4840.70433 20.323 0.217
4842.68900 21.005 0.326
4844.68823 19.930 0.129
4847.75516 20.546 0.250
4849.75212 20.998 0.519
4852.76095 20.191 0.207
4854.73718 20.350 0.195
4856.73238 20.749 0.331
4865.69826 20.743 0.243
4867.68804 20.381 0.162
4870.70124 20.168 0.197
4873.73204 20.346 0.256
4875.70376 20.669 0.261
4877.62589 20.655 0.240
4879.68255 20.457 0.230
4884.69503 20.473 0.205
4888.58265 20.290 0.133
4902.61903 20.642 0.374
4911.62834 20.371 0.188
4919.56265 20.329 0.223
4925.57221 20.793 0.301
4929.54355 20.341 0.279
4932.57897 20.902 0.448
4936.54299 20.628 0.316
4938.54161 20.122 0.232
4942.55462 20.901 0.368
4949.52292 20.293 0.160
