2166.84169 20.241 0.162
2172.89172 20.682 0.256
2183.88499 21.283 0.656
2189.84743 20.424 0.229
2192.75185 20.266 0.134
2201.76105 20.723 0.209
2212.79639 20.240 0.180
2217.78083 20.748 0.371
2223.80137 20.808 0.298
2226.77573 20.182 0.189
2228.81920 20.446 0.187
2230.73263 20.517 0.253
2232.75285 20.484 0.199
2234.74682 20.223 0.148
2238.69745 20.753 0.256
2240.82642 20.289 0.195
2242.83214 20.501 0.320
2248.71340 20.232 0.142
2251.73866 20.370 0.153
2253.75895 20.410 0.144
2255.68893 20.271 0.191
2258.68841 20.476 0.179
2261.66121 20.353 0.180
2264.79704 20.211 0.129
2269.76990 20.303 0.184
2271.71337 20.472 0.233
2273.80853 20.419 0.244
2275.78202 20.432 0.247
2277.78480 20.527 0.205
2279.78165 20.033 0.118
2281.74446 20.732 0.192
2283.80165 20.108 0.116
2289.73847 20.261 0.168
2291.74459 20.143 0.233
2293.71293 20.723 0.347
2295.73399 20.322 0.133
2297.72493 20.641 0.225
2299.75733 20.343 0.213
2301.66273 20.318 0.223
2303.65812 20.032 0.188
2323.54724 20.545 0.180
2326.56576 20.419 0.210
2332.50915 20.487 0.405
2338.53172 20.643 0.248
2344.52473 20.661 0.221
2355.49705 20.294 0.249
2387.48726 20.315 0.310
2521.90714 20.094 0.155
2537.85395 20.728 0.438
2542.82007 20.308 0.163
2544.87723 20.597 0.311
2551.86748 20.502 0.205
2555.89148 20.499 0.295
2559.80543 20.731 0.324
2563.85070 20.895 0.378
2573.77845 20.400 0.271
2577.84122 20.354 0.186
2580.86918 19.823 0.134
2589.77726 20.394 0.178
2594.79409 20.192 0.311
2599.84892 20.168 0.149
2609.65408 20.442 0.258
2611.65927 20.780 0.309
2617.80596 20.170 0.194
2620.77493 20.128 0.123
2623.74821 20.328 0.170
2626.67330 20.176 0.149
2627.61510 20.264 0.298
2628.84035 20.267 0.217
2630.82909 20.394 0.291
2632.61989 20.193 0.117
2635.61539 20.155 0.121
2637.74108 20.453 0.163
2637.75556 20.328 0.173
2639.77177 20.090 0.100
2641.64605 19.925 0.121
2643.65723 20.460 0.171
2645.64957 20.045 0.127
2647.57630 20.568 0.223
2651.64381 21.150 0.379
2653.66744 20.178 0.190
2655.65360 20.902 0.284
2657.78733 20.653 0.302
2659.65451 20.369 0.159
2661.67515 20.202 0.122
2665.78109 20.196 0.156
2667.85180 20.681 0.466
2671.78538 20.146 0.202
2675.71746 20.158 0.146
2677.75184 20.606 0.282
2679.74288 20.441 0.219
2682.60063 20.404 0.185
2686.56984 21.363 0.755
2691.52055 20.324 0.268
2695.57791 20.026 0.141
2700.52891 20.183 0.199
2713.51392 20.678 0.372
2735.49399 20.367 0.211
2841.91386 20.349 0.238
2868.88066 20.811 0.309
2890.82381 20.371 0.236
2895.85959 20.090 0.126
2900.81524 20.383 0.164
2906.84628 20.288 0.135
2910.87958 20.570 0.152
2915.87977 20.442 0.128
2921.87853 20.327 0.162
2925.84838 20.306 0.166
2930.76099 20.083 0.162
2933.80538 20.471 0.147
2939.81384 20.103 0.147
2941.83196 20.581 0.160
2943.70669 20.456 0.211
2946.80973 20.553 0.258
2948.80005 20.293 0.178
2952.79613 20.501 0.213
2955.85103 20.730 0.342
2958.66634 20.503 0.275
2962.67731 20.172 0.157
2965.69435 20.308 0.186
2967.79369 20.178 0.122
2970.69990 20.515 0.170
2970.70688 20.604 0.178
2974.69888 20.368 0.162
2976.73272 20.188 0.129
2978.62724 20.590 0.220
2980.65364 20.578 0.213
2982.61285 19.973 0.141
2984.65400 20.490 0.184
2986.74179 20.636 0.217
2988.70982 20.236 0.143
2990.64317 20.238 0.157
2992.72971 20.778 0.220
2994.63995 20.598 0.189
2996.72659 20.319 0.164
2998.68565 20.081 0.122
2999.77764 20.385 0.167
3001.65639 20.427 0.184
3003.65206 20.617 0.209
3005.60880 20.315 0.191
3007.72749 20.741 0.251
3009.66333 20.361 0.160
3011.60888 20.455 0.301
3013.63956 20.419 0.191
3017.61481 20.622 0.152
3018.70664 20.407 0.187
3020.78183 20.088 0.127
3022.80837 20.549 0.233
3024.75689 20.373 0.158
3026.75424 20.431 0.148
3028.76169 20.259 0.104
3030.76655 20.421 0.141
3033.69383 20.298 0.106
3035.70013 20.434 0.166
3038.67846 20.860 0.337
3040.67807 20.289 0.191
3042.62162 20.550 0.250
3044.55556 20.760 0.305
3046.57102 20.708 0.187
3048.55599 20.310 0.114
3050.57481 20.384 0.126
3052.57186 20.383 0.145
3054.57270 20.320 0.149
3056.56986 20.380 0.147
3060.58409 20.196 0.133
3064.58200 20.426 0.213
3067.64558 20.402 0.183
3069.60564 20.537 0.205
3073.51502 21.185 0.518
3075.60977 20.380 0.173
3078.52958 20.487 0.207
3082.51856 20.531 0.240
3084.59452 20.774 0.204
3087.55603 20.530 0.200
3090.51168 20.141 0.185
3093.49155 20.637 0.361
3098.60193 20.526 0.281
3101.55964 19.910 0.176
3104.53277 20.184 0.158
3107.51271 20.582 0.310
3111.50630 20.667 0.347
3114.50028 20.368 0.188
3115.52461 20.211 0.196
3126.46469 19.882 0.146
3144.47924 20.476 0.325
3224.88016 21.436 0.644
3239.91421 19.849 0.108
3247.88518 20.264 0.154
3256.86355 20.398 0.184
3263.83046 20.343 0.107
3268.85416 20.385 0.126
3273.82580 20.089 0.165
3281.80876 20.525 0.132
3289.82231 21.108 0.331
3294.82044 20.826 0.215
3296.82580 20.498 0.142
3298.85633 20.894 0.212
3301.67674 20.460 0.238
3303.84578 20.837 0.354
3306.82037 20.233 0.155
3308.83740 20.183 0.178
3310.86965 21.235 0.431
3320.68064 20.168 0.123
3323.63364 20.215 0.159
3329.80973 20.385 0.131
3334.70954 20.488 0.233
3338.76532 20.472 0.189
3349.78158 20.205 0.137
3351.76640 20.435 0.150
3354.73454 20.707 0.228
3358.62089 20.437 0.157
3361.71664 20.228 0.135
3363.70677 20.576 0.225
3367.66030 20.259 0.173
3372.67908 20.191 0.111
3377.71528 20.277 0.179
3386.74100 20.376 0.107
3391.58632 20.202 0.170
3395.64107 20.744 0.286
3398.69807 20.213 0.148
3402.64335 20.757 0.188
3404.57117 20.129 0.146
3408.52458 20.859 0.321
3412.55452 20.861 0.361
3414.59180 20.055 0.138
3419.55290 20.634 0.268
3426.50791 20.067 0.200
3433.55901 20.307 0.169
3443.52954 19.828 0.127
3453.49588 19.700 0.121
3574.93067 20.425 0.226
3588.92140 20.266 0.165
3589.87242 19.854 0.110
3614.91278 20.883 0.268
3617.86945 20.619 0.194
3629.80902 20.446 0.232
3634.77509 20.231 0.168
3639.88537 20.235 0.104
3641.81905 20.506 0.208
3646.89953 20.440 0.429
3650.81442 20.357 0.122
3653.84239 20.385 0.146
3657.79288 19.992 0.105
3660.75871 20.098 0.174
3664.79413 20.503 0.146
3668.73041 21.291 0.467
3671.86601 20.272 0.141
3676.84141 20.342 0.154
3684.78558 20.043 0.091
3687.70464 20.332 0.154
3689.80327 20.247 0.142
3692.72768 20.530 0.181
3694.80156 20.373 0.160
3696.67688 20.461 0.162
3699.68916 20.336 0.122
3701.74001 20.384 0.148
3704.70655 20.338 0.137
3706.76079 20.289 0.114
3711.65175 20.541 0.181
3713.66545 20.324 0.145
3716.71450 20.645 0.254
3719.71902 20.667 0.296
3722.76180 20.367 0.187
3726.66475 20.691 0.189
3728.63745 20.237 0.093
3731.73797 20.471 0.159
3733.62417 20.786 0.192
3734.72711 20.173 0.104
3736.74603 20.345 0.137
3737.63459 20.524 0.158
3739.69671 20.523 0.164
3741.72410 20.850 0.320
3743.69905 20.599 0.216
3746.74327 20.062 0.186
3748.69587 20.316 0.198
3750.70205 20.137 0.138
3752.71013 20.432 0.155
3754.73139 20.667 0.212
3755.65116 20.131 0.162
3757.62529 20.629 0.227
3759.59088 20.154 0.144
3762.67580 20.694 0.201
3765.69765 20.278 0.090
3769.73830 20.227 0.114
3772.70652 20.429 0.155
3775.69844 20.127 0.205
3778.67695 20.247 0.168
3782.58333 20.075 0.175
3786.56112 20.289 0.149
3791.55741 20.092 0.118
3798.55708 20.010 0.108
3805.54425 20.571 0.243
3820.48954 19.806 0.128
3938.93865 20.497 0.292
3961.91994 20.190 0.176
3968.90203 20.293 0.159
3974.88419 20.796 0.326
3981.79102 20.535 0.243
3987.91507 20.500 0.247
3988.86701 20.864 0.313
3995.82606 20.961 0.293
4002.82216 20.468 0.128
4005.77225 20.640 0.185
4007.77642 20.634 0.167
4011.75685 20.303 0.185
4018.73854 20.216 0.179
4023.79093 20.564 0.150
4026.70664 20.335 0.127
4028.84268 20.556 0.145
4031.73041 20.257 0.141
4037.83935 20.418 0.152
4040.80670 20.519 0.183
4042.82150 19.938 0.107
4046.69728 20.038 0.148
4048.78624 20.190 0.136
4052.62913 20.363 0.135
4053.82682 20.162 0.120
4056.64753 21.258 0.555
4059.65765 20.518 0.215
4064.62216 19.885 0.087
4066.60174 20.769 0.285
4069.66908 20.613 0.194
4071.59342 20.392 0.204
4076.64726 20.407 0.231
4079.68249 20.104 0.167
4082.67288 20.200 0.157
4084.75274 20.745 0.244
4087.67222 20.365 0.134
4093.76117 20.339 0.125
4102.63115 20.678 0.278
4104.79620 20.815 0.359
4109.65705 20.166 0.125
4113.67565 20.167 0.102
4119.61388 20.435 0.197
4122.66276 20.654 0.159
4125.71015 20.099 0.159
4129.70953 20.464 0.164
4142.56769 20.313 0.165
4150.54416 20.348 0.145
4154.52590 20.263 0.240
4165.57182 20.366 0.199
4183.51809 20.654 0.313
4340.89255 20.142 0.117
4346.87909 20.289 0.219
4350.89922 20.557 0.167
4357.83284 20.578 0.269
4363.76136 20.305 0.199
4365.78494 20.862 0.450
4369.78056 20.393 0.253
4372.75523 20.542 0.186
4376.84583 20.507 0.229
4379.85239 20.505 0.188
4383.85646 20.434 0.209
4388.79653 20.646 0.253
4393.72433 20.140 0.153
4398.79956 20.457 0.194
4403.74026 20.269 0.204
4411.73542 20.446 0.146
4417.81828 20.381 0.138
4417.86398 20.551 0.253
4421.73069 20.355 0.136
4425.80388 20.351 0.217
4429.71468 20.534 0.324
4431.85572 20.567 0.421
4436.68271 20.246 0.181
4439.72691 20.273 0.205
4442.70429 20.117 0.155
4448.75997 20.505 0.164
4450.76465 20.715 0.282
4453.74045 20.182 0.135
4456.75379 20.376 0.233
4459.66387 20.433 0.183
4462.66584 20.330 0.200
4465.70606 20.128 0.093
4469.65921 20.452 0.208
4474.66116 20.225 0.144
4478.76399 20.689 0.263
4481.76272 20.264 0.164
4484.67248 19.922 0.183
4487.73484 20.399 0.282
4492.68741 20.571 0.236
4494.72184 20.447 0.213
4499.60383 20.219 0.156
4502.67666 20.633 0.273
4507.63537 20.738 0.277
4509.63263 20.407 0.228
4514.62166 20.116 0.197
4516.54062 22.367 1.792
4520.62961 20.370 0.254
4522.53959 20.335 0.221
4524.55360 20.164 0.169
4530.55875 20.347 0.219
4532.55079 19.955 0.163
4537.54883 20.497 0.243
4540.59754 20.367 0.228
4549.55396 20.403 0.250
4560.49244 20.004 0.152
4567.50396 20.552 0.302
4574.52497 19.943 0.162
4592.46257 22.563 2.564
4681.91602 20.511 0.177
4691.88174 20.686 0.300
4702.89373 20.563 0.278
4719.80936 20.556 0.261
4722.89813 20.419 0.142
4726.88373 20.058 0.118
4731.86011 20.256 0.141
4747.83253 20.501 0.158
4751.87889 21.023 0.260
4756.80290 20.587 0.241
4759.84996 20.263 0.141
4762.80975 20.476 0.164
4768.78775 20.065 0.125
4771.82987 20.293 0.154
4774.83928 20.872 0.269
4776.86425 20.463 0.237
4780.82565 20.197 0.180
4783.79557 20.714 0.230
4788.72497 20.212 0.167
4791.70236 20.405 0.139
4794.70668 20.464 0.178
4797.68816 20.436 0.201
4800.73139 20.358 0.134
4802.76297 20.185 0.139
4804.78714 20.324 0.167
4805.81018 20.309 0.133
4807.76109 20.424 0.197
4810.71905 20.681 0.244
4812.77864 20.557 0.423
4814.66814 20.636 0.307
4816.66502 20.029 0.150
4818.68718 20.081 0.136
4820.69402 20.766 0.204
4823.70763 20.206 0.144
4825.79478 20.205 0.184
4831.83717 20.258 0.205
4832.79736 20.498 0.211
4834.76648 20.302 0.184
4837.66646 20.558 0.249
4839.69499 20.648 0.248
4841.73131 20.373 0.183
4843.73054 20.113 0.192
4846.69650 20.370 0.195
4848.72772 19.970 0.105
4850.71450 20.635 0.228
4852.70853 20.174 0.165
4855.71593 20.275 0.186
4857.69408 20.210 0.190
4863.64813 20.087 0.132
4866.66120 20.704 0.233
4868.65928 20.607 0.213
4870.64874 20.127 0.162
4873.67932 20.223 0.195
4875.57638 20.621 0.247
4876.60700 20.099 0.113
4878.63192 20.610 0.158
4882.55117 20.048 0.164
4884.61361 20.527 0.227
4888.53000 20.696 0.257
4900.56160 20.274 0.225
4904.58729 20.350 0.254
4913.56505 20.170 0.190
4918.54164 20.698 0.289
4924.55620 19.984 0.125
4928.55160 20.047 0.155
4930.50285 20.658 0.367
4934.49961 20.553 0.261
4938.49088 20.244 0.230
4942.50740 20.198 0.175
4947.50075 20.284 0.204
4954.51349 20.954 0.618
