726.80919 19.861 0.098
728.87248 20.118 0.137
729.85538 19.908 0.134
739.84007 20.184 0.234
742.85236 20.077 0.177
744.82522 20.184 0.174
745.83477 19.959 0.118
746.87283 20.021 0.141
747.69222 19.856 0.116
748.66961 19.831 0.116
750.74990 19.945 0.130
751.78039 20.062 0.163
752.84179 20.201 0.165
754.85007 19.842 0.176
755.75391 20.163 0.193
759.75048 20.512 0.200
760.80499 19.890 0.118
762.82572 20.094 0.165
769.83811 20.367 0.260
773.82552 20.271 0.188
776.85152 19.880 0.156
779.79245 20.085 0.156
781.80898 19.954 0.162
783.81740 20.047 0.105
788.81991 19.930 0.113
790.83465 19.886 0.093
795.79136 20.297 0.186
798.78663 20.099 0.173
816.84230 20.233 0.159
817.78477 19.954 0.148
824.73216 20.158 0.180
826.72882 19.940 0.146
827.67488 20.091 0.133
828.73430 20.016 0.167
829.79883 20.864 0.379
831.62389 20.054 0.159
832.74679 20.020 0.155
833.67958 19.956 0.093
834.73261 20.068 0.209
835.69979 20.401 0.166
836.66858 20.103 0.150
837.65013 19.952 0.089
838.77775 19.986 0.256
839.64877 20.099 0.145
840.76918 19.722 0.104
842.68127 19.949 0.143
844.62899 20.045 0.171
845.65408 20.126 0.112
850.72512 20.002 0.166
854.76257 19.953 0.223
855.74719 19.827 0.201
856.65454 20.149 0.207
857.71281 20.092 0.217
858.66666 20.530 0.263
859.74257 20.153 0.205
860.68374 20.233 0.233
865.55144 19.789 0.181
867.60687 19.789 0.109
874.71844 20.261 0.156
876.58757 20.522 0.174
876.68776 20.519 0.200
880.61124 20.032 0.155
885.61791 19.977 0.313
887.65623 20.705 0.484
890.67984 19.817 0.191
892.57336 20.096 0.193
895.61674 20.135 0.187
898.59440 21.238 0.346
918.60966 19.884 0.262
922.51397 20.198 0.197
928.57589 20.178 0.323
933.53812 20.027 0.147
951.49609 19.969 0.130
1041.91030 20.054 0.132
1072.88589 20.035 0.143
1079.82872 19.959 0.139
1080.87296 19.929 0.126
1081.82234 19.847 0.118
1083.89059 19.869 0.123
1084.80422 19.897 0.118
1086.82451 19.959 0.129
1089.78756 20.154 0.170
1090.80936 20.539 0.318
1091.86751 20.277 0.231
1092.86587 20.064 0.166
1102.87149 20.115 0.108
1107.85449 20.126 0.156
1109.80419 20.370 0.253
1113.86764 20.193 0.163
1116.81187 20.165 0.108
1126.71361 20.102 0.157
1129.81235 19.963 0.126
1131.81703 20.126 0.213
1132.80887 20.266 0.164
1134.82194 19.901 0.108
1142.75927 20.053 0.103
1151.85390 19.992 0.164
1153.72551 20.008 0.123
1155.68120 19.986 0.195
1157.74179 20.293 0.273
1159.74680 19.989 0.130
1161.81185 20.051 0.116
1163.80852 19.993 0.174
1165.80869 19.780 0.109
1167.74339 20.074 0.179
1168.75441 19.980 0.169
1171.72225 20.016 0.120
1174.85007 20.003 0.106
1178.76803 20.286 0.193
1181.73358 20.027 0.176
1183.76713 19.942 0.130
1185.81606 20.318 0.163
1187.76930 19.855 0.113
1189.75769 19.947 0.118
1191.82257 20.203 0.134
1192.85332 19.794 0.097
1194.67283 20.157 0.142
1196.68973 19.849 0.139
1202.69510 19.965 0.150
1204.67523 20.101 0.192
1207.68801 19.928 0.152
1211.68032 20.051 0.174
1213.71457 20.180 0.202
1214.72249 19.850 0.157
1215.54859 19.926 0.119
1216.61665 20.119 0.139
1217.68424 20.212 0.195
1219.62150 20.143 0.186
1221.59215 19.986 0.152
1223.68231 19.958 0.137
1224.56193 19.835 0.145
1226.57022 19.816 0.112
1227.57727 19.950 0.132
1232.66689 19.935 0.118
1235.56806 20.051 0.147
1237.55197 19.961 0.269
1238.65397 19.821 0.179
1241.55417 19.959 0.173
1242.62757 20.067 0.182
1243.57130 20.192 0.187
1245.53986 19.956 0.168
1247.67427 20.205 0.201
1248.64198 20.022 0.199
1251.59654 20.146 0.234
1254.55043 20.104 0.187
1255.58343 20.023 0.218
1257.61505 19.823 0.154
1260.60111 19.903 0.112
1264.59151 19.891 0.214
1266.59330 19.948 0.237
1267.60937 20.082 0.235
1275.53180 19.914 0.179
1278.51444 19.847 0.158
1281.52249 20.124 0.225
1290.49221 20.200 0.279
1296.58312 19.942 0.185
1300.52920 20.238 0.269
1305.50762 20.074 0.191
1308.53861 20.118 0.200
1315.49782 20.216 0.335
1318.48052 19.821 0.189
1320.52271 20.107 0.228
1331.48516 20.634 0.437
1431.82847 20.031 0.157
1433.82504 20.139 0.177
1435.87294 20.020 0.154
1437.86563 20.204 0.167
1440.90462 20.207 0.240
1443.79594 19.899 0.224
1447.76971 20.116 0.299
1448.86045 19.815 0.187
1453.78236 19.876 0.253
1455.77865 20.235 0.305
1458.76458 19.777 0.195
1459.88617 20.340 0.242
1460.76679 20.000 0.187
1461.73254 19.913 0.160
1471.74296 20.168 0.175
1475.83741 20.129 0.155
1478.76212 20.166 0.171
1481.82434 20.073 0.170
1484.82865 20.089 0.132
1487.82143 19.949 0.136
1491.76017 20.129 0.205
1493.70213 19.939 0.159
1495.74553 19.986 0.133
1498.66669 20.289 0.230
1500.80721 20.036 0.115
1503.69752 20.244 0.262
1505.80436 19.767 0.137
1507.70038 20.000 0.201
1508.81698 20.249 0.170
1509.67854 20.146 0.158
1510.64400 19.964 0.118
1511.72666 20.107 0.163
1512.76069 20.740 0.328
1514.77515 20.329 0.219
1516.82095 19.860 0.116
1518.69281 19.970 0.123
1520.71812 20.048 0.144
1522.71880 19.799 0.122
1523.71897 20.376 0.279
1525.69491 19.912 0.137
1527.76026 20.044 0.123
1528.68620 20.082 0.134
1529.81164 19.891 0.124
1531.70358 20.097 0.144
1538.66070 19.821 0.111
1541.61655 20.167 0.130
1542.77089 20.241 0.199
1544.67320 19.784 0.097
1546.69787 19.873 0.183
1547.69953 20.184 0.116
1548.67666 20.007 0.157
1551.70601 20.166 0.111
1552.63895 20.059 0.156
1553.66265 19.966 0.111
1554.64127 20.152 0.133
1555.66573 19.869 0.138
1556.63988 20.287 0.200
1560.63159 19.895 0.163
1564.55073 19.753 0.190
1568.62741 19.953 0.159
1571.63707 20.101 0.144
1575.65147 20.262 0.225
1578.69178 20.003 0.198
1580.70257 20.062 0.128
1582.63708 20.082 0.158
1585.62786 20.152 0.188
1588.63112 20.182 0.209
1591.59497 19.968 0.271
1595.58821 20.022 0.164
1599.65418 20.028 0.147
1600.62108 20.223 0.292
1601.61422 20.100 0.243
1602.68067 20.124 0.198
1604.61225 19.855 0.130
1606.56925 20.033 0.166
1609.52546 20.200 0.248
1610.54039 19.935 0.222
1611.60048 20.300 0.221
1613.58086 20.038 0.152
1614.65195 19.977 0.256
1616.50956 19.994 0.131
1618.65878 20.176 0.193
1619.54882 19.955 0.214
1621.54495 20.039 0.201
1623.64212 20.378 0.296
1625.62316 19.769 0.152
1627.59343 20.031 0.237
1628.53336 19.846 0.163
1630.50500 19.811 0.224
1631.50280 20.004 0.146
1633.61825 20.215 0.191
1635.50125 20.297 0.231
1643.57722 19.547 0.216
1645.51033 20.459 0.435
1653.49566 20.405 0.354
1655.53959 19.960 0.190
1657.54906 19.933 0.182
1660.52390 19.674 0.141
1662.53124 20.071 0.179
1664.55433 19.979 0.200
1669.52424 20.036 0.228
1672.49694 19.888 0.172
1687.49459 19.707 0.242
1695.47992 20.114 0.222
1766.87268 19.729 0.185
1768.85833 20.152 0.217
1773.91666 20.159 0.157
1782.84788 20.288 0.200
1788.85632 20.144 0.164
1804.85155 19.894 0.149
1811.87211 19.940 0.114
1815.84829 19.988 0.137
1822.72999 20.204 0.178
1829.87925 20.159 0.199
1844.78709 20.308 0.153
1850.76847 20.236 0.195
1854.82549 19.946 0.106
1858.77260 20.151 0.202
1860.81494 19.839 0.135
1863.78807 19.935 0.126
1866.73876 20.121 0.147
1868.71986 19.926 0.096
1870.84089 20.036 0.199
1872.85672 20.132 0.242
1874.76167 19.985 0.112
2166.89956 20.137 0.146
2173.81998 19.799 0.108
2189.89136 19.905 0.151
2192.79375 20.061 0.103
2201.80654 19.777 0.072
2212.83820 19.928 0.115
2223.84281 19.831 0.122
2226.82280 20.237 0.179
2228.85981 20.025 0.144
2230.77333 19.839 0.122
2232.79308 19.920 0.133
2234.78727 20.178 0.128
2238.75098 20.005 0.128
2241.63430 19.975 0.144
2243.69273 19.997 0.154
2248.76063 20.213 0.137
2251.72256 20.083 0.124
2253.80666 19.921 0.112
2255.68162 20.030 0.139
2261.70187 20.162 0.140
2264.78294 19.771 0.082
2269.81635 19.930 0.124
2271.76374 19.832 0.085
2273.84879 20.126 0.172
2274.63345 20.272 0.225
2276.74058 20.157 0.162
2278.63909 19.896 0.124
2280.63730 20.194 0.148
2282.64586 19.911 0.128
2284.63712 20.523 0.244
2289.77951 19.964 0.126
2291.78759 20.022 0.173
2293.75335 20.573 0.286
2295.77527 19.993 0.115
2297.76860 20.185 0.160
2299.80916 20.156 0.191
2301.70327 20.064 0.178
2303.69947 20.129 0.239
2321.65014 19.925 0.122
2327.52864 20.048 0.148
2332.56153 20.389 0.293
2333.52559 20.249 0.250
2339.51379 20.168 0.171
2347.50846 19.950 0.162
2402.50247 19.800 0.173
2524.89819 20.004 0.148
2537.89815 20.645 0.325
2542.86048 20.157 0.147
2552.80779 20.264 0.185
2556.80103 19.904 0.111
2559.84920 20.160 0.155
2563.89447 19.841 0.259
2564.81717 20.028 0.160
2573.81877 20.073 0.166
2578.74295 19.793 0.140
2583.77842 19.994 0.148
2589.82139 20.203 0.133
2596.70963 20.129 0.221
2605.71088 20.206 0.155
2609.70163 20.057 0.172
2614.63639 20.143 0.140
2618.69412 20.326 0.178
2620.82200 19.894 0.100
2623.79288 19.926 0.108
2627.65745 20.617 0.397
2629.68099 19.880 0.142
2631.70096 20.154 0.205
2634.72923 20.184 0.153
2635.60118 19.923 0.106
2637.80023 20.273 0.216
2639.62614 19.929 0.083
2641.69181 20.095 0.139
2643.70058 20.172 0.153
2645.68981 20.087 0.104
2647.64754 20.024 0.125
2650.86314 20.102 0.147
2651.60211 20.091 0.172
2653.62912 20.160 0.168
2655.74240 19.684 0.106
2657.59509 20.193 0.158
2659.61008 20.148 0.168
2661.82808 20.014 0.191
2663.84215 19.854 0.185
2665.84805 20.482 0.322
2668.59704 20.021 0.182
2670.60218 19.942 0.148
2672.58876 20.040 0.182
2674.61015 20.327 0.178
2676.59663 20.109 0.148
2678.66939 19.842 0.153
2680.59512 19.992 0.111
2682.64410 20.566 0.282
2686.63864 19.736 0.137
2695.62102 19.932 0.142
2700.57515 20.096 0.154
2706.59396 19.914 0.172
2713.55904 20.254 0.248
2840.93682 19.968 0.175
2868.87654 19.901 0.132
2885.84151 20.046 0.108
2892.87107 19.915 0.168
2897.84039 20.190 0.197
2903.88620 20.134 0.114
2906.88933 20.069 0.119
2911.76914 20.111 0.119
2916.81318 20.053 0.110
2922.80307 20.008 0.179
2925.89160 19.911 0.259
2930.80421 20.082 0.132
2933.84857 19.951 0.097
2939.85686 20.058 0.153
2942.80646 19.905 0.110
2944.85089 20.369 0.215
2946.85280 19.987 0.126
2949.76744 19.822 0.122
2952.84332 20.109 0.150
2956.68254 19.949 0.117
2958.70925 20.155 0.146
2962.72012 19.945 0.112
2965.73920 19.987 0.092
2967.83876 20.214 0.114
2970.80410 20.128 0.101
2974.74194 19.945 0.117
2976.77661 20.006 0.110
2978.75671 20.079 0.166
2980.69677 20.124 0.142
2982.65616 19.980 0.135
2984.70675 19.957 0.117
2986.79003 19.981 0.137
2988.75408 19.970 0.128
2990.62624 20.035 0.132
2992.77684 19.916 0.099
2994.62311 20.294 0.162
2995.63267 20.109 0.090
2997.64165 20.004 0.100
2999.76136 20.054 0.132
3001.73316 19.922 0.107
3003.70670 20.119 0.117
3005.69746 20.142 0.146
3007.71188 20.017 0.121
3009.70994 20.061 0.118
3011.67926 20.067 0.161
3013.68248 19.937 0.117
3017.69291 20.090 0.162
3019.62047 20.157 0.135
3021.73963 19.915 0.090
3023.60160 19.878 0.085
3024.80263 19.930 0.097
3026.79893 19.919 0.087
3028.81091 19.899 0.106
3031.67288 20.125 0.104
3033.73681 20.111 0.097
3035.74317 19.919 0.108
3038.72155 20.072 0.151
3041.58973 19.904 0.161
3043.62513 20.260 0.215
3045.65881 20.142 0.155
3047.61289 19.941 0.129
3049.61850 20.214 0.106
3051.58578 19.912 0.114
3053.58090 20.183 0.140
3055.58005 20.178 0.146
3057.60487 19.915 0.114
3060.62738 20.083 0.133
3064.63170 19.784 0.129
3067.68869 20.055 0.150
3070.53704 19.842 0.140
3073.60455 20.486 0.325
3075.65295 20.356 0.211
3078.57307 20.377 0.248
3082.56244 20.018 0.150
3084.63936 20.116 0.132
3087.60102 20.132 0.135
3090.56480 20.319 0.200
3099.49965 20.567 0.388
3102.53126 19.948 0.148
3105.56506 20.082 0.175
3108.54352 20.427 0.191
3112.51488 19.935 0.155
3116.50217 19.949 0.143
3126.50789 19.946 0.140
3146.47041 20.015 0.185
3241.89543 20.108 0.165
3256.90680 20.116 0.148
3263.88165 20.021 0.087
3268.89723 20.120 0.128
3273.87249 20.067 0.137
3277.86169 20.161 0.142
3281.85180 20.018 0.093
3287.71335 20.319 0.146
3289.86552 20.351 0.158
3294.86098 19.959 0.093
3296.86873 20.549 0.204
3299.71999 20.097 0.122
3301.71972 20.303 0.187
3304.78236 20.332 0.179
3306.86337 20.337 0.187
3308.88016 19.993 0.269
3311.69048 19.832 0.104
3320.73326 20.122 0.117
3327.70228 20.106 0.129
3329.85289 20.227 0.129
3334.75886 20.035 0.161
3338.80898 20.148 0.112
3350.64080 19.783 0.083
3354.64096 19.802 0.147
3358.69444 19.996 0.087
3361.79990 19.962 0.106
3363.74966 20.143 0.151
3367.70345 20.040 0.161
3372.72188 19.952 0.096
3378.63462 19.904 0.119
3382.61281 20.154 0.214
3387.62096 20.011 0.129
3391.70218 20.303 0.176
3395.69360 20.220 0.191
3399.66970 20.106 0.133
3402.68655 20.131 0.121
3404.61712 20.267 0.160
3408.56773 20.123 0.118
3412.61316 20.076 0.140
3416.59656 19.975 0.111
3424.59964 19.765 0.128
3431.50128 19.719 0.160
3437.51229 19.911 0.111
3445.51702 20.155 0.166
3453.53876 20.108 0.178
3462.51404 19.999 0.147
3582.92064 19.711 0.115
3589.92743 20.051 0.106
3617.91283 20.230 0.209
3629.85249 20.395 0.204
3634.81785 19.924 0.103
3639.87075 20.323 0.133
3641.86165 20.064 0.140
3650.85697 19.856 0.078
3653.88483 19.749 0.104
3657.83807 20.051 0.112
3661.82193 19.979 0.148
3666.81814 20.150 0.178
3671.85100 20.153 0.121
3675.83358 20.232 0.124
3683.85468 19.843 0.100
3687.74740 19.760 0.083
3689.84788 19.821 0.097
3692.77174 20.202 0.140
3694.78665 20.043 0.117
3696.72911 19.900 0.092
3699.73167 20.118 0.090
3701.78467 19.900 0.092
3704.69173 20.309 0.140
3706.82053 20.258 0.150
3711.69418 19.866 0.100
3713.70793 20.037 0.119
3716.80707 20.334 0.121
3719.78797 19.864 0.158
3725.77965 20.343 0.172
3727.75444 19.960 0.114
3730.64976 19.984 0.081
3732.67426 19.959 0.085
3734.77223 20.028 0.093
3736.78863 20.039 0.112
3737.67718 20.064 0.097
3739.77619 20.230 0.107
3742.59918 19.981 0.137
3745.71066 19.823 0.090
3747.74024 19.892 0.203
3749.62305 19.587 0.135
3751.72719 20.034 0.130
3753.59883 20.131 0.144
3755.63638 20.046 0.157
3757.66982 19.957 0.128
3759.73347 20.270 0.129
3762.72180 19.922 0.139
3765.74033 20.029 0.092
3770.58185 20.100 0.135
3773.58921 19.943 0.121
3776.58825 20.558 0.204
3779.57829 19.876 0.135
3782.62802 20.367 0.161
3787.55289 20.213 0.143
3791.60009 20.034 0.121
3799.52460 20.162 0.200
3821.50264 20.027 0.121
3945.92731 19.725 0.081
3963.92344 20.288 0.186
3969.85388 20.146 0.147
3975.90392 20.231 0.146
3981.83314 20.385 0.211
3995.88353 20.094 0.146
4001.83662 20.097 0.125
4005.81447 20.127 0.111
4007.81852 20.094 0.121
4011.81867 19.565 0.106
4018.81020 19.674 0.090
4023.84229 20.052 0.121
4026.74864 20.327 0.153
4028.88479 19.952 0.218
4031.77256 20.092 0.186
4037.88166 20.551 0.363
4040.84855 19.947 0.133
4042.86429 20.114 0.137
4046.73927 20.026 0.161
4048.82882 20.393 0.209
4052.67097 19.932 0.100
4053.86861 20.421 0.358
4056.71550 20.055 0.144
4058.65356 19.998 0.129
4063.64759 19.839 0.099
4066.64538 20.003 0.118
4069.71101 19.886 0.104
4071.63962 19.714 0.108
4076.71188 20.071 0.148
4079.72459 20.232 0.190
4083.64150 19.962 0.153
4085.70678 20.411 0.203
4092.82410 20.047 0.129
4104.87092 20.147 0.344
4112.69561 20.218 0.115
4117.68446 19.836 0.118
4121.66051 20.407 0.214
4124.74335 20.245 0.136
4129.75593 20.801 0.298
4142.61494 20.115 0.139
4150.60341 20.021 0.092
4155.51674 20.179 0.144
4166.54560 19.922 0.165
4196.49509 20.127 0.175
4341.87111 19.987 0.160
4347.82102 20.043 0.161
4351.86695 20.505 0.228
4357.87887 20.062 0.171
4363.80351 20.164 0.198
4366.85409 20.162 0.175
4369.89463 20.091 0.147
4372.79756 19.952 0.128
4376.88794 20.142 0.200
4379.89436 19.757 0.151
4386.75550 19.987 0.111
4393.76644 20.048 0.122
4398.84267 20.022 0.122
4403.84909 20.147 0.200
4411.77803 20.146 0.121
4411.83973 20.466 0.191
4418.72885 20.172 0.110
4422.82544 20.010 0.101
4429.75668 20.151 0.279
4432.69361 19.814 0.099
4436.73301 19.863 0.121
4439.79870 20.279 0.225
4443.66839 19.798 0.148
4448.82239 19.794 0.096
4451.66260 20.161 0.168
4455.66139 19.999 0.160
4457.71692 19.893 0.178
4460.74699 19.849 0.140
4464.70967 20.160 0.108
4467.70218 20.147 0.115
4471.70390 19.958 0.107
4476.67094 20.019 0.096
4480.67072 19.982 0.117
4484.74976 20.162 0.201
4488.67228 20.029 0.175
4493.67441 20.202 0.189
4498.65269 19.852 0.087
4501.64573 19.828 0.107
4506.58384 19.964 0.132
4508.59383 20.000 0.125
4510.67312 19.995 0.142
4516.62286 20.107 0.236
4519.69439 20.107 0.183
4521.53803 20.209 0.175
4530.60267 20.148 0.162
4532.63096 19.927 0.117
4537.59260 19.880 0.121
4540.64377 20.586 0.289
4544.59775 20.192 0.214
4547.54033 20.075 0.157
4556.55600 19.754 0.107
4561.53348 20.153 0.146
4568.48816 19.828 0.117
4575.51108 19.880 0.133
4592.50832 19.950 0.200
4600.49182 20.272 0.219
4682.91567 20.497 0.219
4691.92401 20.137 0.175
4719.85195 20.157 0.183
4724.79813 20.210 0.179
4727.88871 19.886 0.155
4733.89497 20.130 0.155
4747.87662 20.056 0.137
4752.83586 20.394 0.229
4754.77596 19.958 0.168
4755.77855 20.070 0.139
4756.84510 19.770 0.106
4757.76495 20.316 0.239
4757.88601 19.825 0.207
4758.73594 20.043 0.140
4758.88321 20.032 0.162
4759.77074 20.024 0.108
4759.88173 20.061 0.191
4760.72796 19.926 0.096
4761.74864 19.909 0.106
4762.70151 20.083 0.137
4762.85174 19.884 0.097
4768.82966 19.925 0.114
4771.87199 20.085 0.241
4775.70536 20.199 0.176
4777.71993 19.961 0.112
4781.68327 20.098 0.133
4783.83751 20.040 0.111
4788.76709 20.143 0.140
4791.77759 20.142 0.106
4794.74895 20.074 0.129
4797.73017 19.916 0.121
4800.69166 19.904 0.096
4802.80496 20.067 0.101
4804.82939 20.011 0.121
4805.85218 20.047 0.119
4807.80724 19.844 0.097
4809.84501 20.169 0.124
4812.69405 19.846 0.169
4814.71012 20.081 0.157
4816.70701 20.477 0.216
4818.76301 19.998 0.111
4820.74057 20.285 0.133
4823.76690 20.023 0.121
4825.84045 19.776 0.115
4833.65344 20.124 0.122
4835.67054 19.957 0.121
4837.72836 20.153 0.179
4840.69399 19.927 0.130
4842.67869 20.011 0.115
4844.67787 20.026 0.112
4847.74482 19.891 0.108
4849.74177 20.355 0.250
4850.65579 20.401 0.164
4851.81343 19.882 0.142
4852.75060 19.780 0.092
4853.66993 19.839 0.128
4854.72673 20.150 0.154
4854.75762 20.184 0.143
4855.65741 20.534 0.236
4856.72203 19.971 0.150
4857.63346 20.072 0.137
4865.68788 19.633 0.090
4867.67765 19.965 0.101
4870.69084 19.838 0.121
4873.72160 20.228 0.194
4875.69339 19.759 0.103
4877.61548 19.830 0.101
4879.67213 20.226 0.168
4884.68456 20.144 0.146
4888.57220 20.031 0.119
4902.60853 19.841 0.169
4911.61787 20.197 0.147
4919.55210 19.840 0.119
4925.56215 20.409 0.200
4929.53351 20.175 0.254
4932.56888 19.959 0.186
4936.53295 20.069 0.180
4938.53152 19.822 0.146
4941.48869 19.754 0.132
4942.49245 20.765 0.284
4943.50413 19.898 0.142
4944.48600 19.740 0.122
4945.48941 20.098 0.140
4946.48788 19.732 0.143
4947.54577 19.960 0.144
4948.47414 20.699 0.333
4949.47260 19.753 0.110
4950.46697 19.919 0.216
4951.46480 20.109 0.237
4953.49464 20.310 0.230
4954.46984 19.483 0.140
