726.81034 20.705 0.186
728.87364 20.814 0.235
729.85653 20.512 0.196
739.84122 20.983 0.473
742.85351 20.761 0.279
744.82637 20.421 0.200
745.83593 20.478 0.175
746.87398 20.859 0.296
747.69337 21.006 0.308
748.67076 20.590 0.247
750.75105 20.665 0.250
751.78154 21.087 0.377
752.84294 20.371 0.170
754.85122 20.752 0.381
755.75507 20.437 0.214
759.75164 20.751 0.232
760.80614 20.829 0.250
762.82687 20.511 0.207
769.83927 20.621 0.284
773.82668 20.242 0.190
776.85268 21.114 0.436
779.79361 20.821 0.285
781.81014 20.340 0.192
783.81856 20.828 0.185
788.82106 20.362 0.148
790.83580 20.591 0.163
795.79251 20.777 0.231
798.78779 20.954 0.343
816.84346 20.490 0.179
817.78593 20.372 0.182
824.73331 20.311 0.185
826.72998 21.439 0.505
827.67604 20.639 0.183
828.73545 20.902 0.348
829.79998 20.382 0.214
831.62504 20.572 0.226
832.74794 20.592 0.224
833.68074 20.563 0.144
834.73376 20.326 0.224
835.70095 20.525 0.169
836.66974 20.350 0.166
837.65129 20.729 0.162
838.77891 20.264 0.317
839.64992 20.681 0.237
840.77034 20.600 0.215
842.68242 20.541 0.223
844.63015 20.343 0.232
845.65524 20.859 0.214
850.72628 20.520 0.256
854.76373 19.760 0.179
855.74834 20.899 0.512
856.65569 21.033 0.478
857.71397 20.936 0.418
858.66782 20.740 0.283
859.74372 20.698 0.326
860.68489 20.494 0.283
865.55260 20.097 0.189
867.60803 20.822 0.257
874.71959 20.548 0.209
876.58873 20.634 0.187
876.68891 20.557 0.176
880.61240 20.756 0.251
885.61907 20.493 0.476
887.65739 20.762 0.421
890.68099 21.541 0.897
892.57452 20.733 0.305
895.61789 20.304 0.198
898.59556 21.223 0.287
918.61082 21.401 0.947
922.51512 20.700 0.271
928.57704 20.342 0.374
933.53927 20.749 0.271
951.49724 20.455 0.191
1041.91146 20.571 0.200
1072.88705 20.599 0.222
1079.82987 20.499 0.205
1080.87412 20.595 0.202
1081.82350 20.911 0.269
1083.89175 21.746 0.583
1084.80538 20.669 0.224
1086.82567 21.035 0.340
1089.78871 20.675 0.272
1090.81051 20.305 0.218
1091.86866 20.123 0.177
1092.86702 20.683 0.239
1102.87264 20.935 0.224
1107.85564 20.685 0.230
1109.80535 20.648 0.284
1113.86879 20.757 0.244
1116.81302 20.633 0.147
1126.71477 20.528 0.215
1129.81351 20.517 0.183
1131.81819 20.092 0.181
1132.81003 20.830 0.258
1134.82310 20.475 0.159
1142.76043 21.068 0.232
1151.85506 20.631 0.263
1153.72667 20.355 0.161
1155.68236 21.028 0.448
1157.74295 20.202 0.243
1159.74795 20.778 0.242
1161.81300 20.685 0.184
1163.80967 20.966 0.463
1165.80984 20.328 0.171
1167.74455 20.676 0.263
1168.75557 20.800 0.355
1171.72340 20.330 0.142
1174.85122 20.401 0.132
1178.76919 20.522 0.202
1181.73473 20.580 0.247
1183.76828 21.037 0.312
1185.81722 20.486 0.166
1187.77045 20.731 0.230
1189.75884 20.692 0.215
1191.82373 20.567 0.173
1192.85447 20.751 0.212
1194.67399 20.410 0.164
1196.69089 20.443 0.219
1202.69625 20.342 0.195
1204.67638 20.671 0.267
1207.68916 20.842 0.314
1211.68147 20.531 0.250
1213.71573 20.348 0.212
1214.72364 20.593 0.275
1215.54974 20.438 0.173
1216.61781 20.715 0.229
1217.68540 20.657 0.233
1219.62265 20.286 0.194
1221.59331 20.662 0.247
1223.68347 20.949 0.298
1224.56309 20.720 0.288
1226.57137 20.360 0.157
1227.57842 20.772 0.244
1232.66804 20.534 0.205
1235.56921 20.480 0.186
1237.55313 20.568 0.466
1238.65512 21.459 0.732
1241.55532 20.361 0.216
1242.62873 21.185 0.455
1243.57246 20.817 0.288
1245.54102 20.331 0.214
1247.67542 21.073 0.393
1248.64314 20.482 0.265
1251.59770 20.097 0.210
1254.55159 20.956 0.377
1255.58459 20.709 0.371
1257.61621 20.731 0.339
1260.60226 20.393 0.159
1264.59267 20.728 0.449
1266.59445 20.670 0.366
1267.61052 20.416 0.297
1275.53295 21.306 0.617
1278.51559 20.614 0.283
1281.52365 20.318 0.242
1290.49337 20.953 0.502
1296.58428 20.557 0.297
1300.53036 20.402 0.287
1305.50877 20.372 0.226
1308.53976 20.505 0.263
1315.49898 20.224 0.317
1318.48168 20.508 0.314
1320.52386 20.864 0.435
1331.48631 20.655 0.416
1431.82962 20.501 0.222
1433.82620 20.819 0.322
1435.87410 20.906 0.322
1437.86678 21.292 0.422
1440.90578 20.682 0.332
1443.79709 21.217 0.642
1447.77087 20.693 0.460
1448.86160 20.738 0.364
1453.78351 22.208 1.881
1458.76574 20.696 0.393
1459.88732 20.333 0.234
1460.76794 20.853 0.431
1461.73370 21.038 0.389
1471.74411 20.466 0.210
1475.83857 20.345 0.174
1478.76328 20.597 0.243
1481.82549 20.606 0.282
1484.82980 20.531 0.174
1487.82259 20.947 0.306
1491.76132 20.833 0.312
1493.70328 20.728 0.307
1495.74669 20.537 0.200
1498.66785 20.896 0.374
1500.80837 20.964 0.246
1503.69868 20.293 0.245
1505.80552 20.457 0.251
1507.70154 21.033 0.452
1508.81814 20.395 0.173
1509.67969 20.989 0.359
1510.64516 20.421 0.172
1511.72782 20.856 0.297
1512.76185 20.286 0.200
1514.77631 20.550 0.285
1516.82211 20.584 0.197
1518.69396 20.712 0.221
1520.71928 20.776 0.259
1522.71995 20.655 0.235
1523.72013 20.804 0.367
1525.69606 20.715 0.255
1527.76141 20.570 0.175
1528.68735 20.493 0.183
1529.81279 20.508 0.179
1531.70473 20.614 0.217
1538.66186 20.554 0.202
1541.61770 20.245 0.139
1542.77204 20.541 0.206
1544.67436 20.687 0.193
1546.69903 20.404 0.269
1547.70069 20.582 0.151
1548.67781 20.889 0.308
1551.70716 20.440 0.132
1552.64011 20.491 0.196
1553.66381 20.859 0.232
1554.64242 20.414 0.157
1555.66688 20.393 0.205
1556.64103 20.834 0.305
1560.63275 20.265 0.204
1564.55188 20.368 0.263
1568.62856 20.492 0.246
1571.63823 20.904 0.272
1575.65262 20.240 0.186
1578.69294 21.086 0.517
1580.70372 20.789 0.222
1582.63823 20.604 0.255
1585.62901 20.826 0.337
1588.63228 20.512 0.254
1595.58937 20.907 0.338
1599.65533 20.599 0.227
1600.62223 20.878 0.428
1601.61537 21.557 0.822
1602.68182 20.825 0.305
1604.61341 20.868 0.291
1606.57040 21.106 0.381
1609.52662 21.106 0.521
1610.54155 20.871 0.421
1611.60163 20.764 0.297
1613.58201 21.042 0.334
1614.65310 20.434 0.297
1616.51071 20.734 0.223
1618.65994 20.943 0.378
1619.54998 20.429 0.262
1621.54611 20.974 0.433
1623.64327 21.182 0.602
1625.62431 20.432 0.233
1627.59459 20.736 0.402
1628.53451 20.360 0.226
1630.50616 20.315 0.290
1631.50395 20.663 0.248
1633.61941 20.550 0.233
1635.50241 20.254 0.203
1643.57838 20.819 0.519
1645.51148 20.970 0.614
1653.49682 20.385 0.299
1655.54075 20.295 0.240
1657.55021 20.576 0.326
1660.52505 20.363 0.246
1662.53240 21.674 0.684
1664.55548 21.201 0.576
1669.52539 20.929 0.509
1672.49810 20.430 0.257
1687.49574 20.853 0.524
1695.48108 20.117 0.203
1766.87384 20.292 0.266
1768.85949 20.256 0.228
1773.91781 20.468 0.207
1782.84904 20.489 0.223
1788.85748 20.584 0.235
1804.85270 20.809 0.315
1811.87327 20.549 0.179
1815.84945 20.614 0.228
1822.73115 20.744 0.286
1829.88040 20.596 0.258
1844.78825 20.351 0.141
1850.76962 21.212 0.422
1854.82664 20.424 0.144
1858.77376 20.891 0.358
1860.81610 20.386 0.201
1863.78923 20.400 0.170
1866.73991 20.578 0.205
1868.72102 20.568 0.157
1870.84205 21.614 0.788
1872.85787 20.796 0.366
1874.76283 20.465 0.159
2166.85243 20.701 0.237
2166.89956 20.845 0.266
2172.90243 20.806 0.278
2173.81998 20.791 0.254
2183.89570 20.321 0.308
2189.85811 20.329 0.211
2189.89136 20.115 0.176
2192.76180 20.546 0.187
2192.79375 20.328 0.123
2201.77173 20.576 0.176
2201.80654 20.709 0.158
2212.80630 21.167 0.412
2212.83820 20.604 0.205
2217.79070 20.962 0.368
2223.81128 20.490 0.221
2223.84281 20.764 0.280
2226.78564 20.748 0.271
2226.82280 20.321 0.190
2228.82907 20.367 0.173
2228.85981 20.509 0.226
2230.77333 20.838 0.287
2232.76274 20.784 0.238
2232.79308 20.729 0.273
2234.75669 20.654 0.191
2234.78727 20.826 0.222
2238.70735 20.712 0.229
2238.75098 20.379 0.172
2240.83629 21.301 0.424
2241.63430 20.876 0.306
2242.84203 20.974 0.423
2243.69273 20.456 0.220
2248.72329 20.747 0.215
2248.76063 20.531 0.180
2251.72256 20.635 0.193
2251.75292 21.007 0.264
2253.77052 20.952 0.219
2253.80666 20.504 0.188
2255.68162 20.334 0.177
2255.69883 20.486 0.215
2258.69829 20.362 0.142
2261.70187 20.074 0.126
2264.78294 20.618 0.172
2264.80691 20.605 0.158
2269.77979 20.806 0.323
2269.81635 20.270 0.168
2271.72327 20.369 0.187
2271.76374 20.483 0.152
2273.81842 20.560 0.234
2273.84879 20.832 0.327
2274.63345 20.864 0.366
2275.79191 20.848 0.311
2276.74058 20.383 0.198
2277.79467 20.673 0.203
2278.63909 20.524 0.209
2279.79152 20.760 0.248
2280.63730 20.639 0.215
2281.75434 20.887 0.198
2282.64586 20.497 0.208
2283.81153 20.867 0.209
2284.63712 20.459 0.226
2289.77951 20.528 0.206
2291.75449 20.382 0.235
2291.78759 20.190 0.201
2293.75335 20.749 0.332
2295.74391 20.388 0.133
2295.77527 20.640 0.205
2297.73483 21.230 0.389
2297.76860 20.841 0.287
2299.76725 20.306 0.174
2299.80916 20.635 0.288
2301.67267 20.108 0.157
2301.70327 20.257 0.212
2303.66804 20.415 0.237
2303.69947 20.850 0.464
2321.65014 20.470 0.194
2323.56949 20.700 0.209
2326.57647 20.381 0.195
2327.52864 20.561 0.231
2332.51987 20.775 0.410
2332.56153 20.058 0.211
2333.52559 20.689 0.371
2338.54243 20.715 0.233
2339.51379 20.459 0.224
2347.50846 20.349 0.234
2355.50784 20.946 0.461
2387.49816 20.564 0.446
2402.50247 20.040 0.213
2521.91793 20.432 0.266
2524.89819 20.656 0.263
2537.89815 20.565 0.296
2542.83008 20.764 0.265
2544.88798 20.806 0.320
2551.87821 20.291 0.157
2552.80779 20.929 0.332
2556.80103 20.583 0.201
2559.81612 20.465 0.220
2559.84920 20.461 0.198
2563.86136 20.084 0.168
2563.89447 21.132 0.830
2564.81717 20.500 0.234
2573.78836 20.670 0.283
2577.85114 21.152 0.382
2578.74295 20.943 0.388
2583.74762 20.613 0.233
2583.77842 20.484 0.227
2589.78788 20.677 0.211
2589.82139 20.442 0.161
2594.80471 21.079 0.548
2596.70963 20.629 0.335
2599.85951 20.559 0.258
2605.71088 20.689 0.244
2609.66576 20.427 0.212
2609.70163 20.543 0.269
2611.66969 20.936 0.395
2614.63639 21.101 0.341
2617.81636 20.596 0.241
2618.69412 20.953 0.317
2620.78536 21.200 0.321
2620.82200 20.503 0.173
2623.75858 20.493 0.217
2623.79288 20.515 0.180
2626.68368 20.664 0.233
2627.62546 20.549 0.343
2627.65745 20.709 0.418
2628.85077 20.584 0.304
2629.68099 21.352 0.540
2630.83952 20.209 0.248
2631.70096 20.933 0.410
2632.63025 20.504 0.181
2634.72923 21.233 0.398
2635.60118 20.748 0.224
2635.62525 20.379 0.177
2637.80023 20.788 0.357
2639.62614 20.683 0.162
2639.78166 20.661 0.171
2641.65595 20.739 0.242
2641.69181 20.559 0.212
2643.66764 20.385 0.168
2643.70058 20.512 0.209
2645.65943 20.461 0.162
2645.68981 20.808 0.201
2647.58618 20.379 0.167
2647.64754 20.820 0.255
2650.86314 20.746 0.265
2651.60211 20.495 0.248
2651.65425 20.462 0.214
2653.62912 20.403 0.211
2653.67846 20.838 0.335
2655.66349 21.020 0.347
2655.74240 20.781 0.287
2657.59509 20.405 0.195
2657.79724 20.477 0.262
2659.61008 20.504 0.229
2659.66443 20.657 0.207
2661.68910 20.568 0.205
2661.82808 21.088 0.510
2663.84215 20.313 0.291
2665.79103 20.709 0.237
2665.84805 20.023 0.211
2668.59704 20.231 0.222
2670.60218 20.570 0.266
2671.79696 20.931 0.315
2672.58876 20.717 0.342
2673.72989 20.569 0.309
2674.61015 20.735 0.255
2675.72739 20.852 0.241
2676.59663 20.538 0.218
2678.66939 21.281 0.589
2679.75284 21.284 0.470
2680.59512 20.812 0.234
2682.61117 20.512 0.249
2682.64410 20.488 0.259
2686.58562 20.717 0.340
2686.63864 20.902 0.400
2691.53109 21.022 0.455
2695.58845 20.577 0.259
2695.62102 20.727 0.285
2700.53944 20.452 0.249
2700.57515 21.095 0.381
2706.52086 20.572 0.354
2706.59396 20.253 0.231
2713.52449 20.271 0.268
2713.55904 20.118 0.212
2840.93682 20.783 0.385
2841.92868 20.396 0.225
2868.87654 20.650 0.258
2885.84151 20.648 0.186
2890.83442 20.672 0.296
2892.87107 21.037 0.479
2895.87016 20.435 0.160
2897.84039 20.396 0.248
2900.82580 20.446 0.159
2903.88620 20.346 0.146
2906.85681 20.652 0.164
2906.88933 20.754 0.219
2910.89015 20.630 0.169
2911.76914 20.538 0.177
2915.89032 20.721 0.190
2916.81318 20.820 0.227
2921.88904 20.710 0.275
2922.80307 20.145 0.205
2925.85887 20.813 0.283
2925.89160 20.763 0.583
2930.77145 20.570 0.214
2930.80421 20.681 0.227
2933.81586 20.542 0.149
2933.84857 20.591 0.180
2939.82428 20.150 0.166
2939.85686 20.350 0.198
2941.84237 20.738 0.195
2942.80646 20.333 0.164
2943.71714 20.607 0.225
2944.85089 20.627 0.262
2946.82019 20.701 0.259
2946.85280 21.022 0.308
2948.81049 20.771 0.258
2949.76744 20.780 0.291
2952.80653 20.591 0.229
2952.84332 20.777 0.284
2955.86143 20.341 0.258
2956.68254 21.280 0.404
2958.67671 20.736 0.298
2958.70925 20.637 0.229
2962.68767 20.650 0.229
2962.72012 20.610 0.204
2965.70470 20.466 0.190
2965.73920 20.367 0.133
2967.80407 20.278 0.143
2967.83876 20.396 0.130
2970.71726 20.793 0.212
2970.80410 20.729 0.169
2974.70924 20.609 0.220
2974.74194 20.652 0.220
2976.74308 20.633 0.204
2976.77661 20.586 0.182
2978.63762 20.441 0.192
2978.75671 20.827 0.327
2980.66403 20.848 0.273
2980.69677 20.715 0.254
2982.62321 20.811 0.252
2982.65616 20.843 0.303
2984.66437 20.509 0.179
2984.70675 20.727 0.234
2986.75219 20.762 0.263
2986.79003 20.731 0.269
2988.72017 20.641 0.210
2988.75408 20.478 0.200
2990.62624 21.175 0.385
2990.65356 20.404 0.145
2992.74008 20.479 0.173
2992.77684 20.520 0.166
2994.62311 20.548 0.201
2994.65094 20.485 0.156
2995.63267 20.753 0.164
2996.74125 20.499 0.177
2997.64165 20.470 0.150
2998.69603 20.616 0.196
2999.76136 20.553 0.211
2999.78805 20.577 0.213
3001.66679 20.460 0.165
3001.73316 20.668 0.211
3003.66244 20.791 0.248
3003.70670 20.703 0.195
3005.61941 20.728 0.264
3005.69746 20.781 0.273
3007.71188 20.469 0.177
3007.73787 20.249 0.156
3009.67371 20.698 0.228
3009.70994 20.670 0.202
3011.61927 20.545 0.262
3011.67926 20.323 0.198
3013.64994 20.409 0.197
3013.68248 20.476 0.190
3017.62523 20.462 0.123
3017.69291 20.847 0.321
3018.71707 20.767 0.264
3019.62047 20.449 0.177
3020.79227 20.643 0.249
3021.73963 20.503 0.152
3022.81879 20.689 0.225
3023.60160 20.558 0.159
3024.76732 20.508 0.171
3024.80263 20.635 0.183
3026.76465 20.518 0.137
3026.79893 20.498 0.150
3028.77213 20.771 0.172
3028.81091 20.586 0.202
3030.77700 20.454 0.137
3031.67288 20.972 0.227
3033.70429 20.647 0.150
3033.73681 20.470 0.132
3035.71058 20.578 0.202
3035.74317 20.758 0.226
3038.68892 20.837 0.338
3038.72155 20.976 0.337
3040.68855 21.024 0.374
3041.58973 20.727 0.334
3042.63209 20.202 0.198
3043.62513 20.709 0.316
3044.56602 20.638 0.266
3045.65881 20.335 0.182
3046.58150 20.796 0.249
3047.61289 20.517 0.218
3048.56644 20.484 0.157
3049.61850 20.496 0.133
3050.58532 20.748 0.203
3051.58578 20.464 0.191
3052.58234 20.313 0.152
3053.58090 20.930 0.278
3054.58317 21.302 0.386
3055.58005 20.593 0.209
3056.58038 20.790 0.235
3057.60487 20.395 0.175
3060.59462 20.582 0.204
3060.62738 20.377 0.172
3064.59248 20.384 0.222
3064.63170 20.514 0.245
3067.65611 20.251 0.161
3067.68869 21.025 0.368
3069.61620 20.369 0.211
3070.53704 20.463 0.242
3073.52559 21.288 0.605
3073.60455 20.638 0.368
3075.62030 20.574 0.215
3075.65295 20.577 0.252
3078.54017 20.613 0.279
3078.57307 20.352 0.234
3082.52915 20.865 0.340
3082.56244 20.944 0.337
3084.60509 20.470 0.159
3084.63936 20.931 0.277
3087.56664 20.413 0.196
3087.60102 20.162 0.133
3090.52229 21.166 0.480
3090.56480 20.409 0.212
3093.50363 20.439 0.294
3098.61256 20.258 0.237
3099.49965 20.650 0.406
3102.53126 21.020 0.382
3104.54347 20.500 0.236
3105.56506 20.881 0.363
3107.52338 20.744 0.406
3108.54352 20.569 0.216
3111.51695 20.411 0.250
3112.51488 20.789 0.326
3114.51093 20.548 0.244
3115.53524 21.088 0.403
3116.50217 20.090 0.162
3126.47537 20.581 0.259
3126.50789 20.717 0.274
3144.49066 20.130 0.200
3146.47041 20.110 0.193
3224.89084 20.121 0.189
3239.92483 20.777 0.221
3241.89543 20.491 0.236
3247.89578 20.228 0.157
3256.87408 20.797 0.212
3256.90680 20.752 0.266
3263.84102 20.464 0.127
3263.88165 20.808 0.180
3268.86468 20.723 0.175
3268.89723 20.733 0.223
3273.83630 20.797 0.280
3273.87249 20.335 0.172
3276.85436 21.148 0.409
3277.86169 20.457 0.183
3281.81929 20.906 0.211
3281.85180 20.492 0.140
3287.71335 20.550 0.170
3289.83275 20.250 0.172
3289.86552 20.780 0.229
3294.83092 20.468 0.152
3296.83625 20.880 0.238
3296.86873 21.445 0.442
3298.86679 20.726 0.187
3299.71999 20.258 0.141
3301.68717 20.943 0.379
3301.71972 20.143 0.159
3303.85619 20.662 0.310
3304.78236 20.433 0.190
3306.83080 20.639 0.213
3306.86337 20.629 0.254
3308.84782 20.775 0.266
3308.88016 20.492 0.420
3311.65796 20.925 0.320
3311.69048 21.089 0.339
3320.69107 20.697 0.232
3320.73326 20.497 0.168
3323.64405 20.859 0.268
3327.70228 20.757 0.240
3329.82011 20.898 0.195
3329.85289 20.836 0.233
3334.71994 20.675 0.258
3334.75886 20.233 0.191
3338.77568 20.442 0.159
3338.80898 20.701 0.184
3349.79197 20.542 0.161
3350.64080 20.527 0.164
3351.77677 22.246 0.771
3354.64096 20.467 0.272
3354.74493 20.128 0.135
3358.63123 20.642 0.171
3358.69444 20.668 0.152
3361.72701 20.525 0.177
3361.79990 20.424 0.161
3363.71716 20.915 0.296
3363.74966 20.767 0.259
3367.67068 19.870 0.138
3367.70345 21.212 0.435
3372.68946 20.911 0.215
3372.72188 20.502 0.155
3377.72562 20.090 0.156
3378.63462 20.735 0.251
3380.74126 20.324 0.212
3382.61281 21.520 0.752
3386.75142 20.794 0.171
3387.62096 21.319 0.425
3391.59674 20.328 0.180
3391.70218 21.344 0.450
3395.66081 20.206 0.184
3395.69360 20.449 0.224
3398.70850 20.549 0.212
3399.66970 20.519 0.190
3402.65380 20.868 0.218
3402.68655 20.396 0.152
3404.58162 20.754 0.249
3404.61712 20.997 0.299
3408.53507 20.561 0.203
3408.56773 21.599 0.436
3412.58041 20.710 0.252
3412.61316 20.290 0.168
3414.61197 20.661 0.250
3416.59656 20.708 0.216
3419.57919 20.309 0.179
3424.59964 20.829 0.328
3426.51831 20.671 0.266
3431.50128 20.489 0.330
3433.56944 21.089 0.397
3437.51229 20.340 0.157
3443.54003 20.879 0.273
3445.51702 20.886 0.326
3453.50640 20.742 0.257
3453.53876 20.614 0.276
3462.51404 21.043 0.359
3574.94128 21.035 0.402
3588.93195 20.622 0.244
3589.88298 20.991 0.268
3589.92743 20.802 0.208
3614.92326 23.506 6.032
3617.87994 20.194 0.120
3617.91283 20.581 0.285
3629.85249 20.850 0.308
3634.78555 20.052 0.113
3634.81785 20.321 0.148
3639.87075 20.553 0.166
3639.89581 20.757 0.188
3641.86165 21.095 0.348
3650.82481 20.583 0.146
3650.85697 20.500 0.133
3653.85276 20.757 0.197
3653.88483 21.108 0.357
3657.80330 20.370 0.128
3657.83807 20.581 0.177
3660.76904 20.057 0.160
3661.82193 20.588 0.248
3664.80449 21.230 0.318
3666.81814 20.357 0.212
3668.74079 20.646 0.249
3671.85100 20.554 0.168
3671.87635 20.375 0.219
3675.83358 21.100 0.266
3676.85174 20.742 0.238
3684.79592 20.581 0.165
3687.71498 20.487 0.161
3689.81356 20.544 0.181
3689.84788 20.559 0.186
3692.73796 20.698 0.227
3692.77174 20.337 0.155
3694.78665 20.408 0.158
3694.81188 20.107 0.136
3696.68720 20.689 0.184
3696.72911 20.769 0.198
3699.69946 20.611 0.156
3699.73167 20.921 0.187
3701.75031 21.169 0.301
3701.78467 20.554 0.169
3704.69173 20.632 0.191
3704.71686 20.362 0.128
3706.77105 20.376 0.134
3706.82053 20.762 0.237
3711.66204 20.961 0.263
3711.69418 20.820 0.238
3713.67571 20.619 0.158
3713.70793 20.669 0.223
3716.72476 20.515 0.244
3716.80707 20.710 0.180
3719.75251 20.722 0.304
3719.78797 20.613 0.327
3722.81072 20.499 0.179
3725.77965 20.209 0.159
3726.67498 20.411 0.142
3727.75444 21.353 0.431
3728.64773 20.528 0.126
3730.64976 20.607 0.151
3731.74829 20.483 0.148
3732.67426 20.607 0.154
3733.63444 20.599 0.167
3734.73741 20.383 0.130
3734.77223 20.552 0.147
3736.75630 20.886 0.232
3736.78863 20.685 0.198
3737.64489 20.483 0.151
3737.67718 20.520 0.152
3739.70703 20.773 0.187
3739.77619 20.998 0.216
3742.59918 20.837 0.312
3743.71119 21.063 0.317
3745.71066 20.658 0.204
3746.75358 20.468 0.247
3747.74024 22.631 2.487
3748.70620 20.899 0.333
3749.62305 20.475 0.305
3750.71237 20.365 0.161
3751.72719 20.732 0.252
3752.72044 20.617 0.189
3753.59883 20.494 0.198
3754.74170 20.735 0.209
3755.63638 20.446 0.222
3755.66149 20.867 0.313
3757.63560 21.101 0.323
3757.66982 20.725 0.263
3759.60122 20.760 0.250
3759.73347 20.489 0.161
3762.68609 20.304 0.133
3762.72180 20.983 0.380
3765.70802 20.442 0.105
3765.74033 20.786 0.193
3769.74861 21.146 0.263
3770.58185 20.338 0.169
3772.71691 20.570 0.168
3773.58921 21.013 0.324
3775.70885 20.991 0.394
3776.58825 20.267 0.161
3778.68736 20.163 0.138
3779.57829 20.914 0.352
3782.59548 21.015 0.315
3782.62802 20.672 0.215
3786.57153 20.754 0.249
3791.56787 20.722 0.200
3791.60009 20.700 0.229
3798.56754 20.545 0.165
3799.52460 20.708 0.341
3805.55472 20.155 0.145
3820.50005 21.068 0.349
3821.50264 20.989 0.305
3944.93363 20.957 0.355
3945.92731 20.983 0.255
3961.93035 20.767 0.281
3963.92344 20.572 0.241
3968.91241 21.464 0.438
3969.85388 20.547 0.202
3974.90838 20.665 0.247
3975.90392 20.673 0.219
3981.80140 20.814 0.281
3981.83314 20.486 0.233
3988.87734 20.732 0.262
3995.83634 21.671 0.518
3995.88353 20.752 0.269
4001.83662 20.787 0.236
4002.83245 20.646 0.169
4005.78249 20.541 0.157
4007.78669 20.777 0.180
4007.81852 20.789 0.231
4011.76713 20.369 0.150
4011.81867 20.425 0.230
4018.75270 21.310 0.419
4018.81020 20.247 0.152
4023.80621 21.133 0.272
4023.84229 21.057 0.312
4026.71686 20.939 0.227
4026.74864 20.899 0.260
4028.85290 20.517 0.141
4028.88479 20.986 0.566
4031.74063 21.113 0.324
4037.84952 20.557 0.182
4037.88166 23.974 8.737
4040.84855 21.117 0.381
4042.83166 21.452 0.471
4042.86429 21.496 0.474
4046.70748 20.259 0.154
4046.73927 21.851 0.856
4048.82882 21.689 0.690
4052.63931 20.639 0.156
4052.67097 20.417 0.154
4056.71550 20.690 0.254
4058.65356 20.355 0.176
4059.66778 20.663 0.198
4063.64759 20.293 0.151
4064.63228 21.556 0.365
4066.61187 20.391 0.149
4066.64538 20.716 0.226
4069.67925 21.851 0.584
4069.71101 20.801 0.242
4071.60432 20.698 0.225
4071.63962 20.776 0.284
4076.65741 20.796 0.272
4076.71188 20.901 0.309
4079.69266 19.962 0.141
4079.72459 20.097 0.165
4082.68301 20.997 0.278
4083.64150 21.123 0.434
4084.76287 20.632 0.233
4085.70678 21.044 0.360
4087.68233 20.510 0.189
4092.82410 20.196 0.144
4093.77135 21.323 0.343
4102.65956 20.212 0.218
4104.80636 20.705 0.302
4104.87092 20.177 0.346
4109.66723 20.646 0.165
4112.69561 20.572 0.157
4113.68582 20.437 0.144
4117.68446 20.739 0.255
4119.62403 20.552 0.227
4121.66051 20.283 0.194
4122.67291 20.124 0.111
4124.74335 20.033 0.107
4125.72028 20.707 0.263
4129.71974 20.938 0.256
4129.75593 20.181 0.172
4142.57797 20.350 0.180
4142.61494 20.787 0.265
4150.55444 20.557 0.167
4150.60341 20.493 0.141
4154.53619 20.389 0.248
4155.51674 20.565 0.213
4166.54560 20.464 0.270
4184.50226 20.724 0.370
4196.49509 20.465 0.251
4340.90288 20.613 0.164
4341.87111 20.756 0.316
4346.89097 20.693 0.253
4347.82102 20.677 0.280
4350.90956 20.440 0.151
4357.84318 20.977 0.366
4357.87887 21.338 0.547
4363.77162 20.290 0.168
4363.80351 20.515 0.265
4365.79526 20.462 0.270
4366.85409 20.386 0.218
4369.79087 20.389 0.225
4369.89463 20.442 0.205
4372.76555 20.482 0.162
4372.79756 20.657 0.241
4376.85610 20.797 0.295
4376.88794 20.458 0.266
4379.86266 20.606 0.214
4379.89436 21.176 0.535
4383.86674 20.625 0.202
4386.75550 20.635 0.195
4388.86071 20.446 0.217
4393.73461 20.641 0.215
4393.76644 20.598 0.184
4398.80981 20.567 0.197
4398.84267 20.517 0.180
4403.75043 20.549 0.338
4403.84909 20.325 0.229
4411.74560 20.513 0.166
4411.77803 20.663 0.195
4411.83973 20.662 0.231
4418.72885 20.516 0.148
4421.74085 20.613 0.156
4422.82544 20.561 0.175
4429.72482 20.924 0.449
4429.75668 20.673 0.435
4432.69361 20.627 0.201
4436.69288 20.801 0.263
4436.73301 20.862 0.305
4439.73706 20.990 0.349
4439.79870 20.576 0.305
4442.71444 20.659 0.265
4443.66839 20.424 0.258
4448.82239 20.729 0.230
4451.66260 20.328 0.195
4455.66139 20.309 0.219
4456.76396 20.397 0.227
4457.71692 20.577 0.326
4460.74699 20.532 0.256
4462.67597 20.600 0.227
4464.70967 20.580 0.151
4465.71621 20.559 0.167
4467.70218 20.812 0.205
4469.66935 20.422 0.232
4471.70390 20.623 0.191
4474.67137 20.114 0.133
4476.67094 20.684 0.170
4478.77413 20.229 0.175
4480.67072 20.542 0.195
4481.77292 20.519 0.232
4484.68265 20.310 0.228
4484.74976 20.556 0.312
4488.67228 20.480 0.247
4492.69759 20.908 0.318
4493.67441 20.675 0.292
4498.65269 20.184 0.121
4499.61366 20.718 0.266
4501.64573 20.743 0.242
4506.58384 20.699 0.252
4508.59383 20.693 0.233
4510.67312 22.006 0.895
4516.62286 21.177 0.632
4519.69439 20.717 0.313
4521.53803 20.593 0.247
4522.54988 22.189 1.139
4524.56389 20.413 0.222
4530.56906 20.213 0.203
4530.60267 20.302 0.182
4532.56110 20.788 0.387
4532.63096 20.263 0.159
4537.55915 20.891 0.370
4537.59260 20.740 0.267
4540.64377 21.044 0.443
4544.59775 21.066 0.489
4547.54033 20.553 0.236
4556.55600 21.049 0.338
4560.50283 20.493 0.263
4561.53348 20.650 0.230
4567.51440 20.309 0.227
4568.48816 20.773 0.265
4574.53542 21.325 0.581
4575.51108 20.817 0.294
4592.47308 20.178 0.257
4592.50832 22.110 1.548
4600.49182 20.536 0.274
4681.92649 20.826 0.225
4691.89218 20.649 0.230
4691.92401 20.726 0.294
4702.90411 20.283 0.191
4719.81967 20.637 0.262
4719.85195 20.493 0.245
4722.90844 20.434 0.158
4724.79813 20.485 0.226
4726.89406 20.438 0.157
4727.88871 21.664 0.796
4731.87042 20.678 0.190
4733.89497 20.379 0.202
4747.84281 20.566 0.172
4747.87662 20.455 0.190
4751.88911 19.936 0.136
4752.83586 20.728 0.301
4754.77596 21.063 0.453
4755.77855 20.324 0.172
4756.81316 20.590 0.235
4756.84510 20.654 0.238
4757.76495 20.297 0.238
4757.88601 20.959 0.568
4758.73594 20.266 0.170
4758.88321 20.751 0.310
4759.77074 20.474 0.159
4759.88173 20.176 0.213
4760.72796 20.452 0.159
4761.74864 20.576 0.195
4762.70151 20.725 0.237
4762.82000 20.520 0.181
4762.85174 20.546 0.169
4768.82966 20.872 0.266
4771.87199 20.281 0.285
4775.70536 20.644 0.258
4777.68690 21.101 0.306
4777.71993 21.273 0.355
4781.68327 20.529 0.205
4783.83751 20.782 0.215
4788.73515 20.880 0.313
4788.76709 20.619 0.205
4791.71255 20.486 0.141
4791.77759 20.942 0.233
4794.71687 20.581 0.194
4794.74895 20.652 0.223
4797.69831 20.579 0.198
4797.73017 20.699 0.237
4800.74153 20.719 0.180
4802.77315 20.778 0.220
4802.80496 21.035 0.265
4804.82939 20.823 0.240
4805.85218 20.349 0.154
4807.77124 20.380 0.166
4807.80724 20.868 0.248
4809.84501 20.696 0.208
4810.72919 20.409 0.152
4812.69405 21.242 0.619
4814.67835 20.717 0.262
4814.71012 20.457 0.222
4816.67515 20.617 0.228
4816.70701 21.379 0.492
4818.69733 20.564 0.183
4818.76301 20.631 0.204
4820.70416 20.638 0.174
4820.74057 20.679 0.194
4823.71776 20.212 0.146
4823.76690 20.338 0.161
4825.84045 20.570 0.258
4833.65344 20.729 0.209
4834.77663 20.786 0.270
4835.67054 21.115 0.348
4837.67662 20.736 0.306
4837.72836 20.498 0.242
4839.70517 21.306 0.425
4840.69399 20.634 0.244
4841.74149 20.294 0.167
4842.67869 20.604 0.204
4843.74071 21.228 0.508
4844.67787 20.710 0.212
4846.70666 20.581 0.251
4847.74482 20.469 0.177
4849.74177 21.985 1.098
4850.65579 20.669 0.206
4850.72470 20.880 0.259
4851.81343 20.762 0.335
4852.71874 20.560 0.221
4852.75060 20.475 0.180
4853.66993 21.158 0.428
4854.72673 20.926 0.309
4854.75762 20.454 0.191
4855.65741 20.430 0.212
4855.72614 21.262 0.498
4856.72203 20.741 0.332
4857.63346 21.125 0.367
4857.70429 21.586 0.661
4863.65834 21.345 0.543
4865.68788 20.428 0.195
4866.67143 20.603 0.219
4867.67765 20.700 0.206
4868.66951 20.288 0.160
4870.69084 20.806 0.310
4873.72160 20.874 0.375
4875.58661 20.675 0.213
4875.69339 20.528 0.216
4877.61548 20.573 0.197
4878.64221 20.965 0.245
4879.67213 20.980 0.356
4882.56145 23.763 4.163
4884.68456 21.019 0.371
4888.54030 21.209 0.379
4888.57220 20.513 0.184
4900.57193 20.262 0.215
4902.60853 20.364 0.270
4911.61787 20.723 0.251
4919.55210 20.702 0.266
4924.56625 20.853 0.256
4925.56215 20.275 0.198
4929.53351 20.415 0.350
4932.56888 21.155 0.601
4934.50967 20.970 0.349
4936.53295 21.695 0.785
4938.50091 20.504 0.283
4938.53152 20.255 0.229
4941.48869 20.628 0.294
4942.49245 20.169 0.169
4942.51750 20.158 0.189
4943.50413 20.160 0.187
4944.48600 20.943 0.395
4945.48941 20.415 0.177
4946.48788 20.006 0.180
4947.51084 20.327 0.207
4947.54577 20.148 0.177
4948.47414 20.270 0.251
4949.47260 21.381 0.475
4950.46697 21.663 1.116
4951.46480 20.619 0.380
4953.49464 19.974 0.169
4954.46984 21.896 1.339
