2166.91060 20.377 0.248
2173.83101 20.439 0.191
2192.80374 20.674 0.178
2201.81646 20.449 0.157
2212.84811 20.524 0.204
2223.85275 20.627 0.259
2226.83274 21.326 0.528
2229.64465 21.153 0.445
2230.78323 20.784 0.278
2232.80301 20.191 0.175
2234.79721 20.751 0.207
2238.76917 20.908 0.267
2241.64421 20.303 0.205
2243.70261 20.358 0.204
2248.77504 20.292 0.148
2251.73246 20.623 0.179
2253.81737 20.819 0.269
2264.79282 20.547 0.178
2269.82621 20.348 0.182
2271.77365 20.431 0.146
2274.64336 20.331 0.234
2276.75048 21.025 0.336
2278.64901 20.554 0.246
2280.64720 20.410 0.195
2282.65576 20.232 0.205
2284.64704 20.587 0.286
2289.78945 20.724 0.254
2291.79753 21.362 0.554
2293.76325 20.220 0.241
2295.78520 20.423 0.162
2297.77853 20.395 0.199
2299.81909 21.468 0.698
2301.71320 20.638 0.290
2303.70939 20.712 0.379
2327.53964 20.567 0.259
2332.57252 20.820 0.452
2333.53657 20.545 0.389
2339.52480 20.252 0.192
2347.51949 20.614 0.281
2402.51363 20.918 0.503
2542.87046 20.457 0.182
2552.82038 20.512 0.219
2556.81202 20.385 0.175
2559.86012 20.565 0.249
2564.82809 20.369 0.188
2573.82869 20.672 0.288
2578.75285 20.169 0.195
2583.78835 20.826 0.320
2589.83224 20.274 0.155
2596.72046 20.546 0.302
2605.72176 20.304 0.173
2609.71726 20.354 0.233
2614.64702 20.452 0.220
2618.70472 20.427 0.199
2620.83262 20.631 0.215
2623.80351 20.348 0.167
2627.66736 20.189 0.244
2629.69086 19.949 0.169
2631.71085 19.972 0.179
2634.73995 20.258 0.165
2635.61106 20.141 0.124
2637.81009 20.623 0.228
2639.63603 20.491 0.133
2641.70250 20.128 0.149
2643.71125 20.291 0.180
2645.69966 20.536 0.161
2647.65746 20.497 0.199
2651.61278 20.319 0.233
2653.63900 20.520 0.236
2655.75997 20.644 0.344
2657.60496 20.381 0.186
2659.62432 20.441 0.202
2661.83797 20.471 0.259
2665.85844 20.893 0.528
2668.60781 20.260 0.271
2670.61213 20.533 0.244
2672.59871 20.303 0.227
2674.62009 19.903 0.120
2676.60659 20.390 0.145
2678.67933 20.410 0.207
2680.60511 20.419 0.175
2682.65489 20.532 0.282
2686.64937 20.848 0.403
2691.59603 20.483 0.307
2695.63184 20.612 0.258
2700.58734 20.320 0.220
2713.56991 20.449 0.300
2841.91023 20.171 0.205
2885.85233 20.808 0.209
2892.88192 20.552 0.303
2897.85124 20.751 0.307
2903.89698 20.669 0.183
2906.90009 20.720 0.242
2911.77996 20.268 0.132
2916.82968 20.338 0.127
2922.81387 20.730 0.328
2926.74042 20.555 0.213
2930.81493 20.217 0.141
2933.85927 20.486 0.188
2939.86759 20.691 0.274
2942.81814 20.362 0.133
2944.86159 20.365 0.212
2946.86351 20.391 0.174
2949.80101 20.512 0.186
2952.85481 21.050 0.352
2956.69321 20.398 0.163
2958.71990 20.310 0.154
2962.73165 20.373 0.175
2965.74988 20.205 0.155
2967.84943 20.351 0.133
2970.81477 20.412 0.125
2974.75256 20.294 0.144
2976.78729 20.458 0.169
2978.76737 20.517 0.209
2980.70742 20.452 0.178
2982.67013 20.197 0.173
2984.71739 20.186 0.142
2986.80058 20.673 0.292
2988.76473 20.055 0.142
2990.63685 20.320 0.190
2992.79138 20.689 0.207
2994.63379 20.531 0.177
2995.64334 20.640 0.152
2997.65330 20.190 0.120
2999.77204 20.410 0.179
3001.74408 20.657 0.205
3003.71731 20.536 0.177
3005.70806 20.504 0.213
3007.72251 20.370 0.159
3009.72062 20.801 0.237
3011.68993 20.226 0.188
3013.69313 20.702 0.249
3017.70355 20.438 0.195
3019.63117 20.803 0.274
3021.75032 20.274 0.136
3023.61228 20.566 0.150
3024.81329 20.542 0.188
3026.80959 20.133 0.099
3031.68357 20.441 0.141
3033.74754 20.371 0.128
3035.75490 20.540 0.167
3038.73228 20.524 0.227
3041.60046 20.463 0.287
3043.63586 20.668 0.340
3045.66960 20.888 0.316
3047.62361 20.426 0.198
3049.62924 20.298 0.103
3051.59652 20.269 0.154
3053.59166 20.639 0.220
3055.59077 20.340 0.175
3057.61563 20.188 0.146
3060.63814 20.535 0.198
3067.70102 20.335 0.182
3070.54787 20.214 0.227
3073.61619 20.441 0.275
3075.66377 20.233 0.232
3078.58390 20.424 0.204
3082.57325 20.362 0.182
3084.65020 20.275 0.145
3087.61326 20.822 0.229
3090.57657 21.068 0.416
3099.52043 20.731 0.300
3102.54353 20.231 0.192
3105.57587 20.549 0.221
3108.55436 20.327 0.162
3112.52573 20.501 0.216
3116.51297 20.308 0.195
3126.51874 20.313 0.225
3146.48133 20.265 0.242
3241.90622 20.255 0.169
3257.90828 20.499 0.169
3263.89235 20.182 0.103
3268.90795 20.104 0.200
3273.88316 20.481 0.207
3277.87237 20.595 0.241
3281.86243 20.676 0.178
3287.72400 20.240 0.142
3289.87618 20.251 0.140
3294.87162 20.075 0.108
3296.87938 20.416 0.166
3299.73518 21.146 0.285
3301.73030 20.087 0.161
3304.79297 20.176 0.170
3306.87399 20.304 0.191
3309.70331 20.489 0.175
3311.70107 20.194 0.140
3320.74382 20.535 0.174
3327.71285 20.256 0.133
3329.86346 20.359 0.208
3334.76943 20.456 0.302
3338.81952 20.370 0.159
3350.65135 20.410 0.129
3358.70500 20.398 0.124
3361.81043 20.306 0.134
3363.76025 20.288 0.162
3367.71890 20.234 0.252
3372.73246 20.420 0.125
3378.64520 20.087 0.137
3382.62337 20.601 0.365
3383.77455 20.260 0.105
3387.63151 20.614 0.266
3391.71277 20.348 0.187
3395.70421 20.865 0.352
3399.68029 19.980 0.127
3402.69715 20.318 0.141
3404.62772 20.315 0.161
3408.57838 20.282 0.127
3412.62368 20.239 0.175
3416.61416 20.092 0.113
3424.61020 20.826 0.300
3431.51649 20.126 0.123
3437.52292 20.370 0.165
3445.52765 20.436 0.204
3453.54940 20.735 0.308
3462.52473 20.599 0.236
3582.93140 19.961 0.138
3589.93811 20.576 0.232
3629.86308 20.132 0.157
3634.82841 20.388 0.170
3639.88132 20.113 0.109
3641.87224 20.121 0.129
3650.86755 20.534 0.165
3653.89541 20.308 0.375
3657.84863 20.461 0.137
3661.83250 20.636 0.271
3666.82867 20.635 0.348
3671.86148 20.189 0.133
3675.84405 20.447 0.144
3683.86515 19.889 0.134
3687.75790 20.425 0.133
3689.85832 20.209 0.142
3692.78216 20.298 0.175
3694.79707 19.961 0.107
3696.73956 20.854 0.212
3699.74216 20.388 0.120
3701.79512 20.189 0.123
3704.70217 20.406 0.149
3706.83096 20.493 0.171
3711.70461 20.692 0.195
3713.71834 20.827 0.203
3716.81748 20.578 0.169
3719.79840 20.418 0.256
3721.75815 20.573 0.203
3725.79008 20.793 0.286
3727.76487 21.585 0.507
3730.66024 20.560 0.136
3732.68468 20.459 0.149
3734.78268 20.554 0.166
3736.79908 20.287 0.138
3737.68766 20.287 0.130
3739.78666 20.325 0.127
3742.60973 20.592 0.224
3745.72244 20.603 0.221
3747.75075 20.917 0.518
3749.63352 20.175 0.225
3751.73771 20.306 0.162
3753.60931 20.368 0.183
3755.64682 20.534 0.259
3757.68031 20.410 0.179
3759.74501 20.742 0.177
3762.73230 20.527 0.234
3765.75084 20.836 0.177
3770.59240 20.672 0.213
3773.59976 20.417 0.173
3776.59884 20.436 0.194
3779.58883 20.110 0.174
3782.63857 20.453 0.173
3787.56437 20.554 0.183
3791.61070 21.045 0.320
3799.53520 19.897 0.196
3808.54598 20.334 0.200
3821.51333 20.551 0.175
3945.93808 20.834 0.219
3963.93399 20.090 0.198
3969.86442 20.305 0.177
3975.91443 20.319 0.171
3981.84366 20.886 0.348
3995.89404 20.620 0.258
4001.84707 20.951 0.329
4005.82488 20.353 0.124
4007.82891 20.225 0.140
4011.82907 20.457 0.205
4018.82057 20.936 0.258
4023.85269 20.757 0.244
4026.75903 20.723 0.179
4029.70237 20.548 0.312
4031.78293 20.740 0.205
4038.69211 20.718 0.198
4040.85892 20.178 0.167
4042.87470 20.311 0.241
4046.74964 20.568 0.249
4048.83911 20.882 0.369
4052.68130 20.487 0.137
4054.65438 20.712 0.386
4056.72584 20.841 0.317
4058.66389 20.474 0.208
4063.65789 21.066 0.285
4066.65568 20.454 0.158
4069.72130 20.092 0.159
4071.64992 20.672 0.273
4076.72217 20.406 0.191
4079.73490 21.005 0.369
4083.65177 19.996 0.145
4085.71710 20.486 0.283
4092.83443 20.343 0.146
4112.70599 20.927 0.191
4117.69483 19.971 0.137
4121.67086 20.452 0.234
4124.75372 20.429 0.150
4129.77101 20.325 0.174
4142.62538 20.588 0.249
4150.63320 20.674 0.188
4155.52719 20.506 0.178
4159.52108 20.482 0.286
4160.54689 20.552 0.242
4163.51053 20.642 0.292
4164.51040 21.149 0.516
4165.56123 20.294 0.196
4166.55607 20.496 0.270
4168.55848 20.704 0.195
4170.55921 20.365 0.166
4174.54151 20.463 0.227
4178.50590 20.077 0.175
4184.49782 20.432 0.291
4192.52460 20.387 0.286
4196.50564 20.568 0.259
4198.48050 20.068 0.179
4203.47927 20.442 0.341
4341.88163 20.049 0.152
4347.83155 20.582 0.228
4351.87743 20.052 0.149
4357.88939 20.530 0.286
4363.81395 20.282 0.212
4366.86457 20.595 0.224
4370.78158 21.829 1.189
4372.80798 20.783 0.267
4380.79033 20.281 0.154
4386.76591 20.443 0.179
4393.77680 20.443 0.184
4398.85304 20.758 0.231
4403.85943 20.861 0.427
4411.78837 20.571 0.186
4411.85006 20.472 0.183
4418.73919 20.423 0.132
4422.83579 20.282 0.129
4429.77830 20.427 0.365
4432.70390 20.400 0.177
4436.74331 20.467 0.182
4439.80899 20.588 0.321
4443.67871 20.362 0.278
4448.83272 20.305 0.162
4451.67287 20.857 0.303
4455.67170 20.375 0.202
4457.72723 20.427 0.266
4460.75731 20.612 0.367
4464.71996 20.396 0.148
4467.71250 20.414 0.130
4471.75875 20.558 0.250
4476.68127 20.698 0.187
4480.68110 20.817 0.213
4484.76012 20.554 0.302
4488.68266 20.570 0.298
4493.68482 20.729 0.333
4498.66255 20.195 0.137
4501.65560 20.491 0.221
4506.59372 21.124 0.446
4508.60374 21.270 0.398
4510.68352 20.748 0.269
4516.63326 21.883 1.160
4519.70485 20.564 0.287
4524.58900 21.181 0.450
4530.61316 20.057 0.146
4532.64142 20.148 0.144
4537.60308 20.639 0.241
4540.65427 20.612 0.303
4544.60831 20.763 0.414
4547.55089 19.828 0.136
4556.56655 20.696 0.270
4561.54403 20.557 0.246
4568.49872 20.354 0.194
4575.52166 20.230 0.207
4592.51896 21.249 0.668
4600.50252 20.841 0.435
4682.92627 20.618 0.237
4691.93456 20.582 0.307
4719.86241 20.222 0.163
4724.80859 20.277 0.184
4727.90347 20.876 0.411
4733.90543 20.201 0.249
4747.88705 20.559 0.265
4752.84624 20.665 0.253
4756.85547 20.494 0.195
4760.73839 20.721 0.203
4762.86210 20.451 0.166
4768.84004 20.711 0.245
4772.68201 20.161 0.159
4775.71571 21.058 0.444
4777.73030 20.237 0.169
4781.69361 20.542 0.191
4783.84785 19.991 0.127
4788.77744 20.270 0.148
4791.78793 20.776 0.194
4794.75933 20.095 0.125
4797.74049 20.623 0.244
4800.70195 20.460 0.167
4802.81530 20.419 0.146
4804.83971 20.415 0.219
4805.86250 20.885 0.531
4807.81753 20.617 0.198
4809.85534 20.543 0.233
4812.70438 20.440 0.296
4814.72041 20.336 0.208
4816.71733 20.535 0.212
4818.77330 20.294 0.154
4820.75086 20.523 0.175
4823.77719 20.752 0.228
4825.85080 20.648 0.245
4833.66373 20.340 0.134
4835.68091 21.133 0.350
4837.73870 20.242 0.200
4840.70433 20.519 0.238
4842.68900 20.394 0.174
4844.68823 20.386 0.182
4847.75516 20.819 0.283
4849.75212 20.007 0.195
4852.76095 20.264 0.209
4854.73718 20.470 0.192
4856.73238 20.711 0.333
4865.69826 20.779 0.238
4867.68804 20.112 0.120
4870.70124 20.568 0.269
4873.73204 20.723 0.345
4875.70376 20.757 0.270
4877.62589 20.542 0.190
4879.68255 20.704 0.283
4884.69503 20.261 0.178
4888.58265 20.481 0.137
4902.61903 20.447 0.292
4911.62834 20.177 0.154
4919.56265 20.225 0.183
4925.57221 19.898 0.138
4929.54355 19.839 0.174
4932.57897 20.247 0.237
4936.54299 20.203 0.192
4938.54161 19.633 0.140
4942.55462 20.378 0.204
4949.52292 20.520 0.166
