2167.84574 19.936 0.136
2173.85310 20.003 0.124
2190.79086 19.886 0.116
2192.82504 19.817 0.112
2214.79237 19.810 0.141
2224.74915 19.911 0.120
2226.85328 19.790 0.157
2229.66520 19.672 0.119
2230.80394 19.863 0.124
2232.82377 19.811 0.137
2234.81821 19.803 0.094
2239.60316 19.864 0.160
2241.66469 19.787 0.130
2243.72326 19.773 0.127
2248.80370 19.624 0.075
2250.84955 19.945 0.112
2252.65492 19.923 0.130
2254.64582 19.772 0.104
2257.64974 19.900 0.106
2261.76977 19.764 0.091
2264.75892 19.858 0.090
2266.64738 20.157 0.213
2270.64348 19.559 0.089
2271.79429 19.906 0.098
2273.74415 19.959 0.141
2275.83120 20.071 0.165
2277.65284 19.950 0.101
2279.82518 19.577 0.101
2281.81203 19.957 0.112
2283.84625 19.758 0.085
2288.75237 20.013 0.127
2290.79075 19.702 0.095
2292.76729 20.030 0.177
2294.74233 19.833 0.186
2296.75272 19.739 0.164
2298.77215 19.638 0.135
2300.72515 19.611 0.124
2302.70297 20.078 0.181
2304.74731 19.921 0.202
2321.67593 19.974 0.156
2327.56249 19.768 0.134
2333.57172 20.093 0.227
2339.54816 20.021 0.202
2357.51941 19.855 0.260
2395.52044 19.973 0.222
2526.91254 20.069 0.168
2542.89090 19.799 0.115
2552.84252 19.860 0.139
2556.83406 19.925 0.135
2559.88462 19.728 0.119
2564.85053 19.947 0.144
2573.84940 19.878 0.144
2578.77372 19.785 0.149
2583.82819 19.780 0.126
2589.86137 20.180 0.163
2596.74472 19.799 0.151
2605.74771 19.971 0.123
2609.74396 19.823 0.148
2610.63255 19.876 0.159
2610.73803 19.588 0.134
2610.84445 19.928 0.197
2611.64466 19.516 0.128
2613.62585 20.069 0.217
2613.70368 19.466 0.126
2614.67385 19.709 0.153
2614.75720 19.925 0.164
2614.84881 19.780 0.126
2615.65789 19.834 0.135
2615.78000 19.983 0.139
2615.83773 19.945 0.172
2617.64659 19.814 0.168
2617.74099 19.585 0.118
2617.84945 19.908 0.170
2618.66304 19.113 0.068
2618.75661 19.778 0.130
2619.61985 19.977 0.137
2619.72661 20.032 0.124
2619.85098 19.807 0.131
2620.64977 20.362 0.201
2620.73495 19.807 0.101
2620.85168 19.943 0.144
2621.68384 19.899 0.102
2621.75947 19.849 0.114
2621.85267 19.849 0.116
2622.64975 20.153 0.193
2622.73115 19.677 0.130
2622.85203 19.743 0.111
2623.64846 20.070 0.164
2623.73653 19.775 0.116
2623.84787 20.046 0.145
2624.67905 19.739 0.118
2624.75013 19.992 0.148
2624.84494 19.958 0.155
2625.66405 19.989 0.140
2625.71593 19.741 0.111
2626.63287 19.758 0.120
2627.68857 19.885 0.173
2627.74066 19.649 0.170
2627.81453 19.788 0.160
2628.65740 19.556 0.120
2628.73450 19.867 0.174
2628.80160 19.999 0.167
2629.65317 19.798 0.157
2629.71160 19.316 0.112
2629.76148 19.597 0.120
2629.84126 19.753 0.149
2630.64100 20.157 0.218
2630.72053 19.651 0.127
2631.65248 20.173 0.203
2631.73528 19.925 0.202
2631.84459 19.780 0.180
2632.60844 19.693 0.089
2632.73521 19.882 0.110
2632.81577 19.795 0.120
2634.60724 19.874 0.107
2634.69729 19.823 0.111
2634.83106 19.614 0.128
2635.65747 19.788 0.104
2635.68541 20.093 0.136
2635.73477 19.782 0.106
2635.83774 20.039 0.155
2636.68532 19.868 0.107
2636.76570 20.050 0.176
2636.84540 19.742 0.149
2637.64737 19.854 0.123
2637.72598 19.642 0.098
2637.82907 19.769 0.099
2638.62863 19.933 0.123
2638.65648 19.765 0.112
2638.72956 19.876 0.160
2638.82904 19.611 0.132
2639.60172 19.900 0.098
2639.65661 19.784 0.082
2639.68205 19.886 0.089
2639.83809 19.720 0.095
2640.61066 20.017 0.148
2640.75266 19.955 0.143
2641.61078 19.636 0.106
2641.74718 19.824 0.130
2641.85800 19.826 0.144
2642.60891 19.959 0.122
2642.71070 19.648 0.132
2643.61583 19.765 0.093
2643.75945 19.898 0.130
2644.59846 20.096 0.170
2644.70897 19.838 0.132
2645.61325 19.764 0.589
2645.72061 19.776 0.116
2645.74959 20.060 0.157
2645.85598 19.838 0.209
2646.61837 19.649 0.108
2646.74334 19.836 0.136
2647.61833 20.101 0.173
2647.72815 19.758 0.122
2649.61551 20.110 0.141
2649.70794 19.851 0.099
2650.63569 19.924 0.120
2650.69719 19.841 0.130
2650.80702 19.951 0.140
2651.63170 19.817 0.149
2651.72748 20.167 0.177
2652.59714 19.863 0.120
2652.67609 19.841 0.169
2652.74121 20.004 0.165
2652.77365 19.901 0.132
2653.60489 19.694 0.122
2653.78178 19.896 0.161
2654.62362 19.769 0.151
2654.67605 19.769 0.151
2654.70065 19.603 0.134
2654.84126 19.952 0.135
2655.60925 19.710 0.130
2655.81278 19.768 0.135
2656.62072 19.764 0.152
2656.64960 19.784 0.151
2656.76970 19.804 0.197
2656.86699 19.862 0.185
2657.62310 19.825 0.136
2657.86347 20.017 0.279
2658.58464 19.977 0.207
2658.61199 19.451 0.147
2658.68416 19.838 0.170
2658.76520 20.140 0.305
2659.64265 19.958 0.147
2659.77783 19.607 0.207
2660.59735 20.100 0.180
2660.62945 20.078 0.156
2660.74688 19.601 0.114
2661.60242 20.034 0.112
2661.65621 19.752 0.095
2661.85537 19.528 0.111
2662.61226 19.819 0.131
2662.64112 19.984 0.163
2662.77674 19.959 0.181
2663.65571 19.818 0.132
2664.61984 19.953 0.161
2664.70343 19.878 0.198
2665.68631 20.047 0.140
2665.82329 19.946 0.163
2666.64553 19.719 0.107
2666.68327 19.981 0.111
2666.76334 19.939 0.111
2667.68051 19.850 0.135
2667.84120 20.484 0.357
2668.66680 19.820 0.165
2668.75486 19.807 0.126
2670.63291 19.800 0.135
2671.69045 20.153 0.202
2672.66757 19.689 0.196
2672.74220 20.013 0.155
2674.64057 19.996 0.141
2674.67248 19.667 0.107
2674.79456 19.875 0.140
2675.65119 20.009 0.148
2675.75802 20.042 0.141
2676.62716 19.807 0.132
2676.65728 20.458 0.281
2676.73803 20.128 0.185
2677.65794 20.273 0.262
2677.71667 19.748 0.126
2678.63103 20.362 0.222
2678.71484 20.136 0.198
2678.76271 19.668 0.114
2679.65151 19.969 0.177
2679.78743 20.208 0.270
2680.62551 19.451 0.116
2680.77345 19.914 0.119
2681.61176 20.195 0.226
2681.72328 19.902 0.160
2682.58918 19.581 0.118
2683.62429 20.147 0.240
2687.54937 19.717 0.165
2696.54251 19.632 0.137
2701.52466 20.342 0.266
2707.52211 19.778 0.149
2714.52102 20.721 0.450
2840.91018 19.572 0.115
2867.92234 19.803 0.135
2888.92133 19.909 0.197
2894.85165 19.803 0.116
2899.85322 19.742 0.099
2905.84221 19.758 0.145
2908.90525 19.551 0.143
2911.80152 19.794 0.102
2916.85176 19.838 0.095
2922.83557 19.950 0.159
2926.77463 20.046 0.131
2930.83672 19.996 0.128
2934.73852 19.838 0.119
2940.71861 20.041 0.123
2942.84006 19.985 0.115
2947.73256 19.611 0.131
2949.82274 19.810 0.108
2953.68946 19.574 0.107
2956.71527 19.717 0.094
2958.74155 19.956 0.153
2962.75343 20.085 0.130
2965.77282 19.969 0.097
2968.71638 19.785 0.097
2973.85644 19.926 0.141
2975.84561 20.339 0.192
2976.84087 20.228 0.181
2978.86049 19.941 0.230
2982.69256 19.852 0.118
2984.74014 19.808 0.104
2986.82271 19.810 0.136
2988.79315 19.888 0.106
2989.81048 19.476 0.089
2991.64362 19.932 0.132
2993.63105 20.088 0.120
2995.73185 19.969 0.107
2997.70963 19.828 0.116
2999.73225 19.947 0.124
3001.76851 19.981 0.115
3003.73915 19.945 0.108
3005.64443 19.850 0.151
3007.67749 19.817 0.131
3009.74381 19.988 0.144
3011.71950 19.861 0.156
3013.72395 19.767 0.115
3017.72544 19.925 0.132
3019.65340 19.833 0.135
3021.77219 19.879 0.104
3023.63397 19.572 0.071
3024.83507 19.999 0.126
3026.83178 19.879 0.078
3029.63611 19.741 0.089
3031.70609 19.762 0.094
3033.76960 19.811 0.086
3035.77665 19.956 0.107
3038.75414 19.866 0.139
3042.66870 19.856 0.141
3044.60264 20.143 0.197
3045.69160 20.066 0.174
3047.64530 20.079 0.165
3049.65103 19.922 0.083
3051.61921 19.974 0.143
3055.61273 20.179 0.173
3057.63816 19.807 0.107
3059.58205 19.771 0.094
3061.57507 19.795 0.152
3068.51642 19.836 0.143
3070.58507 19.928 0.203
3073.58586 19.921 0.185
3075.68581 19.807 0.165
3078.61780 20.174 0.177
3082.59532 19.608 0.090
3084.67238 19.963 0.130
3087.63508 19.805 0.137
3090.59846 19.818 0.132
3096.51619 20.628 0.403
3099.58649 19.624 0.145
3102.56524 19.762 0.148
3105.59803 19.683 0.135
3108.57595 19.991 0.147
3112.55325 19.755 0.135
3116.53462 19.671 0.115
3127.50202 19.637 0.089
3140.49129 19.749 0.163
3223.89087 19.864 0.149
3241.87707 20.141 0.176
3248.84050 19.893 0.160
3257.86832 19.650 0.094
3263.91431 19.841 0.172
3270.85731 20.274 0.168
3277.84134 19.955 0.131
3281.88508 19.845 0.087
3287.74615 19.647 0.077
3295.69838 19.664 0.079
3297.69691 19.713 0.083
3299.76141 19.807 0.069
3301.75888 19.813 0.124
3304.81916 19.742 0.103
3307.68964 19.952 0.185
3309.72502 19.787 0.098
3311.72289 19.717 0.089
3320.76566 20.232 0.131
3323.70049 19.758 0.111
3327.73724 19.420 0.066
3330.69610 19.633 0.114
3334.79528 20.473 0.263
3338.84177 19.687 0.094
3340.85688 19.329 0.091
3350.67532 19.649 0.069
3354.72295 19.854 0.104
3358.80332 20.045 0.099
3361.83549 20.058 0.114
3365.73788 19.900 0.119
3372.75422 19.956 0.095
3378.66691 19.720 0.098
3387.65350 20.487 0.264
3391.73465 19.641 0.106
3394.74618 20.097 0.152
3396.62618 19.909 0.128
3399.70344 19.636 0.107
3403.69073 19.777 0.118
3408.60013 19.993 0.116
3417.57276 20.246 0.182
3425.58101 19.348 0.114
3431.56321 19.808 0.106
3445.54986 19.808 0.110
3455.50659 20.177 0.239
3460.49818 19.561 0.086
3477.49288 19.787 0.137
3583.93502 19.567 0.124
3593.93327 19.800 0.161
3601.87021 20.006 0.149
3618.90424 19.755 0.091
3629.88551 19.823 0.118
3634.85205 19.705 0.098
3639.84540 19.743 0.074
3644.80017 19.850 0.090
3650.88901 19.770 0.102
3654.79060 19.787 0.089
3657.87049 19.904 0.106
3660.80493 19.829 0.152
3664.84004 19.951 0.090
3668.79795 19.476 0.097
3672.78617 19.811 0.106
3675.86583 19.801 0.085
3684.77397 19.600 0.066
3687.77961 19.572 0.082
3690.69948 19.619 0.108
3693.73343 19.661 0.089
3695.75496 19.663 0.090
3698.74775 19.699 0.116
3700.77654 19.952 0.114
3702.86420 19.913 0.152
3705.77098 19.785 0.085
3708.72957 19.560 0.102
3712.71641 19.822 0.098
3714.72680 20.129 0.126
3717.64285 19.954 0.106
3719.82007 19.870 0.145
3725.81394 19.661 0.120
3727.78641 19.978 0.127
3730.68175 19.901 0.086
3732.70650 19.897 0.082
3734.80454 20.017 0.111
3736.82082 19.856 0.106
3737.70918 20.187 0.122
3739.80828 19.684 0.081
3742.69418 19.952 0.173
3745.76986 19.854 0.108
3747.77254 19.842 0.181
3749.66424 19.822 0.160
3750.74920 19.902 0.152
3752.75991 20.072 0.169
3754.77766 20.228 0.163
3756.60118 19.882 0.102
3758.77406 19.749 0.152
3761.78647 19.970 0.102
3764.74093 20.085 0.122
3767.60073 19.791 0.110
3770.61844 20.055 0.128
3773.62129 19.914 0.145
3776.62071 19.961 0.126
3779.61027 20.369 0.250
3782.66098 20.186 0.137
3787.58599 19.880 0.104
3792.53776 19.841 0.135
3800.51518 19.809 0.128
3809.52701 19.737 0.159
3822.51281 19.648 0.124
3934.93127 20.126 0.152
3935.92565 19.976 0.106
3936.93045 19.921 0.132
3937.93196 19.795 0.127
3944.92896 20.349 0.217
3945.94201 20.006 0.140
3946.90928 19.951 0.168
3950.93384 19.748 0.090
3959.90160 19.818 0.132
3960.90392 19.939 0.111
3961.91566 19.615 0.115
3963.93785 20.066 0.271
3964.86596 19.764 0.077
3964.90226 20.001 0.090
3965.89471 19.817 0.083
3967.90772 19.831 0.089
3968.89813 20.119 0.157
3969.83274 19.899 0.136
3969.89007 19.888 0.118
3970.85716 20.055 0.112
3975.84244 19.656 0.102
3979.91885 19.527 0.098
3980.91352 19.850 0.106
3981.86482 19.851 0.124
3982.80795 19.992 0.144
3983.91517 19.790 0.095
3986.84673 19.842 0.131
3987.80478 19.751 0.108
3988.86234 20.065 0.143
3989.89186 19.638 0.098
3999.80001 20.040 0.123
4001.86850 20.042 0.101
4005.84614 19.650 0.071
4007.85035 19.979 0.115
4011.85061 19.854 0.116
4011.88644 19.466 0.086
4018.84215 19.936 0.103
4023.87428 20.184 0.160
4026.78279 20.003 0.087
4029.72403 19.494 0.116
4031.80436 19.843 0.090
4038.71342 20.118 0.131
4041.67461 19.991 0.147
4043.67892 19.867 0.156
4046.77108 20.255 0.203
4048.86059 20.381 0.252
4052.70353 19.608 0.069
4054.69044 20.088 0.155
4056.74751 19.605 0.102
4058.78063 19.973 0.089
4063.67937 19.788 0.087
4066.73666 19.774 0.097
4070.66655 19.660 0.091
4073.82602 20.225 0.186
4076.79412 19.888 0.159
4078.85801 20.312 0.299
4079.75648 19.966 0.141
4083.67324 20.052 0.178
4085.73875 19.802 0.108
4092.85720 19.574 0.090
4102.83376 19.827 0.132
4105.69268 19.680 0.095
4109.76585 19.989 0.098
4113.72158 19.886 0.085
4120.75195 19.723 0.099
4122.70841 20.164 0.107
4125.75964 19.781 0.111
4131.61298 19.904 0.095
4142.64965 19.966 0.177
4156.53631 20.144 0.156
4166.57758 19.724 0.149
4196.52708 19.725 0.167
4341.90293 19.879 0.149
4347.85284 20.105 0.159
4357.91067 19.615 0.169
4362.81273 20.076 0.227
4365.83139 19.793 0.207
4369.81303 19.797 0.159
4371.85933 19.944 0.122
4377.79513 19.961 0.165
4380.81165 19.772 0.130
4386.78729 19.748 0.124
4390.74922 19.792 0.130
4393.86331 19.768 0.127
4398.87461 19.820 0.155
4404.72143 19.983 0.178
4412.86203 19.562 0.140
4418.79420 19.881 0.104
4422.86029 19.958 0.157
4426.73859 19.645 0.143
4429.84458 20.172 0.267
4432.72543 19.885 0.115
4436.76481 19.842 0.123
4439.83038 19.878 0.172
4443.69661 19.894 0.172
4449.68137 19.785 0.099
4451.69091 20.043 0.169
4454.70742 19.801 0.110
4455.68969 19.778 0.144
4458.74814 19.874 0.124
4461.66498 20.028 0.141
4465.74814 19.665 0.090
4468.71669 19.996 0.110
4473.68952 19.676 0.097
4477.74767 19.654 0.123
4481.68528 19.791 0.111
4485.73334 19.680 0.135
4489.71681 19.863 0.201
4493.70662 19.960 0.177
4498.68295 19.987 0.155
4501.68031 20.075 0.159
4506.61426 19.471 0.099
4508.63146 19.934 0.136
4510.70487 19.794 0.126
4521.61499 20.174 0.217
4523.63079 20.491 0.242
4525.55022 19.812 0.112
4531.57225 20.065 0.147
4533.57462 19.592 0.108
4537.62465 19.883 0.144
4539.54364 19.839 0.155
4541.59590 19.574 0.144
4545.51630 20.276 0.210
4549.59984 20.675 0.392
4560.54249 19.601 0.119
4567.58810 19.717 0.144
4571.53298 19.954 0.177
4610.48154 19.641 0.168
4683.90539 20.027 0.145
4694.92383 19.725 0.190
4697.86208 19.758 0.213
4707.91279 20.124 0.156
4720.77805 19.800 0.139
4724.83131 19.907 0.144
4728.81879 20.354 0.221
4733.82851 19.875 0.115
4743.89722 19.854 0.181
4748.83449 19.843 0.099
4752.86754 19.593 0.124
4756.87685 19.837 0.118
4760.75994 19.704 0.093
4763.81873 19.983 0.176
4768.86141 19.657 0.115
4772.70774 19.942 0.159
4775.73706 19.760 0.137
4777.75183 19.954 0.155
4781.74834 19.901 0.136
4784.70193 19.702 0.185
4788.79890 20.035 0.128
4791.80935 19.888 0.101
4794.78086 19.903 0.114
4797.80010 19.850 0.130
4800.77695 19.786 0.111
4802.84393 19.702 0.132
4805.67039 19.584 0.089
4806.85727 19.813 0.160
4807.72448 19.864 0.115
4809.70506 19.648 0.097
4811.70141 19.831 0.184
4813.72317 19.726 0.136
4814.74199 19.924 0.151
4816.73891 20.411 0.251
4818.73804 19.847 0.107
4820.65744 19.847 0.093
4820.79768 19.684 0.101
4822.69398 19.934 0.128
4824.68281 20.184 0.147
4833.68515 20.015 0.114
4835.73754 20.075 0.151
4838.74215 19.927 0.123
4840.72643 19.800 0.130
4842.71041 19.922 0.124
4844.70962 19.702 0.115
4847.77659 20.029 0.152
4850.76969 19.977 0.143
4853.74617 19.727 0.112
4855.76162 19.760 0.145
4857.73976 19.909 0.137
4863.70104 19.651 0.140
4865.60128 19.954 0.134
4868.70484 20.098 0.155
4869.65013 19.613 0.110
4872.67935 20.171 0.271
4874.57252 19.927 0.139
4876.59616 20.224 0.156
4878.62105 19.987 0.106
4882.69414 19.635 0.098
4885.55233 19.692 0.102
4888.61955 20.139 0.126
4900.62336 20.422 0.272
4905.58852 20.250 0.295
4908.54712 19.879 0.134
4916.56348 19.470 0.101
4920.59381 19.846 0.110
4926.54993 19.593 0.132
4930.54652 19.525 0.126
4934.54336 19.756 0.137
4937.53508 20.004 0.147
4940.55108 19.734 0.104
4946.54468 19.785 0.131
4951.52447 19.887 0.193
