2165.90415 21.188 0.521
2166.82277 20.745 0.269
2172.87154 20.502 0.196
2189.82881 20.863 0.355
2191.86319 20.650 0.190
2200.86447 20.470 0.200
2212.77842 20.600 0.227
2217.76336 20.522 0.297
2223.78362 20.378 0.172
2226.75847 21.327 0.555
2228.80200 20.584 0.280
2230.71512 20.310 0.193
2232.73563 20.478 0.176
2234.72938 20.410 0.199
2238.68024 20.550 0.228
2240.80917 20.930 0.459
2242.81495 20.650 0.372
2244.86160 21.145 0.740
2249.74818 20.906 0.242
2251.78068 20.813 0.237
2253.73570 20.885 0.224
2255.85086 20.652 0.300
2258.65777 20.632 0.194
2261.64340 20.497 0.206
2265.68555 20.758 0.283
2271.65852 20.739 0.245
2273.65423 20.588 0.269
2275.76449 21.167 0.451
2277.75926 20.867 0.254
2279.76436 20.959 0.279
2281.77824 20.901 0.252
2283.78136 20.477 0.163
2289.71049 20.951 0.287
2291.71793 20.669 0.316
2293.69005 20.558 0.241
2295.71680 20.470 0.159
2297.70766 20.516 0.235
2299.73006 20.544 0.203
2302.57730 20.666 0.254
2304.71333 20.922 0.480
2317.62681 20.382 0.166
2323.52772 20.433 0.221
2326.54531 20.581 0.235
2338.51298 20.442 0.265
2344.50577 20.505 0.237
2354.50754 20.944 0.542
2368.49157 20.794 0.479
2401.49349 20.180 0.207
2520.90245 20.737 0.313
2521.88177 20.763 0.251
2537.83516 21.161 0.686
2539.81052 20.567 0.271
2542.80293 20.590 0.209
2545.78459 21.028 0.440
2551.84877 20.615 0.202
2555.87281 20.296 0.183
2559.78172 20.861 0.309
2563.83193 20.329 0.199
2573.76117 20.593 0.280
2577.82211 20.663 0.251
2580.85153 20.450 0.161
2589.75806 20.389 0.186
2599.81861 20.741 0.266
2609.63109 20.471 0.304
2617.78732 20.963 0.465
2620.75539 20.822 0.206
2623.69972 20.982 0.341
2627.59591 21.656 0.945
2629.62103 20.800 0.344
2637.69119 20.749 0.247
2639.80597 20.420 0.128
2641.62862 20.772 0.225
2643.63966 20.682 0.180
2645.63236 20.545 0.197
2646.65980 20.343 0.178
2650.71584 20.661 0.241
2652.70628 20.121 0.158
2654.81084 20.797 0.304
2657.72538 20.685 0.271
2659.69434 20.797 0.258
2661.79406 20.632 0.259
2665.76401 21.195 0.356
2667.78416 20.268 0.185
2671.70973 20.440 0.252
2673.67229 20.555 0.261
2675.70012 20.518 0.173
2677.73476 20.304 0.199
2679.72548 20.783 0.269
2681.74173 20.889 0.344
2686.55041 21.082 0.603
2690.62867 20.318 0.210
2695.55924 20.485 0.217
2700.51026 20.714 0.387
2705.58216 20.405 0.148
2712.54460 20.487 0.248
2734.49426 20.368 0.254
2869.87583 20.897 0.400
2883.92552 20.695 0.349
2890.80542 20.587 0.342
2895.84116 20.373 0.194
2900.79679 20.694 0.244
2906.82778 20.640 0.207
2910.86124 20.543 0.152
2915.85746 20.534 0.155
2921.85971 20.570 0.231
2925.80526 20.789 0.249
2925.83583 20.631 0.210
2929.84019 20.370 0.183
2933.78681 20.684 0.206
2939.79533 20.392 0.213
2942.77077 20.658 0.197
2946.79118 21.085 0.373
2948.83630 20.706 0.200
2952.77557 20.737 0.286
2955.83260 20.978 0.492
2957.76017 20.225 0.182
2961.74350 20.381 0.162
2963.80173 20.374 0.213
2966.74115 20.635 0.151
2970.66773 20.474 0.159
2974.66986 21.583 0.510
2975.79504 20.616 0.196
2979.83149 20.521 0.202
2981.83873 21.294 0.892
2983.73953 20.945 0.326
2986.72200 20.536 0.203
2988.68888 20.503 0.172
2990.70940 20.716 0.207
2992.71035 20.456 0.175
2994.80109 20.883 0.213
2996.67660 20.701 0.189
2998.65987 20.500 0.194
3000.67669 20.453 0.196
3002.66389 20.690 0.224
3004.66368 20.819 0.216
3006.60936 20.617 0.159
3010.68392 20.195 0.189
3012.77934 20.639 0.356
3016.69805 21.266 0.409
3018.68793 20.435 0.192
3020.76326 20.527 0.248
3022.78969 20.657 0.221
3024.73830 20.727 0.211
3026.70735 20.712 0.190
3028.74310 20.546 0.127
3030.74811 21.397 0.517
3033.67005 20.703 0.147
3035.67622 21.231 0.368
3038.65989 22.344 1.406
3041.55703 21.031 0.414
3043.58682 21.065 0.416
3045.62584 20.573 0.207
3047.58003 20.781 0.282
3049.58572 20.834 0.214
3050.55635 20.546 0.148
3052.55064 20.326 0.162
3054.55228 20.751 0.206
3056.55142 20.767 0.202
3058.54446 20.592 0.225
3060.56558 20.616 0.200
3067.60095 20.636 0.225
3069.58579 20.984 0.290
3072.63390 20.241 0.217
3075.58847 20.256 0.154
3077.67224 20.453 0.187
3081.66326 20.791 0.247
3084.57546 20.582 0.169
3087.53638 20.475 0.202
3089.63907 20.197 0.147
3092.57784 20.717 0.402
3098.58078 20.578 0.241
3101.54108 21.003 0.437
3104.51252 20.617 0.251
3107.48845 20.435 0.296
3110.52086 20.979 0.441
3113.50449 20.608 0.334
3125.50195 20.313 0.231
3135.46785 20.130 0.204
3229.88199 20.593 0.187
3239.89592 20.637 0.227
3247.86684 20.402 0.172
3256.83828 20.621 0.249
3262.91397 20.564 0.310
3268.83571 20.281 0.127
3273.79458 20.828 0.362
3276.88009 20.730 0.282
3281.79028 20.468 0.148
3283.89007 21.181 0.347
3289.80399 19.832 0.096
3296.80735 20.165 0.100
3298.83790 19.945 0.103
3301.65822 21.191 0.485
3303.80967 20.304 0.207
3306.80206 20.568 0.210
3308.81885 20.598 0.244
3310.85121 20.991 0.272
3314.81872 20.346 0.186
3321.69752 20.228 0.121
3325.75541 20.107 0.118
3329.79065 20.702 0.140
3334.68677 20.685 0.275
3338.74281 21.024 0.278
3349.71498 20.109 0.120
3352.62947 20.485 0.206
3355.65136 20.799 0.261
3359.71033 20.640 0.197
3363.68826 20.751 0.289
3369.75039 20.368 0.178
3372.66027 20.448 0.166
3377.69443 21.163 0.272
3381.80016 20.985 0.276
3386.77705 20.395 0.111
3391.56782 20.348 0.206
3395.62183 21.453 0.480
3398.67934 21.424 0.438
3400.66576 20.255 0.245
3403.65449 20.685 0.244
3406.58845 20.325 0.134
3410.60623 20.625 0.149
3415.56180 20.989 0.286
3421.56626 20.658 0.252
3428.56525 19.713 0.125
3436.55954 20.527 0.166
3443.50227 21.062 0.472
3452.52207 20.550 0.158
3574.91267 21.286 0.482
3585.93548 21.446 0.486
3588.90298 20.509 0.230
3590.90491 20.357 0.137
3614.89422 20.170 0.137
3629.78958 20.337 0.193
3634.74771 20.448 0.211
3640.74409 20.269 0.130
3644.88638 20.465 0.178
3650.79614 20.869 0.216
3653.82407 20.741 0.218
3656.88004 20.593 0.189
3661.78644 20.186 0.173
3666.78363 21.314 0.417
3671.78203 20.317 0.144
3675.79644 20.546 0.161
3683.81959 20.561 0.151
3686.86725 20.430 0.207
3689.78504 20.683 0.189
3692.70556 20.585 0.202
3694.83783 20.696 0.196
3696.65838 20.822 0.230
3699.67065 20.481 0.145
3701.72179 20.711 0.187
3704.74307 20.480 0.133
3706.74159 20.545 0.135
3711.63337 20.486 0.211
3713.64698 20.797 0.204
3716.68045 20.344 0.211
3719.65771 20.552 0.241
3725.74105 20.051 0.162
3727.68898 21.473 0.589
3730.61730 20.450 0.118
3733.60599 20.426 0.141
3734.70883 20.836 0.194
3736.72779 20.255 0.118
3738.64969 20.266 0.135
3740.68470 20.371 0.141
3743.65020 20.476 0.185
3746.72285 20.822 0.324
3748.67672 20.602 0.235
3750.56897 20.269 0.199
3752.69024 20.724 0.220
3754.67864 20.143 0.135
3758.69949 21.650 0.761
3760.78113 20.513 0.238
3762.65757 20.523 0.154
3765.64818 20.615 0.113
3769.72011 20.325 0.120
3772.68827 20.684 0.223
3775.66025 21.451 0.737
3778.65872 20.697 0.235
3781.71978 20.460 0.248
3786.54279 20.485 0.165
3791.53839 20.618 0.178
3798.53873 20.586 0.203
3805.52391 20.320 0.193
3819.50274 20.715 0.217
3937.94297 20.626 0.333
3961.89764 20.769 0.344
3968.88015 20.110 0.149
3974.86574 21.092 0.458
3981.77325 20.008 0.124
3987.89726 20.973 0.293
3995.80488 20.922 0.304
4002.80429 20.621 0.149
4004.82545 20.431 0.141
4007.75813 20.410 0.135
4011.73885 20.273 0.166
4018.77823 21.164 0.411
4023.77265 20.498 0.144
4026.68864 20.583 0.192
4028.82465 20.678 0.168
4031.71237 20.454 0.171
4037.81278 21.611 0.461
4040.78806 20.033 0.120
4042.80355 20.611 0.193
4046.67831 21.546 0.641
4048.76768 20.266 0.155
4051.75734 21.363 0.397
4053.80865 20.646 0.175
4056.62849 19.950 0.165
4059.63954 20.676 0.231
4064.66219 20.297 0.118
4067.66269 20.193 0.138
4069.65078 20.481 0.173
4072.68793 20.452 0.182
4076.75837 20.699 0.255
4079.63329 21.167 0.380
4082.65395 20.699 0.266
4084.73439 21.077 0.317
4087.65416 20.466 0.149
4093.80249 20.805 0.256
4102.60876 20.681 0.269
4104.77747 19.835 0.149
4109.63429 21.171 0.383
4113.65757 20.460 0.130
4118.56452 20.219 0.173
4120.65058 20.530 0.121
4123.72471 20.725 0.204
4124.68136 20.815 0.193
4127.63523 20.343 0.111
4132.61324 22.266 1.043
4142.54818 20.286 0.161
4150.52525 20.799 0.280
4153.59981 20.457 0.158
4165.53022 20.562 0.296
4180.52010 20.966 0.410
4341.83464 20.547 0.304
4345.89379 20.541 0.204
4350.86825 20.893 0.368
4355.87582 20.353 0.233
4361.83661 20.328 0.247
4364.84342 20.534 0.251
4367.75593 20.556 0.259
4370.79280 20.479 0.266
4376.82791 20.835 0.287
4379.83424 20.866 0.290
4383.83850 20.555 0.199
4388.77841 20.516 0.211
4392.83265 20.936 0.224
4398.78150 20.637 0.230
4403.72128 20.441 0.230
4410.84845 20.645 0.217
4417.73638 20.710 0.183
4421.71235 20.521 0.154
4421.76830 20.962 0.238
4425.73238 20.222 0.168
4429.69656 20.371 0.266
4431.83640 20.524 0.335
4435.85520 20.367 0.224
4439.70890 20.650 0.275
4442.68616 20.393 0.211
4448.73524 20.392 0.230
4450.74649 21.091 0.449
4453.72215 20.585 0.173
4456.73551 20.451 0.231
4458.68313 20.575 0.213
4461.63320 20.759 0.200
4465.65403 20.365 0.151
4468.68481 20.383 0.113
4473.62110 20.970 0.289
4477.70862 20.709 0.247
4479.73020 20.230 0.144
4483.69011 20.870 0.292
4486.68856 20.563 0.249
4490.68681 20.447 0.242
4493.75760 20.418 0.241
4498.62238 20.909 0.234
4501.61541 20.873 0.262
4503.61189 20.920 0.292
4508.55923 20.925 0.324
4510.64082 20.531 0.203
4516.52153 20.821 0.444
4520.61154 20.130 0.192
4523.59506 20.549 0.200
4530.53850 20.610 0.255
4532.51049 20.964 0.458
4535.58957 22.117 1.120
4538.61019 20.489 0.254
4540.57946 20.813 0.359
4544.54531 20.535 0.269
4546.59734 20.562 0.331
4559.52599 20.117 0.202
4566.54829 20.399 0.178
4574.50674 21.288 0.541
4591.47018 20.480 0.248
4677.94325 20.621 0.273
4681.89834 20.916 0.268
4691.86388 20.446 0.285
4704.89466 20.322 0.224
4717.85608 20.584 0.152
4722.88017 20.468 0.152
4726.82102 20.116 0.151
4730.84291 20.627 0.173
4731.79498 20.408 0.144
4733.88421 20.377 0.180
4743.84649 20.506 0.158
4747.81414 20.626 0.178
4750.88746 20.271 0.211
4756.78488 20.437 0.202
4759.83206 20.748 0.186
4762.79175 20.518 0.194
4768.76978 20.536 0.197
4771.81172 20.101 0.128
4772.68607 20.861 0.255
4772.86492 20.650 0.261
4773.71636 20.859 0.264
4773.84664 21.245 0.513
4774.79245 20.499 0.172
4776.84615 20.693 0.303
4780.77914 20.795 0.311
4783.77708 20.635 0.227
4788.70359 20.579 0.264
4791.68004 20.129 0.138
4794.64986 20.410 0.168
4797.66714 20.726 0.241
4800.71324 20.296 0.131
4802.74495 21.263 0.375
4805.71428 20.498 0.182
4807.67689 21.639 0.658
4809.66964 20.438 0.182
4812.65725 20.262 0.242
4814.64528 20.483 0.238
4816.64695 21.046 0.345
4818.66909 20.384 0.168
4820.67600 20.433 0.147
4823.67961 20.823 0.287
4825.76838 20.566 0.234
4831.65372 20.471 0.207
4831.82842 21.073 0.395
4832.78475 20.636 0.224
4833.70003 20.536 0.151
4834.74353 20.976 0.369
4836.74592 20.516 0.159
4838.69653 20.567 0.217
4841.71304 20.818 0.330
4843.71236 20.835 0.365
4844.62994 20.950 0.237
4846.67829 20.068 0.117
4847.67547 20.777 0.318
4847.79196 20.347 0.210
4848.70413 20.769 0.249
4849.66323 20.301 0.159
4850.69622 20.407 0.163
4851.68029 20.223 0.178
4851.80099 20.723 0.283
4852.69042 20.502 0.187
4853.65349 20.677 0.223
4854.69341 20.683 0.218
4855.64556 20.480 0.216
4856.68995 20.597 0.225
4859.66254 20.330 0.203
4865.70920 20.391 0.192
4867.64546 20.780 0.204
4870.63092 20.433 0.196
4873.65340 20.600 0.242
4875.61137 20.942 0.290
4877.63677 20.772 0.244
4879.56520 20.170 0.149
4882.65830 20.353 0.211
4884.59579 20.831 0.249
4887.63216 20.875 0.233
4901.63534 20.759 0.434
4908.58281 20.356 0.180
4916.52781 21.268 0.476
4920.55953 20.854 0.310
4921.51490 20.659 0.228
4924.51321 20.172 0.142
4925.51925 21.291 0.527
4926.51629 20.607 0.323
4931.55313 21.062 0.488
4935.51974 20.468 0.230
4939.52671 20.647 0.262
4943.52642 20.131 0.171
4948.50315 20.163 0.221
4953.49090 20.355 0.282
4954.48117 21.442 0.876
4955.46415 21.522 0.743
