2167.83852 20.428 0.204
2173.84588 20.574 0.161
2190.78366 20.516 0.178
2192.81843 20.422 0.157
2214.78575 20.400 0.213
2224.74253 20.086 0.119
2226.84669 20.672 0.387
2229.65861 20.321 0.187
2230.79734 20.477 0.353
2232.81719 20.689 0.248
2234.81161 20.513 0.157
2239.59656 20.620 0.291
2241.65811 20.494 0.238
2243.71669 20.798 0.273
2248.79332 20.426 0.146
2250.84219 20.310 0.155
2252.64834 20.577 0.194
2254.63927 20.481 0.181
2257.64314 20.295 0.128
2261.75749 20.579 0.176
2264.74781 20.552 0.156
2266.64079 20.468 0.218
2270.63690 20.368 0.146
2271.78770 20.340 0.149
2273.72418 20.509 0.252
2275.82461 20.999 0.375
2277.64625 20.534 0.151
2279.81860 20.311 0.158
2281.80543 20.230 0.138
2283.83965 20.417 0.149
2288.74579 20.626 0.183
2290.78416 20.346 0.182
2292.76068 20.726 0.315
2294.73572 20.654 0.386
2296.74612 20.077 0.188
2298.76553 20.106 0.162
2300.71855 19.973 0.183
2302.69635 20.439 0.232
2304.74069 20.090 0.231
2321.66874 20.137 0.153
2327.55448 20.206 0.167
2333.56449 20.593 0.321
2339.54097 19.963 0.177
2357.51217 19.855 0.228
2395.51312 20.476 0.298
2526.90528 20.434 0.153
2542.88422 20.239 0.148
2556.82690 20.582 0.189
2559.87673 20.360 0.187
2564.84336 20.234 0.165
2573.84278 20.302 0.191
2578.76713 20.312 0.196
2583.82159 20.305 0.187
2589.85295 20.740 0.236
2596.73758 20.090 0.188
2605.74060 20.123 0.129
2609.73685 20.330 0.222
2614.70304 20.456 0.215
2618.72732 20.186 0.172
2621.63489 20.583 0.194
2623.81853 20.757 0.225
2627.68200 20.422 0.274
2629.70504 20.078 0.190
2631.75738 20.391 0.289
2634.75950 20.409 0.167
2635.67882 20.526 0.164
2638.64992 20.346 0.161
2639.65003 20.281 0.110
2641.71766 20.618 0.219
2643.72634 20.264 0.172
2645.71405 20.533 0.173
2647.67185 20.065 0.140
2650.83336 20.280 0.142
2652.73463 20.082 0.162
2654.66944 20.070 0.176
2656.64237 20.369 0.194
2658.60540 20.025 0.178
2660.62282 20.555 0.207
2662.60567 20.766 0.263
2664.61320 20.516 0.201
2666.67141 20.669 0.168
2668.65631 20.653 0.351
2670.62631 20.530 0.258
2672.73559 20.597 0.233
2674.63396 20.651 0.257
2676.62053 20.253 0.135
2678.70821 20.406 0.193
2680.61888 20.428 0.212
2682.66979 20.389 0.241
2687.54233 20.299 0.312
2691.61268 22.356 1.814
2696.53545 20.159 0.189
2701.51762 21.367 0.563
2707.51500 20.054 0.165
2714.51391 20.530 0.343
2840.90300 20.166 0.202
2867.91561 20.514 0.203
2888.90948 20.617 0.194
2894.84455 20.506 0.211
2899.84616 20.725 0.232
2905.83513 20.354 0.216
2908.89618 20.407 0.157
2911.79448 20.480 0.156
2916.84468 20.450 0.155
2922.82853 20.241 0.204
2926.75595 20.334 0.166
2930.82970 20.147 0.128
2933.87411 20.381 0.175
2940.71125 20.611 0.206
2942.83304 20.372 0.134
2947.72557 20.851 0.296
2949.81574 20.471 0.163
2953.68247 20.048 0.181
2956.70829 20.463 0.185
2958.73459 20.219 0.184
2962.74643 20.311 0.142
2965.76586 20.544 0.147
2967.86531 20.308 0.223
2973.84947 20.068 0.144
2975.83863 20.303 0.155
2976.83389 20.313 0.152
2978.85350 20.746 0.271
2982.68564 20.679 0.236
2984.73315 20.471 0.192
2986.81575 20.448 0.213
2988.78034 20.314 0.141
2989.79627 20.209 0.130
2991.63668 20.230 0.139
2993.62410 20.269 0.131
2995.72372 20.270 0.118
2997.70267 20.370 0.147
2999.72487 20.582 0.181
3001.76153 20.326 0.149
3003.73219 20.471 0.152
3005.63746 20.458 0.206
3007.67052 20.749 0.274
3009.73682 20.801 0.255
3011.71255 20.103 0.156
3013.71700 21.002 0.325
3017.71843 20.336 0.150
3019.64642 20.214 0.158
3021.76519 20.558 0.160
3023.62698 20.564 0.148
3024.82812 20.588 0.251
3026.82479 20.135 0.091
3029.62915 20.484 0.140
3031.69910 20.324 0.133
3033.76261 20.379 0.122
3035.76964 20.298 0.139
3038.74712 20.388 0.192
3040.71776 20.868 0.378
3042.66167 20.187 0.162
3044.59558 20.147 0.156
3045.68456 20.914 0.331
3047.63830 20.098 0.153
3049.64400 20.317 0.120
3051.61218 20.627 0.223
3055.60565 20.532 0.213
3057.63110 20.653 0.202
3059.57499 20.524 0.148
3061.56803 20.422 0.219
3068.50936 20.906 0.372
3070.56505 20.177 0.153
3073.56576 19.931 0.158
3075.67872 20.185 0.200
3078.61072 20.284 0.167
3082.58822 20.748 0.226
3084.66526 20.356 0.164
3087.62795 20.517 0.228
3090.59135 20.179 0.183
3096.49839 21.002 0.568
3099.57936 20.825 0.388
3102.55814 20.528 0.267
3105.59085 20.597 0.253
3108.56881 20.429 0.211
3112.54610 20.153 0.152
3116.52744 20.479 0.223
3127.49485 20.386 0.156
3140.48350 21.165 0.448
3223.88372 20.281 0.203
3241.86998 20.592 0.258
3248.83340 20.236 0.210
3257.86126 20.252 0.138
3263.90724 20.254 0.128
3270.85021 20.265 0.151
3273.89822 20.359 0.189
3277.83425 20.599 0.231
3281.87803 20.432 0.135
3287.73909 20.348 0.133
3295.69138 20.704 0.160
3297.68990 20.376 0.135
3299.75440 20.128 0.102
3301.75189 20.525 0.239
3304.80782 20.045 0.144
3307.68265 20.591 0.341
3309.71804 20.346 0.148
3311.71589 20.137 0.142
3320.75868 20.410 0.139
3323.69350 20.338 0.176
3327.73026 20.431 0.152
3330.68910 20.754 0.336
3334.78836 20.597 0.283
3338.83482 20.102 0.126
3340.84990 20.327 0.181
3350.66834 20.098 0.101
3354.71475 20.473 0.152
3358.79571 20.512 0.113
3361.82852 20.852 0.215
3365.73092 20.558 0.215
3372.74722 20.310 0.140
3378.65993 20.534 0.149
3387.64650 21.835 1.005
3391.72765 20.193 0.152
3394.73921 20.681 0.236
3396.61919 20.652 0.229
3399.69641 20.153 0.146
3403.68367 20.509 0.190
3408.59310 20.198 0.123
3412.63834 20.536 0.222
3417.56579 20.526 0.189
3425.57401 20.160 0.173
3431.53570 20.397 0.161
3437.53748 21.094 0.309
3445.54284 20.546 0.196
3455.49953 20.230 0.224
3460.49108 20.857 0.271
3477.48581 20.932 0.353
3583.92791 20.560 0.188
3593.92617 20.417 0.196
3601.86312 20.344 0.186
3618.89723 20.560 0.157
3629.87849 20.507 0.176
3634.84509 20.114 0.119
3639.83840 20.619 0.152
3644.79318 21.105 0.253
3650.88205 20.159 0.111
3654.78128 20.493 0.147
3657.86353 20.306 0.121
3660.79798 19.940 0.138
3664.83306 20.428 0.138
3668.79102 20.403 0.181
3672.77924 20.041 0.118
3675.85892 20.519 0.138
3684.76703 20.568 0.138
3687.77268 20.104 0.108
3690.66314 20.361 0.312
3693.72652 20.302 0.154
3695.74806 20.748 0.195
3698.74078 20.496 0.186
3700.76964 19.999 0.101
3702.85729 20.020 0.102
3705.76406 20.141 0.095
3708.72265 20.679 0.247
3712.70954 20.184 0.124
3714.71989 20.280 0.130
3716.86152 19.779 0.231
3719.81316 20.475 0.245
3725.80704 19.998 0.142
3727.77945 20.560 0.197
3730.67486 20.384 0.111
3732.69958 20.232 0.096
3734.79763 20.402 0.145
3736.81390 20.428 0.155
3737.70225 20.415 0.135
3739.80137 20.109 0.105
3742.68723 20.375 0.183
3745.76291 20.710 0.199
3747.76560 20.729 0.361
3749.65733 20.355 0.255
3750.74229 20.429 0.190
3752.75298 20.085 0.126
3754.77072 20.057 0.136
3756.59425 20.502 0.169
3758.76712 20.056 0.171
3761.77951 20.245 0.124
3764.73394 20.336 0.151
3767.59378 20.359 0.139
3770.61149 20.226 0.130
3773.61433 20.157 0.152
3776.61374 20.579 0.199
3779.60328 21.899 0.927
3782.65401 20.772 0.227
3787.57897 20.409 0.145
3792.53070 20.485 0.206
3809.51993 20.411 0.281
3822.50574 20.950 0.448
3946.90204 20.730 0.317
3964.85887 20.597 0.159
3969.88299 20.111 0.161
3981.85775 20.044 0.155
3989.88478 20.197 0.141
3995.90848 19.936 0.185
4001.86148 20.282 0.111
4005.83915 20.264 0.113
4007.84333 20.283 0.150
4011.84360 20.315 0.152
4018.83518 20.047 0.120
4023.86732 20.306 0.158
4026.77578 20.101 0.086
4029.71705 20.930 0.403
4031.79739 20.435 0.143
4038.70650 21.032 0.280
4040.87334 20.065 0.223
4043.67199 20.732 0.345
4046.76410 20.163 0.173
4048.85362 20.959 0.398
4052.69649 20.460 0.138
4054.68349 20.329 0.190
4056.74054 19.954 0.129
4058.77286 20.277 0.108
4063.67241 19.937 0.097
4066.72969 20.313 0.131
4068.81719 20.067 0.098
4070.65963 20.248 0.142
4073.81901 20.637 0.218
4076.78716 20.575 0.217
4079.74951 20.921 0.287
4083.66634 20.684 0.271
4085.73184 20.341 0.167
4092.85030 20.494 0.166
4102.82684 20.000 0.158
4105.68573 20.650 0.201
4109.72862 19.474 0.068
4109.75885 20.553 0.149
4113.71461 20.689 0.151
4120.74503 20.473 0.165
4122.70144 20.127 0.109
4125.75267 20.208 0.141
4131.60602 20.792 0.176
4142.64261 20.254 0.181
4156.52928 20.325 0.147
4166.57052 20.547 0.271
4196.51994 20.431 0.281
4341.89587 20.374 0.220
4347.84578 20.397 0.194
4357.90716 20.690 0.341
4362.78294 20.630 0.293
4365.82442 21.294 0.632
4368.90172 19.860 0.230
4371.85232 20.508 0.186
4377.78815 20.572 0.231
4380.80466 20.438 0.174
4386.78031 20.409 0.181
4390.74231 20.332 0.165
4393.85638 20.186 0.154
4398.86766 20.555 0.182
4403.87460 20.206 0.293
4411.86614 20.330 0.187
4418.78730 20.677 0.162
4422.85337 20.314 0.148
4426.73169 20.288 0.192
4429.83767 20.121 0.224
4432.71854 20.437 0.156
4436.75791 20.501 0.188
4439.82350 20.449 0.261
4443.69322 20.013 0.170
4448.86039 20.009 0.209
4449.67795 20.338 0.140
4451.68752 20.345 0.199
4454.70403 20.543 0.188
4455.68629 20.661 0.266
4458.74473 20.382 0.177
4461.66164 20.467 0.169
4465.74475 20.549 0.163
4468.71330 20.320 0.114
4473.68262 20.190 0.113
4477.74074 20.560 0.205
4481.67832 20.557 0.182
4485.72637 20.144 0.162
4489.70988 20.304 0.248
4493.69972 20.604 0.271
4498.67637 20.565 0.181
4501.67369 20.144 0.137
4506.60763 20.843 0.271
4508.61762 20.261 0.142
4510.69790 20.656 0.233
4521.60798 20.218 0.181
4523.62383 20.526 0.195
4525.54322 20.950 0.285
4531.56525 20.415 0.167
4533.56762 20.237 0.184
4537.61763 20.048 0.133
4539.53661 20.208 0.172
4541.58887 20.534 0.269
4543.64971 20.040 0.206
4545.50801 20.669 0.241
4549.59281 20.091 0.172
4560.53542 20.539 0.224
4567.58455 20.265 0.190
4571.52938 20.336 0.196
4581.50631 20.142 0.174
4610.47439 20.400 0.292
4683.89829 20.259 0.153
4694.91675 20.112 0.183
4697.85493 20.839 0.386
4707.90572 20.348 0.153
4720.77101 20.438 0.210
4724.82429 20.552 0.230
4728.81178 20.427 0.190
4733.82150 20.294 0.153
4743.89018 20.769 0.242
4748.82752 20.180 0.114
4752.86057 20.373 0.169
4756.86989 20.315 0.169
4760.75300 20.436 0.157
4761.74103 20.336 0.144
4762.68976 20.361 0.184
4762.87644 20.381 0.192
4768.85446 20.606 0.203
4772.70079 20.905 0.310
4775.73015 21.165 0.441
4777.74493 20.209 0.146
4781.74137 20.515 0.210
4784.69497 20.557 0.380
4788.79197 20.268 0.152
4791.80248 20.652 0.176
4794.77397 20.244 0.157
4797.79317 20.525 0.180
4800.77004 20.513 0.136
4802.83705 20.419 0.152
4804.85429 20.900 0.290
4806.85042 20.569 0.202
4809.69816 20.050 0.149
4811.69447 20.328 0.269
4813.71625 19.853 0.180
4814.73509 20.248 0.181
4816.73196 19.908 0.139
4818.73117 20.548 0.156
4819.71722 20.315 0.112
4820.65054 20.501 0.135
4820.79079 20.370 0.139
4821.73277 20.173 0.095
4821.83444 20.189 0.113
4822.68705 20.447 0.156
4822.78764 20.354 0.114
4823.74900 20.140 0.107
4823.81069 20.720 0.177
4824.67594 20.486 0.156
4825.65827 20.355 0.131
4826.68031 20.264 0.135
4833.67825 20.385 0.140
4835.73064 20.574 0.201
4838.73524 20.437 0.169
4840.71946 20.534 0.204
4842.70346 20.153 0.152
4844.70271 20.265 0.163
4847.76969 20.593 0.224
4850.76278 20.944 0.319
4853.73926 20.632 0.223
4855.75471 20.743 0.292
4857.73282 20.192 0.168
4863.69412 20.174 0.165
4865.59432 20.491 0.167
4868.69790 20.327 0.155
4869.64313 20.307 0.182
4870.58339 20.751 0.222
4870.71001 20.534 0.266
4871.56928 20.479 0.227
4871.69772 21.136 0.460
4872.58607 20.825 0.421
4872.67242 20.359 0.314
4873.64274 20.145 0.131
4874.56556 20.301 0.142
4876.58921 20.760 0.177
4878.61402 20.307 0.114
4882.68716 20.724 0.256
4885.54534 20.196 0.155
4888.61255 20.719 0.169
4900.61633 20.165 0.200
4905.58144 20.373 0.252
4908.54005 20.202 0.152
4916.55646 20.499 0.202
4920.58706 20.147 0.143
4926.54323 20.233 0.249
4930.53982 20.245 0.219
4934.53658 20.422 0.248
4936.48464 20.274 0.151
4937.52832 20.524 0.205
4938.47990 20.359 0.222
4939.48565 20.630 0.235
4940.48111 20.293 0.134
4940.54432 20.470 0.179
4941.48498 20.596 0.271
4942.47758 20.110 0.178
4943.49274 20.852 0.316
4946.53793 20.814 0.314
4951.51769 20.470 0.327
