3022.71342 19.408 0.024
3331.66385 19.258 0.031
3341.65123 19.373 0.028
3353.68949 19.432 0.023
3358.71901 19.366 0.021
3362.68435 19.326 0.044
3375.65420 19.439 0.027
3381.64391 19.187 0.019
3389.60222 19.293 0.028
3397.64880 19.435 0.058
3721.64946 19.287 0.046
3734.65534 19.348 0.019
3743.62039 19.414 0.032
3751.60334 19.222 0.038
3758.61904 19.462 0.025
3764.70021 19.430 0.019
3769.64203 19.313 0.020
4066.69818 19.391 0.023
4073.76213 19.345 0.058
4092.66624 19.299 0.019
4111.69363 19.306 0.023
4126.62741 19.292 0.028
4392.75087 19.432 0.021
4400.75220 19.267 0.048
4410.79351 19.276 0.021
4427.84851 19.339 0.031
4440.81163 19.443 0.028
4459.61815 19.270 0.047
4468.65722 19.493 0.023
4479.69761 19.220 0.022
4485.69032 19.407 0.050
