 479.72156 19.269 0.035
 485.64811 19.195 0.029
 527.65826 19.094 0.051
 714.88986 19.119 0.030
 748.80516 19.065 0.025
 755.85765 19.104 0.034
 799.77475 19.202 0.038
 821.78187 19.251 0.030
 824.81144 19.297 0.046
 825.79580 19.191 0.059
 836.75985 19.193 0.028
 837.77447 19.132 0.030
 843.76520 19.187 0.030
 844.73501 19.166 0.032
 857.60099 19.169 0.050
 859.68674 19.266 0.044
 881.62339 19.182 0.052
 890.57736 19.231 0.040
 894.53941 19.261 0.035
 921.59302 19.158 0.040
1129.77762 19.239 0.033
1158.84597 19.110 0.038
1205.72671 19.215 0.035
1225.65415 19.157 0.026
1235.60663 19.141 0.038
1245.64548 19.222 0.037
1259.54695 19.226 0.036
1496.80290 19.271 0.041
1499.81948 19.092 0.031
1515.73233 19.229 0.027
1523.83116 19.129 0.028
1545.74232 19.136 0.026
1550.72626 19.128 0.032
1567.66666 19.260 0.053
1584.67753 19.269 0.030
1620.63449 19.224 0.064
1623.57222 19.161 0.070
1629.57535 19.186 0.033
2993.66283 19.203 0.026
3025.70751 19.238 0.022
3326.72129 19.233 0.021
3336.72716 19.181 0.040
3341.83186 19.142 0.034
3351.69514 19.226 0.023
3356.65748 19.127 0.023
3361.63071 19.256 0.032
3369.82099 19.223 0.038
3375.75059 19.282 0.030
3382.66238 19.110 0.020
3390.66307 19.166 0.033
3714.75114 19.244 0.023
3721.77706 19.199 0.038
3730.70533 19.116 0.019
3739.73985 19.128 0.019
3747.64854 19.073 0.038
3754.61806 19.187 0.028
3763.59142 19.197 0.020
3773.64558 19.254 0.029
4058.71319 19.265 0.020
4072.75209 19.154 0.038
4078.78450 19.243 0.040
4098.64104 19.256 0.029
4105.71883 19.237 0.044
4112.72249 19.142 0.020
4372.84931 19.238 0.036
4394.78264 19.161 0.025
4407.76020 19.137 0.030
4420.78303 19.145 0.024
4427.81958 19.203 0.036
4441.68473 19.205 0.023
4464.73632 19.198 0.027
4472.61935 19.086 0.019
4481.70990 19.134 0.020
4485.75699 19.202 0.054
4511.57520 19.273 0.036
