 467.71484 19.486 0.051
 471.74537 19.478 0.071
 478.63468 19.387 0.035
 479.64417 19.493 0.034
 479.68691 19.394 0.029
 480.72818 19.470 0.042
 481.65977 19.318 0.025
 484.63443 19.491 0.035
 485.68661 19.503 0.032
 490.63982 19.392 0.029
 493.68648 19.186 0.054
 498.67383 19.423 0.049
 501.63884 19.251 0.066
 515.73768 19.565 0.036
 527.60119 19.531 0.062
 538.64296 19.512 0.044
 539.58322 19.277 0.029
 541.65178 19.336 0.037
 551.59019 19.421 0.043
 552.57510 19.222 0.038
 553.57239 19.231 0.034
 559.60664 19.501 0.128
 797.81052 19.235 0.048
 821.70295 19.483 0.045
 835.74094 19.384 0.036
 845.70745 19.378 0.035
 857.65507 19.317 0.057
 859.61903 19.345 0.049
 881.67538 19.397 0.065
 894.59885 19.418 0.048
1130.75765 19.165 0.035
1178.81038 19.255 0.045
1182.76221 19.227 0.056
1190.76731 19.440 0.041
1193.72064 19.400 0.041
1205.67962 19.190 0.030
1212.63623 19.431 0.048
1229.60699 19.401 0.037
1239.57622 19.408 0.073
1247.61715 19.354 0.033
1291.52292 19.401 0.041
1511.82994 19.585 0.043
1515.80375 19.483 0.030
1524.71277 19.429 0.034
1543.78577 19.466 0.033
1550.77562 19.293 0.034
1572.76135 19.500 0.044
1573.80460 19.501 0.037
1587.68059 19.252 0.042
1618.62304 19.474 0.062
1624.59041 19.278 0.052
1631.57227 19.472 0.041
2994.70060 19.319 0.024
3010.74403 19.459 0.067
3326.78456 19.398 0.023
3336.82062 19.409 0.048
3352.75471 19.297 0.021
3357.72356 19.220 0.021
3362.80083 19.351 0.024
3365.78819 19.417 0.044
3372.80387 19.268 0.029
3381.71155 19.272 0.022
3386.80831 19.303 0.020
3396.77292 19.461 0.085
3717.70241 19.444 0.057
3720.78721 19.461 0.050
3732.79351 19.340 0.021
3740.66121 19.442 0.022
3749.71267 19.255 0.049
3756.66610 19.383 0.026
3766.64165 19.316 0.025
3774.56843 19.268 0.035
4059.69941 19.333 0.024
4072.78513 19.265 0.041
4078.65314 19.279 0.028
4098.73027 19.305 0.024
4109.81476 19.228 0.028
4372.88208 19.311 0.034
4382.88961 19.336 0.046
4394.84019 19.423 0.026
4409.77617 19.271 0.023
4422.76222 19.478 0.028
4461.68870 19.311 0.039
4468.76515 19.465 0.028
4476.73087 19.396 0.024
4483.82661 19.462 0.028
4511.63887 19.304 0.028
