3001.63543 16.446 0.007
3026.73560 16.584 0.007
3331.72523 16.864 0.009
3355.72311 16.688 0.007
3359.65222 16.628 0.007
3365.63245 16.554 0.007
3370.66441 16.499 0.007
3376.64458 16.478 0.007
3380.64836 16.478 0.007
3386.71984 16.477 0.006
3396.70312 16.529 0.008
3409.59343 16.615 0.007
3716.83035 16.647 0.007
3721.70777 16.600 0.007
3731.71717 16.495 0.006
3739.67581 16.413 0.006
3748.64905 16.361 0.007
3755.61374 16.343 0.006
3761.74613 16.330 0.006
3765.67686 16.330 0.005
3771.59348 16.326 0.006
4064.72296 16.390 0.006
4073.70181 16.343 0.007
4079.66193 16.370 0.006
4093.67780 16.537 0.006
4112.62851 16.648 0.006
4124.70823 16.667 0.006
4132.64011 16.589 0.007
4392.85904 16.504 0.006
4402.76784 16.541 0.008
4417.76504 16.555 0.007
4426.78408 16.535 0.007
4438.75891 16.481 0.007
4452.68710 16.448 0.007
4464.67505 16.498 0.007
4471.66969 16.526 0.006
4479.76082 16.567 0.007
4483.71674 16.571 0.007
4486.71557 16.553 0.008
4510.57011 16.579 0.007
4722.85288 16.455 0.007
4730.83074 16.473 0.006
4731.80070 16.488 0.007
4733.87900 16.490 0.007
4743.85045 16.526 0.007
4773.72022 16.526 0.007
4773.85059 16.534 0.007
4774.81883 16.526 0.007
4780.80532 16.504 0.007
4783.74987 16.474 0.007
4794.67671 16.407 0.006
4831.64972 16.327 0.006
4831.83265 16.334 0.007
4832.78915 16.316 0.007
4833.70414 16.327 0.006
4834.76213 16.331 0.006
4844.63391 16.357 0.007
4847.67178 16.356 0.007
4847.78827 16.344 0.007
4849.65952 16.379 0.007
4850.74312 16.382 0.006
4851.67653 16.386 0.007
4851.79725 16.384 0.006
4853.65759 16.408 0.006
4854.74194 16.424 0.006
4855.64187 16.436 0.006
4921.51121 16.270 0.006
4924.50955 16.292 0.006
4925.51560 16.287 0.007
4953.48730 16.581 0.007
