3001.64593 16.716 0.007
3026.74618 16.962 0.008
3331.73737 16.647 0.008
3341.74126 16.463 0.006
3355.73525 16.445 0.006
3359.66433 16.503 0.007
3365.64453 16.532 0.007
3370.67654 16.739 0.008
3376.65672 16.896 0.008
3386.73194 17.017 0.007
3396.71533 17.002 0.010
3409.59741 16.958 0.007
3716.84240 16.739 0.006
3721.71979 16.724 0.007
3731.72924 16.797 0.006
3739.68786 16.921 0.007
3748.66108 17.064 0.010
3755.68464 17.124 0.009
3761.75828 17.165 0.007
3765.68894 17.175 0.007
3771.60556 17.230 0.008
4064.73488 17.011 0.007
4073.71364 16.857 0.010
4079.67380 16.866 0.007
4093.68965 16.824 0.006
4112.64039 16.786 0.006
4124.72018 16.865 0.006
4132.65202 16.920 0.009
4392.87101 16.768 0.007
4402.77980 17.003 0.010
4417.77696 17.321 0.009
4426.79598 17.392 0.010
4438.77077 17.337 0.009
4452.69894 17.032 0.009
4464.68695 16.739 0.007
4471.68154 16.661 0.006
4479.77277 16.672 0.006
4483.76127 16.714 0.007
4486.72746 16.732 0.009
4510.58209 16.919 0.008
4722.86493 17.205 0.010
4774.83072 16.680 0.007
4780.81720 16.679 0.007
4783.76172 16.699 0.007
4794.68863 16.859 0.007
