2165.90781 18.980 0.083
2166.82639 18.950 0.052
2172.87516 18.927 0.050
2189.83242 18.827 0.061
2191.86676 18.954 0.045
2200.86778 19.198 0.086
2212.78174 18.893 0.050
2217.76665 18.826 0.058
2223.78693 19.051 0.056
2226.76177 19.007 0.062
2228.80529 19.012 0.057
2232.73892 18.899 0.046
2234.73269 18.911 0.050
2238.68353 18.993 0.059
2240.81245 18.887 0.051
2242.81825 18.904 0.070
2244.86487 18.998 0.119
2249.75148 18.875 0.046
2251.78397 19.022 0.048
2253.74440 19.089 0.050
2255.85416 18.918 0.056
2258.66107 18.960 0.046
2261.64668 19.092 0.060
2265.74871 19.243 0.068
2271.66182 18.885 0.051
2273.65753 19.069 0.064
2275.76778 19.034 0.064
2277.76255 18.900 0.047
2279.76765 18.985 0.049
2281.78152 19.033 0.045
2283.78464 19.017 0.042
2289.71377 19.124 0.053
2291.72123 18.928 0.064
2293.69334 18.858 0.052
2295.72011 18.993 0.045
2297.71097 19.097 0.066
2299.73336 18.952 0.046
2302.58061 19.042 0.060
2317.63015 19.073 0.051
2326.54894 19.387 0.080
2338.51662 18.849 0.064
2344.50940 18.944 0.059
2354.51119 18.877 0.094
2368.49521 19.028 0.098
2401.49721 19.056 0.077
2520.90608 18.859 0.056
2521.88540 18.896 0.050
2537.83878 18.965 0.093
2539.81387 18.984 0.074
2542.80625 18.954 0.053
2545.78791 18.952 0.070
2551.85236 18.922 0.046
2555.87643 19.132 0.062
2559.78533 18.910 0.060
2563.83554 18.988 0.061
2577.82538 19.118 0.067
2580.85482 18.929 0.044
2589.76163 19.051 0.057
2599.82219 19.074 0.056
2609.63466 19.103 0.085
2620.75892 19.005 0.050
2623.70321 19.009 0.060
2627.59943 19.018 0.079
2629.62433 19.194 0.085
2631.67359 18.899 0.072
2634.66847 18.973 0.045
2637.69448 19.042 0.060
2639.80927 18.897 0.042
2641.63191 19.008 0.052
2643.64295 19.143 0.053
2645.63567 19.036 0.052
2646.66309 18.903 0.052
2650.71939 19.009 0.072
2652.70958 19.004 0.069
2654.81413 18.971 0.056
2657.72867 19.125 0.078
2659.69765 19.082 0.063
2661.79735 18.920 0.055
2665.76732 19.314 0.072
2667.78748 18.977 0.060
2673.67649 19.217 0.072
2675.70341 18.971 0.048
2677.73807 18.884 0.071
2679.72879 19.120 0.060
2681.76064 19.060 0.065
2686.55395 18.895 0.092
2690.63220 18.922 0.077
2695.56280 19.408 0.083
2700.51384 18.988 0.075
2705.58573 18.836 0.046
2712.54819 18.934 0.069
2734.49789 18.923 0.080
2869.87918 18.885 0.065
2884.84123 18.926 0.050
2890.80902 18.876 0.069
2895.84472 19.016 0.057
2900.80037 19.026 0.052
2906.83134 18.890 0.045
2910.86481 18.996 0.045
2915.86098 19.017 0.043
2921.86328 19.040 0.060
2925.82451 19.106 0.059
2925.83937 19.059 0.057
2929.84371 19.069 0.058
2933.79033 18.967 0.043
2939.79887 19.216 0.074
2942.77429 18.863 0.042
2946.79472 19.200 0.077
2948.83981 18.998 0.050
2952.77909 19.019 0.061
2955.83613 19.070 0.090
2957.76367 18.970 0.057
2961.74702 19.072 0.055
2963.80525 18.868 0.058
2966.74466 19.038 0.042
2970.67121 18.956 0.044
2974.67339 19.091 0.051
2975.79852 19.398 0.078
2979.83502 18.891 0.047
2981.84224 18.950 0.106
2983.74302 19.099 0.064
2986.72549 18.948 0.053
2988.69238 19.048 0.051
2990.71702 19.453 0.076
2992.71385 18.975 0.049
2994.80461 18.886 0.044
2996.68012 19.101 0.048
2998.66339 19.142 0.061
3000.68021 18.971 0.051
3002.66742 18.925 0.045
3004.66716 19.062 0.049
3006.61286 19.033 0.045
3010.68743 18.990 0.070
3012.78287 19.129 0.103
3016.70158 18.994 0.056
3018.69144 19.117 0.061
3020.76678 19.054 0.065
3022.79321 18.902 0.046
3024.74182 18.941 0.044
3026.71087 19.098 0.046
3028.74660 19.056 0.038
3030.75165 18.880 0.045
3033.67357 19.068 0.041
3035.67974 18.982 0.057
3038.66340 18.903 0.062
3041.56054 19.035 0.072
3043.59035 19.301 0.105
3045.62939 18.838 0.048
3047.58354 18.966 0.062
3049.58925 19.286 0.061
3050.55988 19.091 0.048
3052.55417 18.853 0.047
3054.55584 18.885 0.045
3056.55498 19.068 0.053
3058.54801 19.167 0.061
3060.56911 18.802 0.044
3069.58937 18.978 0.057
3072.63747 19.169 0.091
3075.59205 18.871 0.051
3078.51332 19.071 0.066
3081.66682 18.980 0.050
3084.57902 18.995 0.045
3087.53997 19.037 0.065
3089.64263 18.935 0.051
3092.58141 18.958 0.082
3098.58437 18.934 0.057
3101.54468 19.097 0.083
3104.51611 19.003 0.062
3110.52445 18.945 0.078
3113.50809 19.015 0.074
3125.50554 19.025 0.087
3135.47146 18.967 0.078
3229.88560 18.965 0.045
3239.89950 18.989 0.053
3247.87041 19.125 0.056
3256.84185 19.149 0.061
3268.83925 18.930 0.040
3273.79813 18.929 0.055
3276.88361 18.924 0.057
3281.79381 18.873 0.038
3283.89362 19.048 0.058
3289.80751 18.879 0.042
3294.80545 18.987 0.044
3296.81088 19.048 0.044
3298.84145 19.026 0.048
3301.66172 18.975 0.065
3303.81319 18.715 0.067
3306.80560 19.027 0.054
3308.82238 18.938 0.056
3310.85472 18.896 0.046
3314.82224 19.103 0.061
3321.70103 19.031 0.043
3325.75893 18.980 0.043
3329.79415 19.024 0.036
3334.69029 18.833 0.061
3338.74633 19.137 0.056
3349.71848 18.937 0.046
3352.63300 19.189 0.053
3355.65486 18.758 0.051
3359.71385 19.465 0.066
3363.69176 18.954 0.051
3369.75391 19.003 0.060
3372.66379 19.013 0.045
3377.69794 18.894 0.044
3381.80849 19.037 0.050
3386.78058 18.909 0.033
3391.57135 19.054 0.065
3395.62611 19.106 0.063
3398.68288 18.997 0.053
3400.66926 18.858 0.069
3403.65804 19.159 0.068
3406.59199 18.960 0.044
3410.60973 19.142 0.046
3415.56531 18.972 0.050
3421.56977 18.929 0.046
3428.56876 19.261 0.093
3436.56307 18.907 0.042
3443.50579 18.984 0.062
3452.52561 18.820 0.040
3574.91622 19.149 0.068
3585.93905 18.873 0.056
3588.90656 19.241 0.070
3590.90844 18.885 0.038
3614.89775 18.996 0.052
3629.79311 18.955 0.051
3634.75123 19.015 0.059
3640.74760 19.063 0.044
3644.88989 18.928 0.046
3650.79968 18.891 0.036
3653.82757 19.105 0.057
3656.88353 19.072 0.058
3661.78993 19.236 0.071
3666.78711 18.979 0.050
3671.78550 18.897 0.041
3675.79992 18.942 0.040
3683.82308 19.015 0.044
3687.68492 19.037 0.054
3689.78851 18.952 0.043
3692.70905 19.219 0.056
3694.84131 18.925 0.043
3696.66184 18.916 0.044
3699.67411 19.224 0.050
3701.72527 18.953 0.043
3704.74655 18.949 0.037
3706.74506 19.197 0.045
3711.63685 18.913 0.045
3713.65046 19.036 0.044
3716.68393 18.931 0.052
3719.66118 18.986 0.059
3725.74450 18.919 0.060
3727.69245 19.118 0.066
3730.62079 18.986 0.033
3733.60947 18.947 0.039
3734.71230 18.973 0.042
3736.73128 19.148 0.048
3738.65318 19.005 0.046
3740.68817 18.913 0.045
3743.65366 19.531 0.083
3746.72758 18.969 0.061
3748.68019 18.850 0.053
3750.57247 19.079 0.069
3752.69371 18.917 0.045
3754.68211 18.959 0.052
3758.70299 19.292 0.081
3762.66106 18.799 0.038
3765.65166 19.144 0.035
3769.72363 18.902 0.034
3772.69177 19.085 0.055
3775.66376 18.843 0.060
3778.66221 19.052 0.051
3781.72326 19.068 0.066
3786.54630 19.002 0.050
3791.54191 18.921 0.043
3798.54226 18.858 0.045
3805.52745 18.881 0.054
3819.50630 18.972 0.046
3937.94655 18.882 0.076
3961.90113 18.799 0.056
3968.88366 18.883 0.050
3974.86923 18.960 0.058
3981.77673 18.921 0.046
3987.90075 19.220 0.068
3995.80837 19.058 0.056
4002.80776 19.097 0.041
4004.82898 18.895 0.037
4007.76162 18.968 0.037
4011.74231 18.891 0.052
4018.78170 18.865 0.046
4023.77611 19.126 0.045
4026.69209 18.806 0.039
4028.82809 18.993 0.042
4031.71584 19.134 0.049
4037.81619 19.106 0.047
4040.79151 19.018 0.046
4042.80699 18.924 0.045
4046.68176 19.243 0.077
4048.77112 18.864 0.045
4051.76077 19.095 0.053
4053.81208 19.227 0.055
4056.63193 18.931 0.061
4059.64296 18.960 0.048
4064.66563 18.852 0.032
4067.66610 19.122 0.045
4069.65420 18.979 0.045
4072.69136 18.901 0.044
4076.76180 19.063 0.057
4079.63672 18.842 0.044
4082.65739 19.008 0.055
4084.73782 19.009 0.051
4087.65759 18.933 0.040
4093.80593 18.876 0.048
4102.61220 19.000 0.059
4104.78089 19.163 0.081
4109.63775 18.954 0.052
4113.66101 19.048 0.044
4118.56793 19.013 0.058
4120.65404 19.121 0.044
4124.68478 19.072 0.045
4127.63868 19.337 0.052
4132.61670 18.923 0.059
4142.55164 19.210 0.070
4150.52873 19.045 0.056
4153.60331 18.912 0.050
4165.53371 19.045 0.082
4180.52360 19.062 0.089
4341.83816 19.118 0.077
4345.89729 18.902 0.056
4350.87173 19.081 0.075
4355.87932 19.153 0.081
4361.84008 19.023 0.083
4364.84691 19.013 0.069
4367.75940 18.968 0.075
4370.79627 19.202 0.082
4376.83138 19.018 0.066
4379.83772 19.058 0.059
4383.84198 18.987 0.061
4388.78185 18.896 0.052
4392.83611 19.176 0.055
4398.78493 18.954 0.059
4403.72473 18.914 0.059
4410.85189 18.895 0.052
4417.73981 18.864 0.040
4421.71582 19.102 0.055
4421.77174 19.087 0.048
4425.73580 18.954 0.060
4429.69999 19.189 0.100
4431.83982 19.039 0.100
4435.85864 18.995 0.095
4439.71236 18.903 0.060
4442.68961 18.921 0.060
4448.74305 18.866 0.059
4450.74992 18.975 0.073
4453.72558 19.076 0.053
4456.73894 18.843 0.062
4458.68658 19.137 0.063
4461.63663 18.952 0.045
4465.65746 19.020 0.052
4468.68825 18.979 0.040
4473.62453 19.089 0.058
4477.71206 18.835 0.053
4479.73366 19.036 0.057
4483.69357 19.081 0.072
4486.69202 18.876 0.064
4490.69026 19.128 0.080
4493.76107 18.846 0.063
4498.62566 18.962 0.050
4501.61871 19.081 0.064
4503.61519 19.204 0.074
4508.56251 18.892 0.058
4510.64430 19.055 0.062
4516.52500 19.154 0.105
4520.61500 19.006 0.082
4523.59854 18.928 0.058
4530.54197 19.078 0.074
4532.51398 19.125 0.094
4535.59307 18.983 0.076
4538.61370 18.928 0.073
4540.58296 19.283 0.107
4544.54883 18.814 0.065
4546.60084 18.918 0.085
4559.52949 18.928 0.079
4566.55182 18.848 0.055
4574.51023 18.904 0.097
4591.47373 19.016 0.090
4681.90187 18.949 0.050
4691.86739 18.967 0.074
4704.89815 18.933 0.065
4717.86398 19.369 0.055
4722.88363 18.948 0.044
4726.82454 19.058 0.059
4730.84640 18.970 0.047
4747.81759 19.133 0.050
4750.89090 18.713 0.079
4756.78835 18.945 0.051
4759.83551 18.912 0.041
4762.79521 19.118 0.056
4768.77324 19.146 0.060
4771.81517 18.927 0.051
4774.79589 18.903 0.045
4776.84959 19.372 0.106
4780.78259 18.915 0.055
4783.78052 19.124 0.058
4788.70705 18.819 0.054
4791.68349 19.499 0.083
4794.65328 18.971 0.048
4797.67060 19.006 0.054
4800.71668 19.040 0.047
4802.74836 18.959 0.045
4805.71772 18.954 0.048
4807.68032 19.087 0.062
4809.67307 18.997 0.052
4812.66067 19.037 0.082
4814.64872 19.141 0.070
4816.65036 18.957 0.052
4818.67251 18.963 0.048
4820.67944 19.063 0.043
4823.68305 19.041 0.070
4825.77182 18.885 0.054
4831.81375 18.917 0.062
4834.74697 19.055 0.066
4836.74935 19.086 0.048
4838.69995 18.988 0.053
4841.71650 18.953 0.057
4843.71580 19.072 0.077
4846.68171 18.947 0.052
4848.70758 18.979 0.057
4850.69968 19.443 0.078
4852.69386 18.933 0.053
4854.69698 19.111 0.065
4856.69342 19.046 0.061
4859.66598 19.088 0.069
4865.71267 19.272 0.074
4867.64893 18.971 0.045
4870.63440 18.957 0.053
4873.65689 19.174 0.072
4875.61485 18.915 0.055
4877.64022 18.858 0.045
4879.56866 19.023 0.052
4882.66176 18.972 0.055
4884.59927 18.917 0.063
4887.63565 19.226 0.059
4901.63884 19.173 0.095
4908.58630 19.082 0.061
4916.53131 19.080 0.067
4920.56286 18.974 0.059
4926.51964 18.948 0.074
4931.55647 19.216 0.097
4935.52310 18.855 0.050
4939.53006 19.523 0.119
4943.52977 19.028 0.069
4948.50650 19.084 0.080
4955.48973 19.009 0.058
