2187.77900 17.519 0.030
2190.87843 17.446 0.018
2193.84740 17.163 0.014
2202.84714 17.092 0.014
2215.79991 17.132 0.017
2222.79976 17.390 0.020
2224.84735 17.160 0.019
2227.75822 17.385 0.019
2229.76396 17.178 0.018
2231.73249 17.573 0.023
2233.70069 17.157 0.016
2237.61991 17.310 0.025
2239.68096 17.285 0.018
2241.77258 17.239 0.017
2243.84287 17.300 0.019
2248.70239 17.248 0.016
2250.73386 17.231 0.016
2252.83093 17.434 0.023
2254.74894 17.318 0.016
2257.76644 17.515 0.017
2260.77605 17.216 0.020
2265.71447 17.225 0.016
2266.79444 17.400 0.020
2270.82595 17.556 0.019
2272.67812 17.357 0.020
2274.80444 17.249 0.018
2276.85980 17.236 0.017
2278.81881 17.298 0.019
2280.79851 17.421 0.020
2282.80233 17.138 0.017
2290.70255 17.205 0.018
2295.84040 17.131 0.014
2297.82721 17.396 0.017
2299.84362 17.204 0.019
2301.73776 17.419 0.022
2302.81294 17.315 0.025
2303.73573 17.228 0.019
2328.58312 17.262 0.022
2334.58123 17.444 0.023
2340.57289 17.168 0.018
2346.51357 17.201 0.020
2360.50854 17.558 0.029
2391.50957 17.611 0.033
2540.88719 17.309 0.023
2548.82415 17.346 0.022
2553.79082 17.403 0.025
2557.85622 17.584 0.026
2561.85426 17.322 0.020
2565.86242 17.414 0.024
2574.83381 17.298 0.019
2579.74272 17.283 0.020
2586.77476 17.161 0.017
2590.84806 17.094 0.016
2596.85509 17.396 0.020
2606.75136 17.567 0.022
2610.65337 17.226 0.022
2614.82222 17.461 0.020
2619.69886 17.442 0.020
2621.82613 17.088 0.016
2624.72330 17.551 0.023
2627.84579 17.469 0.029
2630.61548 17.282 0.020
2632.76636 17.489 0.020
2636.71622 17.154 0.017
2638.76050 17.236 0.018
2641.80885 17.386 0.020
2643.80344 17.180 0.018
2645.80401 17.441 0.029
2649.67683 17.151 0.017
2651.75658 17.310 0.019
2653.75331 17.211 0.018
2655.78779 17.443 0.022
2657.77996 17.114 0.018
2659.83294 17.364 0.028
2661.63405 17.222 0.014
2668.84537 17.424 0.022
2673.79082 17.347 0.020
2676.77114 17.417 0.025
2678.81707 17.166 0.014
2684.58867 17.179 0.017
2692.53682 17.297 0.022
2697.55176 17.228 0.018
2702.55336 17.165 0.020
2709.50409 17.592 0.026
2725.51274 17.259 0.020
2875.88145 17.500 0.024
2884.90347 17.334 0.019
2892.91231 17.406 0.031
2896.87829 17.415 0.020
2902.80928 17.360 0.016
2912.81317 17.206 0.013
2917.82140 17.202 0.016
2923.82409 17.328 0.019
2926.87652 17.119 0.016
2931.80523 17.158 0.016
2934.84541 17.133 0.017
2940.82567 17.315 0.017
2943.83047 17.193 0.014
2947.83864 17.178 0.017
2950.75500 17.528 0.022
2954.78093 17.285 0.019
2956.82117 17.191 0.016
2958.86568 17.471 0.029
2963.75709 17.506 0.025
2966.77734 17.156 0.013
2968.74601 17.539 0.019
2971.80801 17.307 0.018
2974.83105 17.168 0.014
2976.69102 17.305 0.017
2979.67488 17.161 0.016
2981.69546 17.499 0.031
2983.82734 17.082 0.017
2985.79440 17.315 0.017
2987.75094 17.213 0.016
2989.69112 17.245 0.016
2991.76499 17.304 0.018
2993.77114 17.172 0.016
2995.84640 17.229 0.017
2997.81757 17.217 0.017
2998.76297 17.243 0.017
3000.77157 17.224 0.017
3002.76310 17.264 0.017
3004.75604 17.385 0.018
3006.74925 17.099 0.014
3010.80996 17.187 0.016
3012.81549 17.568 0.038
3016.75996 17.364 0.018
3018.79061 17.260 0.018
3020.85424 17.458 0.023
3021.87914 17.310 0.025
3023.74049 17.153 0.014
3025.74368 17.474 0.017
3027.76225 17.184 0.017
3029.74665 17.246 0.017
3031.81866 17.150 0.017
3034.64376 17.250 0.013
3036.67400 17.229 0.017
3039.61603 17.356 0.018
3041.69887 17.180 0.020
3042.72393 17.186 0.019
3044.66299 17.384 0.020
3046.64915 17.190 0.018
3048.68233 17.562 0.019
3050.67910 17.100 0.013
3052.67556 17.343 0.016
3054.68110 17.213 0.020
3056.66890 17.430 0.017
3058.66218 17.253 0.016
3060.71165 17.248 0.016
3066.59937 17.615 0.028
3068.62760 17.106 0.017
3071.52589 17.543 0.022
3074.52556 17.315 0.019
3076.64466 17.241 0.023
3079.64201 17.577 0.019
3083.50912 17.200 0.016
3085.61289 17.221 0.016
3088.56908 17.421 0.023
3091.57343 17.141 0.017
3100.53162 17.260 0.023
3103.53928 17.206 0.017
3106.57167 17.360 0.017
3109.55621 17.137 0.014
3113.57378 17.237 0.020
3127.53171 17.200 0.016
3133.54740 17.425 0.023
3230.92207 17.172 0.016
3242.89642 17.299 0.018
3249.86338 17.247 0.018
3260.85531 17.255 0.017
3264.89724 17.259 0.013
3271.84566 17.297 0.018
3274.84896 17.211 0.017
3279.80257 17.138 0.016
3282.86817 17.229 0.014
3295.81155 17.344 0.013
3301.88237 17.121 0.022
3305.77326 17.181 0.016
3307.79808 17.458 0.025
3309.83454 17.194 0.014
3315.86755 17.346 0.020
3321.73461 17.344 0.016
3324.84252 17.180 0.013
3327.84877 17.118 0.014
3333.83234 17.383 0.022
3336.67430 17.227 0.017
3339.85620 17.318 0.020
3353.75778 17.271 0.016
3357.78539 17.265 0.016
3360.76326 17.252 0.014
3363.83782 17.116 0.014
3370.79509 17.341 0.019
3376.74718 17.118 0.014
3378.77232 17.360 0.018
3394.66123 17.089 0.014
3396.68225 17.289 0.018
3399.80947 17.171 0.019
3402.71951 17.215 0.014
3404.65108 17.095 0.014
3409.56790 17.178 0.014
3413.56659 17.182 0.014
3413.61112 17.199 0.014
3418.56307 17.249 0.017
3426.55458 17.156 0.016
3432.54047 17.291 0.016
3439.51655 17.188 0.017
3447.54204 17.295 0.023
3457.51903 17.129 0.018
3603.87300 17.373 0.018
3620.90929 17.491 0.017
3630.82035 17.561 0.031
3637.76285 17.117 0.019
3640.81692 17.169 0.014
3651.84936 17.487 0.018
3655.76567 17.126 0.013
3658.86156 17.075 0.016
3660.85889 17.340 0.019
3664.86848 17.449 0.016
3666.86502 17.275 0.023
3668.85233 17.210 0.018
3672.84101 17.210 0.017
3676.72775 17.143 0.014
3685.79761 17.182 0.014
3688.73176 17.342 0.016
3690.80654 17.232 0.017
3693.70819 17.287 0.017
3696.75061 17.354 0.014
3699.76356 17.122 0.013
3701.81671 17.212 0.016
3703.81537 17.175 0.013
3706.69095 17.293 0.013
3711.72617 17.216 0.014
3713.81406 17.488 0.018
3715.79054 17.242 0.014
3718.75945 17.568 0.020
3722.65438 17.187 0.014
3726.73656 17.263 0.018
3728.79884 17.268 0.016
3730.76862 17.144 0.013
3732.84412 17.253 0.016
3734.83698 17.218 0.014
3735.68534 17.172 0.013
3737.84390 17.185 0.013
3739.86255 17.405 0.017
3741.61625 17.542 0.019
3743.77279 17.145 0.017
3746.81518 17.142 0.013
3748.79390 17.205 0.020
3750.80870 17.271 0.020
3753.68176 17.202 0.014
3755.76338 17.223 0.017
3757.78282 17.369 0.014
3760.76247 17.126 0.016
3763.71543 17.363 0.012
3766.73219 17.226 0.017
3770.75965 17.336 0.020
3774.63310 17.123 0.016
3777.59162 17.497 0.019
3779.71592 17.198 0.019
3781.75826 17.305 0.018
3786.60833 17.333 0.019
3793.55802 17.265 0.014
3801.54800 17.184 0.014
3811.54059 17.332 0.020
3829.48002 17.304 0.023
3958.93370 17.110 0.019
3965.88324 17.370 0.014
3970.90339 17.282 0.014
3982.85388 17.458 0.018
3993.80700 17.205 0.018
4002.86741 17.109 0.013
4004.88568 17.318 0.013
4006.79519 17.238 0.013
4008.81622 17.278 0.013
4013.82779 17.479 0.022
4019.83055 17.268 0.014
4024.82207 17.183 0.014
4027.72427 17.314 0.016
4029.83706 17.167 0.013
4032.87182 17.293 0.019
4039.70400 17.206 0.014
4041.77773 17.434 0.017
4043.78283 17.071 0.020
4047.63818 17.226 0.019
4049.74597 17.554 0.016
4052.80750 17.260 0.014
4056.85277 17.109 0.013
4059.74742 17.354 0.017
4064.86113 17.106 0.014
4066.81759 17.291 0.016
4068.85243 17.177 0.013
4070.77487 17.298 0.018
4074.81364 17.153 0.016
4077.86247 17.128 0.020
4080.74220 17.540 0.022
4083.72888 17.201 0.019
4085.79243 17.421 0.022
4095.65381 17.312 0.014
4103.78427 17.311 0.020
4106.61500 17.245 0.019
4112.78935 17.250 0.016
4117.77190 17.185 0.018
4121.78826 17.203 0.016
4126.76338 17.169 0.018
4129.79697 17.508 0.018
4143.57391 17.388 0.020
4157.58069 17.341 0.023
4169.52894 17.297 0.019
4199.49840 17.203 0.019
4343.89085 17.184 0.019
4348.86357 17.270 0.018
4353.89112 17.376 0.020
4358.84327 17.394 0.024
4363.86007 17.287 0.023
4367.84828 17.495 0.020
4371.79777 17.350 0.020
4378.73715 17.165 0.019
4381.77274 17.279 0.023
4390.85226 17.192 0.017
4395.71909 17.253 0.023
4399.87771 17.186 0.026
4408.73159 17.253 0.020
4412.81502 17.240 0.019
4427.76655 17.186 0.019
4430.76987 17.253 0.023
4433.78735 17.386 0.028
4437.71397 17.371 0.024
4440.73357 17.157 0.017
4443.85115 17.238 0.026
4449.79294 17.135 0.019
4451.82854 17.372 0.023
4455.79822 17.561 0.023
4458.77688 17.231 0.017
4462.77092 17.089 0.014
4464.81649 17.406 0.020
4467.78761 17.137 0.016
4472.70352 17.164 0.014
4476.79060 17.280 0.017
4480.74098 17.119 0.012
4484.82046 17.170 0.016
4488.74131 17.135 0.020
4492.76058 17.205 0.018
4497.76446 17.154 0.016
4500.63750 17.356 0.017
4502.74737 17.166 0.023
4507.75141 17.279 0.022
4509.70209 17.493 0.023
4512.75090 17.432 0.018
4518.69975 17.357 0.028
4521.73722 17.292 0.024
4524.63683 17.138 0.017
4530.66292 17.326 0.020
4534.63144 17.125 0.018
4538.64684 17.170 0.019
4542.55418 17.185 0.022
4545.63778 17.389 0.020
4551.52917 17.209 0.019
4558.59007 17.529 0.022
4565.54346 17.116 0.018
4573.54633 17.152 0.019
4588.51464 17.237 0.019
4685.92072 17.301 0.018
4699.88391 17.204 0.017
4709.83486 17.126 0.017
4720.88157 17.336 0.016
4725.82221 17.291 0.019
4729.80171 17.557 0.024
4734.89630 17.210 0.020
4740.81212 17.152 0.019
4749.72852 17.096 0.018
4754.81179 17.177 0.020
4757.86192 17.102 0.017
4761.75287 17.256 0.018
4766.68814 17.207 0.023
4769.79279 17.336 0.020
4772.82485 17.269 0.019
4775.84240 17.109 0.018
4777.85592 17.344 0.020
4782.70629 17.370 0.017
4786.75702 17.535 0.024
4789.71810 17.193 0.016
4792.83559 17.263 0.020
4795.78923 17.349 0.018
4798.74865 17.142 0.018
4799.77305 17.474 0.022
4801.70576 17.260 0.017
4804.64639 17.464 0.026
4806.69942 17.159 0.018
4808.76166 17.328 0.017
4810.83464 17.154 0.014
4813.80218 17.372 0.024
4815.78597 17.149 0.019
4817.78339 17.570 0.020
4819.79828 17.123 0.019
4822.77230 17.471 0.016
4824.79024 17.103 0.013
4831.63191 17.370 0.020
4834.81239 17.287 0.018
4836.78737 17.224 0.016
4838.79601 17.338 0.017
4841.83726 17.147 0.018
4843.83129 17.533 0.028
4846.82119 17.177 0.014
4850.79813 17.115 0.014
4852.80764 17.384 0.019
4854.80930 17.153 0.016
4856.81537 17.445 0.017
4857.79377 17.375 0.019
4861.77066 17.574 0.023
4867.75078 17.232 0.016
4869.70327 17.226 0.016
4871.71906 17.442 0.031
4874.65220 17.301 0.022
4876.69536 17.287 0.018
4878.73091 17.194 0.017
4885.71055 17.217 0.017
4890.57241 17.222 0.016
4900.67755 17.196 0.022
4903.61691 17.297 0.025
4914.58987 17.182 0.019
4918.58800 17.223 0.018
4924.60586 17.367 0.018
4928.59561 17.497 0.022
4930.60049 17.131 0.018
4933.56257 17.554 0.024
4937.56220 17.335 0.017
4941.57522 17.383 0.024
4950.55047 17.339 0.029
