2166.85243 15.623 0.008
2172.90243 15.606 0.008
2183.89570 15.557 0.009
2189.85811 15.672 0.008
2192.76180 15.829 0.008
2201.77173 15.955 0.008
2212.80630 15.926 0.009
2217.79070 15.634 0.008
2223.81128 15.973 0.009
2226.78564 15.565 0.008
2228.82907 15.664 0.008
2232.76274 15.654 0.007
2234.75669 15.706 0.008
2238.70735 15.759 0.008
2240.83629 15.671 0.008
2242.84203 15.585 0.008
2248.72329 15.630 0.007
2251.75292 15.946 0.008
2253.77052 15.852 0.008
2255.69883 15.969 0.009
2258.69829 15.565 0.007
2269.77979 15.684 0.008
2271.72327 15.625 0.007
2273.81842 15.959 0.009
2275.79191 15.934 0.009
2277.79467 15.820 0.008
2279.79152 15.730 0.008
2281.75434 15.738 0.007
2283.81153 15.571 0.009
2291.75449 15.556 0.008
2295.74391 15.634 0.007
2297.73483 15.676 0.008
2299.76725 15.904 0.008
2301.67267 15.696 0.008
2303.66804 15.779 0.009
2326.57647 15.948 0.009
2332.51987 15.803 0.010
2338.54243 15.542 0.008
2355.50784 15.565 0.009
2387.49816 15.733 0.011
2521.91793 15.693 0.009
2542.83008 15.590 0.008
2544.88798 15.571 0.008
2551.87821 15.614 0.008
2559.81612 15.561 0.008
2563.86136 15.724 0.009
2577.85114 15.624 0.008
2583.74762 15.639 0.008
2589.78788 15.598 0.008
2594.80471 15.582 0.009
2599.85951 15.706 0.008
2609.66576 15.827 0.009
2611.66969 15.707 0.009
2617.81636 15.775 0.008
2620.78536 15.585 0.008
2623.75858 15.907 0.009
2626.68368 15.590 0.008
2627.62546 15.693 0.009
2628.85077 15.823 0.009
2630.83952 15.897 0.010
2632.63025 15.564 0.007
2635.62525 15.908 0.009
2639.78166 15.591 0.007
2641.65595 15.583 0.008
2643.66764 15.550 0.008
2645.65943 15.566 0.007
2647.58618 15.555 0.007
2651.65425 15.730 0.008
2653.67846 15.901 0.009
2655.66349 15.954 0.009
2657.79724 15.560 0.008
2659.66443 15.814 0.008
2661.68910 15.652 0.008
2665.79103 15.635 0.008
2671.79696 15.930 0.009
2673.72989 15.809 0.009
2675.72739 15.943 0.008
2679.75284 15.786 0.009
2682.61117 15.574 0.008
2686.58562 15.567 0.008
2691.53109 15.882 0.009
2695.58845 15.587 0.008
2700.53944 15.963 0.010
2706.52086 15.790 0.010
2713.52449 15.935 0.010
2841.92868 15.851 0.009
2890.83442 15.607 0.008
2895.87016 15.819 0.008
2900.82580 15.659 0.008
2906.85681 15.928 0.008
2910.89015 15.636 0.007
2915.89032 15.960 0.008
2921.88904 15.706 0.008
2925.85887 15.630 0.008
2930.77145 15.728 0.008
2933.81586 15.565 0.007
2939.82428 15.729 0.008
2941.84237 15.885 0.008
2943.71714 15.621 0.008
2946.82019 15.571 0.008
2948.81049 15.585 0.008
2952.80653 15.716 0.008
2955.86143 15.577 0.008
2958.67671 15.624 0.008
2962.68767 15.813 0.008
2965.70470 15.560 0.008
2967.80407 15.812 0.008
2970.71726 15.683 0.008
2974.70924 15.575 0.007
2976.74308 15.575 0.007
2978.63762 15.588 0.008
2980.66403 15.556 0.008
2982.62321 15.558 0.008
2984.66437 15.625 0.008
2986.75219 15.962 0.009
2988.72017 15.979 0.009
2990.65356 15.876 0.008
2992.74008 15.726 0.008
2994.65094 15.924 0.008
2996.74125 15.598 0.008
2998.69603 15.610 0.008
2999.78805 15.860 0.008
3001.66679 15.854 0.008
3003.66244 15.938 0.009
3005.61941 15.908 0.009
3007.73787 15.639 0.008
3009.67371 15.725 0.008
3011.61927 15.785 0.009
3013.64994 15.627 0.008
3017.62523 15.565 0.007
3018.71707 15.747 0.008
3020.79227 15.552 0.008
3022.81879 15.571 0.007
3024.76732 15.543 0.008
3026.76465 15.586 0.007
3030.77700 15.759 0.007
3033.70429 15.666 0.007
3035.71058 15.603 0.007
3038.68892 15.909 0.009
3040.68855 15.958 0.009
3042.63209 15.939 0.009
3044.56602 15.804 0.009
3046.58150 15.956 0.009
3048.56644 15.957 0.008
3050.58532 15.816 0.008
3052.58234 15.726 0.008
3054.58317 15.643 0.008
3056.58038 15.595 0.007
3060.59462 15.561 0.007
3064.59248 15.667 0.008
3067.65611 15.564 0.007
3069.61620 15.557 0.008
3073.52559 15.580 0.008
3075.62030 15.678 0.008
3078.54017 15.813 0.009
3082.52915 15.650 0.008
3084.60509 15.555 0.007
3087.56664 15.902 0.009
3090.52229 15.569 0.008
3093.50363 15.791 0.009
3098.61256 15.810 0.009
3101.57025 15.618 0.010
3104.54347 15.738 0.008
3111.51695 15.892 0.009
3114.51093 15.554 0.008
3115.53524 15.823 0.009
3126.47537 15.898 0.009
3144.49066 15.633 0.008
3224.89084 15.893 0.009
3239.92483 15.843 0.008
3247.89578 15.592 0.007
3256.87408 15.786 0.008
3263.84102 15.785 0.007
3268.86468 15.575 0.007
3273.83630 15.687 0.008
3276.85436 15.862 0.008
3281.81929 15.565 0.007
3289.83275 15.820 0.008
3294.83092 15.556 0.007
3296.83625 15.600 0.007
3298.86679 15.738 0.007
3301.68717 15.951 0.009
3303.85619 15.565 0.008
3306.83080 15.921 0.008
3308.84782 15.771 0.008
3311.65796 15.638 0.008
3320.69107 15.686 0.008
3323.64405 15.684 0.007
3329.82011 15.552 0.007
3334.71994 15.833 0.008
3338.77568 15.758 0.007
3349.79197 15.756 0.007
3351.77677 15.718 0.007
3354.74493 15.679 0.008
3358.63123 15.575 0.007
3361.72701 15.553 0.007
3363.71716 15.555 0.007
3367.67068 15.562 0.007
3372.68946 15.592 0.007
3377.72562 15.802 0.008
3380.74126 15.680 0.007
3386.75142 15.920 0.007
3391.59674 15.582 0.007
3395.66081 15.602 0.007
3398.70850 15.562 0.007
3402.65380 15.559 0.007
3404.58162 15.598 0.007
3408.53507 15.568 0.007
3412.58041 15.605 0.007
3414.61197 15.756 0.008
3419.57919 15.559 0.007
3426.51831 15.901 0.008
3433.56944 15.943 0.009
3443.54003 15.626 0.007
3453.50640 15.571 0.007
3574.94128 15.894 0.009
3588.93195 15.575 0.007
3589.88298 15.928 0.008
3614.92326 15.606 0.009
3617.87994 15.761 0.007
3629.81943 15.537 0.007
3634.78555 15.852 0.008
3639.89581 15.893 0.008
3641.82945 15.948 0.008
3650.82481 15.775 0.007
3653.85276 15.564 0.007
3657.80330 15.565 0.007
3660.76904 15.877 0.008
3664.80449 15.592 0.007
3668.74079 15.598 0.008
3671.87635 15.619 0.008
3676.85174 15.941 0.008
3684.79592 15.803 0.007
3687.71498 15.554 0.007
3689.81356 15.831 0.008
3692.73796 15.654 0.007
3694.81188 15.565 0.007
3696.68720 15.605 0.007
3699.69946 15.941 0.008
3701.75031 15.726 0.007
3704.71686 15.665 0.007
3706.77105 15.925 0.008
3711.66204 15.593 0.007
3713.67571 15.570 0.007
3716.72476 15.707 0.008
3719.75251 15.901 0.009
3722.81072 15.654 0.007
3726.67498 15.555 0.007
3728.64773 15.571 0.007
3731.74829 15.578 0.007
3733.63444 15.758 0.007
3734.73741 15.971 0.008
3736.75630 15.866 0.008
3737.64489 15.604 0.007
3739.70703 15.592 0.007
3743.71119 15.712 0.007
3746.75358 15.576 0.008
3748.70620 15.560 0.007
3750.71237 15.567 0.007
3752.72044 15.619 0.007
3754.74170 15.745 0.007
3755.66149 15.806 0.008
3757.63560 15.789 0.008
3759.60122 15.805 0.008
3762.68609 15.962 0.008
3765.70802 15.606 0.006
3769.74861 15.896 0.007
3772.71691 15.559 0.007
3775.70885 15.916 0.009
3778.68736 15.590 0.007
3782.59548 15.575 0.007
3786.57153 15.619 0.007
3791.56787 15.614 0.007
3798.56754 15.851 0.008
3805.55472 15.831 0.008
3820.50005 15.784 0.008
3944.93363 15.887 0.008
3961.93035 15.895 0.008
3968.91241 15.768 0.007
3974.90838 15.919 0.008
3981.80140 15.565 0.007
3988.87734 15.545 0.007
3995.83634 15.726 0.007
4002.83245 15.947 0.007
4005.78249 15.559 0.007
4007.78669 15.555 0.007
4011.76713 15.614 0.007
4018.75270 15.583 0.007
4023.80621 15.666 0.007
4026.71686 15.602 0.007
4028.85290 15.888 0.007
4031.74063 15.564 0.007
4037.84952 15.911 0.008
4040.81687 15.554 0.007
4042.83166 15.570 0.007
4046.70748 15.569 0.007
4048.79642 15.663 0.007
4052.63931 15.544 0.006
4053.83699 15.562 0.007
4059.66778 15.602 0.007
4064.63228 15.956 0.007
4066.61187 15.959 0.008
4069.67925 15.729 0.007
4071.60432 15.620 0.007
4076.65741 15.574 0.007
4079.69266 15.700 0.008
4082.68301 15.752 0.007
4084.76287 15.870 0.008
4087.68233 15.566 0.007
4093.77135 15.955 0.008
4102.65956 15.568 0.007
4104.80636 15.964 0.009
4109.66723 15.593 0.006
4113.68582 15.567 0.007
4119.62403 15.612 0.007
4122.67291 15.577 0.007
4125.72028 15.822 0.008
4129.71974 15.632 0.007
4142.57797 15.953 0.009
4150.55444 15.711 0.008
4154.53619 15.608 0.008
4165.58216 15.578 0.008
4184.50226 15.575 0.009
4340.90288 15.655 0.008
4346.89097 15.918 0.009
4350.90956 15.799 0.008
4357.84318 15.692 0.009
4363.77162 15.761 0.008
4365.79526 15.937 0.010
4369.79087 15.850 0.009
4372.76555 15.620 0.008
4376.85610 15.940 0.009
4379.86266 15.631 0.008
4383.86674 15.822 0.008
4388.86071 15.561 0.008
4393.73461 15.911 0.009
4398.80981 15.757 0.008
4403.75043 15.608 0.009
4411.74560 15.635 0.008
4417.82846 15.831 0.008
4421.74085 15.919 0.008
4425.81407 15.577 0.008
4429.72482 15.627 0.009
4432.76637 15.899 0.008
4436.69288 15.936 0.009
4439.73706 15.716 0.008
4442.71444 15.625 0.008
4448.77012 15.664 0.008
4450.77481 15.771 0.009
4453.75062 15.585 0.007
4456.76396 15.964 0.009
4459.67398 15.566 0.007
4462.67597 15.942 0.009
4465.71621 15.702 0.007
4469.66935 15.769 0.009
4474.67137 15.554 0.007
4478.77413 15.939 0.009
4481.77292 15.545 0.007
4484.68265 15.929 0.009
4487.74501 15.667 0.009
4492.69759 15.633 0.008
4494.73202 15.565 0.008
4499.61366 15.833 0.008
4502.68649 15.633 0.008
4507.64524 15.661 0.008
4509.64251 15.595 0.008
4522.54988 15.833 0.009
4524.56389 15.684 0.008
4530.56906 15.561 0.008
4532.56110 15.581 0.008
4537.55915 15.669 0.008
4540.60790 15.973 0.010
4549.56432 15.694 0.008
4560.50283 15.558 0.008
4567.51440 15.615 0.008
4574.53542 15.749 0.008
4592.47308 15.706 0.009
4681.92649 15.957 0.008
4691.89218 15.644 0.008
4702.90411 15.683 0.008
4719.81967 15.716 0.008
4722.90844 15.884 0.008
4726.89406 15.731 0.008
4731.87042 15.795 0.008
4747.84281 15.576 0.007
4751.88911 15.635 0.006
4756.81316 15.750 0.008
4759.86023 15.923 0.008
4762.82000 15.560 0.007
4768.79795 15.599 0.007
4771.84008 15.598 0.008
4774.84947 15.964 0.008
4777.68690 15.725 0.008
4780.83586 15.732 0.008
4783.80575 15.695 0.008
4788.73515 15.653 0.008
4791.71255 15.794 0.007
4794.71687 15.569 0.007
4797.69831 15.948 0.009
4800.74153 15.721 0.007
4802.77315 15.917 0.008
4804.79728 15.894 0.008
4805.82038 15.621 0.007
4807.77124 15.605 0.007
4810.72919 15.820 0.008
4812.78876 15.600 0.008
4814.67835 15.773 0.008
4816.67515 15.690 0.008
4818.69733 15.592 0.007
4820.70416 15.556 0.007
4823.71776 15.817 0.008
4825.80495 15.580 0.007
4831.84732 15.721 0.009
4832.80754 15.715 0.008
4834.77663 15.698 0.008
4837.67662 15.591 0.008
4839.70517 15.702 0.008
4841.74149 15.911 0.008
4843.74071 15.982 0.009
4846.70666 15.575 0.008
4850.72470 15.682 0.007
4852.71874 15.742 0.008
4855.72614 15.563 0.007
4857.70429 15.568 0.008
4863.65834 15.572 0.008
4866.67143 15.678 0.008
4868.66951 15.627 0.008
4870.65897 15.589 0.008
4873.68958 15.888 0.008
4875.58661 15.873 0.008
4876.61728 15.555 0.007
4878.64221 15.611 0.007
4882.56145 15.581 0.007
4884.62388 15.795 0.008
4888.54030 15.729 0.008
4900.57193 15.601 0.008
4904.59766 15.578 0.008
4913.57544 15.587 0.008
4918.55204 15.951 0.009
4924.56625 15.622 0.007
4928.56164 15.556 0.007
4930.51286 15.575 0.008
4934.50967 15.566 0.007
4938.50091 15.661 0.008
4942.51750 15.897 0.009
4947.51084 15.585 0.008
