2167.90108 18.660 0.047
2193.82309 19.013 0.044
2202.82241 18.726 0.038
2215.77561 18.721 0.048
2221.85379 18.859 0.057
2224.82369 18.893 0.047
2227.73453 18.834 0.049
2229.74028 19.027 0.066
2231.70854 18.745 0.048
2233.67681 18.769 0.042
2237.59622 18.660 0.064
2239.65721 18.803 0.049
2241.74887 19.017 0.056
2243.81388 19.065 0.063
2248.67588 18.867 0.045
2250.76485 18.702 0.044
2252.73422 18.893 0.042
2254.72529 19.110 0.046
2257.72928 18.728 0.037
2260.75100 18.816 0.048
2265.78362 18.735 0.040
2266.77420 19.210 0.064
2270.80023 18.642 0.034
2272.64978 18.914 0.053
2274.77714 18.683 0.050
2276.83509 18.751 0.044
2278.79193 19.153 0.081
2280.77468 18.851 0.040
2282.77189 18.766 0.036
2289.83436 18.759 0.037
2291.82040 19.051 0.058
2293.78929 18.658 0.052
2295.81315 18.759 0.038
2297.79924 18.904 0.048
2300.82427 18.740 0.058
2302.78550 18.991 0.067
2315.70929 19.014 0.059
2324.57523 19.049 0.052
2328.55708 18.646 0.054
2334.55029 18.634 0.043
2340.54699 18.710 0.040
2373.49955 19.132 0.095
2385.56269 19.091 0.079
2534.89515 18.869 0.054
2539.90231 18.806 0.059
2545.86991 18.730 0.045
2557.83031 18.748 0.050
2561.82837 18.690 0.042
2565.83019 18.857 0.063
2574.79240 18.765 0.051
2578.84882 18.869 0.050
2584.74459 18.867 0.063
2590.82179 18.927 0.051
2596.82825 19.188 0.078
2606.72474 19.134 0.051
2609.83333 18.758 0.064
2610.63969 18.720 0.048
2610.74518 18.589 0.051
2610.85146 18.828 0.069
2611.65170 19.080 0.070
2611.72205 18.801 0.069
2613.63289 18.841 0.071
2613.71069 18.865 0.063
2614.68088 18.704 0.052
2614.76429 18.795 0.055
2614.85585 18.874 0.055
2615.66494 18.614 0.043
2615.78707 18.714 0.038
2615.84479 18.809 0.059
2617.74804 18.705 0.048
2617.85648 18.850 0.069
2618.67021 19.030 0.056
2618.76381 18.947 0.050
2619.62691 18.818 0.050
2619.73369 19.133 0.047
2619.85803 18.970 0.068
2620.65685 18.664 0.045
2620.74201 18.845 0.038
2621.69107 18.678 0.031
2621.76654 18.728 0.038
2621.85971 18.716 0.048
2622.65679 18.781 0.052
2622.73821 18.808 0.048
2622.85914 18.803 0.049
2623.65554 18.894 0.057
2623.74363 18.751 0.039
2623.85493 18.779 0.041
2624.68609 18.943 0.051
2624.75722 18.725 0.039
2624.85200 18.740 0.047
2625.67111 18.838 0.042
2625.72298 18.893 0.043
2626.63994 18.800 0.053
2627.74774 18.705 0.062
2627.79211 18.716 0.058
2627.82161 18.865 0.061
2628.66452 18.746 0.052
2628.74159 18.650 0.058
2628.80865 18.712 0.045
2629.66026 18.983 0.063
2629.76859 18.776 0.051
2629.81894 18.717 0.051
2629.84837 18.734 0.051
2630.64809 19.100 0.066
2630.72764 19.146 0.069
2630.80799 18.971 0.085
2631.65960 18.967 0.064
2631.74237 19.082 0.081
2631.85171 18.953 0.066
2632.61556 18.767 0.037
2632.71305 18.842 0.039
2632.74233 19.029 0.043
2632.82287 19.084 0.055
2634.61436 18.799 0.038
2634.70439 18.702 0.038
2634.83832 18.724 0.051
2635.66456 18.820 0.038
2635.74188 18.744 0.036
2635.81354 18.698 0.043
2635.84482 18.750 0.046
2636.69245 18.890 0.039
2636.77282 18.772 0.053
2636.85252 18.747 0.049
2637.65448 18.884 0.051
2637.83618 18.842 0.038
2638.63576 18.753 0.039
2638.73670 18.755 0.050
2638.80674 18.859 0.056
2638.83615 18.827 0.058
2639.60885 18.772 0.034
2639.84521 18.837 0.037
2640.61783 18.838 0.046
2640.75977 18.731 0.039
2641.61790 19.100 0.060
2641.75432 18.809 0.041
2641.77492 18.783 0.041
2641.86517 18.715 0.059
2642.61605 19.201 0.061
2642.71783 19.072 0.067
2643.62297 18.899 0.038
2643.76663 19.155 0.051
2644.60561 18.696 0.041
2644.72034 18.873 0.048
2645.62043 18.701 0.204
2645.75626 18.745 0.039
2645.77687 18.769 0.038
2645.86266 19.188 0.108
2646.62505 18.767 0.045
2646.75052 18.727 0.038
2647.62549 18.916 0.047
2647.70588 18.755 0.038
2647.73532 18.776 0.046
2649.62265 18.867 0.042
2649.71513 18.888 0.035
2650.64283 18.780 0.034
2650.70440 18.786 0.050
2650.81835 18.892 0.043
2651.63887 18.724 0.043
2651.73467 18.737 0.038
2652.60385 18.837 0.040
2652.68280 18.747 0.051
2652.78438 18.695 0.041
2653.61169 19.002 0.057
2653.65973 18.867 0.051
2653.78851 18.887 0.070
2654.63034 19.129 0.071
2654.70737 19.108 0.067
2654.84798 18.715 0.041
2655.61597 18.941 0.052
2655.71644 19.095 0.057
2655.81954 18.917 0.052
2656.62746 18.720 0.043
2656.77647 19.020 0.076
2656.87372 19.217 0.105
2657.62983 18.770 0.048
2657.65126 18.695 0.042
2657.87017 19.114 0.098
2658.59135 18.819 0.060
2658.69091 18.795 0.062
2658.77193 18.748 0.067
2659.64988 18.785 0.044
2659.78457 18.636 0.073
2659.80505 18.800 0.063
2660.60411 18.903 0.050
2660.71532 18.846 0.046
2661.60916 18.759 0.031
2661.66296 18.854 0.038
2662.64787 18.748 0.054
2662.72217 18.858 0.052
2662.78349 18.890 0.058
2663.66250 18.757 0.043
2664.71539 18.817 0.065
2664.73676 18.733 0.066
2665.70616 18.781 0.033
2665.83004 18.734 0.049
2666.65231 19.150 0.049
2666.77012 18.768 0.035
2666.79059 18.792 0.038
2666.83614 18.771 0.054
2667.68726 19.183 0.060
2667.84797 19.075 0.083
2668.76164 19.027 0.057
2668.78213 19.236 0.077
2671.69723 18.804 0.060
2672.67438 18.824 0.062
2672.77840 18.851 0.046
2673.81997 18.927 0.067
2674.67925 18.817 0.049
2674.80137 18.911 0.052
2675.66194 18.652 0.047
2675.76482 18.818 0.038
2675.80917 18.851 0.041
2676.66406 18.588 0.043
2676.74738 18.765 0.044
2677.66475 18.840 0.061
2677.72346 18.768 0.038
2677.79618 18.669 0.051
2678.63925 19.099 0.051
2678.76950 18.790 0.039
2679.65880 19.047 0.070
2679.79425 18.858 0.055
2679.81484 18.923 0.067
2680.78032 19.081 0.049
2681.61903 18.800 0.051
2681.73057 18.926 0.054
2682.59646 18.803 0.049
2683.63158 18.895 0.057
2687.63665 18.674 0.051
2692.57946 18.772 0.048
2697.52585 18.814 0.048
2702.52465 19.086 0.083
2708.55345 18.796 0.051
2724.52332 18.857 0.043
2871.91478 18.842 0.050
2884.87440 18.726 0.043
2890.89640 18.971 0.086
2896.84907 18.724 0.049
2902.78371 18.711 0.034
2911.89223 18.898 0.039
2917.79576 18.830 0.038
2923.79792 19.111 0.061
2926.85100 18.832 0.043
2931.77947 18.746 0.037
2934.81987 18.765 0.041
2940.80027 18.781 0.038
2943.80445 18.762 0.038
2947.81297 18.988 0.040
2950.72693 18.762 0.047
2954.75018 18.810 0.052
2956.79573 18.731 0.038
2958.84034 18.817 0.066
2962.83459 18.856 0.038
2965.84376 18.807 0.039
2967.78353 18.780 0.043
2970.83751 18.749 0.034
2974.77552 18.744 0.036
2976.66501 18.923 0.051
2979.64844 18.736 0.049
2983.77657 19.036 0.058
2985.82431 19.074 0.051
2987.72307 18.757 0.050
2989.66575 18.867 0.036
2991.73800 18.756 0.040
2993.74569 18.654 0.038
2995.82092 18.794 0.037
2997.78985 19.092 0.053
2998.73736 18.778 0.038
3000.73986 18.817 0.052
3002.73769 18.905 0.043
3004.73066 18.735 0.034
3006.72363 18.755 0.035
3008.73809 19.151 0.064
3010.78452 18.972 0.050
3011.80086 18.758 0.051
3016.73449 18.730 0.035
3018.76491 18.791 0.041
3020.82864 18.880 0.047
3021.85362 19.121 0.067
3023.71458 18.677 0.035
3025.68622 18.873 0.030
3027.73167 18.895 0.036
3029.71651 18.753 0.037
3031.78690 18.844 0.053
3034.61823 18.665 0.027
3036.64860 18.828 0.038
3039.59051 18.674 0.041
3042.69804 18.798 0.052
3044.63748 19.085 0.059
3046.62345 18.710 0.044
3047.72580 18.691 0.045
3048.65689 18.800 0.035
3049.68044 18.889 0.033
3051.64979 18.759 0.043
3053.62503 18.724 0.028
3055.64204 19.164 0.056
3057.66719 18.856 0.037
3059.61180 18.849 0.040
3061.60410 18.955 0.055
3066.57370 19.075 0.074
3068.60155 18.980 0.068
3070.67189 18.820 0.076
3073.69020 18.775 0.053
3076.61394 18.755 0.060
3079.59379 19.113 0.043
3082.68296 18.762 0.033
3085.58275 18.929 0.046
3088.54303 18.743 0.044
3091.52592 19.191 0.071
3096.57443 18.783 0.068
3100.50543 18.678 0.060
3103.52368 19.143 0.060
3106.54495 18.729 0.039
3109.53056 18.951 0.044
3112.58602 18.625 0.042
3116.56408 19.130 0.080
3127.56127 19.186 0.061
3133.52177 19.082 0.084
3223.92000 18.997 0.067
3249.91825 18.671 0.051
3258.90558 18.960 0.050
3264.87180 19.031 0.037
3271.81954 19.004 0.070
3274.82355 18.856 0.055
3278.89649 19.017 0.062
3282.80314 19.027 0.045
3287.82764 18.912 0.034
3295.78539 18.894 0.035
3301.83892 19.155 0.065
3305.74792 18.928 0.045
3307.77279 18.859 0.072
3309.80920 18.664 0.031
3311.80281 18.781 0.041
3320.86625 18.854 0.065
3327.81866 18.758 0.032
3330.79472 18.925 0.054
3336.64714 19.067 0.061
3339.82561 18.961 0.060
3350.76312 19.018 0.036
3353.81930 18.801 0.032
3357.76000 18.711 0.036
3360.73671 19.154 0.043
3365.85615 18.664 0.038
3373.82023 18.926 0.063
3378.74702 18.877 0.044
3394.63016 18.852 0.054
3395.80297 18.689 0.047
3399.78390 18.872 0.061
3403.77101 18.903 0.048
3408.69420 18.996 0.042
3413.54039 18.843 0.047
3417.63427 18.835 0.051
3427.57030 18.789 0.051
3434.52214 18.850 0.042
3440.54630 18.707 0.040
3447.51554 18.739 0.046
3456.54111 19.230 0.083
3469.49599 18.876 0.038
3478.48852 18.846 0.048
3601.89896 18.772 0.045
3619.90165 18.906 0.042
3630.78305 19.085 0.088
3636.84048 18.941 0.062
3640.79039 18.962 0.040
3651.82421 18.700 0.039
3654.87041 19.119 0.044
3665.85305 18.884 0.045
3670.82264 18.823 0.043
3673.83292 18.782 0.029
3676.83307 18.801 0.038
3685.77241 18.792 0.036
3687.85914 18.706 0.036
3690.78111 19.111 0.060
3693.81671 18.698 0.038
3695.84783 18.778 0.036
3698.83748 18.819 0.043
3701.70640 19.159 0.048
3703.79021 18.882 0.037
3705.85441 18.723 0.034
3708.84211 18.902 0.046
3712.79968 18.793 0.036
3715.76535 18.837 0.037
3718.70118 18.833 0.047
3720.85096 19.027 0.060
3724.76854 18.763 0.031
3728.74656 18.734 0.035
3731.80968 18.830 0.031
3733.67239 18.646 0.026
3735.66026 18.762 0.026
3737.81878 18.906 0.031
3740.78215 18.804 0.034
3742.79266 18.858 0.073
3745.82470 18.862 0.040
3747.82747 18.753 0.065
3749.77475 18.864 0.072
3751.78863 19.267 0.077
3753.73800 18.744 0.038
3755.73806 18.878 0.048
3757.72780 18.840 0.038
3759.81810 18.777 0.038
3763.69016 18.902 0.026
3766.70673 18.845 0.043
3770.73431 18.854 0.051
3773.76552 18.848 0.051
3776.73988 18.965 0.061
3783.60717 18.753 0.035
3788.58139 18.736 0.031
3793.58694 18.758 0.033
3801.52272 18.858 0.038
3811.51346 18.848 0.050
3826.49846 18.889 0.047
3958.89240 19.481 0.133
3965.85830 18.925 0.035
3970.87838 19.016 0.047
3982.82915 19.154 0.059
3999.87334 18.743 0.038
4003.74924 18.761 0.031
4006.77038 19.162 0.042
4008.79127 18.834 0.036
4019.80404 19.183 0.054
4024.79708 18.876 0.038
4026.86607 18.884 0.039
4029.81042 18.819 0.040
4032.84699 19.005 0.055
4039.67923 18.729 0.038
4041.75294 19.000 0.051
4043.75795 19.006 0.059
4046.85109 18.723 0.048
4049.72122 18.835 0.035
4052.78255 18.713 0.030
4056.82785 18.916 0.043
4059.72261 19.008 0.051
4064.79285 18.672 0.026
4066.79020 19.039 0.050
4069.74331 18.673 0.036
4071.67127 18.773 0.046
4076.74345 18.650 0.045
4079.78495 19.154 0.075
4082.83283 18.783 0.039
4084.79809 18.747 0.051
4086.82316 19.097 0.064
4103.65879 18.871 0.045
4106.57960 18.826 0.051
4111.80195 18.710 0.032
4117.74253 18.673 0.050
4121.72049 18.842 0.070
4127.67117 19.045 0.038
4132.76010 18.827 0.055
4143.54738 18.902 0.041
4157.54611 18.836 0.050
4169.50331 18.748 0.049
4198.53307 19.113 0.058
4343.86596 18.754 0.046
4348.83483 19.006 0.050
4353.86617 18.976 0.052
4358.81818 18.956 0.061
4364.90454 18.728 0.056
4367.87837 18.823 0.043
4370.90006 18.726 0.070
4373.85604 18.845 0.041
4378.75945 18.768 0.048
4381.74764 18.775 0.057
4386.86550 18.743 0.041
4390.82748 18.915 0.043
4394.87412 18.757 0.039
4399.80181 18.766 0.051
4408.70679 18.907 0.060
4412.78918 18.813 0.045
4423.73953 18.754 0.041
4427.74160 18.699 0.041
4430.74489 18.831 0.063
4433.76248 18.812 0.043
4437.76042 18.855 0.059
4440.70465 18.782 0.043
4443.79712 18.977 0.056
4449.76805 18.894 0.048
4451.80369 18.847 0.051
4455.76904 19.092 0.062
4457.80029 18.921 0.062
4459.76751 18.749 0.040
4463.76423 18.769 0.034
4465.78099 18.683 0.035
4468.74523 19.139 0.046
4470.70077 18.788 0.041
4473.74395 18.911 0.061
4476.76493 18.741 0.036
4482.80582 18.835 0.054
4485.79615 18.796 0.059
4490.64339 19.120 0.066
4494.70944 18.799 0.049
4498.73356 18.890 0.044
4501.73092 18.780 0.049
4506.66493 18.744 0.047
4508.69179 18.769 0.047
4509.75588 18.854 0.044
4512.72570 18.735 0.040
4518.66590 18.732 0.069
4521.70646 18.897 0.053
4523.68550 18.890 0.068
4525.65009 18.716 0.039
4531.63381 18.794 0.038
4534.56270 18.816 0.055
4537.67848 18.648 0.036
4539.59775 19.128 0.064
4542.51515 18.760 0.058
4545.61250 18.811 0.050
4547.58055 18.665 0.046
4552.61375 19.154 0.070
4559.59795 18.673 0.041
4568.56614 18.871 0.050
4575.54310 19.159 0.073
4589.50540 18.788 0.064
4616.47730 18.957 0.076
4685.89588 18.722 0.041
4699.85906 18.975 0.055
4708.91837 18.803 0.047
4720.85665 18.804 0.035
4725.79714 18.827 0.048
4728.90832 18.711 0.054
4734.87117 18.815 0.055
4741.81824 18.805 0.036
4743.85566 18.924 0.038
4747.76466 19.136 0.051
4748.88448 18.957 0.042
4749.75408 18.805 0.046
4753.83408 18.812 0.051
4757.83698 18.760 0.047
4760.85920 19.037 0.046
4765.87183 18.759 0.051
4769.76788 18.786 0.048
4772.79996 19.067 0.075
4775.81761 18.794 0.044
4777.83108 18.703 0.040
4782.68103 18.891 0.052
4784.78108 19.180 0.068
4789.68988 18.981 0.044
4793.69615 18.761 0.048
4796.74276 19.125 0.046
4798.69004 18.724 0.049
4801.65591 18.804 0.042
4803.70146 18.824 0.050
4805.80184 18.761 0.036
4808.73634 19.312 0.071
4810.79638 18.962 0.037
4813.77720 18.722 0.065
4815.76095 18.857 0.058
4817.75845 18.729 0.038
4819.76751 18.783 0.035
4822.74732 18.853 0.032
4823.82683 18.843 0.034
4824.69353 18.829 0.038
4824.74396 18.753 0.033
4824.76536 18.658 0.034
4825.66975 18.904 0.038
4825.79067 18.813 0.048
4826.77823 18.865 0.039
4833.64272 18.837 0.035
4833.78102 19.068 0.044
4834.70061 18.876 0.048
4835.79157 18.816 0.038
4837.79067 18.843 0.071
4839.74201 18.909 0.049
4841.80634 18.770 0.043
4843.80618 18.941 0.074
4846.79607 19.125 0.061
4848.82596 18.909 0.054
4852.78249 18.806 0.048
4854.78390 18.689 0.038
4856.79049 18.878 0.049
4861.74557 18.734 0.043
4867.70953 18.770 0.041
4869.67851 19.064 0.055
4871.68616 18.651 0.050
4875.67212 18.834 0.051
4877.69721 18.803 0.043
4879.70392 18.952 0.051
4882.72264 19.006 0.059
4885.68450 18.762 0.040
4889.64254 18.652 0.040
4901.54062 18.688 0.054
4902.57468 18.942 0.072
4902.64088 18.766 0.064
4903.52684 19.110 0.071
4904.54399 19.248 0.090
4911.65965 18.861 0.048
4915.57882 18.945 0.053
4919.58404 18.696 0.037
4925.59703 18.777 0.040
4929.56424 18.968 0.071
4932.59938 18.660 0.049
4935.57727 19.017 0.064
4939.58410 18.871 0.050
4940.48497 19.036 0.041
4941.47299 18.809 0.056
4942.48145 18.762 0.054
4942.48909 18.752 0.044
4943.51233 18.702 0.045
4944.47503 18.944 0.052
4949.54325 18.668 0.031
4954.54187 18.822 0.069
