2167.86807 17.984 0.028
2186.84186 18.016 0.043
2190.82726 17.930 0.024
2192.87023 17.979 0.028
2193.79178 18.177 0.025
2202.79126 18.018 0.029
2214.83893 18.032 0.038
2221.78093 18.167 0.041
2224.79337 17.927 0.025
2227.70424 18.112 0.033
2229.70971 17.931 0.030
2231.67808 18.020 0.030
2233.64640 17.920 0.025
2236.65875 18.068 0.034
2239.62679 17.962 0.036
2241.71371 17.987 0.033
2243.76742 17.945 0.028
2247.84931 17.938 0.027
2248.85196 18.051 0.025
2250.78200 18.020 0.025
2252.69899 17.924 0.025
2254.69027 17.940 0.022
2257.69848 18.246 0.029
2260.70395 17.914 0.022
2266.69531 18.018 0.030
2270.76248 18.039 0.028
2271.84323 18.003 0.018
2272.74868 18.229 0.038
2274.74022 18.043 0.028
2276.80160 18.309 0.044
2278.66585 17.993 0.029
2280.74419 18.223 0.030
2282.74010 17.964 0.025
2289.80358 18.004 0.027
2292.82001 18.054 0.036
2296.80881 18.025 0.046
2298.80244 17.972 0.031
2300.78007 17.909 0.035
2302.75319 17.997 0.034
2315.67893 17.887 0.023
2324.53678 17.968 0.036
2328.52368 17.998 0.037
2334.51697 18.114 0.030
2364.50646 18.007 0.041
2385.52393 18.120 0.040
2529.86808 17.945 0.027
2539.86806 17.896 0.031
2545.83527 18.100 0.033
2552.89377 17.930 0.031
2556.88243 17.965 0.027
2560.79169 18.087 0.029
2561.79321 18.005 0.031
2565.79967 17.972 0.031
2574.74973 17.968 0.025
2578.81808 17.997 0.033
2586.74015 17.957 0.030
2590.78842 17.958 0.029
2596.79513 18.019 0.031
2605.83493 17.931 0.025
2609.79999 17.965 0.034
2614.77734 18.005 0.031
2618.80793 17.955 0.030
2621.73308 18.259 0.030
2624.65264 18.037 0.030
2627.76172 17.990 0.037
2629.78266 18.054 0.031
2632.68247 18.258 0.031
2635.78309 17.962 0.024
2638.70089 18.069 0.030
2640.79758 18.302 0.044
2642.75583 18.070 0.041
2644.75481 18.122 0.029
2646.71449 17.964 0.027
2650.76579 17.967 0.029
2652.86017 18.035 0.029
2654.78918 17.956 0.029
2656.69466 17.889 0.031
2658.65709 17.958 0.027
2660.67627 17.992 0.033
2662.69085 18.059 0.031
2664.66583 18.060 0.030
2666.73138 18.111 0.025
2668.72228 18.082 0.030
2672.81599 18.088 0.034
2674.72185 18.285 0.036
2676.71102 18.087 0.028
2678.78338 18.248 0.030
2680.67012 17.942 0.025
2682.71544 17.980 0.037
2687.60386 18.078 0.036
2692.60254 17.971 0.027
2696.59376 18.155 0.034
2701.58545 17.963 0.033
2708.51512 18.053 0.043
2715.51075 18.376 0.059
2870.92906 18.024 0.037
2890.86355 18.083 0.043
2895.89942 17.925 0.024
2900.86365 18.072 0.028
2911.84905 18.065 0.023
2917.76302 18.061 0.029
2922.88518 18.001 0.037
2926.81812 18.056 0.030
2931.74637 17.995 0.027
2934.78715 18.043 0.025
2940.76767 17.987 0.025
2943.77186 18.276 0.036
2947.78050 18.295 0.030
2949.87036 18.035 0.035
2950.69431 17.971 0.028
2954.71764 18.062 0.037
2956.76299 17.978 0.027
2958.80465 18.028 0.030
2962.80179 18.278 0.029
2965.82480 17.932 0.024
2968.69250 18.007 0.029
2973.76601 18.069 0.028
2976.63244 17.937 0.029
2978.83351 18.040 0.027
2980.74848 17.922 0.025
2982.75655 17.944 0.024
2984.78814 17.937 0.027
2987.66953 17.989 0.030
2989.62763 17.952 0.023
2991.69160 17.959 0.024
2993.71192 17.991 0.033
2995.78677 17.955 0.025
2997.75738 17.930 0.025
2999.65707 17.985 0.023
3000.70597 18.257 0.034
3002.69426 18.027 0.027
3004.69512 18.033 0.024
3006.63861 17.973 0.027
3008.79352 18.087 0.029
3010.71309 17.904 0.031
3011.76805 18.069 0.040
3015.78562 18.312 0.053
3017.77331 18.088 0.029
3019.72702 18.241 0.038
3021.82000 18.014 0.028
3023.68208 18.019 0.022
3025.65351 17.931 0.020
3027.69908 17.980 0.024
3029.68399 17.932 0.025
3031.75406 17.973 0.027
3033.81765 17.961 0.025
3036.61613 18.033 0.024
3039.55801 18.073 0.031
3041.66605 18.075 0.043
3043.67676 18.044 0.037
3045.73963 18.037 0.030
3047.69328 18.060 0.033
3048.62449 17.948 0.021
3050.64151 17.917 0.022
3052.64290 17.962 0.023
3054.64738 17.985 0.028
3056.63554 18.044 0.023
3058.62948 18.012 0.030
3060.67910 18.085 0.028
3066.52541 17.989 0.041
3068.56496 18.100 0.036
3070.63721 18.083 0.040
3073.65705 17.997 0.030
3076.58090 17.954 0.035
3078.66769 17.970 0.029
3082.64469 17.918 0.021
3085.54713 18.007 0.028
3088.51013 18.029 0.031
3090.65184 17.949 0.028
3093.53444 17.942 0.035
3098.64375 18.318 0.042
3102.61446 18.318 0.041
3105.62019 17.940 0.029
3108.59815 18.029 0.027
3111.54653 18.121 0.042
3129.48884 17.966 0.035
3134.50970 18.100 0.035
3216.90355 18.072 0.041
3242.83830 17.970 0.031
3248.89105 17.929 0.029
3258.86763 18.262 0.031
3264.83869 18.011 0.024
3270.90539 17.982 0.033
3274.79075 17.984 0.033
3278.84570 17.920 0.030
3282.82188 18.014 0.027
3287.79529 17.959 0.020
3295.75289 17.988 0.022
3301.80648 18.003 0.031
3304.87092 18.042 0.030
3307.74035 18.292 0.049
3309.77250 18.082 0.028
3311.77045 18.262 0.031
3320.81808 17.997 0.024
3327.78599 17.929 0.024
3330.74435 18.125 0.037
3334.84384 18.255 0.043
3339.79167 18.062 0.029
3350.72801 18.065 0.021
3353.83797 18.179 0.029
3357.62826 18.008 0.028
3360.66709 18.288 0.031
3363.77535 17.945 0.025
3369.85265 17.958 0.030
3375.78900 18.179 0.030
3378.71453 17.913 0.023
3394.59764 18.089 0.034
3396.64849 18.030 0.027
3399.75111 17.968 0.034
3403.73847 17.934 0.024
3408.62292 17.935 0.023
3413.57790 18.078 0.027
3417.59499 17.988 0.025
3425.60314 17.928 0.033
3431.59113 17.993 0.023
3437.56667 18.048 0.028
3446.53576 18.034 0.028
3456.49730 18.121 0.038
3474.48389 17.930 0.036
3603.92609 18.336 0.036
3619.86910 17.963 0.024
3633.84559 18.300 0.040
3639.81205 18.108 0.024
3644.84810 17.998 0.023
3651.79055 17.960 0.023
3654.83832 18.093 0.027
3658.80191 18.043 0.029
3660.82671 18.121 0.037
3665.82070 18.004 0.033
3670.79042 17.907 0.027
3673.80054 18.095 0.025
3676.80058 17.939 0.023
3684.85458 17.960 0.024
3687.82694 17.945 0.022
3690.74688 18.190 0.035
3693.78439 17.958 0.025
3695.81571 17.979 0.022
3698.80528 18.104 0.030
3700.82391 18.007 0.031
3703.75798 18.115 0.025
3705.82218 18.336 0.028
3708.80998 17.905 0.028
3712.76750 17.970 0.023
3714.83827 17.941 0.022
3717.73067 17.963 0.028
3720.81876 18.126 0.031
3724.73639 18.278 0.029
3727.81098 17.994 0.025
3728.77373 18.152 0.027
3731.77727 17.989 0.022
3732.76036 18.003 0.021
3735.61678 18.248 0.023
3737.78665 18.037 0.020
3740.74857 17.919 0.021
3742.75588 17.987 0.030
3745.79184 18.081 0.025
3747.79444 18.201 0.050
3748.76165 17.972 0.033
3750.77183 18.021 0.029
3752.78189 17.988 0.029
3754.79968 18.098 0.027
3757.58065 18.041 0.028
3759.78574 17.965 0.023
3763.65767 17.989 0.017
3766.61407 17.905 0.020
3770.70060 17.991 0.028
3773.73335 18.270 0.036
3776.70506 17.975 0.033
3779.65834 17.922 0.036
3783.57501 17.934 0.024
3788.54773 18.157 0.024
3792.58520 18.044 0.025
3800.56708 17.956 0.023
3810.52513 18.010 0.031
3824.49532 18.037 0.034
3950.91893 18.068 0.028
3964.91767 17.984 0.021
3970.84256 18.060 0.028
3981.91111 17.960 0.029
3990.89983 18.053 0.030
3998.90362 17.937 0.025
4003.71731 17.963 0.022
4005.89303 18.221 0.028
4006.73859 18.122 0.024
4008.75938 18.271 0.025
4013.75992 17.947 0.028
4018.89250 18.138 0.037
4024.75646 17.980 0.022
4026.83410 18.001 0.024
4029.77869 18.119 0.029
4032.80953 17.911 0.033
4038.76126 18.058 0.027
4041.72123 17.912 0.024
4043.72617 17.944 0.027
4046.81955 18.244 0.035
4049.68871 17.965 0.023
4052.75003 18.042 0.022
4056.79600 17.970 0.023
4058.84316 18.142 0.028
4063.72598 18.035 0.024
4065.84912 18.230 0.033
4067.69102 18.028 0.023
4070.71325 17.977 0.024
4074.78199 17.981 0.027
4077.83076 18.102 0.027
4080.70734 18.272 0.035
4084.63566 18.111 0.030
4086.79139 18.100 0.030
4093.83277 17.975 0.023
4105.85098 18.024 0.033
4111.77011 18.043 0.022
4117.71051 17.935 0.025
4121.68847 17.996 0.034
4124.77073 18.057 0.022
4132.72664 17.889 0.031
4142.74838 17.946 0.042
4156.58349 18.022 0.027
4168.54399 17.960 0.024
4198.49812 17.913 0.030
4343.83412 17.958 0.030
4347.90118 17.929 0.025
4353.83435 18.125 0.028
4358.78576 17.952 0.037
4363.82827 18.043 0.037
4367.78807 17.998 0.030
4370.82483 18.038 0.034
4373.82426 17.956 0.024
4377.84327 17.979 0.030
4380.88794 18.300 0.034
4386.83380 17.990 0.031
4390.79580 17.949 0.025
4394.81339 17.944 0.022
4399.76996 18.043 0.034
4407.73288 17.936 0.027
4412.75651 18.068 0.033
4418.84202 18.190 0.025
4422.73413 17.969 0.024
4427.70978 18.081 0.031
4430.71310 17.966 0.036
4433.73072 18.077 0.029
4436.81208 17.999 0.031
4440.67297 18.297 0.035
4443.76542 17.942 0.031
4449.72804 17.980 0.024
4451.76762 17.997 0.027
4452.74693 18.056 0.030
4455.73711 18.025 0.031
4457.76732 18.015 0.036
4459.73199 18.254 0.035
4462.70980 17.939 0.028
4464.78014 17.944 0.030
4467.75588 18.233 0.028
4471.81380 18.184 0.033
4472.64319 18.058 0.024
4476.69674 18.049 0.024
4480.80021 18.071 0.028
4483.78849 17.953 0.029
4486.81477 18.333 0.052
4492.67256 17.984 0.029
4497.73425 18.233 0.030
4500.57591 18.132 0.033
4502.71711 17.979 0.033
4507.72000 17.977 0.029
4509.67169 18.003 0.030
4521.66832 17.979 0.029
4523.65334 18.109 0.034
4525.61801 18.052 0.031
4531.59400 18.261 0.029
4533.59637 18.023 0.027
4537.64645 18.017 0.029
4539.56558 17.978 0.031
4541.64776 18.002 0.029
4545.57517 17.948 0.028
4547.62488 17.965 0.037
4559.56558 18.050 0.031
4565.50640 18.072 0.035
4571.55519 18.038 0.043
4580.49229 18.247 0.047
4600.51729 17.961 0.036
4609.47038 17.943 0.042
4684.93656 17.953 0.035
4697.91534 17.992 0.042
4708.88639 18.099 0.030
4720.82477 17.943 0.023
4725.76459 18.058 0.033
4728.87230 18.001 0.030
4734.83355 18.060 0.025
4748.85669 18.030 0.022
4753.85703 18.058 0.031
4757.80518 18.058 0.029
4760.80677 17.977 0.023
4763.86575 18.193 0.042
4769.73600 17.925 0.029
4772.76813 18.062 0.025
4775.78558 17.975 0.036
4777.79874 17.983 0.025
4781.85692 17.976 0.029
4784.74933 17.971 0.034
4788.84624 17.942 0.022
4792.74214 17.979 0.028
4794.84520 17.955 0.025
4797.84736 18.294 0.033
4799.74108 17.999 0.031
4801.67398 17.960 0.025
4803.66966 17.963 0.029
4805.76791 17.973 0.024
4808.66831 18.147 0.030
4810.76024 18.080 0.030
4813.74529 18.009 0.038
4815.72912 18.065 0.033
4817.72671 17.976 0.025
4819.73565 18.187 0.027
4822.71554 17.933 0.023
4824.71268 17.977 0.027
4825.68229 18.071 0.025
4826.74655 17.960 0.027
4833.74899 18.027 0.022
4835.75940 18.015 0.029
4838.76409 18.125 0.027
4840.74705 18.056 0.027
4842.73512 18.286 0.042
4844.73140 18.067 0.029
4846.76344 18.290 0.035
4848.78728 17.993 0.027
4853.80909 17.995 0.027
4861.70002 18.217 0.034
4865.63071 17.992 0.024
4866.61322 18.008 0.027
4867.60601 17.962 0.023
4867.72515 18.003 0.024
4868.62612 18.242 0.031
4868.75597 17.997 0.024
4870.72858 18.024 0.034
4873.74662 17.964 0.033
4875.71825 17.960 0.024
4877.66537 17.951 0.024
4879.72181 17.978 0.029
4884.55848 17.952 0.033
4884.66602 17.986 0.029
4885.53082 18.079 0.031
4885.62254 18.084 0.027
4885.63706 18.017 0.028
4885.66305 18.005 0.028
4886.52973 17.905 0.023
4886.62766 17.959 0.024
4886.67233 17.940 0.023
4886.70392 17.989 0.027
4887.52928 18.296 0.031
4887.59636 18.253 0.024
4888.52637 17.957 0.028
4888.59828 17.921 0.022
4888.64223 17.940 0.025
4889.59597 18.045 0.028
4889.61070 18.038 0.029
4889.66157 18.042 0.029
4890.52422 17.953 0.025
4890.63247 17.957 0.025
4890.67302 17.904 0.024
4891.54080 18.156 0.030
4891.60178 18.289 0.031
4891.66192 18.227 0.028
4892.52870 17.964 0.028
4892.60088 17.933 0.027
4892.66945 17.950 0.025
4893.54313 18.001 0.029
4893.60757 18.080 0.033
4893.64769 18.100 0.035
4894.56166 18.008 0.028
4894.62668 17.981 0.028
4894.65818 17.981 0.030
4895.52702 18.034 0.029
4895.61020 18.134 0.029
4895.67193 18.316 0.037
4896.51547 18.017 0.023
4896.58294 17.994 0.025
4896.60693 17.951 0.027
4897.51727 17.964 0.027
4897.57403 17.964 0.027
4897.62250 17.990 0.028
4898.53915 18.093 0.034
4898.59126 18.058 0.034
4899.51799 17.938 0.028
4899.61418 18.045 0.031
4900.51674 18.054 0.036
4900.55789 18.074 0.037
4900.60203 18.028 0.031
4900.64540 17.997 0.036
4901.51937 17.927 0.038
4902.56237 18.238 0.046
4903.51466 17.948 0.035
4904.52322 18.039 0.037
4904.57893 18.043 0.035
4905.51668 17.947 0.029
4907.56987 17.979 0.030
4907.60269 17.949 0.031
4908.50662 17.985 0.030
4911.57488 17.940 0.028
4913.51010 18.070 0.037
4914.55934 17.996 0.031
4916.51718 17.936 0.027
4917.50223 18.293 0.038
4917.58256 18.124 0.025
4918.50211 17.972 0.030
4919.50156 18.069 0.029
4921.49984 18.250 0.033
4921.55434 18.326 0.037
4924.49837 17.942 0.025
4925.49701 18.163 0.035
4927.51214 18.038 0.037
4927.54944 17.988 0.034
4928.52421 18.010 0.033
4929.49243 18.059 0.040
4930.49945 18.004 0.038
4931.51962 17.967 0.033
4932.53005 18.054 0.043
4933.48715 17.923 0.029
4934.49636 17.979 0.029
4935.48616 17.918 0.030
4936.49244 18.334 0.035
4936.55666 18.204 0.035
4937.49124 17.911 0.021
4938.48752 17.998 0.034
4939.49334 17.920 0.028
4940.50453 18.322 0.035
4940.57153 18.372 0.036
4941.50057 17.922 0.034
4942.50417 18.060 0.030
4943.48500 16.873 0.013
4944.50545 18.098 0.029
4945.50112 17.946 0.025
4945.53828 17.997 0.024
4946.50709 18.024 0.030
4947.49014 18.010 0.031
4948.48589 17.953 0.030
4949.48440 18.053 0.028
4950.47873 17.955 0.037
4951.47715 18.313 0.054
4953.50620 18.052 0.034
4955.47210 18.336 0.037
4955.51356 18.256 0.034
