2165.84535 19.375 0.103
2171.86775 19.330 0.100
2183.82721 19.258 0.110
2184.82668 19.222 0.091
2191.79759 19.259 0.070
2200.80862 19.246 0.061
2206.74478 19.122 0.087
2216.87219 19.075 0.086
2223.73192 19.325 0.073
2226.70751 19.165 0.085
2228.75121 19.196 0.071
2230.66296 19.234 0.087
2232.68471 19.499 0.092
2234.67781 19.072 0.064
2238.62240 19.091 0.071
2240.75746 19.212 0.077
2242.75932 19.087 0.103
2244.81010 19.383 0.162
2249.67831 19.194 0.059
2251.82820 19.142 0.063
2253.66843 19.120 0.062
2256.67352 19.206 0.079
2259.66544 19.151 0.060
2262.67070 19.453 0.085
2269.73187 19.225 0.089
2273.62699 19.120 0.087
2277.68138 19.334 0.063
2279.70793 19.354 0.076
2281.70003 19.113 0.049
2283.72578 19.152 0.072
2288.71435 19.114 0.059
2290.74910 19.171 0.068
2292.72393 19.267 0.100
2294.69156 19.475 0.100
2296.71315 19.036 0.097
2298.66926 19.137 0.078
2302.65714 19.355 0.099
2304.66056 19.058 0.083
2316.53255 18.960 0.069
2322.57362 19.210 0.068
2325.57752 19.267 0.089
2331.51651 19.135 0.099
2337.53905 19.248 0.085
2345.49884 19.250 0.136
2350.50089 19.180 0.102
2365.51759 19.249 0.120
2519.89401 19.229 0.081
2526.87230 19.451 0.075
2541.86660 19.587 0.088
2544.79335 19.315 0.092
2551.79334 19.214 0.076
2554.88577 19.189 0.067
2558.88741 19.382 0.135
2563.77522 19.070 0.083
2571.83278 19.104 0.084
2577.77130 19.222 0.077
2580.80003 19.106 0.056
2588.83847 19.419 0.071
2594.71598 19.039 0.081
2599.74720 19.320 0.083
2607.71167 19.438 0.080
2617.70003 19.029 0.076
2620.66819 19.227 0.069
2622.81474 19.243 0.084
2624.80845 19.091 0.057
2625.78967 19.097 0.059
2628.59362 19.368 0.143
2631.59307 19.433 0.115
2634.57176 19.083 0.060
2640.65595 19.374 0.089
2642.64812 19.071 0.056
2644.63786 19.047 0.063
2646.63264 19.230 0.065
2650.59865 19.142 0.063
2652.61111 19.157 0.062
2654.71532 19.370 0.103
2657.66244 19.144 0.077
2659.74368 18.972 0.092
2661.74293 19.434 0.100
2663.66978 19.150 0.089
2665.71305 19.027 0.049
2667.63585 19.208 0.076
2671.61190 19.540 0.078
2673.61571 19.103 0.068
2675.61302 19.131 0.070
2677.61094 19.246 0.093
2679.67414 19.275 0.080
2681.66031 19.129 0.076
2685.60726 19.284 0.109
2690.56095 19.305 0.096
2694.55181 19.210 0.064
2699.51791 19.089 0.094
2705.52467 19.209 0.072
2711.55135 19.227 0.091
2731.50571 19.093 0.080
2872.85629 19.141 0.065
2883.86981 19.221 0.067
2892.83501 19.207 0.083
2896.80948 19.141 0.071
2900.89777 19.553 0.111
2905.88672 18.988 0.070
2910.79723 19.252 0.067
2915.80263 19.147 0.051
2921.80485 19.102 0.069
2925.74812 19.149 0.065
2929.77611 19.077 0.054
2932.85911 19.452 0.083
2939.73797 19.049 0.059
2942.71618 19.290 0.078
2946.73674 19.148 0.079
2949.72034 19.276 0.072
2952.71140 19.230 0.083
2955.77300 19.174 0.092
2957.70564 19.099 0.068
2960.73110 19.185 0.065
2960.82783 19.231 0.104
2963.71338 19.125 0.071
2966.68028 19.482 0.099
2968.84409 19.039 0.052
2972.67995 19.132 0.063
2975.65341 19.198 0.075
2977.72413 19.197 0.078
2979.77618 19.207 0.080
2981.78355 19.314 0.126
2983.68431 19.510 0.089
2986.66661 19.015 0.063
2988.63237 19.115 0.068
2990.76211 19.127 0.053
2992.64399 19.298 0.083
2994.74579 19.095 0.049
2996.62120 19.147 0.045
2998.60332 19.311 0.071
3000.62144 19.326 0.071
3002.60609 19.055 0.064
3004.60896 19.003 0.064
3006.65800 19.332 0.070
3008.60906 19.241 0.093
3010.62926 19.107 0.063
3012.72464 19.276 0.089
3016.64326 19.147 0.061
3018.62865 19.014 0.061
3020.66972 19.148 0.060
3022.73529 19.139 0.055
3024.68364 19.114 0.057
3026.65266 19.140 0.047
3028.65817 19.251 0.051
3030.69349 19.427 0.061
3035.62172 19.071 0.057
3038.60261 19.311 0.096
3041.52822 19.185 0.105
3043.55761 19.145 0.102
3045.59677 19.378 0.069
3047.55118 19.439 0.101
3049.55575 19.257 0.063
3051.54836 19.080 0.056
3053.54466 19.113 0.056
3055.54337 19.322 0.068
3057.54256 19.145 0.054
3059.54116 19.077 0.052
3061.53538 19.177 0.067
3064.55829 19.308 0.102
3067.54612 19.086 0.061
3069.53108 19.178 0.065
3072.52932 19.129 0.071
3075.52993 19.051 0.070
3077.61459 19.459 0.092
3081.60607 18.987 0.048
3084.51239 19.114 0.057
3086.55082 19.329 0.096
3089.53664 19.177 0.065
3092.52071 19.111 0.105
3098.51805 18.929 0.072
3101.48671 19.229 0.092
3103.48354 19.354 0.078
3109.48565 19.347 0.072
3113.47368 19.261 0.109
3123.50655 19.081 0.087
3133.48014 19.208 0.097
3230.87924 19.469 0.073
3238.86281 19.240 0.081
3246.89468 19.224 0.081
3262.85747 19.377 0.064
3268.78068 19.249 0.055
3272.89534 19.176 0.063
3275.89413 19.395 0.094
3280.89368 19.157 0.065
3283.83548 19.281 0.055
3289.74897 19.092 0.053
3294.75357 19.536 0.093
3298.78306 19.025 0.043
3300.83902 19.248 0.056
3303.74630 19.226 0.076
3306.74772 19.246 0.070
3308.76448 19.359 0.084
3310.79684 19.296 0.073
3314.71817 19.224 0.072
3321.63865 19.286 0.083
3325.70041 19.348 0.072
3329.73307 19.187 0.041
3334.62925 19.216 0.115
3338.68269 19.218 0.060
3349.66011 19.335 0.071
3352.80121 19.055 0.044
3355.69997 19.209 0.062
3359.62031 19.407 0.067
3366.68307 19.185 0.060
3377.63961 19.134 0.047
3379.74683 19.268 0.064
3386.64988 19.100 0.039
3390.75906 19.221 0.062
3395.76305 19.296 0.109
3398.63626 19.282 0.075
3400.61593 19.034 0.076
3403.62542 19.131 0.063
3406.55928 19.442 0.068
3406.61292 19.558 0.073
3410.57752 19.037 0.041
3415.59978 19.195 0.060
3422.52556 19.375 0.080
3429.57731 19.306 0.076
3434.56661 19.117 0.052
3444.50304 19.099 0.063
3450.53688 19.319 0.091
3569.94611 19.133 0.118
3591.91367 19.174 0.051
3608.90615 19.256 0.064
3615.89989 19.089 0.044
3628.90007 19.265 0.067
3633.77276 19.104 0.097
3638.80203 19.405 0.076
3641.77210 19.128 0.056
3646.83182 19.017 0.071
3652.89170 19.236 0.091
3656.82223 19.012 0.051
3661.75767 19.111 0.070
3665.76092 19.019 0.062
3671.72696 19.264 0.072
3674.84910 19.255 0.054
3683.76496 19.219 0.052
3686.81284 19.259 0.052
3689.72778 18.999 0.047
3692.65085 19.405 0.088
3695.71486 19.195 0.054
3698.67259 19.035 0.068
3700.71198 19.330 0.052
3702.79953 19.171 0.047
3705.70635 19.084 0.047
3707.68136 19.232 0.070
3712.83663 19.191 0.061
3715.83442 19.401 0.069
3718.63613 19.411 0.085
3721.61935 19.137 0.072
3725.68651 19.347 0.085
3727.63086 19.201 0.068
3731.66118 19.248 0.052
3736.64207 19.105 0.046
3739.64543 19.182 0.059
3741.66039 19.327 0.086
3745.59115 19.084 0.053
3749.58703 19.302 0.112
3751.69114 19.093 0.060
3754.55296 19.146 0.077
3756.71910 19.226 0.069
3758.64317 19.328 0.088
3761.69050 19.156 0.055
3764.66763 19.403 0.056
3769.66596 19.106 0.044
3772.63385 19.137 0.056
3775.60499 19.250 0.077
3778.60419 19.138 0.063
3781.61755 19.320 0.092
3785.58786 19.023 0.057
3790.55661 19.214 0.064
3797.53627 19.635 0.104
3804.53272 19.075 0.076
3817.49950 19.168 0.085
3935.93307 19.135 0.057
3960.88235 19.098 0.063
3967.93013 19.100 0.064
3973.90773 19.187 0.049
3979.89357 19.325 0.071
3987.83832 19.155 0.065
3994.89336 19.259 0.057
4001.80123 19.118 0.061
4004.77199 19.215 0.062
4007.70461 19.384 0.072
4009.77779 19.204 0.061
4014.75249 19.399 0.087
4016.81554 19.023 0.059
4021.84730 19.326 0.062
4025.85772 19.084 0.057
4028.76755 19.313 0.075
4030.84171 19.143 0.051
4037.73878 19.332 0.060
4040.73381 19.039 0.054
4042.75001 19.279 0.062
4045.85162 19.383 0.117
4048.71339 19.193 0.075
4051.65620 19.115 0.086
4053.75532 19.387 0.060
4055.70511 19.177 0.083
4057.68400 19.237 0.084
4060.62308 19.283 0.069
4065.64118 19.107 0.048
4067.60671 19.151 0.061
4069.59646 19.001 0.062
4072.63433 19.123 0.067
4077.66647 19.712 0.105
4080.65071 19.099 0.057
4084.68035 19.145 0.061
4092.76173 19.438 0.051
4100.81708 19.249 0.057
4104.72233 18.963 0.071
4107.65843 19.520 0.087
4117.62394 19.364 0.088
4121.62498 19.220 0.077
4123.69568 19.364 0.059
4126.59668 19.815 0.134
4129.68549 19.024 0.053
4146.53807 19.096 0.075
4153.54061 19.017 0.069
4164.52032 19.098 0.083
4176.51991 19.071 0.062
4192.49946 19.162 0.092
4316.92988 19.332 0.081
4345.84693 19.103 0.062
4350.80020 19.168 0.059
4355.82218 19.324 0.073
4362.75108 19.123 0.076
4365.76265 19.279 0.113
4369.75919 19.023 0.076
4373.73468 19.476 0.101
4376.77417 19.021 0.060
4379.77980 19.098 0.068
4383.78488 19.049 0.060
4392.72125 19.163 0.054
4397.75825 19.324 0.073
4402.83574 19.403 0.078
4406.78590 19.056 0.084
4409.85844 19.183 0.061
4416.81318 19.049 0.052
4420.83488 19.247 0.080
4424.86171 19.014 0.102
4428.85426 19.361 0.131
4431.70815 19.137 0.076
4435.72785 19.353 0.101
4438.85924 18.882 0.107
4441.83217 19.215 0.086
4444.66842 19.235 0.093
4450.68280 19.343 0.104
4453.66680 19.395 0.095
4456.66957 19.038 0.072
4458.65426 19.110 0.079
4463.66663 19.107 0.053
4466.65630 19.089 0.055
4469.63746 19.522 0.101
4473.59208 19.070 0.065
4477.67912 19.227 0.069
4479.66054 19.006 0.056
4483.66066 19.504 0.103
4486.65946 19.199 0.072
4489.67732 19.070 0.089
4493.63689 19.309 0.100
4498.59451 19.124 0.060
4500.70194 19.339 0.075
4502.63912 19.275 0.085
4507.59132 19.123 0.060
4509.58440 19.216 0.092
4515.55137 19.055 0.092
4520.54718 19.191 0.085
4523.56451 19.342 0.084
4525.56474 19.279 0.068
4531.53299 19.206 0.071
4534.50401 19.655 0.152
4540.52557 19.193 0.095
4543.61546 19.116 0.092
4549.49526 19.639 0.132
4559.49101 19.250 0.109
4566.49183 19.375 0.092
4571.48378 18.979 0.087
4589.46563 19.247 0.127
4672.90640 18.992 0.078
4690.91223 19.245 0.080
4703.87587 19.046 0.070
4715.87091 19.499 0.085
4721.90171 19.179 0.055
4726.76622 19.254 0.095
4731.80955 19.414 0.070
4743.82107 19.152 0.053
4750.82549 19.029 0.051
4755.84416 19.299 0.083
4759.77840 19.083 0.049
4762.73827 19.147 0.054
4768.71633 19.025 0.052
4771.75792 19.233 0.052
4774.68064 19.184 0.067
4776.79190 19.045 0.089
4779.82887 19.564 0.079
4783.69485 19.136 0.065
4787.71074 19.150 0.108
4789.85738 19.164 0.063
4793.70784 19.059 0.070
4795.68613 19.255 0.069
4799.68367 19.052 0.056
4802.69147 19.059 0.061
4805.64915 19.380 0.076
4807.73957 19.118 0.063
4810.67175 19.079 0.052
4813.65036 19.445 0.107
4815.66357 19.118 0.071
4817.66971 19.105 0.065
4819.66195 19.164 0.059
4821.69897 19.149 0.043
4825.71453 19.322 0.068
4831.75928 19.118 0.052
4834.67953 19.244 0.070
4836.68909 19.346 0.078
4839.67309 19.105 0.060
4841.67776 19.185 0.070
4843.68365 19.408 0.094
4845.69265 19.403 0.099
4846.64832 19.219 0.059
4848.67541 19.225 0.067
4850.66760 19.263 0.072
4852.64910 19.108 0.083
4854.64933 19.160 0.049
4856.65598 19.105 0.047
4859.63391 19.332 0.062
4864.60091 19.118 0.045
4865.65251 19.093 0.068
4868.63755 19.223 0.073
4870.60257 19.171 0.063
4872.63220 19.080 0.086
4874.53324 19.009 0.046
4876.52309 19.084 0.063
4879.61115 19.026 0.052
4882.60727 19.190 0.080
4884.52991 19.214 0.089
4887.56281 19.300 0.072
4901.60668 19.245 0.120
4911.58201 18.948 0.067
4915.50353 19.235 0.094
4918.51988 19.244 0.095
4924.53560 19.485 0.077
4928.53129 18.950 0.070
4933.50124 19.152 0.073
4937.49786 19.066 0.059
4941.51426 19.461 0.104
4946.51368 19.200 0.083
4953.46661 18.987 0.099
