2167.83852 17.645 0.024
2173.84588 17.627 0.018
2190.78366 17.739 0.021
2192.81843 17.741 0.021
2214.78575 17.625 0.024
2224.74253 17.660 0.019
2226.84669 17.652 0.030
2229.65861 17.730 0.025
2232.81719 17.725 0.023
2234.81161 17.751 0.018
2239.59656 17.797 0.029
2241.65811 17.785 0.027
2243.71669 17.748 0.023
2248.79332 17.718 0.018
2250.84219 17.711 0.019
2252.64834 17.689 0.021
2254.63927 17.673 0.021
2257.64314 17.654 0.018
2261.75749 17.616 0.018
2266.64079 17.651 0.022
2270.63690 17.720 0.019
2271.78770 17.715 0.018
2273.72418 17.791 0.026
2275.82461 17.765 0.024
2277.64625 17.773 0.019
2279.81860 17.770 0.021
2281.80543 17.782 0.020
2283.83965 17.779 0.019
2288.74579 17.752 0.019
2290.78416 17.715 0.021
2292.76068 17.727 0.025
2296.74612 17.705 0.027
2298.76553 17.677 0.023
2300.71855 17.646 0.027
2302.69635 17.678 0.024
2327.55448 17.773 0.027
2333.56449 17.667 0.030
2339.54097 17.630 0.029
2357.51217 17.799 0.044
2395.51312 17.640 0.030
2526.90528 17.673 0.019
2542.88422 17.799 0.023
2556.82690 17.688 0.020
2559.87673 17.689 0.023
2564.84336 17.637 0.022
2578.76713 17.735 0.026
2583.82159 17.820 0.027
2589.85295 17.769 0.022
2596.73758 17.731 0.029
2605.74060 17.668 0.020
2609.73685 17.631 0.026
2614.70304 17.666 0.024
2618.72732 17.711 0.025
2621.63489 17.751 0.021
2623.81853 17.764 0.022
2627.68200 17.837 0.031
2631.75738 17.760 0.034
2634.75950 17.755 0.022
2635.67882 17.735 0.019
2638.64992 17.726 0.021
2639.65003 17.725 0.018
2641.71766 17.677 0.022
2643.72634 17.687 0.023
2645.71405 17.637 0.019
2647.67185 17.663 0.022
2650.83336 17.636 0.019
2652.73463 17.654 0.024
2654.66944 17.686 0.027
2656.64237 17.680 0.023
2658.60540 17.676 0.027
2660.62282 17.669 0.021
2662.60567 17.749 0.024
2664.61320 17.715 0.022
2666.67141 17.732 0.018
2668.65631 17.730 0.032
2670.62631 17.795 0.029
2672.73559 17.769 0.025
2674.63396 17.769 0.027
2676.62053 17.773 0.021
2678.70821 17.731 0.024
2680.61888 17.662 0.024
2687.54233 17.656 0.033
2691.61268 17.620 0.030
2696.53545 17.692 0.027
2701.51762 17.688 0.026
2707.51500 17.698 0.027
2714.51391 17.797 0.036
2840.90300 17.794 0.028
2867.91561 17.651 0.021
2888.90948 17.887 0.020
2894.84455 17.674 0.022
2899.84616 17.620 0.019
2905.83513 17.669 0.025
2908.89618 17.648 0.020
2911.79448 17.623 0.018
2916.84468 17.654 0.018
2922.82853 17.737 0.026
2926.75595 17.787 0.022
2930.82970 17.830 0.022
2933.87411 17.799 0.023
2940.71125 17.636 0.019
2942.83304 17.620 0.018
2947.72557 17.589 0.021
2949.81574 17.626 0.018
2953.68247 17.671 0.026
2956.70829 17.641 0.020
2958.73459 17.620 0.023
2962.74643 17.654 0.019
2965.76586 17.701 0.018
2967.86531 17.785 0.029
2973.84947 17.842 0.026
2975.83863 17.831 0.024
2976.83389 17.792 0.023
2978.85350 17.712 0.024
2982.68564 17.708 0.022
2984.73315 17.652 0.020
2986.81575 17.620 0.023
2988.78034 17.610 0.018
2989.79627 17.580 0.018
2991.63668 17.647 0.018
2993.62410 17.631 0.018
2995.72372 17.639 0.018
2997.70267 17.652 0.018
2999.72487 17.631 0.019
3001.76153 17.633 0.019
3003.73219 17.657 0.018
3005.63746 17.659 0.021
3007.67052 17.701 0.023
3009.73682 17.751 0.022
3011.71255 17.760 0.026
3013.71700 17.799 0.024
3017.71843 17.810 0.022
3019.64642 17.829 0.025
3021.76519 17.755 0.018
3023.62698 17.713 0.018
3024.82812 17.686 0.023
3026.82479 17.647 0.016
3029.62915 17.624 0.017
3031.69910 17.585 0.017
3033.76261 17.610 0.017
3035.76964 17.651 0.019
3038.74712 17.618 0.021
3040.71776 17.638 0.025
3042.66167 17.669 0.024
3044.59558 17.650 0.022
3045.68456 17.686 0.024
3047.63830 17.623 0.023
3049.64400 17.670 0.018
3051.61218 17.677 0.022
3055.60565 17.788 0.024
3057.63110 17.807 0.023
3059.57499 17.830 0.019
3061.56803 17.806 0.027
3068.50936 17.697 0.026
3070.56505 17.611 0.021
3073.56576 17.591 0.026
3075.67872 17.594 0.024
3078.61072 17.594 0.021
3082.58822 17.631 0.020
3084.66526 17.622 0.018
3087.62795 17.645 0.023
3090.59135 17.673 0.024
3096.49839 17.760 0.037
3099.57936 17.761 0.029
3102.55814 17.758 0.029
3105.59085 17.820 0.025
3108.56881 17.782 0.024
3112.54610 17.681 0.022
3116.52744 17.616 0.022
3127.49485 17.642 0.018
3140.48350 17.768 0.026
3223.88372 17.688 0.025
3241.86998 17.698 0.024
3248.83340 17.574 0.024
3257.86126 17.611 0.018
3263.90724 17.608 0.018
3270.85021 17.684 0.020
3273.89822 17.754 0.023
3277.83425 17.778 0.023
3281.87803 17.727 0.018
3287.73909 17.697 0.017
3295.69138 17.576 0.014
3301.75189 17.649 0.023
3304.80782 17.583 0.020
3307.68265 17.629 0.028
3309.71804 17.594 0.018
3311.71589 17.575 0.018
3320.75868 17.768 0.018
3323.69350 17.729 0.022
3327.73026 17.693 0.018
3330.68910 17.656 0.025
3334.78836 17.638 0.025
3338.83482 17.554 0.018
3340.84990 17.569 0.020
3350.66834 17.601 0.014
3354.71475 17.603 0.017
3358.79571 17.682 0.016
3361.82852 17.697 0.018
3365.73092 17.698 0.022
3372.74722 17.690 0.018
3378.65993 17.640 0.017
3391.72765 17.605 0.020
3394.73921 17.588 0.020
3396.61919 17.625 0.021
3399.69641 17.677 0.021
3403.68367 17.725 0.021
3408.59310 17.715 0.019
3412.63834 17.664 0.021
3417.56579 17.658 0.020
3425.57401 17.565 0.023
3431.53570 17.557 0.018
3437.53748 17.624 0.020
3445.54284 17.682 0.021
3460.49108 17.654 0.021
3477.48581 17.623 0.023
3583.92791 17.737 0.020
3593.92617 17.637 0.022
3601.86312 17.590 0.020
3618.89723 17.702 0.018
3629.87849 17.716 0.020
3634.84509 17.698 0.018
3639.83840 17.576 0.016
3644.79318 17.586 0.017
3650.88205 17.640 0.018
3654.78128 17.637 0.017
3657.86353 17.679 0.018
3660.79798 17.702 0.023
3664.83306 17.718 0.018
3668.79102 17.718 0.022
3672.77924 17.723 0.020
3675.85892 17.680 0.017
3684.76703 17.626 0.015
3687.77268 17.642 0.017
3690.66314 17.660 0.032
3693.72652 17.589 0.018
3695.74806 17.624 0.018
3698.74078 17.657 0.020
3700.76964 17.667 0.018
3702.85729 17.638 0.018
3705.76406 17.675 0.016
3708.72265 17.685 0.021
3712.70954 17.716 0.019
3714.71989 17.738 0.018
3716.86152 17.752 0.041
3719.81316 17.738 0.023
3725.80704 17.636 0.022
3727.77945 17.642 0.018
3730.67486 17.545 0.014
3732.69958 17.614 0.015
3734.79763 17.563 0.018
3736.81390 17.618 0.018
3737.70225 17.610 0.017
3739.80137 17.617 0.017
3742.68723 17.633 0.020
3745.76291 17.670 0.018
3747.76560 17.683 0.028
3749.65733 17.673 0.028
3750.74229 17.690 0.020
3752.75298 17.714 0.020
3754.77072 17.710 0.021
3756.59425 17.764 0.019
3758.76712 17.711 0.025
3761.77951 17.730 0.018
3764.73394 17.689 0.018
3767.59378 17.687 0.018
3770.61149 17.620 0.017
3773.61433 17.579 0.019
3776.61374 17.606 0.018
3779.60328 17.603 0.024
3782.65401 17.596 0.018
3787.57897 17.691 0.020
3792.53070 17.678 0.021
3809.51993 17.661 0.027
3822.50574 17.653 0.026
3946.90204 17.586 0.022
3964.85887 17.680 0.017
3969.88299 17.740 0.024
3981.85775 17.636 0.021
3989.88478 17.632 0.018
3995.90848 17.616 0.027
4001.86148 17.605 0.015
4005.83915 17.655 0.016
4011.84360 17.754 0.020
4018.83518 17.762 0.019
4023.86732 17.712 0.020
4026.77578 17.649 0.015
4029.71705 17.618 0.024
4031.79739 17.649 0.017
4038.70650 17.611 0.017
4040.87334 17.536 0.027
4043.67199 17.643 0.025
4046.76410 17.635 0.021
4048.85362 17.635 0.024
4052.69649 17.697 0.017
4056.74054 17.725 0.021
4058.77286 17.685 0.016
4063.67241 17.676 0.017
4066.72969 17.703 0.017
4068.81719 17.679 0.017
4070.65963 17.673 0.018
4073.81901 17.601 0.019
4076.78716 17.643 0.020
4079.74951 17.603 0.019
4083.66634 17.550 0.020
4085.73184 17.597 0.019
4092.85030 17.646 0.018
4102.82684 17.787 0.024
4105.68573 17.714 0.020
4109.72862 17.742 0.018
4109.75885 17.681 0.016
4113.71461 17.657 0.015
4120.74503 17.593 0.018
4122.70144 17.586 0.016
4125.75267 17.578 0.018
4131.60602 17.655 0.016
4142.64261 17.773 0.029
4156.52928 17.675 0.021
4166.57052 17.625 0.027
4196.51994 17.662 0.029
4341.89587 17.636 0.025
4347.84578 17.624 0.022
4357.90716 17.778 0.032
4362.78294 17.706 0.026
4365.82442 17.687 0.030
4368.90172 17.652 0.037
4371.85232 17.655 0.020
4377.78815 17.681 0.024
4380.80466 17.671 0.021
4386.78031 17.628 0.021
4390.74231 17.642 0.021
4393.85638 17.667 0.023
4398.86766 17.704 0.022
4403.87460 17.691 0.037
4411.86614 17.669 0.024
4418.78730 17.679 0.018
4422.85337 17.659 0.020
4426.73169 17.646 0.025
4429.83767 17.607 0.030
4432.71854 17.624 0.019
4436.75791 17.680 0.021
4439.82350 17.694 0.028
4443.69322 17.760 0.029
4448.86039 17.729 0.031
4449.67795 17.742 0.020
4451.68752 17.690 0.024
4454.70403 17.663 0.020
4455.68629 17.654 0.023
4458.74473 17.659 0.022
4461.66164 17.627 0.019
4465.74475 17.665 0.019
4468.71330 17.606 0.018
4473.68262 17.623 0.018
4477.74074 17.654 0.022
4481.67832 17.710 0.020
4485.72637 17.756 0.027
4489.70988 17.721 0.030
4493.69972 17.710 0.027
4498.67637 17.622 0.019
4501.67369 17.688 0.021
4506.60763 17.672 0.023
4508.61762 17.680 0.020
4510.69790 17.626 0.022
4521.60798 17.702 0.027
4523.62383 17.671 0.022
4525.54322 17.712 0.022
4531.56525 17.774 0.023
4533.56762 17.760 0.026
4537.61763 17.700 0.024
4539.53661 17.667 0.025
4541.58887 17.683 0.029
4545.50801 17.656 0.023
4549.59281 17.674 0.026
4560.53542 17.648 0.024
4567.58455 17.721 0.026
4571.52938 17.769 0.029
4581.50631 17.699 0.025
4610.47439 17.724 0.035
4683.89829 17.648 0.021
4694.91675 17.702 0.028
4697.85493 17.756 0.029
4707.90572 17.725 0.021
4720.77101 17.657 0.023
4724.82429 17.635 0.022
4728.81178 17.671 0.023
4733.82150 17.652 0.020
4743.89018 17.788 0.023
4748.82752 17.772 0.020
4752.86057 17.695 0.022
4756.86989 17.672 0.020
4760.75300 17.643 0.018
4761.74103 17.641 0.019
4762.68976 17.633 0.022
4762.87644 17.628 0.022
4768.85446 17.642 0.020
4772.70079 17.655 0.023
4775.73015 17.709 0.026
4777.74493 17.657 0.021
4781.74137 17.687 0.021
4784.69497 17.739 0.034
4788.79197 17.794 0.022
4791.80248 17.804 0.019
4794.77397 17.778 0.021
4797.79317 17.730 0.022
4800.77004 17.667 0.017
4802.83705 17.658 0.019
4806.85042 17.654 0.020
4809.69816 17.633 0.022
4811.69447 17.602 0.028
4813.71625 17.625 0.028
4814.73509 17.633 0.022
4816.73196 17.663 0.024
4818.73117 17.638 0.017
4819.71722 17.677 0.017
4820.65054 17.698 0.017
4820.79079 17.647 0.018
4821.73277 17.659 0.018
4821.83444 17.685 0.018
4822.68705 17.714 0.020
4822.78764 17.705 0.017
4823.74900 17.722 0.018
4823.81069 17.725 0.018
4824.67594 17.733 0.020
4825.65827 17.730 0.018
4826.68031 17.777 0.022
4833.67825 17.784 0.019
4835.73064 17.776 0.022
4838.73524 17.785 0.022
4840.71946 17.714 0.022
4842.70346 17.717 0.022
4844.70271 17.688 0.021
4847.76969 17.699 0.023
4850.76278 17.655 0.021
4853.73926 17.595 0.020
4855.75471 17.575 0.021
4857.73282 17.599 0.020
4863.69412 17.674 0.024
4865.59432 17.716 0.020
4868.69790 17.756 0.022
4869.64313 17.783 0.027
4870.58339 17.743 0.020
4870.71001 17.733 0.026
4871.56928 17.711 0.025
4871.69772 17.776 0.029
4872.58607 17.776 0.034
4872.67242 17.847 0.038
4873.64274 17.785 0.022
4874.56556 17.827 0.024
4876.58921 17.804 0.020
4878.61402 17.811 0.019
4882.68716 17.767 0.022
4885.54534 17.737 0.022
4888.61255 17.664 0.018
4900.61633 17.601 0.025
4905.58144 17.656 0.029
4908.54005 17.734 0.021
4916.55646 17.740 0.024
4920.58706 17.797 0.022
4926.54323 17.758 0.030
4930.53982 17.672 0.026
4934.53658 17.602 0.023
4936.48464 17.653 0.021
4937.52832 17.582 0.020
4938.47990 17.632 0.026
4939.48565 17.592 0.021
4940.48111 17.616 0.018
4940.54432 17.606 0.018
4941.48498 17.603 0.025
4942.47758 17.567 0.024
4943.49274 17.607 0.023
4946.53793 17.632 0.024
4951.51769 17.767 0.032
