2167.89381 18.170 0.037
2193.81645 17.974 0.025
2202.81579 17.992 0.027
2214.86348 18.112 0.040
2215.76899 18.005 0.032
2224.81711 17.953 0.026
2227.72793 18.049 0.032
2229.73370 18.031 0.032
2231.70196 17.990 0.027
2233.67022 17.977 0.026
2237.58963 18.001 0.044
2239.65063 18.066 0.035
2241.74231 18.083 0.029
2243.80731 18.114 0.033
2248.66639 18.074 0.027
2250.75440 18.068 0.036
2252.72763 18.099 0.027
2254.71868 18.014 0.025
2257.72272 18.145 0.027
2265.77702 17.941 0.027
2266.74805 18.155 0.029
2270.79366 18.038 0.025
2272.64320 18.141 0.033
2274.77055 17.939 0.032
2276.82849 18.014 0.030
2278.78534 17.988 0.035
2280.76808 18.065 0.027
2282.76531 18.040 0.025
2289.82775 18.073 0.026
2291.81379 18.048 0.030
2293.78268 18.279 0.046
2295.80656 18.075 0.026
2297.79262 18.005 0.029
2300.81764 18.157 0.046
2302.77888 18.297 0.047
2315.70265 18.100 0.030
2324.56429 18.157 0.035
2328.54993 18.074 0.037
2334.54312 17.933 0.030
2340.53977 18.031 0.033
2347.53707 18.042 0.032
2373.49226 18.167 0.050
2385.55539 18.025 0.046
2534.88796 18.023 0.036
2539.89513 18.034 0.033
2545.86324 18.022 0.033
2553.75513 17.984 0.039
2557.82317 18.076 0.036
2561.82122 17.987 0.030
2565.82358 17.955 0.033
2574.78580 18.003 0.030
2578.84219 18.001 0.029
2584.73799 18.070 0.040
2590.81471 17.999 0.030
2596.82113 18.009 0.036
2606.71766 18.061 0.029
2609.82623 18.165 0.044
2614.79301 18.055 0.037
2619.66906 18.000 0.025
2621.79703 17.981 0.029
2624.69405 18.071 0.029
2629.81236 18.094 0.035
2632.70645 17.957 0.025
2635.80699 17.995 0.036
2638.80015 18.080 0.037
2641.76834 17.996 0.027
2643.77433 17.984 0.025
2645.77028 18.103 0.029
2647.69929 18.025 0.026
2650.78079 17.993 0.030
2653.65314 18.147 0.037
2655.70618 17.952 0.026
2657.64464 17.987 0.030
2659.79844 17.954 0.043
2660.70490 18.025 0.032
2662.71468 18.063 0.032
2664.73011 18.008 0.040
2666.78396 17.928 0.023
2668.77550 17.989 0.029
2675.80256 17.948 0.026
2677.78956 18.033 0.039
2679.80820 18.068 0.042
2682.73022 17.968 0.040
2687.62960 18.053 0.040
2692.57241 18.045 0.030
2697.51878 17.942 0.032
2702.51760 18.150 0.047
2708.54636 17.958 0.033
2724.51619 18.007 0.030
2871.92310 18.119 0.030
2884.86732 18.145 0.039
2890.88933 17.963 0.043
2896.84200 18.013 0.033
2902.77665 18.162 0.027
2911.88518 18.145 0.026
2917.78872 18.028 0.027
2923.78809 17.982 0.030
2926.84399 18.003 0.029
2931.77246 18.069 0.026
2934.81289 18.056 0.027
2940.79327 18.087 0.027
2943.79746 18.021 0.029
2947.80603 18.163 0.029
2950.71998 17.975 0.029
2954.74324 18.022 0.035
2956.78879 18.137 0.030
2958.83338 18.076 0.042
2962.82762 18.007 0.025
2964.84605 17.965 0.025
2967.77657 18.042 0.030
2970.83056 18.074 0.025
2974.76858 18.122 0.027
2976.65806 18.039 0.029
2979.64149 17.989 0.030
2981.66283 17.958 0.057
2983.76964 18.190 0.033
2985.81736 18.097 0.029
2987.71611 18.178 0.035
2989.65877 18.086 0.025
2991.73102 18.015 0.026
2993.73876 17.936 0.029
2995.81398 17.994 0.025
2997.78287 18.021 0.027
2998.73041 18.059 0.029
3000.73292 17.963 0.027
3002.72028 17.999 0.027
3004.72374 17.929 0.022
3006.71666 18.022 0.025
3008.73111 18.017 0.026
3010.77757 18.229 0.043
3011.79389 18.036 0.036
3016.72753 18.041 0.027
3018.75793 18.017 0.030
3020.82169 17.934 0.026
3021.84662 18.044 0.032
3023.70761 18.155 0.029
3025.67925 18.036 0.021
3027.72469 17.987 0.023
3029.70955 17.996 0.023
3031.77988 18.019 0.032
3034.61124 18.091 0.023
3036.64160 18.091 0.026
3039.58352 18.035 0.029
3042.69103 17.978 0.032
3044.63047 17.954 0.030
3046.61643 18.052 0.030
3047.71878 17.938 0.032
3048.64989 18.054 0.026
3049.67343 17.964 0.021
3051.64276 17.981 0.027
3053.61798 17.983 0.023
3055.63502 18.051 0.029
3057.66015 18.076 0.027
3059.60480 18.194 0.026
3061.59709 18.070 0.032
3066.56666 18.082 0.043
3068.59449 18.190 0.040
3070.66486 18.061 0.057
3073.68314 18.132 0.037
3076.60687 17.973 0.037
3079.58591 18.072 0.023
3082.67517 18.135 0.026
3085.57569 18.014 0.027
3088.53594 18.176 0.037
3091.51829 18.054 0.035
3096.56735 17.943 0.033
3099.63501 18.086 0.050
3100.49492 17.984 0.037
3103.51656 17.931 0.026
3106.53783 18.099 0.030
3109.52343 18.057 0.027
3112.57526 17.925 0.032
3116.55695 18.022 0.035
3127.55410 18.073 0.029
3133.51457 18.105 0.042
3223.91288 17.998 0.037
3242.86376 18.098 0.030
3248.91771 18.022 0.032
3258.89848 18.094 0.032
3264.86473 17.979 0.022
3271.81252 18.128 0.040
3274.81650 18.022 0.039
3278.88949 18.007 0.032
3282.78169 18.036 0.027
3287.82063 18.047 0.022
3295.77841 17.997 0.019
3301.83194 18.074 0.030
3305.74093 18.111 0.027
3307.76581 17.994 0.035
3309.80223 17.982 0.022
3311.79584 18.019 0.026
3320.85927 18.005 0.026
3327.81171 17.974 0.023
3330.78777 18.197 0.035
3336.64017 18.048 0.033
3339.81866 18.206 0.036
3350.75618 18.116 0.022
3353.81239 18.160 0.027
3357.75304 18.157 0.027
3360.72979 17.974 0.022
3365.84920 17.982 0.027
3373.81327 18.073 0.039
3378.74006 18.017 0.026
3394.62320 18.019 0.036
3395.79596 18.022 0.036
3399.77693 17.941 0.035
3403.76402 17.964 0.026
3408.68719 18.043 0.025
3413.53345 18.085 0.029
3417.62735 18.028 0.030
3427.56333 18.009 0.030
3434.51518 17.968 0.026
3440.53930 18.101 0.029
3447.50851 17.970 0.033
3456.53407 18.062 0.035
3469.48894 18.193 0.035
3478.48143 18.128 0.032
3601.89190 18.212 0.037
3619.89465 18.127 0.027
3630.77603 18.099 0.044
3636.83348 18.022 0.030
3640.78340 18.024 0.025
3651.81728 18.051 0.030
3654.86348 17.987 0.022
3658.82715 17.972 0.029
3661.87290 17.912 0.030
3665.84610 17.931 0.027
3670.81571 18.008 0.029
3673.82600 18.160 0.025
3676.82616 17.970 0.022
3685.76551 17.953 0.023
3687.85223 18.098 0.026
3690.77418 18.046 0.030
3693.80984 18.078 0.027
3695.84093 18.073 0.026
3698.83056 18.085 0.029
3701.69953 18.083 0.026
3703.78331 18.002 0.023
3705.84751 18.037 0.023
3708.83524 17.927 0.032
3712.79278 17.952 0.023
3715.75846 17.984 0.025
3718.69427 18.017 0.032
3720.84406 18.098 0.035
3724.76166 18.064 0.025
3728.73970 18.023 0.023
3731.80278 18.064 0.023
3733.66553 18.083 0.023
3735.65337 18.124 0.022
3737.81189 17.985 0.019
3740.77524 18.092 0.023
3742.78580 18.072 0.040
3745.81781 18.137 0.030
3747.82054 17.963 0.040
3749.76785 18.113 0.042
3751.78169 18.108 0.035
3753.73108 18.024 0.026
3755.73117 17.965 0.027
3757.72090 17.985 0.023
3759.81120 18.047 0.026
3763.68320 18.097 0.019
3766.69980 17.987 0.026
3770.72735 18.042 0.027
3773.75860 17.969 0.026
3776.73294 18.142 0.039
3779.68371 18.072 0.039
3783.60021 18.014 0.023
3788.57439 17.970 0.022
3793.57995 18.010 0.025
3801.51572 17.998 0.026
3810.55057 17.995 0.029
3826.49142 17.970 0.029
3958.88150 18.021 0.042
3965.85132 17.967 0.022
3970.87144 18.080 0.026
3982.82223 18.028 0.029
3993.77491 18.200 0.040
3999.86642 17.953 0.025
4003.74235 17.969 0.021
4006.76350 18.073 0.022
4008.78441 18.037 0.022
4013.79602 18.042 0.032
4019.79718 17.998 0.023
4024.79025 18.160 0.027
4026.85923 17.950 0.027
4029.80359 18.181 0.029
4032.84018 17.958 0.033
4038.78624 18.214 0.032
4041.74613 18.030 0.026
4043.75117 18.031 0.030
4046.84430 17.956 0.032
4049.71442 18.107 0.025
4052.77577 18.021 0.023
4056.82105 18.190 0.027
4059.71581 17.943 0.025
4064.78346 17.944 0.019
4066.78343 17.985 0.025
4069.73650 18.109 0.026
4071.66445 18.030 0.029
4076.73667 18.096 0.033
4079.77815 18.112 0.033
4082.82607 17.976 0.026
4084.79132 17.984 0.029
4086.81634 18.023 0.030
4103.64098 18.028 0.027
4106.57279 18.005 0.033
4111.79511 17.955 0.023
4117.73573 18.047 0.027
4121.71366 18.086 0.039
4127.66433 17.949 0.021
4132.75326 18.104 0.033
4143.54049 18.065 0.027
4157.53273 18.053 0.030
4168.57350 18.186 0.027
4198.52607 17.963 0.033
4343.85899 18.010 0.035
4348.82789 17.963 0.026
4353.85926 18.052 0.030
4358.81128 18.163 0.043
4364.89765 18.003 0.033
4367.87148 18.079 0.029
4370.89316 18.082 0.033
4373.84918 17.984 0.027
4378.75260 18.097 0.037
4381.74078 18.087 0.042
4386.85866 18.061 0.032
4390.82065 18.162 0.030
4394.86724 18.102 0.026
4399.79496 18.116 0.035
4412.78237 18.197 0.033
4423.73272 18.088 0.027
4427.73480 17.957 0.026
4430.73810 18.219 0.042
4433.75565 17.984 0.029
4437.75361 18.046 0.037
4440.69785 17.979 0.029
4443.79033 18.009 0.033
4444.83318 18.155 0.044
4448.69883 18.218 0.037
4449.74629 17.986 0.027
4449.76126 18.007 0.030
4450.70919 18.107 0.039
4451.64436 17.942 0.027
4451.79687 17.988 0.032
4452.85714 17.922 0.030
4453.63323 17.985 0.032
4454.65681 18.039 0.033
4455.64357 17.991 0.030
4455.76226 18.084 0.036
4456.72431 17.895 0.027
4457.69906 18.162 0.033
4457.79348 18.120 0.042
4458.62146 17.974 0.029
4459.60572 18.091 0.033
4459.76070 17.999 0.029
4461.61908 18.137 0.027
4461.76401 18.015 0.042
4462.63643 18.051 0.036
4462.78618 18.120 0.030
4463.62998 18.068 0.026
4463.75744 17.959 0.025
4464.63233 17.999 0.026
4464.76176 18.053 0.030
4465.63922 18.002 0.023
4465.77419 17.976 0.025
4466.64882 18.148 0.032
4466.74017 18.188 0.027
4467.60771 17.942 0.035
4467.68454 17.967 0.022
4468.64028 18.105 0.025
4468.73844 18.039 0.026
4469.62461 17.945 0.026
4470.62132 18.119 0.032
4470.69399 18.090 0.029
4471.60692 17.951 0.023
4471.76879 18.198 0.037
4472.60315 18.035 0.023
4472.77579 17.958 0.023
4473.73714 18.133 0.039
4476.75810 17.982 0.025
4482.79898 18.068 0.035
4485.78930 17.965 0.033
4490.63654 17.970 0.027
4494.70260 17.967 0.033
4498.72699 18.092 0.029
4501.72433 17.966 0.033
4506.65834 18.113 0.036
4508.68520 18.011 0.030
4509.74931 18.089 0.030
4512.71884 18.038 0.030
4518.65903 18.107 0.047
4521.69958 18.038 0.033
4523.67859 18.054 0.036
4525.64320 18.071 0.030
4531.62691 18.103 0.029
4534.55580 18.008 0.035
4537.67158 18.009 0.029
4539.59085 17.989 0.032
4542.50823 18.186 0.044
4545.60557 17.998 0.032
4547.57363 18.111 0.040
4552.54818 17.994 0.042
4559.59102 18.045 0.032
4568.55919 18.017 0.033
4575.53613 18.048 0.036
4589.49838 18.060 0.047
4616.47025 18.099 0.042
4685.88894 18.082 0.030
4699.85208 18.027 0.032
4708.91143 18.021 0.029
4720.84971 17.970 0.025
4725.79023 18.030 0.030
4728.90139 18.190 0.032
4749.74722 17.984 0.029
4753.81587 18.040 0.040
4757.83015 18.039 0.030
4760.83167 18.051 0.023
4765.86501 17.975 0.036
4769.76107 18.047 0.032
4772.79316 17.996 0.026
4775.81080 18.059 0.026
4777.82430 18.045 0.029
4782.67423 18.091 0.033
4784.77425 18.159 0.035
4789.68309 17.974 0.023
4792.85959 17.993 0.036
4796.73593 17.991 0.023
4798.68324 17.980 0.029
4801.64911 17.990 0.029
4803.69470 17.959 0.027
4805.79507 18.053 0.025
4808.72958 18.006 0.029
4810.78958 17.997 0.023
4813.77041 18.041 0.040
4815.75415 18.023 0.036
4817.75166 17.978 0.026
4819.76071 17.976 0.023
4822.74053 18.124 0.025
4824.75857 18.041 0.025
4826.77144 17.937 0.022
4833.77420 18.012 0.025
4835.78475 17.969 0.025
4837.78387 17.964 0.037
4839.73520 17.982 0.027
4841.79953 18.022 0.027
4843.79933 18.051 0.039
4846.78925 18.015 0.030
4848.81914 18.046 0.030
4852.77561 18.083 0.035
4854.77695 18.227 0.032
4856.78368 18.070 0.030
4861.73873 17.999 0.030
4867.70266 18.165 0.035
4869.67168 18.054 0.032
4871.67930 18.079 0.037
4875.66524 17.986 0.027
4877.69034 18.079 0.027
4879.69705 18.091 0.033
4882.71575 17.977 0.030
4885.67761 18.174 0.029
4889.63566 18.099 0.033
4902.63393 18.061 0.042
4911.65271 17.951 0.025
4915.57188 17.964 0.032
4919.57711 18.074 0.029
4925.59034 18.091 0.027
4929.55754 17.973 0.035
4932.59268 18.097 0.037
4935.57055 18.113 0.032
4939.57740 18.208 0.030
4944.54289 18.027 0.026
4949.53650 17.976 0.023
4954.53514 18.099 0.043
