2167.86446 20.202 0.198
2190.82369 19.960 0.131
2192.86690 20.218 0.178
2193.78846 19.978 0.116
2201.85453 20.004 0.123
2202.78795 19.788 0.133
2214.83563 19.810 0.167
2221.77762 20.649 0.344
2224.79006 20.683 0.283
2227.70093 19.863 0.146
2229.70640 20.153 0.212
2231.67480 19.779 0.145
2233.64310 19.820 0.133
2236.65544 19.667 0.143
2239.62349 19.836 0.183
2241.71043 20.421 0.282
2243.76412 19.655 0.135
2247.84603 19.801 0.123
2248.84868 20.051 0.132
2250.77870 19.953 0.126
2252.69570 19.843 0.110
2254.68697 19.953 0.126
2257.69518 19.769 0.107
2260.70066 20.371 0.188
2266.69201 19.826 0.128
2270.73280 19.983 0.156
2271.83993 19.696 0.070
2274.73272 20.031 0.154
2276.79830 20.058 0.178
2278.66255 19.746 0.131
2280.74090 19.857 0.126
2282.73680 19.769 0.110
2289.80028 19.851 0.127
2292.81670 19.866 0.172
2296.80551 20.274 0.349
2298.79913 20.214 0.244
2300.77677 19.820 0.178
2302.74988 20.318 0.265
2315.67560 20.121 0.183
2324.53319 19.921 0.204
2328.52009 20.024 0.229
2334.51340 19.790 0.177
2340.51020 19.601 0.210
2364.50284 19.958 0.212
2385.52029 19.868 0.198
2529.86450 19.980 0.152
2539.86448 20.041 0.212
2545.83192 20.404 0.262
2552.89019 20.001 0.185
2556.87890 19.797 0.118
2560.78812 19.908 0.146
2561.78963 19.729 0.152
2565.79636 20.016 0.199
2574.74640 20.092 0.155
2578.81476 20.157 0.205
2583.86940 19.707 0.187
2590.78486 20.370 0.265
2596.79160 20.063 0.185
2605.83138 20.006 0.156
2609.79644 19.968 0.177
2614.77383 20.189 0.232
2618.80429 19.811 0.145
2621.72962 19.873 0.110
2624.64914 20.146 0.206
2627.75843 20.068 0.232
2629.77936 20.070 0.200
2632.67919 19.716 0.106
2635.77980 20.058 0.141
2638.69760 19.631 0.115
2640.79429 19.674 0.177
2642.75235 20.016 0.201
2644.75134 19.807 0.128
2646.71121 20.187 0.188
2650.76230 19.897 0.146
2652.85689 19.901 0.145
2654.78589 20.077 0.177
2656.69138 19.877 0.174
2658.65378 19.976 0.154
2660.67297 20.071 0.185
2662.68755 19.697 0.133
2664.66254 20.475 0.239
2666.72807 19.738 0.098
2668.71895 20.059 0.193
2672.81267 19.779 0.149
2674.71854 20.027 0.190
2676.70356 20.633 0.394
2678.78007 19.852 0.123
2680.66681 19.838 0.112
2682.71193 20.724 0.386
2687.60034 19.757 0.160
2692.59902 19.779 0.178
2696.59026 20.316 0.213
2701.58192 20.020 0.215
2708.51158 20.046 0.276
2715.50720 19.539 0.179
2870.92550 19.959 0.205
2890.86000 20.467 0.389
2895.89589 19.723 0.109
2900.86012 19.824 0.133
2911.84555 20.095 0.134
2917.75951 19.799 0.137
2922.88168 19.862 0.216
2926.81462 19.983 0.159
2931.74287 20.393 0.215
2934.78364 20.150 0.154
2940.76418 20.354 0.195
2943.76839 20.521 0.271
2947.77702 19.947 0.129
2949.86686 19.970 0.154
2950.69083 19.640 0.129
2954.71418 20.003 0.202
2956.75946 19.890 0.132
2958.80117 20.074 0.173
2962.79829 20.340 0.182
2965.82136 20.018 0.143
2968.68904 19.737 0.152
2973.76251 20.266 0.172
2976.62900 19.808 0.170
2978.83003 19.809 0.112
2980.74503 19.739 0.116
2982.75308 20.451 0.207
2984.78467 19.991 0.152
2987.66604 20.063 0.166
2989.62271 19.989 0.139
2991.68813 19.931 0.126
2993.70847 19.864 0.166
2995.78330 19.885 0.137
2997.75392 20.277 0.182
2999.65357 20.287 0.180
3000.70249 19.998 0.144
3002.69078 19.927 0.133
3004.69165 19.717 0.098
3006.63513 19.966 0.139
3008.79004 19.763 0.132
3010.70961 19.905 0.173
3011.76457 19.796 0.174
3015.78214 20.291 0.300
3017.76983 19.947 0.151
3019.72354 19.839 0.135
3021.81653 20.141 0.178
3023.67861 20.298 0.144
3025.65003 19.852 0.096
3027.69559 19.865 0.110
3029.68054 20.223 0.167
3033.81415 20.281 0.180
3036.61264 19.927 0.113
3039.55454 19.606 0.133
3041.66255 20.520 0.394
3043.67327 19.749 0.182
3045.73615 20.064 0.195
3047.68978 19.954 0.156
3048.62100 19.878 0.094
3050.63801 20.011 0.110
3052.63942 19.861 0.117
3054.64387 19.950 0.135
3056.63202 20.133 0.148
3058.62594 19.994 0.156
3060.67560 20.082 0.165
3066.52187 20.095 0.268
3068.56143 20.064 0.206
3070.63368 19.929 0.222
3073.65353 19.817 0.166
3076.57737 20.363 0.287
3078.66414 19.917 0.163
3082.64117 19.938 0.105
3085.54361 20.584 0.265
3088.50659 20.394 0.249
3090.64831 19.647 0.128
3093.53086 19.864 0.212
3098.64020 20.110 0.204
3102.61091 20.007 0.201
3105.61664 19.732 0.165
3108.59459 19.664 0.112
3111.54296 19.668 0.174
3129.48526 20.432 0.361
3134.50612 19.817 0.166
3216.89999 20.008 0.252
3242.83473 19.599 0.138
3248.88753 19.725 0.152
3258.86411 20.403 0.221
3264.83518 20.005 0.133
3270.90187 20.024 0.157
3274.78725 19.852 0.178
3278.84220 20.455 0.313
3282.81838 20.964 0.356
3287.79177 20.121 0.112
3295.74942 19.719 0.092
3301.80298 19.867 0.170
3304.86742 19.978 0.154
3307.73687 19.691 0.182
3309.76903 20.078 0.156
3311.76698 19.749 0.117
3320.81461 19.972 0.128
3327.78252 20.267 0.172
3330.74088 20.200 0.223
3334.84036 20.015 0.223
3339.78820 20.503 0.245
3350.72456 20.057 0.127
3353.83450 19.798 0.134
3357.62479 19.806 0.140
3360.66363 19.976 0.133
3363.77189 20.112 0.172
3369.84919 20.212 0.216
3375.78551 20.132 0.180
3378.71103 20.048 0.128
3392.67574 20.347 0.237
3393.75685 20.256 0.369
3394.59414 20.190 0.232
3396.64501 19.812 0.131
3399.74762 20.149 0.237
3403.73498 19.977 0.145
3408.61941 19.676 0.106
3412.65350 20.200 0.256
3417.59151 19.945 0.131
3425.59966 19.883 0.212
3431.58766 19.831 0.109
3437.56317 19.632 0.109
3446.53227 19.877 0.138
3474.48037 20.014 0.241
3596.93354 19.998 0.198
3603.92049 19.870 0.145
3619.86442 20.038 0.159
3633.84209 20.436 0.274
3639.80857 20.331 0.162
3644.84463 19.920 0.105
3651.78707 20.051 0.144
3654.83482 20.411 0.200
3658.79846 19.627 0.111
3660.82325 20.249 0.260
3665.81723 19.483 0.115
3670.78698 19.437 0.094
3673.79706 19.760 0.112
3676.78898 19.794 0.135
3684.85115 20.039 0.148
3687.82351 20.544 0.224
3690.74344 19.756 0.145
3693.77743 20.288 0.198
3695.81017 19.918 0.110
3698.80187 20.112 0.182
3700.82046 20.076 0.179
3703.75453 19.774 0.092
3705.81875 20.370 0.163
3708.80654 19.771 0.120
3712.76406 19.834 0.098
3714.83483 20.290 0.141
3717.72721 20.147 0.189
3720.81529 20.045 0.187
3724.73296 19.867 0.106
3727.80477 19.830 0.137
3731.77384 20.146 0.141
3732.75050 20.012 0.112
3735.61332 19.992 0.106
3737.78320 20.245 0.124
3740.74512 20.107 0.135
3742.75245 19.786 0.176
3745.78840 20.039 0.146
3747.79101 20.125 0.256
3748.75819 19.913 0.163
3750.76840 19.941 0.146
3752.77845 19.993 0.172
3754.79623 19.655 0.113
3757.57718 20.375 0.223
3759.78228 19.920 0.121
3763.65423 20.155 0.092
3766.61061 20.212 0.135
3770.69713 19.978 0.135
3773.72992 20.180 0.189
3776.70160 20.047 0.212
3779.65490 19.708 0.168
3783.57152 20.223 0.172
3788.54424 19.901 0.105
3792.58171 20.026 0.145
3800.56359 19.705 0.111
3810.52162 20.116 0.209
3824.49179 19.698 0.149
3950.91543 19.877 0.139
3964.91420 19.996 0.115
3970.83907 19.881 0.139
3981.90763 19.890 0.161
3990.89639 20.091 0.143
3998.90017 19.913 0.134
4003.71387 20.067 0.132
4005.88958 20.798 0.249
4006.73519 19.975 0.126
4008.75595 19.837 0.095
4013.75649 20.361 0.227
4018.88906 20.065 0.161
4024.75305 19.889 0.115
4026.83068 19.996 0.121
4029.77527 19.669 0.122
4032.80611 20.031 0.209
4038.75786 19.605 0.105
4041.71783 20.038 0.166
4043.72277 19.942 0.166
4046.81615 20.272 0.221
4049.68530 19.931 0.135
4052.74664 20.321 0.146
4056.79260 19.931 0.115
4058.83974 20.332 0.207
4063.72257 19.861 0.117
4065.84572 20.041 0.138
4067.68762 20.134 0.146
4070.70988 19.838 0.124
4074.77859 19.932 0.144
4077.82739 20.045 0.156
4080.70396 19.927 0.162
4084.63226 20.569 0.273
4086.78800 20.045 0.171
4093.82938 19.803 0.129
4105.84759 19.616 0.132
4111.76670 19.888 0.122
4117.70712 20.286 0.198
4121.68505 19.982 0.213
4124.76734 20.305 0.155
4132.72324 20.124 0.215
4142.74495 20.019 0.210
4156.58004 20.065 0.145
4168.54051 19.809 0.110
4198.49465 19.680 0.139
4343.83063 20.393 0.278
4347.89773 20.145 0.176
4353.83090 19.852 0.123
4358.78231 20.271 0.285
4363.82481 20.045 0.226
4367.78460 20.244 0.241
4370.82140 20.151 0.205
4373.82083 20.236 0.179
4377.83983 19.999 0.168
4380.88450 19.940 0.134
4386.83036 20.054 0.207
4390.79236 20.109 0.178
4394.80995 20.158 0.133
4399.76655 20.228 0.279
4407.72950 19.946 0.159
4412.75311 19.930 0.193
4418.83862 20.299 0.140
4422.73073 19.973 0.124
4427.70638 19.898 0.149
4430.70967 19.767 0.155
4433.72732 20.268 0.190
4436.80870 20.231 0.216
4440.66957 20.128 0.187
4443.76203 19.790 0.170
4449.72466 19.879 0.111
4451.76424 20.155 0.172
4452.74355 19.864 0.139
4455.73371 19.838 0.157
4457.76391 20.235 0.263
4459.72859 20.316 0.187
4462.70642 20.580 0.266
4464.77673 19.955 0.170
4467.75250 19.823 0.098
4471.81041 20.049 0.156
4472.63978 19.794 0.095
4476.69333 19.949 0.111
4480.79680 20.021 0.129
4483.78510 19.949 0.180
4486.81138 19.975 0.216
4492.66913 20.420 0.246
4497.73097 19.858 0.122
4500.57264 20.904 0.410
4502.71383 19.904 0.174
4507.71669 20.422 0.243
4509.66840 19.848 0.145
4517.69602 19.678 0.173
4521.66487 20.085 0.170
4523.64989 19.835 0.150
4525.61455 20.056 0.162
4531.59055 19.935 0.118
4533.59291 20.069 0.149
4537.64300 20.079 0.167
4539.56211 20.059 0.188
4541.64428 19.821 0.150
4545.57172 20.463 0.234
4547.62141 19.820 0.198
4559.56212 19.843 0.144
4565.50291 20.220 0.235
4571.55169 20.299 0.283
4579.53657 19.852 0.191
4580.48880 20.244 0.300
4600.51378 19.868 0.199
4609.46689 19.611 0.182
4684.93307 19.686 0.140
4697.91185 20.362 0.329
4708.88292 20.076 0.184
4720.82133 20.013 0.123
4724.90753 19.911 0.150
4728.86887 19.729 0.139
4734.83010 20.008 0.135
4748.85326 19.831 0.104
4753.85362 19.780 0.138
4757.80174 20.065 0.179
4760.80335 20.005 0.134
4763.86233 20.294 0.301
4769.73260 20.163 0.241
4772.75113 19.958 0.133
4775.78216 19.956 0.191
4777.79534 20.221 0.187
4781.85353 20.099 0.166
4784.74593 19.885 0.196
4788.84283 19.831 0.109
4792.73873 20.093 0.170
4794.84179 19.809 0.117
4797.84395 20.014 0.149
4799.73767 19.776 0.148
4801.67059 20.014 0.154
4803.66625 19.984 0.168
4805.76453 19.951 0.124
4808.66491 20.011 0.163
4810.75684 20.744 0.258
4813.74191 20.301 0.304
4815.72574 20.004 0.173
4817.72332 19.797 0.113
4819.73227 20.450 0.174
4822.71216 20.162 0.143
4824.70929 20.020 0.144
4826.74317 19.868 0.122
4833.74557 19.809 0.096
4835.75603 20.309 0.198
4838.76068 19.720 0.098
4840.74366 20.555 0.251
4842.73171 19.986 0.178
4844.72799 19.996 0.162
4846.76002 20.409 0.243
4848.78389 20.012 0.154
4853.80566 19.919 0.150
4861.69661 20.096 0.173
4865.62728 19.830 0.118
4868.75255 19.926 0.134
4870.72514 20.197 0.218
4873.74318 20.477 0.318
4875.71484 19.911 0.138
4877.66195 19.655 0.092
4879.71836 20.208 0.223
4885.63363 19.868 0.128
4889.60726 20.071 0.160
4896.60346 19.938 0.152
4900.64192 19.827 0.177
4907.59924 19.815 0.143
4917.57908 19.906 0.113
4921.55089 19.823 0.138
4927.54611 20.475 0.324
4932.52668 20.283 0.344
4936.55332 19.785 0.150
4940.56818 20.189 0.177
4945.53493 19.704 0.106
4950.52002 20.172 0.299
4955.51018 20.569 0.277
