2166.84169 18.265 0.028
2172.89172 18.418 0.034
2183.88499 18.332 0.043
2189.84743 18.339 0.034
2192.75185 18.343 0.026
2212.79639 18.386 0.034
2217.78083 18.296 0.038
2223.80137 18.355 0.032
2226.77573 18.375 0.036
2228.81920 18.400 0.030
2232.75285 18.239 0.027
2234.74682 18.332 0.028
2238.69745 18.328 0.029
2240.82642 18.451 0.036
2242.83214 18.534 0.051
2248.71340 18.440 0.029
2253.75895 18.282 0.027
2255.68893 18.260 0.031
2258.68841 18.262 0.026
2261.66121 18.304 0.029
2269.76990 18.270 0.029
2271.71337 18.294 0.032
2289.73847 18.183 0.027
2326.56576 18.376 0.034
2332.50915 18.321 0.054
2387.48726 18.328 0.048
2521.90714 18.409 0.034
2537.85395 18.427 0.052
2542.82007 18.423 0.031
2544.87723 18.320 0.039
2551.86748 18.328 0.029
2555.89148 18.417 0.044
2559.80543 18.389 0.038
2563.85070 18.262 0.035
2577.84122 18.314 0.030
2580.86918 18.289 0.034
2589.77726 18.370 0.030
2594.79409 18.514 0.064
2599.84892 18.296 0.029
2609.65408 18.286 0.036
2611.65927 18.317 0.034
2617.80596 18.356 0.038
2620.77493 18.231 0.025
2623.74821 18.261 0.029
2626.67330 18.303 0.029
2628.84035 18.395 0.039
2630.82909 18.391 0.046
2632.61989 18.396 0.026
2635.61539 18.464 0.028
2637.74108 18.310 0.026
2637.75556 18.226 0.027
2639.77177 18.321 0.023
2641.64605 18.232 0.028
2643.65723 18.301 0.027
2645.64957 18.313 0.028
2647.57630 18.264 0.029
2651.64381 18.389 0.032
2653.66744 18.359 0.037
2655.65360 18.333 0.030
2659.65451 18.263 0.026
2661.67515 18.295 0.025
2665.78109 18.418 0.032
2667.85180 18.331 0.054
2671.78538 18.294 0.037
2675.71746 18.304 0.029
2677.75184 18.353 0.038
2679.74288 18.324 0.032
2682.60063 18.355 0.030
2691.52055 18.439 0.047
2695.57791 18.258 0.029
2713.51392 18.322 0.043
2735.49399 18.310 0.034
2841.91386 18.314 0.038
2868.88066 18.451 0.038
2890.82381 18.376 0.039
2895.85959 18.265 0.027
2900.81524 18.281 0.027
2906.84628 18.480 0.029
2910.87958 18.306 0.023
2915.87977 18.265 0.022
2921.87853 18.393 0.031
2925.84838 18.377 0.031
2930.76099 18.353 0.035
2933.80538 18.267 0.023
2939.81384 18.380 0.032
2941.83196 18.490 0.028
2943.70669 18.331 0.032
2946.80973 18.365 0.037
2948.80005 18.337 0.032
2952.79613 18.275 0.031
2955.85103 18.370 0.042
2958.66634 18.271 0.037
2962.67731 18.394 0.034
2965.69435 18.412 0.035
2967.79369 18.290 0.026
2970.69990 18.250 0.025
2970.70688 18.288 0.026
2974.69888 18.277 0.028
2976.73272 18.324 0.028
2978.62724 18.290 0.029
2980.65364 18.403 0.032
2982.61285 18.366 0.034
2984.65400 18.442 0.031
2986.74179 18.279 0.029
2988.70982 18.268 0.027
2990.64317 18.228 0.027
2992.72971 18.319 0.027
2994.63995 18.274 0.027
2996.72659 18.357 0.030
2998.68565 18.360 0.028
2999.77764 18.333 0.029
3001.65639 18.372 0.031
3003.65206 18.342 0.029
3005.60880 18.412 0.036
3007.72749 18.267 0.029
3009.66333 18.283 0.028
3011.60888 18.233 0.040
3013.63956 18.288 0.030
3017.61481 18.446 0.026
3018.70664 18.418 0.032
3020.78183 18.247 0.027
3026.75424 18.266 0.025
3033.69383 18.352 0.022
3035.70013 18.384 0.029
3038.67846 18.338 0.036
3040.67807 18.238 0.032
3042.62162 18.284 0.034
3044.55556 18.280 0.034
3046.57102 18.287 0.025
3048.55599 18.266 0.022
3050.57481 18.313 0.023
3052.57186 18.357 0.027
3054.57270 18.404 0.029
3056.56986 18.457 0.029
3060.58409 18.328 0.027
3064.58200 18.281 0.032
3069.60564 18.318 0.030
3082.51856 18.259 0.032
3084.59452 18.280 0.028
3087.55603 18.379 0.030
3090.51168 18.440 0.040
3093.49155 18.446 0.048
3104.53277 18.294 0.031
3114.50028 18.336 0.031
3224.88016 18.405 0.042
3263.83046 18.304 0.021
3268.85416 18.299 0.023
3273.82580 18.373 0.037
3281.80876 18.281 0.020
3289.82231 18.408 0.030
3294.82044 18.399 0.026
3296.82580 18.348 0.023
3298.85633 18.332 0.023
3301.67674 18.335 0.036
3303.84578 18.337 0.038
3306.82037 18.326 0.030
3308.83740 18.381 0.037
3310.86965 18.345 0.034
3329.80973 18.426 0.026
3334.70954 18.289 0.034
3338.76532 18.216 0.027
3349.78158 18.358 0.028
3351.76640 18.280 0.025
3358.62089 18.236 0.025
3363.70677 18.417 0.034
3367.66030 18.543 0.038
3372.67908 18.314 0.023
3377.71528 18.330 0.031
3386.74100 18.282 0.020
3391.58632 18.318 0.034
3395.64107 18.256 0.032
3398.69807 18.337 0.030
3402.64335 18.491 0.028
3404.57117 18.427 0.032
3408.52458 18.427 0.037
3412.55452 18.342 0.037
3414.59180 18.260 0.029
3419.55290 18.358 0.036
3426.50791 18.442 0.046
3433.55901 18.271 0.029
3443.52954 18.454 0.038
3453.49588 18.335 0.036
3574.93067 18.338 0.035
3588.92140 18.384 0.031
3589.87242 18.319 0.029
3614.91278 18.282 0.027
3617.86945 18.338 0.026
3629.80902 18.321 0.034
3634.77509 18.263 0.029
3639.88537 18.509 0.025
3641.81905 18.493 0.035
3646.89953 18.282 0.058
3650.81442 18.232 0.021
3653.84239 18.338 0.026
3657.79288 18.364 0.027
3660.75871 18.439 0.040
3668.73041 18.325 0.032
3671.86601 18.424 0.029
3676.84141 18.510 0.032
3684.78558 18.295 0.022
3689.80327 18.266 0.027
3692.72768 18.402 0.029
3694.80156 18.515 0.032
3696.67688 18.372 0.027
3699.68916 18.423 0.025
3701.74001 18.264 0.025
3704.70655 18.251 0.023
3706.76079 18.274 0.022
3711.65175 18.279 0.026
3713.66545 18.417 0.028
3716.71450 18.403 0.034
3719.71902 18.384 0.038
3722.76180 18.239 0.029
3726.66475 18.273 0.023
3728.63745 18.308 0.020
3731.73797 18.454 0.028
3733.62417 18.339 0.023
3734.72711 18.380 0.023
3736.74603 18.348 0.026
3737.63459 18.366 0.026
3739.69671 18.282 0.025
3741.72410 18.269 0.031
3743.69905 18.276 0.028
3746.74327 18.423 0.042
3748.69587 18.371 0.035
3750.70205 18.465 0.032
3752.71013 18.391 0.027
3754.73139 18.343 0.028
3755.65116 18.413 0.035
3757.62529 18.344 0.030
3759.59088 18.383 0.030
3762.67580 18.301 0.026
3765.69765 18.345 0.019
3769.73830 18.330 0.023
3772.70652 18.273 0.023
3775.69844 18.263 0.037
3778.67695 18.269 0.029
3782.58333 18.363 0.037
3786.56112 18.369 0.028
3791.55741 18.407 0.028
3798.55708 18.313 0.026
3805.54425 18.277 0.031
3820.48954 18.258 0.032
3938.93865 18.334 0.040
3961.91994 18.242 0.031
3968.90203 18.439 0.031
3974.88419 18.341 0.036
3981.79102 18.292 0.032
3987.91507 18.496 0.040
3988.86701 18.460 0.036
3995.82606 18.382 0.029
4002.82216 18.305 0.021
4005.77225 18.301 0.025
4007.77642 18.453 0.026
4011.75685 18.399 0.034
4018.73854 18.315 0.032
4023.79093 18.375 0.023
4026.70664 18.418 0.025
4028.84268 18.417 0.023
4031.73041 18.449 0.029
4037.83935 18.302 0.025
4040.80670 18.355 0.028
4042.82150 18.328 0.027
4046.69728 18.398 0.035
4048.78624 18.400 0.029
4052.62913 18.404 0.026
4053.82682 18.289 0.025
4056.64753 18.292 0.037
4059.65765 18.298 0.030
4064.62216 18.411 0.025
4066.60174 18.373 0.032
4069.66908 18.470 0.030
4071.59342 18.409 0.035
4076.64726 18.178 0.031
4079.68249 18.326 0.035
4082.67288 18.440 0.034
4084.75274 18.307 0.029
4087.67222 18.358 0.025
4093.76117 18.333 0.023
4102.63115 18.423 0.037
4104.79620 18.166 0.034
4109.65705 18.305 0.025
4113.67565 18.254 0.021
4119.61388 18.402 0.032
4122.66276 18.361 0.023
4125.71015 18.285 0.031
4129.70953 18.334 0.026
4142.56769 18.398 0.031
4150.54416 18.277 0.026
4154.52590 18.317 0.042
4165.57182 18.265 0.032
4183.51809 18.328 0.038
4340.89255 18.418 0.028
4346.87909 18.261 0.036
4350.89922 18.306 0.026
4357.83284 18.446 0.039
4363.76136 18.358 0.035
4365.78494 18.292 0.043
4369.78056 18.269 0.037
4372.75523 18.332 0.028
4376.84583 18.436 0.036
4379.85239 18.303 0.028
4383.85646 18.278 0.031
4388.79653 18.297 0.031
4393.72433 18.372 0.031
4398.79956 18.346 0.031
4403.74026 18.311 0.036
4411.73542 18.440 0.027
4417.81828 18.261 0.025
4417.86398 18.266 0.034
4421.73069 18.320 0.025
4425.80388 18.405 0.038
4429.71468 18.395 0.046
4431.85572 18.396 0.058
4436.68271 18.331 0.034
4439.72691 18.293 0.035
4442.70429 18.270 0.031
4448.75997 18.498 0.029
4450.76465 18.408 0.036
4453.74045 18.345 0.028
4456.75379 18.285 0.036
4459.66387 18.293 0.029
4462.66584 18.298 0.034
4465.70606 18.360 0.023
4469.65921 18.388 0.034
4474.66116 18.311 0.028
4478.76399 18.333 0.032
4481.76272 18.441 0.031
4484.67248 18.468 0.047
4487.73484 18.509 0.051
4492.68741 18.299 0.031
4494.72184 18.258 0.030
4499.60383 18.270 0.029
4502.67666 18.377 0.036
4507.63537 18.405 0.034
4509.63263 18.345 0.037
4514.62166 18.356 0.040
4516.54062 18.261 0.042
4520.62961 18.412 0.043
4530.55875 18.389 0.037
4537.54883 18.291 0.034
4540.59754 18.369 0.037
4549.55396 18.306 0.038
4560.49244 18.392 0.037
4567.50396 18.300 0.038
4574.52497 18.338 0.037
4592.46257 18.282 0.050
4681.91602 18.324 0.027
4691.88174 18.312 0.035
4702.89373 18.405 0.039
4719.80936 18.213 0.031
4722.89813 18.422 0.026
4726.88373 18.396 0.028
4731.86011 18.286 0.026
4747.83253 18.194 0.022
4751.87889 18.326 0.022
4756.80290 18.328 0.032
4759.84996 18.478 0.030
4762.80975 18.463 0.029
4768.78775 18.278 0.027
4771.82987 18.288 0.027
4774.83928 18.331 0.029
4776.86425 18.332 0.035
4780.82565 18.285 0.032
4783.79557 18.324 0.028
4788.72497 18.272 0.029
4791.70236 18.301 0.023
4794.70668 18.325 0.028
4797.68816 18.399 0.032
4800.73139 18.413 0.026
4804.78714 18.275 0.028
4805.81018 18.232 0.023
4807.76109 18.258 0.029
4810.71905 18.297 0.029
4812.77864 18.349 0.054
4814.66814 18.415 0.040
4816.66502 18.378 0.035
4818.68718 18.370 0.030
4820.69402 18.311 0.025
4823.70763 18.258 0.027
4825.79478 18.351 0.035
4831.83717 18.473 0.040
4832.79736 18.406 0.032
4834.76648 18.466 0.035
4837.66646 18.407 0.036
4839.69499 18.370 0.032
4841.73131 18.262 0.028
4843.73054 18.274 0.036
4846.69650 18.338 0.032
4848.72772 18.407 0.028
4850.71450 18.375 0.030
4852.70853 18.464 0.036
4855.71593 18.385 0.035
4857.69408 18.291 0.034
4863.64813 18.248 0.027
4866.66120 18.297 0.028
4870.64874 18.530 0.038
4873.67932 18.373 0.036
4878.63192 18.318 0.022
4884.61361 18.302 0.030
4888.53000 18.315 0.030
4900.56160 18.236 0.035
4904.58729 18.395 0.042
4913.56505 18.371 0.036
4918.54164 18.276 0.032
4924.55620 18.387 0.030
4928.55160 18.436 0.036
4930.50285 18.441 0.047
4934.49961 18.299 0.034
4938.49088 18.234 0.037
4942.50740 18.399 0.035
4947.50075 18.547 0.042
4954.51349 18.140 0.044
