2167.89750 16.769 0.013
2193.81977 16.897 0.011
2202.81910 16.865 0.013
2215.77230 16.744 0.013
2221.85050 16.859 0.014
2224.82039 16.744 0.013
2227.73123 16.808 0.013
2229.73699 16.844 0.014
2231.70525 16.773 0.013
2233.67352 16.804 0.013
2239.65392 16.779 0.013
2241.74559 16.799 0.013
2243.81060 16.831 0.014
2248.67259 16.734 0.011
2250.76154 16.903 0.016
2252.73094 16.735 0.011
2254.72198 16.868 0.011
2257.72599 16.774 0.011
2260.74771 16.732 0.011
2265.78032 16.737 0.013
2266.77086 16.872 0.014
2270.79693 16.855 0.011
2272.64649 16.729 0.011
2274.77385 16.866 0.016
2276.83178 16.749 0.013
2278.78864 16.833 0.016
2280.77139 16.716 0.011
2282.76859 16.851 0.013
2289.83105 16.730 0.011
2291.81709 16.891 0.014
2293.78598 16.726 0.014
2295.80986 16.825 0.013
2297.79592 16.711 0.013
2300.82096 16.758 0.014
2302.78220 16.796 0.014
2315.70598 16.891 0.014
2324.57165 16.822 0.013
2328.55351 16.808 0.016
2334.54673 16.764 0.013
2340.54339 16.889 0.014
2373.49593 16.845 0.019
2385.55905 16.801 0.017
2534.89158 16.917 0.017
2539.89872 16.763 0.014
2545.86657 16.839 0.014
2553.75872 16.809 0.017
2557.82675 16.788 0.014
2561.82482 16.776 0.013
2565.82690 16.781 0.016
2574.78911 16.859 0.016
2578.84550 16.858 0.014
2584.74129 16.745 0.014
2590.81826 16.836 0.013
2596.82469 16.723 0.016
2606.72122 16.794 0.013
2609.82979 16.710 0.014
2614.79653 16.782 0.013
2619.67257 16.853 0.011
2621.80053 16.715 0.013
2624.69755 16.830 0.013
2627.78884 16.842 0.017
2629.81564 16.695 0.014
2632.70973 16.838 0.013
2635.81028 16.850 0.013
2638.80344 16.764 0.014
2641.77163 16.750 0.013
2643.77785 16.841 0.011
2645.77357 16.691 0.011
2647.70258 16.825 0.011
2650.78428 16.762 0.013
2653.65642 16.769 0.013
2655.71314 16.810 0.013
2657.64795 16.786 0.013
2659.80174 16.837 0.017
2660.71202 16.832 0.013
2662.71797 16.730 0.013
2664.73341 16.902 0.019
2666.78728 16.739 0.011
2668.77880 16.850 0.014
2675.80586 16.811 0.011
2679.81153 16.809 0.017
2682.73375 16.741 0.014
2687.63312 16.775 0.014
2692.57596 16.887 0.013
2697.52231 16.840 0.014
2702.52116 16.735 0.016
2708.54992 16.887 0.016
2724.51978 16.855 0.013
2871.91126 16.804 0.014
2884.87090 16.762 0.014
2890.89288 16.825 0.019
2896.84555 16.736 0.013
2902.78017 16.813 0.011
2911.88873 16.860 0.011
2917.79225 16.726 0.011
2923.79440 16.904 0.014
2926.84750 16.778 0.013
2931.77599 16.881 0.013
2934.81641 16.768 0.013
2940.79679 16.847 0.013
2943.80097 16.856 0.013
2947.80951 16.859 0.013
2950.72347 16.749 0.013
2954.74673 16.750 0.014
2956.79228 16.893 0.013
2958.83688 16.763 0.017
2962.83114 16.730 0.011
2965.84033 16.778 0.011
2967.78008 16.816 0.013
2970.83404 16.739 0.011
2974.77207 16.747 0.011
2976.66156 16.875 0.014
2979.64497 16.807 0.014
2981.66632 16.834 0.023
2983.77312 16.817 0.013
2985.82085 16.759 0.011
2987.71959 16.779 0.014
2989.66228 16.847 0.011
2991.73452 16.819 0.013
2993.74225 16.793 0.013
2995.81747 16.803 0.013
2997.78638 16.836 0.013
2998.73390 16.783 0.011
3000.73640 16.883 0.014
3002.72432 16.740 0.011
3004.72721 16.906 0.013
3006.72017 16.783 0.011
3008.73461 16.907 0.013
3010.78106 16.746 0.013
3011.79738 16.776 0.014
3016.73103 16.895 0.013
3018.76143 16.765 0.013
3020.82518 16.890 0.014
3023.71112 16.786 0.011
3025.68275 16.868 0.011
3027.72819 16.752 0.011
3029.71305 16.893 0.013
3031.78341 16.794 0.014
3034.61476 16.787 0.011
3036.64513 16.855 0.011
3039.58702 16.779 0.013
3042.69455 16.800 0.013
3044.63399 16.833 0.013
3046.61997 16.819 0.013
3047.72231 16.781 0.014
3048.65340 16.846 0.011
3049.67696 16.908 0.011
3051.64628 16.766 0.013
3053.62151 16.926 0.011
3055.63855 16.771 0.011
3057.66369 16.916 0.013
3059.60833 16.759 0.011
3061.60059 16.926 0.014
3066.57018 16.886 0.017
3068.59806 16.796 0.014
3070.66839 16.843 0.020
3073.68668 16.912 0.016
3076.61042 16.791 0.014
3079.58947 16.784 0.010
3082.67946 16.858 0.011
3085.57924 16.895 0.013
3088.53951 16.760 0.013
3091.52239 16.761 0.014
3096.57090 16.770 0.016
3100.50190 16.739 0.014
3103.52014 16.811 0.013
3106.54140 16.862 0.013
3109.52701 16.843 0.011
3112.58248 16.790 0.013
3116.56055 16.761 0.014
3127.55769 16.854 0.013
3133.51819 16.810 0.016
3223.91645 16.926 0.016
3242.86735 16.751 0.011
3249.91474 16.731 0.013
3264.86829 16.899 0.011
3271.81605 16.816 0.016
3274.82004 16.742 0.013
3278.89301 16.718 0.013
3282.78520 16.759 0.011
3287.82416 16.827 0.010
3295.78192 16.805 0.009
3301.83545 16.815 0.013
3305.74445 16.867 0.013
3307.76930 16.790 0.016
3309.80572 16.815 0.011
3311.79936 16.766 0.011
3320.86277 16.909 0.013
3327.81521 16.760 0.010
3330.79127 16.788 0.013
3336.64368 16.848 0.014
3339.82214 16.781 0.014
3350.75967 16.800 0.009
3353.81587 16.920 0.011
3357.75653 16.934 0.013
3360.73326 16.802 0.010
3365.85269 16.915 0.013
3373.81676 16.923 0.014
3378.74355 16.864 0.011
3394.62670 16.931 0.016
3395.79948 16.782 0.014
3399.78044 16.761 0.014
3403.76754 16.815 0.013
3408.69072 16.769 0.010
3413.53695 16.878 0.013
3417.63082 16.858 0.011
3427.58121 16.837 0.013
3434.51868 16.913 0.013
3440.54283 16.765 0.011
3447.51203 16.864 0.014
3456.53758 16.764 0.013
3469.49247 16.766 0.011
3478.48500 16.833 0.013
3601.89545 16.814 0.014
3619.89816 16.728 0.011
3630.77954 16.801 0.016
3636.83699 16.885 0.014
3640.78690 16.870 0.011
3651.82076 16.764 0.011
3654.86697 16.824 0.010
3658.83065 16.788 0.013
3661.87639 16.926 0.014
3665.84960 16.890 0.013
3670.81920 16.873 0.013
3673.82948 16.893 0.010
3676.82962 16.815 0.010
3685.76898 16.917 0.011
3687.85572 16.789 0.010
3690.77765 16.874 0.013
3693.81328 16.914 0.013
3695.84438 16.791 0.011
3698.83404 16.872 0.013
3701.70299 16.896 0.011
3703.78678 16.827 0.011
3705.85097 16.888 0.011
3708.83870 16.774 0.011
3712.79625 16.777 0.011
3715.76191 16.793 0.011
3718.69773 16.924 0.014
3720.84751 16.779 0.013
3724.76512 16.756 0.010
3728.74315 16.784 0.011
3731.80622 16.817 0.010
3733.66898 16.816 0.011
3735.65683 16.861 0.010
3737.81535 16.815 0.010
3740.77871 16.753 0.010
3742.78923 16.917 0.019
3745.82126 16.801 0.011
3747.82404 16.829 0.016
3749.77133 16.800 0.014
3751.78518 16.868 0.014
3753.73457 16.770 0.011
3755.73465 16.849 0.013
3757.72438 16.789 0.011
3759.81466 16.883 0.013
3763.68668 16.848 0.010
3766.70328 16.857 0.013
3770.73083 16.874 0.013
3773.76209 16.759 0.013
3776.73644 16.771 0.014
3783.60371 16.948 0.013
3788.57792 16.763 0.011
3793.58347 16.715 0.011
3801.51924 16.777 0.011
3811.50995 16.873 0.014
3826.49496 16.747 0.013
3958.88503 16.815 0.016
3965.85482 16.919 0.011
3970.87493 16.861 0.011
3982.82569 16.859 0.013
3999.86991 16.768 0.011
4003.74581 16.827 0.010
4006.76695 16.896 0.010
4008.78786 16.785 0.010
4013.79947 16.864 0.016
4019.80063 16.830 0.011
4024.79368 16.793 0.009
4026.86268 16.930 0.013
4029.80703 16.854 0.011
4032.84360 16.748 0.013
4039.67585 16.845 0.011
4041.74955 16.783 0.011
4043.75457 16.878 0.013
4046.84772 16.907 0.014
4049.71784 16.799 0.010
4052.77918 16.787 0.011
4056.82447 16.778 0.011
4059.71922 16.920 0.013
4064.78772 16.753 0.009
4066.78682 16.885 0.011
4069.73993 16.755 0.010
4071.66789 16.839 0.013
4076.74007 16.800 0.013
4079.78157 16.880 0.014
4082.82945 16.851 0.011
4084.79473 16.804 0.011
4086.81977 16.869 0.013
4103.65542 16.894 0.013
4106.57619 16.775 0.013
4111.79855 16.906 0.011
4117.73915 16.732 0.013
4121.71710 16.739 0.014
4127.66775 16.865 0.010
4132.75669 16.867 0.014
4143.54394 16.830 0.013
4157.54270 16.798 0.014
4168.57699 16.865 0.013
4198.52959 16.774 0.014
4343.86249 16.857 0.014
4348.83137 16.749 0.013
4353.86273 16.795 0.013
4358.81475 16.892 0.017
4364.90110 16.754 0.014
4367.87495 16.865 0.013
4370.89664 16.876 0.016
4373.85261 16.762 0.013
4378.75605 16.857 0.016
4381.74423 16.759 0.014
4386.86211 16.830 0.013
4390.82409 16.817 0.011
4394.87069 16.819 0.013
4399.79841 16.917 0.014
4408.70341 16.853 0.016
4412.78579 16.780 0.013
4423.73615 16.872 0.013
4427.73820 16.848 0.013
4430.74152 16.742 0.014
4433.75908 16.731 0.013
4437.75704 16.735 0.014
4440.70129 16.874 0.014
4443.79373 16.802 0.014
4449.76467 16.765 0.013
4451.80028 16.813 0.014
4455.76567 16.788 0.014
4457.79690 16.789 0.016
4459.76412 16.803 0.013
4463.76085 16.799 0.011
4465.77761 16.792 0.013
4468.74187 16.866 0.013
4470.69740 16.723 0.013
4473.74056 16.824 0.014
4476.76152 16.857 0.013
4482.80240 16.729 0.013
4485.79275 16.760 0.014
4490.63999 16.748 0.014
4494.70605 16.721 0.014
4498.73026 16.740 0.011
4501.72762 16.816 0.014
4506.66162 16.768 0.014
4508.68848 16.842 0.013
4509.75259 16.826 0.013
4512.72230 16.842 0.013
4518.66249 16.743 0.017
4521.70303 16.884 0.014
4523.68205 16.741 0.016
4525.64666 16.846 0.013
4531.63038 16.760 0.011
4534.55926 16.742 0.013
4537.67504 16.905 0.013
4539.59433 16.734 0.013
4542.51171 16.830 0.016
4545.60905 16.912 0.014
4547.57711 16.755 0.014
4552.61028 16.798 0.014
4559.59451 16.755 0.013
4568.56269 16.777 0.013
4575.53963 16.787 0.014
4589.50191 16.877 0.017
4616.47378 16.752 0.016
4685.89243 16.766 0.013
4699.85558 16.920 0.014
4708.91493 16.810 0.013
4720.85319 16.801 0.011
4725.79370 16.742 0.013
4728.90487 16.789 0.013
4734.86772 16.755 0.014
4749.75067 16.776 0.013
4753.83068 16.722 0.013
4757.83358 16.780 0.013
4760.83512 16.824 0.011
4765.86844 16.771 0.014
4769.76448 16.754 0.013
4772.79659 16.890 0.013
4775.81422 16.783 0.011
4777.82770 16.716 0.011
4782.67763 16.760 0.013
4784.77769 16.868 0.014
4789.68650 16.828 0.011
4792.86300 16.842 0.019
4796.73936 16.863 0.011
4798.68665 16.738 0.011
4801.65252 16.807 0.013
4803.69810 16.715 0.011
4805.79847 16.873 0.011
4808.73298 16.845 0.013
4810.79300 16.723 0.010
4813.77383 16.878 0.019
4815.75756 16.763 0.014
4817.75506 16.821 0.013
4819.76412 16.735 0.011
4822.74394 16.775 0.010
4824.76197 16.841 0.013
4826.77485 16.769 0.011
4833.77762 16.884 0.013
4835.78820 16.718 0.011
4837.78730 16.899 0.019
4839.73862 16.745 0.013
4841.80294 16.880 0.014
4843.80278 16.715 0.016
4846.79267 16.826 0.016
4848.82258 16.844 0.014
4852.77906 16.790 0.013
4854.78040 16.817 0.011
4856.78710 16.804 0.013
4861.74217 16.899 0.014
4867.70611 16.731 0.013
4869.67511 16.876 0.014
4871.68274 16.778 0.014
4875.66867 16.784 0.013
4877.69379 16.870 0.013
4879.70050 16.793 0.013
4882.71921 16.851 0.014
4885.68108 16.868 0.013
4889.63911 16.842 0.014
4902.63741 16.933 0.019
4911.65619 16.824 0.011
4915.57537 16.833 0.013
4919.58059 16.859 0.013
4925.59370 16.802 0.013
4929.56090 16.796 0.016
4932.59604 16.733 0.014
4935.57390 16.862 0.014
4939.58075 16.861 0.013
4944.54627 16.790 0.014
4949.53987 16.776 0.011
4954.53850 16.873 0.017
