2166.84169 17.890 0.023
2172.89172 17.834 0.023
2183.88499 17.846 0.031
2189.84743 17.757 0.024
2192.75185 17.782 0.018
2201.76105 17.918 0.021
2212.79639 17.796 0.023
2217.78083 17.792 0.029
2223.80137 17.890 0.024
2226.77573 17.770 0.024
2228.81920 17.870 0.021
2232.75285 17.777 0.021
2234.74682 17.839 0.021
2238.69745 17.851 0.022
2240.82642 17.934 0.025
2242.83214 17.734 0.027
2248.71340 17.813 0.020
2251.73866 17.771 0.018
2253.75895 17.762 0.017
2255.68893 17.951 0.028
2258.68841 17.773 0.020
2261.66121 17.810 0.022
2269.76990 17.726 0.021
2271.71337 17.789 0.023
2273.80853 17.780 0.024
2275.78202 17.864 0.027
2277.78480 17.885 0.022
2279.78165 17.749 0.018
2281.74446 17.792 0.017
2283.80165 17.783 0.018
2289.73847 17.801 0.021
2291.74459 17.751 0.029
2293.71293 17.763 0.027
2295.73399 17.748 0.017
2297.72493 17.862 0.022
2299.75733 17.978 0.028
2301.66273 17.763 0.025
2303.65812 17.845 0.029
2326.56576 17.740 0.023
2332.50915 17.813 0.038
2338.53172 17.775 0.023
2344.52473 17.882 0.022
2355.49705 17.794 0.030
2387.48726 17.747 0.034
2521.90714 17.942 0.025
2537.85395 17.853 0.035
2542.82007 17.830 0.022
2544.87723 17.788 0.028
2551.86748 17.813 0.022
2555.89148 17.786 0.028
2559.80543 17.782 0.025
2563.85070 17.877 0.029
2577.84122 17.751 0.022
2580.86918 17.909 0.027
2589.77726 17.836 0.022
2594.79409 17.776 0.036
2599.84892 17.799 0.022
2609.65408 17.796 0.027
2611.65927 17.819 0.024
2617.80596 17.904 0.029
2620.77493 17.838 0.021
2623.74821 17.768 0.021
2626.67330 17.809 0.021
2627.61510 17.965 0.038
2628.84035 17.821 0.028
2630.82909 17.790 0.030
2632.61989 17.908 0.020
2635.61539 17.787 0.020
2637.74108 17.890 0.021
2637.75556 17.888 0.023
2639.77177 17.834 0.018
2641.64605 17.821 0.023
2643.65723 17.835 0.021
2645.64957 17.831 0.022
2647.57630 17.920 0.024
2651.64381 17.731 0.022
2653.66744 17.888 0.028
2655.65360 17.752 0.022
2657.78733 17.805 0.027
2659.65451 17.931 0.023
2661.67515 17.749 0.018
2665.78109 17.801 0.022
2667.85180 17.840 0.036
2671.78538 17.867 0.028
2675.71746 17.826 0.023
2677.75184 17.786 0.025
2679.74288 17.906 0.027
2682.60063 17.745 0.021
2686.56984 17.851 0.035
2691.52055 17.848 0.031
2695.57791 17.802 0.023
2700.52891 17.824 0.028
2713.51392 17.749 0.030
2735.49399 17.753 0.025
2841.91386 17.863 0.028
2868.88066 17.810 0.024
2890.82381 17.795 0.027
2895.85959 17.771 0.020
2900.81524 17.783 0.020
2906.84628 17.769 0.018
2910.87958 17.831 0.018
2915.87977 17.848 0.018
2921.87853 17.759 0.021
2925.84838 17.904 0.024
2930.76099 17.920 0.027
2933.80538 17.790 0.018
2939.81384 17.754 0.022
2941.83196 17.770 0.018
2943.70669 17.776 0.023
2946.80973 17.792 0.025
2948.80005 17.742 0.022
2952.79613 17.850 0.024
2955.85103 17.870 0.030
2958.66634 17.720 0.025
2962.67731 17.865 0.023
2965.69435 17.854 0.024
2967.79369 17.850 0.020
2970.69990 17.811 0.020
2970.70688 17.835 0.020
2974.69888 17.764 0.020
2976.73272 17.765 0.020
2978.62724 17.786 0.022
2980.65364 17.763 0.021
2982.61285 17.928 0.025
2984.65400 17.794 0.021
2986.74179 17.778 0.021
2988.70982 17.828 0.021
2990.64317 17.767 0.021
2992.72971 17.869 0.021
2994.63995 17.830 0.020
2996.72659 17.763 0.021
2998.68565 17.847 0.021
2999.77764 17.866 0.022
3001.65639 17.771 0.021
3003.65206 17.798 0.021
3005.60880 17.765 0.023
3007.72749 17.798 0.023
3009.66333 17.904 0.022
3011.60888 17.820 0.031
3013.63956 17.818 0.022
3017.61481 17.781 0.017
3018.70664 17.750 0.022
3020.78183 17.796 0.021
3022.80837 17.754 0.022
3024.75689 17.858 0.021
3026.75424 17.817 0.020
3028.76169 17.751 0.016
3030.76655 17.821 0.018
3033.69383 17.746 0.016
3035.70013 17.817 0.021
3038.67846 17.725 0.023
3040.67807 17.798 0.024
3042.62162 17.735 0.024
3044.55556 17.730 0.024
3046.57102 17.895 0.020
3048.55599 17.752 0.017
3050.57481 17.803 0.018
3052.57186 17.787 0.020
3054.57270 17.811 0.021
3056.56986 17.920 0.021
3060.58409 17.764 0.020
3064.58200 17.794 0.024
3067.64558 17.829 0.022
3069.60564 17.753 0.022
3073.51502 17.869 0.030
3075.60977 17.797 0.022
3078.52958 17.851 0.024
3082.51856 17.840 0.025
3084.59452 17.756 0.018
3087.55603 17.829 0.022
3090.51168 17.729 0.024
3093.49155 17.956 0.036
3098.60193 17.894 0.029
3101.55964 17.764 0.029
3104.53277 17.769 0.022
3111.50630 17.746 0.028
3114.50028 17.801 0.023
3115.52461 17.875 0.029
3126.46469 17.815 0.028
3144.47924 17.792 0.031
3224.88016 17.721 0.024
3239.91421 17.780 0.021
3247.88518 17.777 0.021
3256.86355 17.775 0.021
3263.83046 17.866 0.016
3268.85416 17.808 0.017
3273.82580 17.859 0.025
3281.80876 17.813 0.015
3289.82231 17.778 0.020
3294.82044 17.768 0.017
3296.82580 17.869 0.017
3298.85633 17.799 0.016
3301.67674 17.795 0.024
3303.84578 17.740 0.025
3306.82037 17.756 0.021
3308.83740 17.797 0.024
3310.86965 17.837 0.023
3320.68064 17.796 0.018
3323.63364 17.739 0.021
3329.80973 17.834 0.017
3334.70954 17.822 0.024
3338.76532 17.834 0.021
3349.78158 17.917 0.021
3351.76640 17.774 0.018
3354.73454 17.928 0.022
3358.62089 17.803 0.018
3361.71664 17.807 0.020
3363.70677 17.769 0.021
3367.66030 17.789 0.022
3372.67908 17.771 0.017
3377.71528 17.766 0.022
3386.74100 17.925 0.017
3391.58632 17.907 0.025
3395.64107 17.778 0.024
3398.69807 17.811 0.021
3402.64335 17.815 0.017
3404.57117 17.796 0.022
3408.52458 17.831 0.024
3412.55452 17.822 0.027
3414.59180 17.722 0.021
3419.55290 17.746 0.023
3426.50791 17.896 0.031
3433.55901 17.941 0.024
3443.52954 17.899 0.027
3453.49588 17.837 0.027
3574.93067 17.770 0.023
3588.92140 17.909 0.023
3589.87242 17.780 0.020
3614.91278 17.874 0.022
3617.86945 17.756 0.017
3629.80902 17.805 0.024
3634.77509 17.754 0.021
3639.88537 17.767 0.015
3641.81905 17.811 0.021
3646.89953 17.789 0.041
3650.81442 17.873 0.017
3653.84239 17.793 0.018
3657.79288 17.941 0.021
3660.75871 17.800 0.024
3664.79413 17.821 0.017
3668.73041 17.770 0.022
3671.86601 17.761 0.018
3676.84141 17.768 0.018
3684.78558 17.898 0.017
3687.70464 17.873 0.021
3689.80327 17.914 0.021
3692.72768 17.801 0.018
3694.80156 17.927 0.022
3696.67688 17.766 0.018
3699.68916 17.910 0.017
3701.74001 17.788 0.018
3704.70655 17.906 0.020
3706.76079 17.830 0.017
3711.65175 17.827 0.020
3713.66545 17.753 0.018
3716.71450 17.850 0.023
3719.71902 17.846 0.025
3722.76180 17.743 0.021
3726.66475 17.868 0.018
3728.63745 17.766 0.015
3731.73797 17.920 0.020
3733.62417 17.792 0.017
3734.72711 17.782 0.016
3736.74603 17.919 0.020
3737.63459 17.793 0.017
3739.69671 17.773 0.017
3741.72410 17.961 0.027
3743.69905 17.824 0.021
3746.74327 17.854 0.028
3748.69587 17.875 0.025
3750.70205 17.761 0.020
3752.71013 17.820 0.018
3754.73139 17.758 0.020
3755.65116 17.755 0.022
3757.62529 17.824 0.022
3759.59088 17.761 0.020
3762.67580 17.789 0.018
3765.69765 17.723 0.014
3769.73830 17.789 0.016
3772.70652 17.801 0.018
3775.69844 17.837 0.029
3778.67695 17.861 0.022
3782.58333 17.777 0.024
3786.56112 17.738 0.018
3791.55741 17.749 0.018
3798.55708 17.864 0.020
3805.54425 17.847 0.024
3820.48954 17.918 0.027
3938.93865 17.876 0.029
3961.91994 17.818 0.023
3968.90203 17.798 0.020
3974.88419 17.765 0.023
3981.79102 17.861 0.024
3987.91507 17.943 0.028
3988.86701 17.757 0.021
3995.82606 17.815 0.020
4002.82216 17.937 0.017
4005.77225 17.773 0.017
4007.77642 17.971 0.018
4011.75685 17.777 0.022
4018.73854 17.818 0.023
4023.79093 17.820 0.016
4026.70664 17.749 0.016
4028.84268 17.816 0.016
4031.73041 17.772 0.018
4037.83935 17.768 0.017
4040.80670 17.796 0.020
4042.82150 17.784 0.018
4046.69728 17.799 0.022
4048.78624 17.763 0.018
4052.62913 17.813 0.017
4053.82682 17.787 0.017
4056.64753 17.821 0.027
4059.65765 17.892 0.022
4064.62216 17.865 0.017
4066.60174 17.879 0.023
4069.66908 17.806 0.018
4071.59342 17.857 0.023
4076.64726 17.918 0.028
4079.68249 17.797 0.023
4082.67288 17.790 0.021
4084.75274 17.796 0.020
4087.67222 17.801 0.017
4093.76117 17.843 0.017
4102.63115 17.923 0.025
4104.79620 17.857 0.027
4109.65705 17.806 0.018
4113.67565 17.945 0.017
4119.61388 17.807 0.022
4122.66276 17.766 0.016
4125.71015 17.817 0.023
4129.70953 17.863 0.020
4142.56769 17.735 0.021
4150.54416 17.890 0.021
4154.52590 17.802 0.029
4165.57182 17.888 0.025
4183.51809 17.765 0.027
4340.89255 17.781 0.018
4346.87909 17.797 0.028
4350.89922 17.767 0.018
4357.83284 17.895 0.028
4363.76136 17.842 0.025
4365.78494 17.782 0.031
4369.78056 17.926 0.030
4372.75523 17.834 0.021
4376.84583 17.793 0.024
4379.85239 17.947 0.024
4383.85646 17.785 0.024
4388.79653 17.789 0.024
4393.72433 17.784 0.023
4398.79956 17.783 0.022
4403.74026 17.730 0.025
4411.73542 17.907 0.020
4417.81828 17.818 0.018
4417.86398 17.771 0.024
4421.73069 17.918 0.021
4425.80388 17.808 0.025
4429.71468 17.801 0.031
4431.85572 17.805 0.037
4436.68271 17.848 0.024
4439.72691 17.750 0.024
4442.70429 17.815 0.024
4448.75997 17.910 0.021
4450.76465 17.785 0.024
4453.74045 17.934 0.022
4456.75379 17.792 0.025
4459.66387 17.827 0.022
4462.66584 17.782 0.024
4465.70606 17.797 0.017
4469.65921 17.813 0.023
4474.66116 17.834 0.021
4478.76399 17.823 0.023
4481.76272 17.759 0.020
4484.67248 17.787 0.030
4487.73484 17.838 0.031
4492.68741 17.808 0.023
4494.72184 17.778 0.022
4499.60383 17.778 0.022
4502.67666 17.841 0.025
4507.63537 17.864 0.024
4509.63263 17.779 0.025
4514.62166 17.719 0.025
4516.54062 17.810 0.031
4520.62961 17.841 0.029
4522.53959 17.904 0.028
4524.55360 17.752 0.022
4530.55875 17.824 0.025
4532.55079 17.940 0.029
4537.54883 17.916 0.027
4540.59754 17.766 0.025
4549.55396 17.841 0.028
4560.49244 17.770 0.023
4567.50396 17.822 0.027
4574.52497 17.924 0.028
4592.46257 17.781 0.035
4681.91602 17.786 0.020
4691.88174 17.728 0.024
4702.89373 17.896 0.028
4719.80936 17.964 0.028
4722.89813 17.722 0.017
4726.88373 17.843 0.020
4731.86011 17.840 0.021
4747.83253 17.766 0.018
4751.87889 17.944 0.018
4756.80290 17.946 0.025
4759.84996 17.772 0.018
4762.80975 17.827 0.020
4768.78775 17.806 0.021
4771.82987 17.911 0.022
4774.83928 17.767 0.021
4776.86425 17.819 0.025
4780.82565 17.728 0.022
4783.79557 17.900 0.021
4788.72497 17.921 0.025
4791.70236 17.827 0.017
4794.70668 17.744 0.018
4797.68816 17.805 0.023
4800.73139 17.767 0.017
4802.76297 17.759 0.018
4804.78714 17.815 0.021
4805.81018 17.859 0.020
4807.76109 17.789 0.022
4810.71905 17.881 0.021
4812.77864 17.736 0.034
4814.66814 17.811 0.027
4816.66502 17.765 0.022
4818.68718 17.848 0.021
4820.69402 17.878 0.018
4823.70763 17.884 0.022
4825.79478 17.962 0.027
4831.83717 17.788 0.024
4832.79736 17.824 0.022
4834.76648 17.755 0.021
4837.66646 17.763 0.023
4839.69499 17.781 0.022
4841.73131 17.761 0.020
4843.73054 17.749 0.024
4846.69650 17.790 0.022
4848.72772 17.725 0.017
4850.71450 17.907 0.022
4852.70853 17.854 0.023
4855.71593 17.814 0.022
4857.69408 17.868 0.025
4863.64813 17.746 0.018
4866.66120 17.823 0.021
4868.65928 17.801 0.021
4870.64874 17.746 0.021
4873.67932 17.726 0.022
4875.57638 17.804 0.022
4876.60700 17.802 0.018
4878.63192 17.772 0.016
4882.55117 17.928 0.027
4884.61361 17.820 0.022
4888.53000 17.769 0.022
4900.56160 17.786 0.025
4904.58729 17.866 0.027
4913.56505 17.774 0.023
4918.54164 17.799 0.023
4924.55620 17.870 0.021
4928.55160 17.745 0.021
4930.50285 17.848 0.030
4934.49961 17.860 0.024
4938.49088 17.736 0.025
4942.50740 17.718 0.021
4947.50075 17.770 0.025
4954.51349 17.813 0.037
