2167.89750 15.712 0.008
2193.81977 15.697 0.006
2202.81910 15.862 0.008
2215.77230 15.672 0.008
2221.85050 15.685 0.006
2224.82039 15.710 0.008
2227.73123 15.758 0.008
2229.73699 15.771 0.008
2231.70525 15.767 0.008
2233.67352 15.747 0.006
2239.65392 15.674 0.008
2241.74559 15.650 0.006
2243.81060 15.634 0.006
2248.67259 15.675 0.006
2250.76154 15.720 0.008
2252.73094 15.748 0.006
2254.72198 15.777 0.006
2257.72599 15.869 0.008
2260.74771 15.858 0.008
2265.78032 15.720 0.008
2266.77086 15.715 0.006
2270.79693 15.673 0.006
2272.64649 15.663 0.006
2274.77385 15.655 0.008
2276.83178 15.662 0.006
2278.78864 15.688 0.008
2280.77139 15.704 0.006
2282.76859 15.725 0.006
2289.83105 15.759 0.006
2291.81709 15.716 0.006
2293.78598 15.692 0.008
2295.80986 15.667 0.006
2297.79592 15.652 0.006
2300.82096 15.651 0.008
2302.78220 15.671 0.008
2315.70598 15.873 0.008
2324.57165 15.716 0.008
2328.55351 15.677 0.008
2334.54673 15.686 0.008
2340.54339 15.749 0.008
2373.49593 15.831 0.009
2385.55905 15.658 0.008
2534.89158 15.818 0.008
2539.89872 15.848 0.008
2545.86657 15.740 0.008
2553.75872 15.673 0.008
2557.82675 15.686 0.008
2561.82482 15.721 0.008
2565.82690 15.753 0.008
2574.78911 15.710 0.008
2578.84550 15.683 0.008
2584.74129 15.742 0.008
2590.81826 15.821 0.008
2596.82469 15.871 0.009
2606.72122 15.682 0.008
2609.82979 15.682 0.008
2614.79653 15.706 0.008
2619.67257 15.769 0.006
2621.80053 15.771 0.008
2624.69755 15.757 0.008
2627.78884 15.741 0.009
2629.81564 15.716 0.008
2632.70973 15.701 0.006
2635.81028 15.702 0.008
2638.80344 15.728 0.008
2641.77163 15.772 0.008
2643.77785 15.797 0.008
2645.77357 15.797 0.008
2647.70258 15.859 0.006
2650.78428 15.874 0.008
2653.65642 15.829 0.008
2655.71314 15.748 0.008
2657.64795 15.727 0.008
2659.80174 15.707 0.008
2660.71202 15.692 0.008
2662.71797 15.687 0.008
2664.73341 15.660 0.008
2666.78728 15.663 0.006
2668.77880 15.689 0.008
2675.80586 15.761 0.006
2679.81153 15.763 0.009
2682.73375 15.756 0.008
2687.63312 15.714 0.008
2692.57596 15.708 0.008
2697.52231 15.767 0.008
2702.52116 15.809 0.009
2708.54992 15.839 0.008
2724.51978 15.667 0.008
2871.91126 15.834 0.008
2884.87090 15.666 0.008
2890.89288 15.676 0.009
2896.84555 15.738 0.008
2902.78017 15.801 0.008
2911.88873 15.713 0.006
2917.79225 15.701 0.008
2923.79440 15.742 0.008
2926.84750 15.774 0.008
2931.77599 15.810 0.008
2934.81641 15.693 0.008
2940.79679 15.649 0.006
2943.80097 15.631 0.006
2947.80951 15.662 0.006
2950.72347 15.705 0.008
2954.74673 15.752 0.008
2956.79228 15.773 0.008
2958.83688 15.792 0.009
2962.83114 15.749 0.006
2965.84033 15.718 0.008
2967.78008 15.695 0.008
2970.83404 15.687 0.006
2974.77207 15.704 0.006
2976.66156 15.710 0.008
2979.64497 15.740 0.008
2981.66632 15.758 0.010
2983.77312 15.823 0.008
2985.82085 15.830 0.008
2987.71959 15.817 0.008
2989.66228 15.727 0.006
2991.73452 15.711 0.008
2993.74225 15.689 0.008
2995.81747 15.664 0.006
2997.78638 15.652 0.008
2998.73390 15.634 0.006
3000.73640 15.642 0.008
3002.72432 15.655 0.006
3004.72721 15.663 0.006
3006.72017 15.707 0.006
3008.73461 15.726 0.008
3010.78106 15.747 0.008
3011.79738 15.773 0.008
3016.73103 15.823 0.008
3018.76143 15.746 0.008
3020.82518 15.734 0.008
3023.71112 15.690 0.006
3025.68275 15.679 0.006
3027.72819 15.692 0.006
3029.71305 15.690 0.006
3031.78341 15.701 0.008
3034.61476 15.731 0.006
3036.64513 15.759 0.006
3039.58702 15.834 0.008
3042.69455 15.814 0.008
3044.63399 15.797 0.008
3046.61997 15.705 0.008
3047.72231 15.701 0.008
3048.65340 15.688 0.006
3049.67696 15.671 0.006
3051.64628 15.653 0.008
3053.62151 15.632 0.006
3055.63855 15.627 0.006
3057.66369 15.631 0.006
3059.60833 15.651 0.006
3061.60059 15.685 0.008
3066.57018 15.772 0.009
3068.59806 15.790 0.008
3070.66839 15.807 0.009
3073.68668 15.766 0.008
3076.61042 15.734 0.008
3079.58947 15.695 0.006
3082.67946 15.679 0.006
3085.57924 15.679 0.008
3088.53951 15.708 0.008
3091.52239 15.728 0.008
3096.57090 15.809 0.009
3100.50190 15.802 0.009
3103.52014 15.706 0.008
3106.54140 15.671 0.006
3109.52701 15.639 0.006
3112.58248 15.635 0.006
3116.56055 15.675 0.008
3127.55769 15.784 0.008
3133.51819 15.715 0.008
3223.91645 15.672 0.008
3242.86735 15.716 0.006
3249.91474 15.651 0.008
3264.86829 15.816 0.006
3271.81605 15.714 0.008
3274.82004 15.670 0.008
3278.89301 15.638 0.006
3282.78520 15.675 0.006
3287.82416 15.749 0.006
3295.78192 15.792 0.006
3301.83545 15.693 0.006
3305.74445 15.653 0.006
3307.76930 15.653 0.008
3309.80572 15.668 0.006
3311.79936 15.687 0.006
3320.86277 15.810 0.008
3327.81521 15.687 0.006
3330.79127 15.671 0.008
3336.64368 15.650 0.008
3339.82214 15.707 0.008
3350.75967 15.786 0.006
3353.81587 15.741 0.006
3357.75653 15.694 0.006
3360.73326 15.663 0.006
3365.85269 15.668 0.006
3373.81676 15.771 0.008
3378.74355 15.800 0.006
3394.62670 15.675 0.008
3395.79948 15.689 0.008
3399.78044 15.748 0.008
3403.76754 15.808 0.008
3408.69072 15.771 0.006
3413.53695 15.713 0.006
3417.63082 15.670 0.006
3427.58121 15.739 0.008
3434.51868 15.802 0.006
3440.54283 15.694 0.006
3447.51203 15.650 0.006
3456.53758 15.748 0.008
3469.49247 15.709 0.006
3478.48500 15.693 0.006
3601.89545 15.810 0.008
3619.89816 15.701 0.006
3630.77954 15.822 0.008
3636.83699 15.742 0.008
3640.78690 15.704 0.006
3651.82076 15.751 0.006
3654.86697 15.844 0.006
3658.83065 15.805 0.008
3661.87639 15.705 0.008
3665.84960 15.689 0.006
3670.81920 15.647 0.006
3673.82948 15.695 0.006
3676.82962 15.710 0.006
3685.76898 15.817 0.006
3687.85572 15.812 0.006
3690.77765 15.741 0.008
3693.81328 15.717 0.006
3695.84438 15.695 0.006
3698.83404 15.698 0.006
3701.70299 15.711 0.006
3703.78678 15.736 0.006
3705.85097 15.744 0.006
3708.83870 15.776 0.006
3712.79625 15.829 0.006
3715.76191 15.735 0.006
3718.69773 15.708 0.008
3720.84751 15.675 0.008
3724.76512 15.647 0.006
3728.74315 15.670 0.006
3731.80622 15.703 0.006
3733.66898 15.726 0.006
3735.65683 15.762 0.006
3737.81535 15.796 0.006
3740.77871 15.814 0.006
3742.78923 15.788 0.009
3745.82126 15.767 0.006
3747.82404 15.742 0.008
3749.77133 15.736 0.008
3751.78518 15.697 0.008
3753.73457 15.696 0.006
3755.73465 15.701 0.006
3757.72438 15.724 0.006
3759.81466 15.752 0.006
3763.68668 15.767 0.006
3766.70328 15.839 0.008
3770.73083 15.826 0.008
3773.76209 15.726 0.006
3776.73644 15.686 0.008
3783.60371 15.646 0.006
3788.57792 15.721 0.006
3793.58347 15.795 0.006
3801.51924 15.758 0.006
3811.50995 15.707 0.008
3826.49496 15.825 0.008
3958.88503 15.764 0.008
3965.85482 15.792 0.006
3970.87493 15.724 0.006
3982.82569 15.732 0.006
3999.86991 15.691 0.006
4003.74581 15.663 0.006
4006.76695 15.659 0.006
4008.78786 15.672 0.006
4013.79947 15.746 0.008
4019.80063 15.781 0.006
4024.79368 15.742 0.006
4026.86268 15.723 0.006
4029.80703 15.680 0.006
4032.84360 15.674 0.008
4039.67585 15.774 0.006
4041.74955 15.793 0.006
4043.75457 15.822 0.008
4046.84772 15.879 0.008
4049.71784 15.853 0.006
4052.77918 15.745 0.006
4056.82447 15.683 0.006
4059.71922 15.654 0.006
4064.78772 15.696 0.006
4066.78682 15.711 0.006
4069.73993 15.760 0.006
4071.66789 15.757 0.006
4076.74007 15.779 0.008
4079.78157 15.736 0.008
4082.82945 15.712 0.006
4084.79473 15.696 0.006
4086.81977 15.697 0.006
4103.65542 15.881 0.008
4106.57619 15.823 0.008
4111.79855 15.723 0.006
4117.73915 15.678 0.006
4121.71710 15.706 0.008
4127.66775 15.765 0.006
4132.75669 15.789 0.008
4143.54394 15.667 0.008
4157.54270 15.914 0.009
4168.57699 15.706 0.006
4198.52959 15.667 0.008
4343.86249 15.694 0.008
4348.83137 15.763 0.008
4353.86273 15.786 0.008
4358.81475 15.738 0.008
4364.90110 15.655 0.008
4367.87495 15.646 0.006
4370.89664 15.688 0.008
4373.85261 15.732 0.008
4378.75605 15.833 0.008
4381.74423 15.927 0.009
4386.86211 15.811 0.008
4390.82409 15.726 0.006
4394.87069 15.684 0.006
4399.79841 15.685 0.008
4408.70341 15.772 0.008
4412.78579 15.761 0.008
4423.73615 15.648 0.006
4427.73820 15.681 0.006
4430.74152 15.747 0.008
4433.75908 15.808 0.008
4437.75704 15.908 0.009
4440.70129 15.897 0.008
4443.79373 15.795 0.008
4449.76467 15.697 0.008
4451.80028 15.683 0.008
4455.76567 15.679 0.008
4457.79690 15.702 0.008
4459.76412 15.745 0.008
4463.76085 15.758 0.008
4465.77761 15.763 0.008
4468.74187 15.744 0.006
4470.69740 15.724 0.008
4473.74056 15.677 0.008
4476.76152 15.640 0.006
4482.80240 15.663 0.008
4485.79275 15.718 0.008
4490.63999 15.812 0.008
4494.70605 15.899 0.008
4498.73026 15.808 0.008
4501.72762 15.754 0.008
4506.66162 15.682 0.008
4508.68848 15.674 0.006
4509.75259 15.663 0.006
4512.72230 15.692 0.006
4518.66249 15.760 0.009
4521.70303 15.752 0.008
4523.68205 15.759 0.008
4525.64666 15.732 0.008
4531.63038 15.659 0.006
4534.55926 15.646 0.008
4537.67504 15.650 0.006
4539.59433 15.688 0.008
4542.51171 15.755 0.008
4545.60905 15.796 0.008
4547.57711 15.890 0.008
4552.61028 15.909 0.008
4559.59451 15.759 0.008
4568.56269 15.691 0.008
4575.53963 15.760 0.008
4589.50191 15.649 0.008
4616.47378 15.737 0.008
4685.89243 15.756 0.008
4699.85558 15.646 0.008
4708.91493 15.739 0.008
4720.85319 15.935 0.008
4725.79370 15.793 0.008
4728.90487 15.734 0.008
4734.86772 15.698 0.008
4749.75067 15.711 0.008
4753.83068 15.658 0.008
4757.83358 15.603 0.006
4760.83512 15.638 0.006
4765.86844 15.761 0.008
4769.76448 15.850 0.008
4772.79659 15.958 0.008
4775.81422 15.956 0.008
4777.82770 15.869 0.008
4782.67763 15.772 0.008
4784.77769 15.738 0.008
4789.68650 15.699 0.006
4792.86300 15.711 0.009
4796.73936 15.744 0.006
4798.68665 15.755 0.008
4801.65252 15.745 0.008
4803.69810 15.738 0.008
4805.79847 15.696 0.006
4808.73298 15.647 0.008
4810.79300 15.622 0.006
4813.77383 15.614 0.008
4815.75756 15.626 0.008
4817.75506 15.651 0.006
4819.76412 15.705 0.006
4822.74394 15.777 0.006
4824.76197 15.821 0.008
4826.77485 15.926 0.008
4833.77762 15.846 0.008
4835.78820 15.824 0.008
4837.78730 15.785 0.009
4839.73862 15.751 0.008
4841.80294 15.723 0.008
4843.80278 15.707 0.008
4846.79267 15.705 0.008
4848.82258 15.721 0.008
4852.77906 15.744 0.008
4854.78040 15.742 0.006
4856.78710 15.756 0.008
4861.74217 15.702 0.008
4867.70611 15.604 0.006
4869.67511 15.602 0.006
4871.68274 15.612 0.008
4875.66867 15.690 0.008
4877.69379 15.742 0.006
4879.70050 15.795 0.008
4882.71921 15.921 0.008
4885.68108 15.958 0.008
4889.63911 15.871 0.008
4902.63741 15.701 0.008
4911.65619 15.761 0.006
4915.57537 15.740 0.008
4919.58059 15.684 0.006
4925.59370 15.616 0.006
4929.56090 15.662 0.008
4932.59604 15.708 0.008
4935.57390 15.789 0.008
4939.58075 15.940 0.008
4944.54627 15.931 0.008
4949.53987 15.819 0.006
4954.53850 15.729 0.008
