2167.85309 17.002 0.014
2173.86044 17.140 0.012
2192.83171 17.028 0.012
2214.79898 17.081 0.014
2224.75575 17.026 0.011
2229.67178 17.009 0.011
2232.83036 17.030 0.015
2232.83548 17.039 0.014
2234.83018 17.049 0.011
2239.60975 17.153 0.016
2241.67601 17.197 0.016
2243.72986 17.167 0.015
2248.81028 17.087 0.011
2250.85615 17.043 0.013
2252.66148 17.085 0.012
2254.65240 17.061 0.012
2257.65630 17.086 0.011
2261.77636 17.006 0.009
2266.65396 17.079 0.014
2270.65493 17.124 0.013
2271.80086 17.155 0.011
2273.75074 17.201 0.015
2275.83779 17.225 0.017
2277.65946 17.170 0.011
2279.83178 17.111 0.013
2281.81864 17.079 0.012
2283.85285 17.062 0.012
2288.75897 17.098 0.012
2290.79734 17.203 0.015
2292.77389 17.181 0.018
2296.75933 17.046 0.017
2298.77876 17.078 0.015
2300.73173 17.081 0.014
2302.70960 17.131 0.015
2327.56980 17.053 0.015
2333.57904 17.093 0.017
2339.55549 17.255 0.017
2357.52678 17.225 0.024
2395.52785 17.070 0.017
2529.82424 17.123 0.014
2542.89757 17.150 0.015
2552.84981 17.257 0.018
2556.84132 17.136 0.013
2559.89383 17.125 0.025
2564.85781 17.167 0.014
2578.78036 17.227 0.016
2583.83476 17.461 0.022
2590.73926 17.091 0.014
2596.75198 17.125 0.015
2605.75497 17.193 0.014
2609.75117 17.179 0.016
2614.71355 17.462 0.019
2618.73783 17.271 0.017
2621.65580 17.163 0.012
2623.82903 17.084 0.013
2627.69517 17.079 0.017
2629.71818 17.131 0.019
2634.77004 17.189 0.014
2635.69198 17.163 0.013
2638.66312 17.137 0.013
2639.66321 17.126 0.011
2641.72818 17.168 0.014
2643.73689 17.249 0.015
2645.72719 17.302 0.016
2650.84387 17.294 0.015
2652.75238 17.203 0.016
2654.68262 17.136 0.016
2656.65618 17.044 0.014
2658.61860 17.067 0.017
2660.63607 17.079 0.014
2662.61887 17.156 0.014
2664.62647 17.191 0.015
2666.68991 17.181 0.012
2668.67736 17.163 0.015
2670.63952 17.129 0.016
2672.74881 17.167 0.015
2674.65133 17.188 0.015
2676.63380 17.227 0.015
2678.72148 17.480 0.020
2680.63214 17.465 0.017
2682.68046 17.322 0.019
2687.55655 17.130 0.019
2691.62693 17.062 0.018
2696.54971 17.113 0.017
2701.53185 17.161 0.016
2707.52932 17.231 0.018
2714.52824 17.345 0.021
2840.91746 17.449 0.021
2867.93009 17.162 0.017
2894.85885 17.087 0.014
2899.86041 17.117 0.013
2905.84939 17.473 0.022
2911.80871 17.294 0.015
2916.85892 17.144 0.013
2922.84271 17.139 0.017
2926.77014 17.091 0.013
2930.84387 17.083 0.013
2934.74562 17.226 0.015
2940.72594 17.337 0.015
2942.85199 17.311 0.014
2947.73968 17.151 0.015
2949.82984 17.148 0.014
2953.69656 17.135 0.015
2956.72235 17.117 0.012
2958.74860 17.093 0.015
2962.76053 17.067 0.012
2965.77990 17.189 0.013
2968.72344 17.289 0.013
2973.86352 17.334 0.019
2975.85266 17.280 0.015
2976.84793 17.268 0.016
2979.85414 17.168 0.016
2982.69964 17.155 0.015
2984.74720 17.108 0.013
2986.82981 17.128 0.015
2988.80021 17.110 0.012
2989.81757 17.100 0.013
2991.65067 17.099 0.012
2993.63812 17.076 0.012
2995.73892 17.092 0.012
2997.71675 17.159 0.013
2999.73974 17.265 0.015
3001.77555 17.391 0.015
3003.74628 17.479 0.016
3005.65150 17.332 0.018
3007.68458 17.283 0.016
3009.75090 17.212 0.013
3011.72660 17.168 0.016
3013.73104 17.152 0.013
3017.73252 17.136 0.014
3019.66049 17.133 0.014
3021.77928 17.095 0.012
3023.64106 17.079 0.011
3024.84216 17.050 0.012
3026.83889 17.098 0.011
3029.64324 17.156 0.013
3031.71319 17.227 0.014
3033.77677 17.289 0.012
3035.78376 17.467 0.015
3038.76124 17.324 0.019
3040.73191 17.275 0.021
3042.67585 17.232 0.015
3044.60979 17.088 0.015
3045.69878 17.152 0.015
3047.65243 17.139 0.014
3049.65816 17.114 0.011
3051.62637 17.085 0.014
3055.61989 17.043 0.012
3057.64532 17.046 0.012
3059.58919 17.077 0.011
3061.58223 17.178 0.017
3068.52361 17.480 0.020
3070.57929 17.324 0.024
3073.58163 17.276 0.019
3075.69299 17.199 0.016
3078.62501 17.134 0.014
3082.60252 17.099 0.012
3084.67959 17.106 0.014
3087.64230 17.048 0.015
3090.60570 17.082 0.015
3099.59371 17.460 0.024
3102.57299 17.327 0.018
3105.60528 17.269 0.016
3108.58320 17.198 0.014
3112.56055 17.118 0.013
3116.54191 17.130 0.015
3127.50931 17.166 0.013
3140.49859 17.155 0.017
3223.89817 17.143 0.017
3241.88429 17.170 0.015
3248.84768 17.103 0.016
3257.87554 17.175 0.012
3270.86452 17.141 0.012
3277.84847 17.111 0.014
3281.89222 17.064 0.011
3287.75326 17.079 0.011
3295.70549 17.353 0.011
3301.76601 17.160 0.016
3304.82625 17.116 0.013
3307.69676 17.150 0.017
3309.73209 17.134 0.012
3311.73001 17.126 0.012
3320.77273 17.114 0.011
3323.70759 17.166 0.014
3327.74436 17.358 0.014
3330.70314 17.221 0.016
3334.80242 17.169 0.015
3338.84885 17.158 0.013
3350.68242 17.050 0.010
3354.73003 17.159 0.012
3358.81038 17.342 0.013
3361.84255 17.207 0.012
3365.74495 17.179 0.013
3372.76130 17.195 0.011
3378.67399 17.074 0.011
3391.74175 17.303 0.015
3394.75332 17.160 0.015
3396.63332 17.158 0.014
3399.71055 17.154 0.014
3403.69786 17.181 0.014
3408.60727 17.139 0.013
3417.57984 17.082 0.012
3425.58812 17.319 0.019
3431.57031 17.125 0.011
3437.55161 17.205 0.013
3445.55699 17.044 0.012
3460.50534 17.118 0.012
3477.50008 17.049 0.014
3583.94225 17.064 0.023
3601.87741 17.163 0.013
3618.91141 17.206 0.011
3629.89261 17.091 0.012
3634.85914 17.138 0.011
3639.85253 17.037 0.010
3644.80726 17.032 0.011
3650.89614 17.164 0.019
3654.79769 17.064 0.011
3657.87758 17.086 0.011
3660.81202 17.127 0.015
3664.84708 17.138 0.011
3668.80500 17.090 0.013
3672.79320 17.026 0.011
3675.87289 17.021 0.012
3684.78105 17.066 0.011
3687.78665 17.044 0.011
3690.70652 17.109 0.014
3693.74045 17.139 0.012
3695.76201 17.174 0.012
3698.75484 17.151 0.013
3700.78358 17.113 0.012
3703.71482 17.047 0.011
3705.78198 16.993 0.010
3708.73659 17.017 0.013
3712.72711 17.047 0.011
3714.73381 17.160 0.012
3717.65984 17.014 0.012
3719.82708 17.018 0.016
3725.82097 17.162 0.018
3727.79343 17.181 0.012
3730.68879 17.178 0.011
3732.71357 17.159 0.011
3734.81156 17.082 0.011
3736.82785 17.037 0.011
3737.71619 17.033 0.011
3739.81532 17.029 0.011
3745.77688 17.143 0.013
3747.77956 17.160 0.016
3749.67125 17.045 0.015
3750.75627 17.044 0.012
3752.76694 17.077 0.014
3754.78469 17.059 0.012
3756.60822 17.108 0.011
3758.78109 17.149 0.018
3761.79352 17.208 0.012
3764.74801 17.151 0.012
3767.60781 17.076 0.012
3770.62550 17.028 0.011
3773.62833 17.031 0.012
3776.62774 17.021 0.012
3779.61737 17.123 0.016
3782.66808 17.025 0.011
3787.59309 17.046 0.011
3792.54488 17.156 0.013
3800.52228 17.058 0.013
3809.53415 17.068 0.016
3822.51997 17.066 0.013
3946.91649 17.029 0.014
3964.87306 16.971 0.010
3969.89717 16.991 0.011
3981.87187 16.987 0.013
3989.89886 17.159 0.013
4001.87551 16.980 0.010
4005.85316 17.126 0.011
4007.85735 17.122 0.012
4011.85759 16.998 0.011
4018.84913 17.079 0.011
4023.88127 17.102 0.014
4026.78975 17.069 0.010
4029.73875 17.002 0.013
4031.81132 16.951 0.010
4038.72036 17.134 0.012
4041.68158 17.010 0.012
4043.68587 16.981 0.014
4046.77801 16.994 0.016
4048.86749 16.991 0.016
4052.71043 17.104 0.011
4056.75441 17.117 0.012
4058.78757 17.095 0.011
4063.68632 16.955 0.010
4066.74358 16.952 0.011
4068.83110 16.997 0.011
4070.67346 17.092 0.012
4073.83291 16.997 0.012
4076.80105 16.989 0.013
4079.76339 16.963 0.011
4083.68016 17.076 0.014
4085.74570 17.111 0.013
4092.86412 17.009 0.013
4102.84069 17.129 0.015
4105.69960 16.999 0.011
4109.77278 16.981 0.011
4113.72850 17.013 0.010
4120.75894 17.129 0.011
4122.71535 17.073 0.011
4125.76661 16.969 0.012
4131.61995 16.943 0.010
4142.65669 16.995 0.016
4156.54336 17.022 0.013
4166.58468 17.067 0.016
4196.53420 16.926 0.016
4341.91000 17.014 0.015
4347.85989 17.074 0.013
4362.83033 17.185 0.017
4365.83841 16.997 0.018
4369.82003 16.958 0.015
4371.86633 16.950 0.011
4377.80211 17.078 0.014
4380.81864 17.030 0.014
4386.79430 16.908 0.012
4390.75621 16.959 0.012
4393.87027 17.170 0.014
4399.73032 16.940 0.019
4404.72837 16.953 0.015
4412.86898 17.051 0.018
4418.80117 16.910 0.011
4424.81765 17.038 0.013
4426.74552 17.168 0.018
4429.85151 17.011 0.017
4432.73236 16.962 0.011
4436.77173 16.925 0.012
4439.83731 17.005 0.016
4443.70357 17.095 0.017
4449.68831 16.921 0.011
4451.69786 16.924 0.013
4454.71434 16.952 0.011
4455.69663 16.980 0.014
4458.75505 17.145 0.014
4461.67194 17.020 0.013
4465.75508 16.948 0.011
4468.72363 16.912 0.010
4473.69645 17.073 0.012
4477.75463 17.108 0.017
4481.69225 16.939 0.011
4485.74027 16.933 0.013
4489.72374 17.126 0.019
4493.71597 17.026 0.016
4498.68950 16.931 0.013
4501.68689 16.937 0.012
4506.62084 17.077 0.014
4508.63805 17.071 0.012
4510.71191 17.026 0.012
4521.62197 17.006 0.014
4523.63783 17.161 0.014
4525.55724 17.061 0.012
4531.57930 16.914 0.011
4533.58168 16.946 0.011
4537.63171 17.022 0.013
4539.55070 17.077 0.014
4541.60295 17.076 0.016
4545.52336 16.946 0.012
4549.60691 16.969 0.015
4560.54958 16.970 0.013
4567.59522 16.965 0.014
4571.54008 17.043 0.015
4581.52055 16.933 0.014
4610.48870 16.963 0.016
4683.91252 17.115 0.013
4694.93092 16.931 0.015
4697.86918 16.976 0.015
4707.91984 16.956 0.012
4720.78510 16.964 0.012
4724.83833 16.934 0.013
4728.82579 16.948 0.013
4733.83551 17.058 0.012
4748.84149 17.105 0.011
4752.87455 16.939 0.013
4756.88384 16.905 0.013
4760.76691 16.916 0.011
4763.82568 17.008 0.014
4768.86836 16.968 0.013
4772.71471 16.925 0.011
4775.74398 16.948 0.013
4777.75881 16.954 0.012
4781.75528 17.082 0.013
4784.70888 17.008 0.019
4788.80587 16.903 0.011
4791.81630 16.905 0.011
4794.78777 16.966 0.011
4797.80704 17.000 0.013
4800.78385 16.986 0.011
4802.85088 16.961 0.011
4805.67735 16.929 0.011
4807.73139 16.948 0.013
4809.71199 16.967 0.012
4811.70835 16.971 0.017
4813.73008 17.071 0.017
4814.74891 17.105 0.014
4816.74583 16.937 0.011
4818.74497 16.935 0.011
4820.66436 16.935 0.010
4820.80455 16.925 0.011
4822.70089 16.904 0.011
4824.68975 16.933 0.011
4826.69415 16.942 0.011
4833.69210 16.987 0.011
4835.74447 16.958 0.011
4838.74905 16.944 0.011
4842.72031 16.946 0.012
4844.71657 16.980 0.012
4847.78354 17.088 0.013
4850.77667 16.920 0.012
4853.75314 16.899 0.011
4855.76855 16.931 0.015
4857.74673 16.898 0.011
4863.70802 17.031 0.014
4865.60824 16.979 0.012
4868.71180 16.939 0.011
4869.65712 16.928 0.012
4872.68635 16.945 0.017
4874.57952 16.957 0.011
4876.60317 17.006 0.011
4878.62806 17.099 0.011
4882.70117 16.931 0.012
4885.55934 16.896 0.011
4888.62658 16.885 0.010
4900.63045 16.957 0.014
4908.55419 16.952 0.011
4916.57054 16.864 0.011
4920.60049 16.842 0.011
4926.55660 17.031 0.016
4930.55322 17.005 0.014
4937.54180 16.911 0.011
4940.55779 16.970 0.012
4946.55141 16.931 0.012
4951.53122 16.894 0.016
