2165.85271 15.133 0.006
2171.87509 15.136 0.006
2183.83450 15.113 0.006
2184.83399 15.127 0.006
2191.80490 15.133 0.006
2200.81524 15.119 0.006
2206.75139 15.122 0.006
2223.73851 15.127 0.006
2226.71411 15.124 0.006
2228.75779 15.116 0.006
2230.66956 15.118 0.006
2232.69132 15.123 0.006
2234.68442 15.125 0.006
2238.62899 15.116 0.006
2240.76404 15.130 0.006
2242.76589 15.116 0.006
2244.81669 15.126 0.006
2249.68903 15.124 0.006
2251.83479 15.122 0.006
2253.67499 15.130 0.006
2256.68011 15.125 0.006
2259.67203 15.130 0.006
2262.67726 15.119 0.006
2269.73845 15.131 0.006
2273.63356 15.118 0.006
2277.70516 15.130 0.006
2279.71453 15.131 0.006
2281.70661 15.138 0.006
2283.73240 15.138 0.006
2288.72095 15.137 0.006
2290.75572 15.122 0.006
2292.73055 15.127 0.006
2294.69816 15.129 0.006
2296.71976 15.140 0.006
2298.67587 15.154 0.006
2300.68790 15.152 0.006
2302.66376 15.155 0.006
2304.67973 15.151 0.006
2316.54396 15.137 0.006
2322.58094 15.135 0.006
2325.58737 15.136 0.006
2331.52382 15.144 0.006
2337.54639 15.126 0.006
2345.50616 15.138 0.006
2350.50826 15.148 0.006
2365.52500 15.134 0.006
2519.90139 15.132 0.006
2526.87966 15.138 0.006
2541.87391 15.136 0.006
2544.80069 15.128 0.007
2551.80064 15.138 0.006
2554.89309 15.130 0.006
2558.89469 15.148 0.007
2563.78252 15.132 0.008
2571.83940 15.134 0.006
2577.77788 15.147 0.006
2580.80663 15.138 0.006
2588.84572 15.128 0.006
2594.72322 15.130 0.006
2599.75439 15.145 0.006
2607.71888 15.138 0.006
2617.71063 15.159 0.006
2622.82180 15.149 0.006
2624.81556 15.147 0.006
2625.79680 15.142 0.006
2628.60076 15.133 0.006
2634.57835 15.128 0.006
2637.61653 15.157 0.006
2640.66252 15.140 0.006
2642.65471 15.143 0.006
2644.65098 15.148 0.006
2646.63922 15.143 0.006
2650.60575 15.146 0.006
2652.61770 15.139 0.006
2654.72600 15.132 0.006
2657.67711 15.140 0.006
2659.75027 15.138 0.006
2661.74953 15.138 0.006
2663.67639 15.160 0.006
2665.71967 15.160 0.006
2667.64623 15.165 0.006
2671.61921 15.152 0.006
2673.62660 15.161 0.006
2675.61966 15.158 0.006
2677.61756 15.152 0.006
2679.68079 15.149 0.006
2681.66747 15.147 0.006
2685.61447 15.128 0.006
2690.56812 15.121 0.006
2694.55898 15.131 0.006
2699.55373 15.135 0.006
2705.53195 15.136 0.006
2711.55861 15.134 0.006
2732.48975 15.125 0.007
2872.86357 15.118 0.006
2883.87706 15.135 0.006
2886.84574 15.146 0.006
2892.84226 15.147 0.006
2896.81674 15.131 0.006
2900.90497 15.138 0.006
2905.89394 15.130 0.006
2915.80980 15.131 0.006
2921.81203 15.134 0.006
2925.75535 15.123 0.006
2929.78326 15.126 0.006
2932.86625 15.135 0.006
2939.74511 15.137 0.006
2942.72330 15.123 0.006
2946.74386 15.137 0.006
2949.72747 15.140 0.006
2952.71854 15.136 0.006
2955.78012 15.147 0.006
2957.71274 15.135 0.006
2960.73819 15.136 0.006
2960.83497 15.144 0.006
2963.72048 15.128 0.006
2966.68739 15.147 0.006
2968.85113 15.149 0.006
2972.68706 15.131 0.006
2975.66051 15.134 0.006
2977.73124 15.130 0.006
2979.78329 15.124 0.006
2983.69142 15.135 0.006
2986.67366 15.135 0.006
2988.63894 15.124 0.006
2990.77201 15.131 0.006
2994.75290 15.125 0.006
2996.62887 15.136 0.006
2998.61039 15.139 0.006
3000.62851 15.135 0.006
3002.61321 15.139 0.006
3004.61607 15.131 0.006
3006.66510 15.135 0.006
3008.61615 15.140 0.006
3010.63637 15.135 0.006
3012.73176 15.131 0.006
3016.65038 15.124 0.006
3018.63581 15.133 0.006
3020.67682 15.127 0.006
3022.74242 15.126 0.006
3024.69076 15.132 0.006
3026.65980 15.127 0.006
3028.66531 15.136 0.006
3030.70065 15.131 0.006
3033.62109 15.139 0.006
3035.62884 15.128 0.006
3038.60980 15.141 0.006
3041.53535 15.132 0.006
3043.56480 15.143 0.006
3045.60392 15.136 0.006
3047.55835 15.136 0.006
3049.56326 15.123 0.006
3051.55549 15.121 0.006
3053.55187 15.130 0.006
3055.55054 15.116 0.006
3057.54975 15.125 0.006
3059.54835 15.132 0.006
3064.56550 15.126 0.006
3067.55336 15.126 0.006
3069.53829 15.120 0.006
3072.53655 15.121 0.006
3075.53711 15.130 0.006
3077.62181 15.125 0.006
3081.61328 15.121 0.006
3084.52011 15.134 0.006
3086.55807 15.124 0.006
3089.54390 15.134 0.006
3092.52794 15.140 0.006
3098.52532 15.124 0.006
3101.49402 15.142 0.006
3103.49082 15.135 0.006
3109.49291 15.133 0.006
3113.48096 15.154 0.006
3123.51385 15.124 0.006
3133.48745 15.126 0.006
3230.88653 15.135 0.006
3238.87008 15.130 0.006
3246.90192 15.122 0.006
3254.89007 15.118 0.006
3262.86464 15.125 0.006
3268.78789 15.134 0.006
3272.90253 15.119 0.006
3275.90128 15.141 0.006
3281.74280 15.134 0.006
3283.84263 15.155 0.006
3289.75616 15.151 0.006
3296.71010 15.127 0.006
3298.79020 15.137 0.006
3300.84615 15.146 0.006
3303.75342 15.136 0.006
3306.75486 15.136 0.006
3308.77160 15.137 0.006
3310.80395 15.150 0.006
3314.72526 15.137 0.006
3321.64575 15.125 0.006
3325.70749 15.136 0.006
3329.74017 15.134 0.006
3334.63637 15.141 0.006
3338.68980 15.139 0.006
3349.66716 15.115 0.006
3355.70706 15.135 0.006
3359.62741 15.133 0.006
3366.69017 15.106 0.006
3377.64673 15.136 0.006
3379.76243 15.167 0.006
3386.65700 15.128 0.006
3390.76619 15.116 0.006
3395.77016 15.116 0.006
3398.64339 15.132 0.006
3400.62308 15.136 0.006
3403.63259 15.142 0.006
3406.56644 15.139 0.006
3406.62005 15.126 0.006
3410.58460 15.131 0.006
3415.60690 15.120 0.006
3429.58440 15.115 0.006
3434.57375 15.131 0.006
3444.51020 15.135 0.006
3450.54405 15.128 0.006
3570.92752 15.131 0.006
3591.92085 15.123 0.006
3608.91331 15.128 0.006
3615.90709 15.132 0.006
3628.90722 15.126 0.006
3633.77990 15.137 0.006
3638.80915 15.121 0.006
3641.77923 15.132 0.006
3646.83890 15.135 0.006
3653.77696 15.119 0.006
3656.82930 15.120 0.006
3661.76477 15.121 0.006
3665.76797 15.128 0.006
3671.73402 15.116 0.006
3674.85617 15.119 0.006
3683.77200 15.117 0.006
3686.81990 15.114 0.006
3689.73483 15.128 0.006
3692.65789 15.131 0.006
3695.72193 15.111 0.006
3698.67962 15.117 0.006
3700.71902 15.111 0.006
3702.80658 15.104 0.006
3705.71338 15.110 0.006
3707.68840 15.119 0.006
3712.84365 15.128 0.006
3715.84149 15.137 0.006
3718.64317 15.130 0.006
3721.62637 15.124 0.006
3725.69353 15.134 0.006
3727.63789 15.136 0.006
3731.66825 15.130 0.006
3736.64908 15.137 0.006
3739.65249 15.142 0.006
3741.66747 15.130 0.006
3745.59823 15.129 0.006
3749.59407 15.129 0.007
3751.69820 15.141 0.006
3754.56002 15.143 0.006
3756.72616 15.136 0.006
3758.65023 15.130 0.006
3761.69757 15.133 0.006
3764.67468 15.136 0.006
3769.67308 15.137 0.006
3772.64091 15.134 0.006
3775.61209 15.114 0.006
3778.61132 15.142 0.006
3785.59498 15.144 0.006
3790.56370 15.130 0.006
3797.54342 15.131 0.006
3804.53987 15.138 0.006
3817.50668 15.136 0.006
3935.94034 15.139 0.006
3960.88947 15.134 0.006
3968.83364 15.137 0.006
3973.91483 15.122 0.006
3979.90066 15.143 0.006
3987.84539 15.148 0.006
3994.90042 15.151 0.006
4001.80830 15.140 0.006
4004.77903 15.141 0.006
4007.71165 15.113 0.006
4009.78479 15.134 0.006
4014.81023 15.144 0.006
4016.82256 15.135 0.006
4021.85433 15.142 0.006
4025.86469 15.146 0.006
4028.77454 15.145 0.006
4030.84869 15.132 0.006
4037.74577 15.132 0.006
4040.74073 15.146 0.006
4042.75697 15.142 0.006
4045.85857 15.138 0.006
4048.72035 15.145 0.006
4051.66314 15.134 0.006
4053.76228 15.142 0.006
4055.71207 15.139 0.006
4057.69094 15.141 0.006
4060.63003 15.141 0.006
4065.64811 15.134 0.006
4067.61369 15.138 0.006
4069.60337 15.134 0.006
4072.64128 15.129 0.006
4077.67341 15.135 0.006
4080.65767 15.143 0.006
4084.68727 15.131 0.006
4092.76868 15.137 0.006
4100.82400 15.143 0.006
4107.66538 15.139 0.006
4117.63093 15.129 0.006
4121.63196 15.141 0.006
4123.70263 15.136 0.006
4126.60365 15.131 0.006
4129.69248 15.137 0.006
4147.56882 15.132 0.006
4153.54763 15.131 0.006
4164.52995 15.126 0.006
4176.53563 15.130 0.006
4192.50655 15.131 0.006
4316.93660 15.130 0.006
4345.85403 15.136 0.006
4350.80728 15.120 0.006
4355.82928 15.150 0.006
4362.75813 15.137 0.006
4365.77075 15.131 0.008
4369.76620 15.131 0.006
4373.74171 15.120 0.006
4376.78122 15.135 0.006
4379.78681 15.132 0.006
4383.79188 15.122 0.006
4392.72827 15.136 0.006
4397.76521 15.130 0.006
4402.84275 15.131 0.006
4406.79291 15.134 0.006
4409.86543 15.140 0.006
4420.84185 15.122 0.006
4425.83797 15.129 0.006
4431.71513 15.143 0.006
4435.73485 15.127 0.006
4439.75871 15.133 0.006
4441.83911 15.127 0.006
4444.67538 15.135 0.006
4450.69113 15.131 0.006
4453.67375 15.122 0.006
4458.66120 15.132 0.006
4463.67357 15.120 0.006
4466.66327 15.131 0.006
4469.64443 15.138 0.006
4473.59906 15.144 0.006
4477.68613 15.127 0.006
4479.66754 15.132 0.006
4483.66765 15.146 0.006
4489.68432 15.131 0.006
4493.64393 15.117 0.006
4498.60106 15.133 0.006
4500.72407 15.120 0.006
4502.64567 15.124 0.006
4507.59789 15.122 0.006
4509.59098 15.117 0.006
4515.56207 15.114 0.006
4520.55419 15.126 0.006
4523.57278 15.131 0.006
4525.57370 15.120 0.006
4531.54000 15.125 0.006
4534.51108 15.130 0.006
4538.58225 15.114 0.006
4540.53262 15.118 0.006
4543.62380 15.111 0.006
4559.49816 15.123 0.006
4571.49090 15.126 0.006
4589.47279 15.116 0.006
4672.91357 15.138 0.006
4690.91936 15.130 0.006
4703.88301 15.127 0.006
4715.87802 15.132 0.006
4721.90876 15.128 0.006
4726.77329 15.134 0.006
4743.82807 15.130 0.006
4750.83249 15.125 0.006
4755.85116 15.137 0.006
4759.78538 15.130 0.006
4762.74525 15.128 0.006
4768.72332 15.128 0.006
4771.76494 15.137 0.006
4774.68763 15.142 0.006
4776.79886 15.139 0.006
4779.83581 15.122 0.006
4783.70182 15.122 0.006
4787.71773 15.143 0.006
4789.86431 15.114 0.006
4793.71478 15.130 0.006
4795.69311 15.133 0.006
4799.69063 15.129 0.006
4802.69844 15.136 0.006
4805.65606 15.130 0.006
4807.74652 15.126 0.006
4810.67869 15.136 0.006
4813.65732 15.138 0.006
4815.67049 15.132 0.006
4819.66888 15.143 0.006
4821.70595 15.125 0.006
4831.76623 15.119 0.006
4834.68648 15.138 0.006
4836.69868 15.120 0.006
4839.68006 15.139 0.006
4841.68470 15.127 0.006
4843.69065 15.134 0.006
4845.69964 15.135 0.006
4846.65531 15.138 0.006
4848.68242 15.127 0.006
4850.67457 15.136 0.006
4854.65644 15.128 0.006
4856.66299 15.118 0.006
4859.64088 15.134 0.006
4864.60790 15.130 0.006
4865.65949 15.121 0.006
4868.64456 15.130 0.006
4870.60961 15.140 0.006
4872.63919 15.121 0.006
4874.54025 15.133 0.006
4876.53012 15.117 0.006
4882.61431 15.118 0.006
4884.53693 15.135 0.006
4887.56985 15.116 0.006
4901.61373 15.124 0.006
4915.51062 15.111 0.006
4918.52698 15.134 0.006
4924.54229 15.119 0.006
4928.53800 15.130 0.006
4933.50796 15.144 0.006
4937.50457 15.112 0.006
4941.52099 15.133 0.006
4946.52040 15.128 0.006
4953.47334 15.111 0.006
