3001.64236 15.639 0.005
3026.74259 15.639 0.005
3331.73327 15.738 0.005
3341.73718 15.663 0.005
3355.73115 15.773 0.005
3359.66023 15.649 0.005
3365.64045 15.664 0.005
3370.67243 15.837 0.006
3376.65263 15.839 0.005
3386.72787 15.749 0.005
3396.71124 15.661 0.006
3716.83829 15.677 0.005
3721.71573 15.647 0.005
3731.72515 15.717 0.004
3739.68377 15.657 0.004
3748.65700 15.647 0.005
3755.68054 15.691 0.005
3761.75412 15.652 0.004
3765.68485 15.769 0.004
3771.60148 15.785 0.005
4064.73086 15.655 0.004
4073.70964 15.654 0.005
4079.66981 15.654 0.005
4093.68563 15.832 0.004
4112.63638 15.681 0.004
4124.71612 15.780 0.005
4132.64799 15.728 0.005
4392.86695 15.649 0.005
4402.77577 15.718 0.006
4417.77291 15.699 0.005
4426.79196 15.647 0.005
4438.76677 15.649 0.005
4452.69493 15.668 0.005
4464.68293 15.697 0.005
4471.67753 15.641 0.005
4479.76873 15.838 0.005
4483.72463 15.659 0.005
4486.72344 15.675 0.006
4510.57806 15.652 0.005
4722.86086 15.731 0.005
4774.82670 15.729 0.005
4775.68719 15.700 0.005
4776.65693 15.729 0.005
4777.67496 15.647 0.005
4777.87105 15.732 0.006
4778.68856 15.713 0.005
4779.68913 15.809 0.005
4780.70119 15.666 0.005
4780.81319 15.735 0.005
4780.86483 15.791 0.005
4781.66518 15.700 0.005
4782.65964 15.749 0.006
4783.75772 15.677 0.005
4794.68460 15.774 0.005
4850.74802 15.720 0.005
4851.69255 15.664 0.005
4851.80848 15.648 0.005
4853.66552 15.698 0.005
4854.75293 15.652 0.004
4855.65304 15.773 0.005
4924.52053 15.703 0.005
4925.51164 15.823 0.005
4927.50390 15.683 0.005
4928.50494 15.776 0.005
4930.49143 15.706 0.006
4931.49433 15.837 0.006
4933.47909 15.678 0.005
