2166.83748 21.168 0.375
2172.88623 21.092 0.375
2189.84343 21.281 0.498
2217.77657 20.922 0.362
2223.79686 20.728 0.270
2228.81518 21.279 0.362
2232.74882 20.976 0.280
2234.74264 21.133 0.318
2240.82234 21.552 0.509
2242.82814 20.996 0.435
2249.76134 21.200 0.313
2251.79384 20.858 0.222
2253.75428 20.688 0.186
2256.72961 21.435 0.447
2258.67093 21.429 0.387
2261.65657 21.349 0.452
2271.70452 21.041 0.320
2273.67123 20.598 0.258
2275.77768 21.008 0.349
2277.77244 21.466 0.454
2279.77750 21.032 0.268
2281.79140 21.390 0.391
2283.79454 21.111 0.253
2289.72371 20.876 0.260
2291.73116 20.523 0.303
2293.70325 20.896 0.365
2295.73002 20.827 0.192
2297.72087 20.899 0.269
2299.74326 20.751 0.242
2302.59445 20.466 0.200
2317.64009 20.768 0.202
2326.55999 20.964 0.325
2338.52768 20.651 0.253
2344.52051 20.902 0.266
2368.50633 20.614 0.453
2401.50848 19.960 0.170
2520.91714 19.051 0.079
2521.89652 19.101 0.056
2537.84983 19.023 0.095
2539.82390 19.068 0.073
2542.81624 19.021 0.052
2545.79791 18.927 0.061
2551.86336 18.954 0.048
2555.88740 18.917 0.055
2559.79629 18.999 0.063
2563.84651 18.840 0.055
2577.83528 18.835 0.049
2580.86474 18.772 0.043
2589.77257 18.763 0.041
2594.78968 18.722 0.074
2599.83307 18.730 0.040
2609.64554 18.658 0.059
2617.80153 18.636 0.052
2620.76956 18.609 0.037
2623.71394 18.711 0.047
2627.61011 18.676 0.068
2629.63417 18.602 0.043
2631.68345 18.633 0.049
2634.67835 18.597 0.033
2637.70436 18.659 0.035
2639.81916 18.614 0.033
2641.64179 18.635 0.040
2643.65282 18.588 0.037
2645.64554 18.552 0.034
2646.67298 18.663 0.044
2650.73012 18.630 0.044
2652.72025 18.586 0.042
2654.82401 18.522 0.036
2657.74250 18.600 0.050
2659.70755 18.568 0.042
2661.80725 18.583 0.044
2665.77723 18.611 0.038
2667.81113 18.666 0.054
2671.72300 18.582 0.046
2673.68642 18.671 0.055
2675.71335 18.621 0.036
2677.74802 18.622 0.046
2679.73873 18.527 0.050
2681.75607 18.563 0.039
2686.56479 18.614 0.053
2690.64303 18.643 0.058
2695.57361 18.602 0.043
2700.52470 18.582 0.051
2712.55909 18.688 0.054
2735.48926 18.866 0.063
2884.85213 19.707 0.088
2890.81992 19.846 0.152
2895.85556 19.661 0.096
2900.81121 19.726 0.089
2906.84218 19.835 0.090
2910.87563 19.865 0.087
2915.87181 19.759 0.072
2921.87412 19.832 0.112
2925.81959 19.980 0.108
2929.86420 19.945 0.107
2933.80112 20.027 0.101
2939.80964 19.818 0.126
2942.78503 20.005 0.098
2946.80546 19.818 0.115
2948.85057 20.006 0.110
2952.78982 20.151 0.169
2955.84684 20.026 0.206
2957.77439 19.904 0.125
2961.75771 19.860 0.109
2963.81598 19.987 0.122
2966.75531 19.992 0.088
2970.76943 20.042 0.091
2974.68407 20.063 0.109
2975.80922 19.972 0.111
2979.84567 20.281 0.147
2983.75366 20.421 0.190
2986.73614 20.042 0.135
2988.70308 20.194 0.141
2990.72774 20.111 0.133
2992.72452 20.079 0.116
2994.81527 20.348 0.142
2996.69078 20.203 0.118
2998.68137 20.088 0.123
3000.69087 20.160 0.122
3002.67862 19.999 0.110
3004.67782 20.185 0.113
3006.62356 20.230 0.116
3010.69811 20.330 0.228
3012.79358 20.222 0.232
3016.71227 20.279 0.166
3018.70212 20.264 0.153
3020.77749 20.196 0.139
3022.80392 20.205 0.145
3024.75257 20.208 0.134
3026.72167 20.020 0.103
3028.75735 20.213 0.087
3030.76235 20.307 0.147
3033.68881 20.200 0.100
3035.69051 20.070 0.128
3038.67415 20.108 0.169
3041.57130 20.108 0.187
3043.60115 19.938 0.158
3045.64016 20.138 0.143
3047.59434 20.037 0.135
3049.60003 20.176 0.118
3050.57063 20.072 0.104
3052.56497 20.147 0.127
3054.56660 20.178 0.128
3056.56578 20.091 0.120
3058.55882 20.343 0.171
3060.57993 20.034 0.117
3067.64162 20.411 0.185
3069.60016 19.860 0.123
3073.51014 20.090 0.193
3075.60287 20.180 0.171
3078.52501 19.908 0.123
3081.67770 20.381 0.165
3084.58994 19.841 0.090
3087.55172 19.893 0.127
3089.65514 19.986 0.135
3092.59315 20.119 0.225
3098.59529 19.720 0.151
3101.55561 20.095 0.206
3104.52703 20.043 0.142
3110.53540 20.448 0.294
3113.51905 19.954 0.163
3125.51654 19.620 0.140
3135.48243 19.879 0.203
3229.89656 19.784 0.083
3239.91042 19.761 0.088
3247.88130 19.619 0.080
3256.85796 19.734 0.092
3268.85013 19.732 0.066
3273.80892 19.549 0.096
3276.89442 19.539 0.094
3281.80461 19.582 0.062
3289.81829 19.394 0.060
3294.81623 19.209 0.047
3296.82162 19.240 0.049
3298.85221 19.228 0.050
3301.67247 19.119 0.070
3303.84156 19.028 0.068
3306.81630 19.063 0.056
3308.83315 19.078 0.066
3310.86546 18.897 0.045
3314.83297 18.954 0.056
3329.80481 18.739 0.032
3334.70094 18.631 0.054
3338.75700 18.654 0.035
3352.64367 18.483 0.029
3355.66553 18.427 0.031
3359.72451 18.420 0.026
3363.70248 18.488 0.033
3369.76939 18.476 0.033
3372.67450 18.387 0.024
3377.70863 18.380 0.033
3386.79126 18.404 0.021
3391.58205 18.358 0.033
3395.63681 18.421 0.036
3398.69364 18.339 0.031
3403.66875 18.308 0.031
3406.60276 18.344 0.024
3410.62036 18.323 0.023
3415.59210 18.315 0.027
3421.58049 18.435 0.031
3428.57948 18.212 0.031
3436.57381 18.306 0.029
3443.51655 18.244 0.032
3452.53640 18.254 0.027
3574.92713 18.454 0.034
3588.91748 18.595 0.035
3590.91936 18.562 0.029
3614.90854 18.705 0.041
3629.80389 18.715 0.043
3634.76201 18.752 0.039
3640.75832 18.757 0.035
3644.90067 18.721 0.056
3650.81034 18.776 0.033
3653.83825 18.830 0.038
3657.78888 18.828 0.040
3661.80058 19.022 0.062
3666.79773 18.831 0.044
3671.79611 18.971 0.042
3675.81053 19.027 0.043
3683.83368 19.121 0.045
3687.69548 19.075 0.049
3689.79908 19.145 0.055
3692.71966 19.275 0.061
3694.85194 19.275 0.056
3696.67242 19.159 0.048
3699.68469 19.223 0.043
3701.73581 19.252 0.049
3704.75719 19.231 0.047
3706.75623 19.408 0.056
3711.64744 19.326 0.054
3713.66103 19.419 0.070
3716.69449 19.371 0.085
3719.67175 19.464 0.081
3725.75511 19.591 0.099
3727.70307 19.637 0.081
3730.63130 19.587 0.053
3733.62006 19.652 0.067
3734.72290 19.766 0.076
3736.74183 19.538 0.067
3738.66378 19.614 0.080
3740.69875 19.674 0.077
3743.66427 19.695 0.084
3746.73822 19.666 0.112
3748.69151 19.681 0.111
3750.58305 19.941 0.139
3752.70435 19.708 0.085
3754.69276 19.887 0.118
3758.71362 20.012 0.140
3762.67174 19.930 0.097
3765.66228 19.964 0.065
3769.73428 19.982 0.084
3772.70243 19.927 0.087
3778.67291 20.087 0.118
3781.73392 19.833 0.129
3786.55702 20.475 0.165
3791.55265 20.094 0.112
3798.55296 20.377 0.165
3805.53818 20.387 0.196
3819.51713 20.218 0.138
3961.91187 21.223 0.451
3981.78737 21.353 0.424
3987.91136 21.019 0.335
3995.81896 21.242 0.306
4004.83956 21.627 0.449
4007.77218 20.754 0.175
4011.75290 20.910 0.279
4031.72633 20.792 0.216
4037.83526 20.965 0.239
4048.78165 21.056 0.302
4053.82255 21.094 0.284
4056.64241 21.185 0.476
4064.67608 21.012 0.206
4067.67653 21.302 0.333
4072.70181 20.950 0.267
4076.77226 21.476 0.483
4079.64714 21.334 0.365
4084.74823 21.375 0.431
4087.66804 21.674 0.427
4093.81639 21.528 0.452
4113.67151 21.185 0.234
4120.66456 21.842 0.422
4127.64924 21.258 0.263
4142.56227 20.903 0.426
4150.53933 21.506 0.373
4183.50211 21.011 0.428
4341.84888 19.161 0.102
4345.90798 19.258 0.085
4350.88238 19.230 0.065
4355.88996 19.175 0.067
4361.85070 19.224 0.102
4364.85751 19.118 0.067
4367.76999 19.278 0.087
4370.80688 19.143 0.072
4376.84194 19.193 0.079
4379.84828 19.186 0.068
4383.85254 19.163 0.070
4388.79243 19.161 0.069
4392.84668 19.120 0.050
4398.79546 19.197 0.067
4403.73524 19.214 0.084
4410.86233 19.108 0.066
4417.75029 19.151 0.051
4421.72627 19.156 0.047
4421.78217 19.165 0.048
4425.74630 19.057 0.060
4429.71045 19.276 0.095
4431.85028 19.211 0.115
4436.71470 19.110 0.057
4439.72276 19.204 0.075
4442.70008 19.327 0.075
4448.75352 19.202 0.064
4450.76040 19.212 0.077
4453.73604 19.241 0.057
4456.74940 19.429 0.102
4458.69703 19.277 0.076
4461.64710 19.378 0.062
4465.66793 19.423 0.061
4468.69869 19.288 0.048
4473.63501 19.382 0.068
4477.72255 19.326 0.069
4479.74417 19.301 0.064
4483.70407 19.518 0.102
4486.70251 19.346 0.100
4490.70075 19.406 0.093
4493.77158 19.438 0.104
4498.63551 19.292 0.063
4501.62863 19.551 0.081
4505.59917 19.536 0.098
4508.57668 19.677 0.097
4510.65490 19.535 0.085
4516.53559 19.725 0.156
4520.62560 19.778 0.149
4523.60915 19.712 0.113
4530.55256 19.598 0.125
4532.54627 19.532 0.110
4535.60374 19.460 0.101
4538.62430 19.801 0.135
4540.59362 19.949 0.167
4544.55953 19.861 0.156
4546.61151 19.675 0.163
4559.54016 20.021 0.185
4566.56254 20.098 0.152
4574.52097 20.152 0.200
4591.48450 20.547 0.299
4681.91261 20.582 0.206
4691.87813 21.185 0.466
4726.83514 21.128 0.356
4759.84601 21.780 0.481
4771.82564 21.286 0.371
4791.69395 21.695 0.487
4794.66376 21.657 0.448
4797.68105 21.191 0.386
4816.66082 21.511 0.507
4818.68294 21.474 0.434
4836.75981 21.322 0.380
4841.72699 21.378 0.442
4870.64496 21.414 0.461
4884.60990 21.276 0.366
4887.58855 21.493 0.356
4887.65382 21.101 0.278
4890.62455 21.608 0.472
4894.65032 20.964 0.319
4895.51920 21.219 0.429
4897.61463 21.416 0.489
4901.51150 20.844 0.464
4902.55457 20.446 0.321
4904.57109 21.193 0.508
4909.59620 21.198 0.414
4913.49803 21.021 0.412
4918.49430 21.162 0.464
4920.57286 21.277 0.400
4926.52968 20.995 0.489
4939.54012 21.513 0.483
4940.49709 21.343 0.398
