 455.64440 17.954 0.013
 455.72579 17.965 0.013
 455.77337 17.907 0.014
 456.59345 17.928 0.014
 456.64318 17.904 0.015
 456.71391 17.897 0.015
 456.76136 17.922 0.013
 456.81282 17.904 0.014
 457.56116 17.883 0.015
 457.60509 17.883 0.013
 457.66377 17.907 0.014
 457.72233 17.851 0.013
 457.78098 17.901 0.014
 458.63749 17.904 0.015
 458.69620 17.871 0.017
 459.55476 17.886 0.017
 459.60093 17.862 0.015
 459.65949 17.835 0.013
 459.71894 17.849 0.013
 459.76277 17.836 0.013
 459.80659 17.829 0.014
 461.56566 17.798 0.013
 461.60946 17.826 0.014
 461.66808 17.841 0.013
 461.73426 17.831 0.012
 461.79625 17.814 0.014
 462.56616 17.808 0.013
 462.62480 17.791 0.012
 462.67081 17.838 0.013
 465.66962 17.734 0.015
 465.71730 17.744 0.015
 465.80215 17.786 0.014
 466.65339 17.761 0.014
 466.71991 17.767 0.013
 466.80488 17.761 0.014
 467.65704 17.731 0.012
 467.76164 17.735 0.013
 467.82758 17.769 0.013
 468.66372 17.747 0.016
 468.73391 17.728 0.012
 468.79250 17.742 0.012
 468.82907 17.743 0.012
 469.66459 17.730 0.016
 469.74272 17.749 0.014
 469.80163 17.733 0.015
 470.73938 17.731 0.015
 471.65045 17.713 0.014
 471.78721 17.738 0.016
 472.62501 17.707 0.015
 472.66888 17.747 0.013
 472.71269 17.721 0.015
 472.77861 17.711 0.015
 473.69267 17.694 0.023
 474.70458 17.720 0.015
 474.77102 17.727 0.020
 475.53899 17.666 0.015
 475.59777 17.713 0.015
 475.66392 17.650 0.015
 475.71603 17.698 0.016
 475.76313 17.699 0.022
 476.74874 17.694 0.016
 477.53573 17.710 0.014
 477.58701 17.679 0.012
 477.73447 17.679 0.012
 477.81535 17.666 0.014
 477.85958 17.652 0.014
 478.54186 17.687 0.014
 478.76227 17.693 0.012
 478.82123 17.673 0.012
 479.54070 17.677 0.013
 479.58460 17.701 0.012
 479.76208 17.677 0.013
 479.82223 17.709 0.015
 480.57675 17.652 0.014
 480.65792 17.692 0.012
 480.75148 17.701 0.013
 480.79561 17.683 0.014
 481.56195 17.653 0.013
 481.71034 17.652 0.012
 481.75430 17.677 0.013
 481.79826 17.681 0.013
 482.71116 17.676 0.012
 482.78909 17.701 0.013
 483.57745 17.644 0.015
 483.62187 17.659 0.014
 483.66577 17.658 0.013
 483.70975 17.677 0.012
 483.75365 17.655 0.013
 483.79758 17.660 0.014
 484.57611 17.621 0.014
 484.68479 17.630 0.014
 484.72918 17.634 0.013
 484.77316 17.670 0.013
 485.57977 17.686 0.012
 485.72668 17.688 0.013
 485.77082 17.671 0.013
 486.57626 17.707 0.013
 486.62180 17.657 0.012
 486.71833 17.652 0.013
 486.76353 17.668 0.013
 487.60324 17.687 0.012
 487.65145 17.648 0.011
 487.69927 17.672 0.011
 487.74342 17.663 0.012
 487.78758 17.656 0.013
 488.58872 17.669 0.012
 488.63271 17.630 0.011
 488.70155 17.644 0.013
 488.74556 17.693 0.013
 488.78963 17.654 0.014
 489.56448 17.646 0.012
 489.65346 17.635 0.011
 489.69738 17.639 0.012
 489.74129 17.672 0.012
 489.78532 17.653 0.013
 490.55770 17.630 0.011
 490.69490 17.671 0.012
 490.73901 17.635 0.012
 490.78301 17.659 0.012
 491.58222 17.622 0.013
 491.63404 17.643 0.011
 491.67816 17.647 0.013
 491.79157 17.694 0.014
 492.56641 17.660 0.015
 492.64074 17.661 0.013
 492.68659 17.665 0.015
 493.56943 17.615 0.012
 493.61393 17.662 0.013
 494.56416 17.642 0.013
 494.60806 17.618 0.012
 494.65233 17.620 0.013
 494.69661 17.636 0.012
 494.74162 17.641 0.013
 495.56694 17.623 0.015
 495.64059 17.656 0.015
 495.69408 17.665 0.019
 496.56234 17.666 0.014
 496.60709 17.608 0.016
 496.65118 17.642 0.015
 496.69607 17.655 0.020
 497.73553 17.658 0.015
 498.56142 17.681 0.013
 498.60548 17.660 0.012
 498.71921 17.633 0.013
 498.76314 17.665 0.014
 499.55638 17.660 0.013
 499.60206 17.653 0.013
 499.74236 17.665 0.015
 500.56932 17.652 0.015
 500.59909 17.619 0.016
 500.64396 17.656 0.017
 500.69513 17.647 0.015
 500.73957 17.608 0.016
 501.56327 17.617 0.014
 501.68202 17.602 0.016
 507.55167 17.656 0.012
 507.59691 17.659 0.013
 507.66870 17.701 0.018
 509.54757 17.669 0.013
 509.59464 17.638 0.014
 509.64696 17.672 0.015
 510.58920 17.653 0.014
 510.63478 17.652 0.015
 510.68236 17.672 0.015
 511.67465 17.669 0.016
 512.58129 17.701 0.014
 512.62967 17.660 0.015
 512.70395 17.608 0.013
 512.74948 17.675 0.012
 513.56161 17.663 0.014
 513.60719 17.667 0.012
 513.69885 17.642 0.012
 513.74610 17.664 0.013
 514.56985 17.652 0.012
 514.63891 17.633 0.013
 514.68925 17.673 0.013
 514.73611 17.682 0.013
 515.56400 17.664 0.012
 515.61876 17.668 0.012
 515.66696 17.655 0.013
 516.57029 17.648 0.015
 516.62447 17.654 0.014
 516.67146 17.647 0.013
 516.71800 17.679 0.014
 517.56829 17.641 0.015
 517.61814 17.649 0.015
 517.66812 17.639 0.015
 517.71430 17.637 0.014
 518.60564 17.649 0.014
 518.65089 17.647 0.014
 518.69996 17.663 0.016
 519.56628 17.671 0.012
 519.61290 17.632 0.011
 519.68042 17.643 0.016
 520.70706 17.627 0.014
 521.56255 17.628 0.014
 521.60770 17.669 0.019
 521.67047 17.636 0.016
 523.57166 17.615 0.016
 523.62405 17.678 0.013
 523.67394 17.640 0.014
 524.56393 17.639 0.015
 524.61405 17.664 0.016
 526.55121 17.664 0.020
 526.65321 17.698 0.019
 527.67639 17.670 0.016
 530.56652 17.666 0.018
 531.56390 17.660 0.016
 532.55338 17.624 0.015
 533.57065 17.675 0.017
 534.55982 17.651 0.017
 534.60399 17.623 0.016
 534.65574 17.639 0.016
 535.54445 17.650 0.013
 535.60475 17.644 0.016
 535.67846 17.665 0.019
 536.52352 17.623 0.014
 536.56877 17.653 0.014
 536.61926 17.658 0.017
 537.51818 17.676 0.014
 537.61837 17.644 0.014
 537.66523 17.620 0.014
 538.50617 17.643 0.014
 538.55793 17.607 0.013
 539.51480 17.642 0.014
 539.62592 17.626 0.013
 539.67001 17.673 0.013
 540.54502 17.603 0.018
 540.67606 17.660 0.014
 541.52519 17.602 0.012
 541.58224 17.631 0.013
 542.51427 17.651 0.013
 542.56618 17.619 0.013
 542.61364 17.664 0.013
 542.65778 17.657 0.014
 543.55248 17.616 0.013
 543.59656 17.603 0.013
 543.63365 17.631 0.013
 543.67765 17.620 0.014
 544.50529 17.652 0.013
 544.54960 17.652 0.015
 544.59386 17.675 0.014
 544.63907 17.662 0.014
 551.49502 17.648 0.012
 552.50331 17.655 0.014
 553.51176 17.633 0.017
 553.62250 17.649 0.020
 554.48851 17.680 0.018
 554.57398 17.629 0.023
 555.49483 17.625 0.024
 557.59539 17.684 0.025
 558.54222 17.655 0.028
 559.52598 17.672 0.018
 560.50408 17.670 0.024
 561.50410 17.662 0.018
 562.50561 17.646 0.020
 564.50681 17.679 0.026
 565.51259 17.697 0.019
 566.50661 17.704 0.016
 567.50768 17.695 0.015
 568.49295 17.683 0.024
 569.50277 17.717 0.019
 571.48857 17.696 0.019
 572.51742 17.667 0.019
 573.52127 17.679 0.024
 574.47968 17.661 0.016
 575.47832 17.684 0.019
 576.49336 17.832 0.027
 577.48728 17.711 0.022
 578.50030 17.739 0.017
 582.48299 17.771 0.027
 583.48574 17.785 0.019
 672.87110 18.594 0.029
 689.90158 18.720 0.036
 699.90499 18.784 0.039
 701.82190 18.917 0.054
 704.86438 18.883 0.047
 706.84585 18.885 0.055
 714.81326 18.900 0.038
 716.77785 18.920 0.040
 720.83421 19.024 0.055
 728.77307 19.045 0.048
 729.77306 19.067 0.052
 730.72863 19.005 0.047
 733.81960 19.011 0.065
 741.82287 19.136 0.058
 745.77768 19.016 0.055
 747.82611 19.130 0.049
 753.77405 19.089 0.057
 759.81452 19.207 0.058
 766.78868 19.044 0.069
 772.80778 19.148 0.052
 775.78949 19.102 0.041
 779.80813 19.013 0.047
 781.82502 19.115 0.051
 787.78458 19.171 0.055
 789.76856 19.036 0.049
 790.77907 19.079 0.050
 795.73667 19.093 0.047
 796.80853 19.050 0.053
 797.73635 19.074 0.048
 798.70831 19.043 0.041
 805.79323 19.119 0.067
 816.76425 19.022 0.044
 817.68347 18.977 0.043
 819.78315 19.016 0.049
 822.79733 18.927 0.036
 824.82663 18.904 0.039
 826.65013 18.957 0.044
 829.72073 18.828 0.050
 832.67692 18.964 0.049
 836.77574 18.897 0.058
 840.65512 18.788 0.051
 843.65561 18.853 0.034
 850.62918 18.739 0.037
 854.65993 18.632 0.052
 855.63392 18.885 0.052
 856.60020 18.854 0.055
 858.57280 18.816 0.042
 864.67596 18.802 0.058
 866.63489 18.809 0.082
 875.54812 18.564 0.030
 879.63464 18.556 0.043
 880.53373 18.518 0.035
 887.54701 18.553 0.038
 892.63056 18.433 0.034
 895.52145 18.395 0.041
 898.52825 18.390 0.024
 918.51533 18.212 0.037
 922.59565 18.134 0.030
 928.52155 18.179 0.036
 931.54351 18.293 0.038
 933.55328 18.167 0.028
 947.49293 18.155 0.037
 951.54289 18.163 0.023
1045.87496 17.608 0.019
1051.86152 17.391 0.017
1052.89674 17.411 0.016
1053.87688 17.400 0.013
1054.89261 17.352 0.013
1055.86512 17.362 0.016
1059.87787 17.278 0.016
1061.88760 17.236 0.015
1068.87198 17.164 0.011
1069.88267 17.142 0.012
1071.89971 17.136 0.013
1081.86013 17.048 0.010
1087.80720 17.005 0.011
1091.80967 17.012 0.013
1095.79140 16.976 0.013
1102.79211 16.932 0.009
1106.84717 16.892 0.009
1107.77492 16.888 0.010
1113.78772 16.875 0.010
1119.79245 16.821 0.010
1126.81434 16.789 0.009
1131.68628 16.792 0.011
1132.73827 16.793 0.010
1136.77154 16.751 0.009
1138.79571 16.775 0.009
1142.66272 16.771 0.009
1144.73167 16.763 0.009
1151.75750 16.716 0.009
1155.75676 16.751 0.009
1158.75433 16.741 0.009
1161.73227 16.761 0.008
1165.75295 16.746 0.008
1169.74789 16.771 0.009
1174.72170 16.768 0.008
1179.73852 16.806 0.011
1181.81057 16.795 0.010
1186.76501 16.832 0.009
1187.82627 16.837 0.009
1188.75428 16.830 0.008
1196.70498 16.883 0.011
1201.71390 16.917 0.011
1203.73229 16.951 0.011
1207.59066 16.938 0.013
1211.62840 16.988 0.011
1214.62927 17.021 0.011
1217.60415 17.027 0.010
1220.60899 17.071 0.011
1223.63520 17.103 0.012
1225.57615 17.110 0.011
1227.65669 17.150 0.012
1231.55255 17.169 0.013
1234.60079 17.199 0.013
1236.60828 17.218 0.014
1240.55874 17.274 0.014
1242.66247 17.266 0.015
1244.60991 17.288 0.014
1247.54262 17.304 0.014
1252.65852 17.379 0.016
1256.52740 17.375 0.018
1260.55149 17.412 0.016
1265.52782 17.444 0.015
1273.57371 17.535 0.020
1277.50999 17.596 0.019
1288.50829 17.694 0.022
1290.57565 17.698 0.020
1296.51303 17.764 0.022
1298.55095 17.834 0.023
1301.49265 17.745 0.023
1305.53846 17.844 0.023
1308.46798 17.878 0.023
1313.51445 17.862 0.026
1316.50635 17.993 0.015
1319.48255 17.940 0.023
1329.52220 18.109 0.037
1332.49742 18.003 0.034
1339.48095 18.097 0.036
1412.84088 18.500 0.044
1418.83810 18.520 0.039
1430.89259 18.613 0.031
1432.82643 18.619 0.036
1435.80245 18.457 0.046
1437.78636 18.630 0.039
1440.83404 18.627 0.049
1446.84609 18.505 0.053
1447.87164 18.578 0.046
1451.76675 18.512 0.040
1455.83470 18.560 0.074
1458.85771 18.618 0.040
1459.77337 18.529 0.037
1462.77762 18.497 0.052
1470.83802 18.553 0.030
1475.75061 18.553 0.035
1478.70602 18.401 0.049
1478.84087 18.488 0.032
1481.67969 18.411 0.036
1487.70906 18.386 0.028
1490.70588 18.413 0.037
1492.69899 18.335 0.034
1495.69751 18.309 0.028
1497.82370 18.332 0.038
1499.65533 18.301 0.036
1502.65050 18.306 0.038
1505.69112 18.230 0.030
1507.82461 18.261 0.030
1510.80061 18.242 0.025
1512.69732 18.198 0.035
1514.80843 18.220 0.028
1517.64390 18.121 0.026
1519.71756 18.148 0.024
1521.65329 18.162 0.026
1523.77404 18.109 0.029
1525.76840 18.098 0.020
1527.69733 18.102 0.020
1528.74370 18.108 0.020
1529.76483 18.057 0.020
1531.75792 18.096 0.024
1538.71450 18.085 0.024
1541.67060 18.059 0.017
1542.70048 18.048 0.024
1544.62645 18.006 0.020
1547.75338 18.007 0.018
1548.73098 17.966 0.019
1549.72524 18.048 0.018
1552.59000 17.974 0.022
1554.71646 17.980 0.019
1555.72321 17.949 0.020
1562.72613 17.919 0.026
1564.60472 18.008 0.029
1567.69734 17.924 0.027
1570.60267 18.014 0.025
1574.77513 18.001 0.018
1577.72685 17.961 0.020
1580.76090 18.019 0.024
1583.64624 17.959 0.022
1585.73286 18.001 0.019
1588.74055 17.969 0.029
1591.71344 18.006 0.038
1593.57478 18.032 0.027
1595.72858 18.024 0.031
1596.70854 18.006 0.027
1599.63038 18.013 0.020
1601.70645 18.051 0.029
1604.58794 18.083 0.027
1606.62289 18.070 0.025
1609.66422 18.084 0.024
1610.64931 18.039 0.027
1613.54035 18.011 0.027
1615.57231 18.033 0.022
1617.64364 18.046 0.022
1619.62733 18.087 0.028
1620.57849 18.040 0.031
1622.52865 18.055 0.028
1624.52520 18.073 0.029
1626.52605 18.056 0.028
1627.64717 18.099 0.029
1629.52615 18.034 0.024
1630.60760 18.065 0.023
1632.54414 18.064 0.027
1634.52184 18.019 0.023
1643.51381 17.915 0.026
1650.52921 17.896 0.031
1654.55120 17.865 0.022
1656.53740 17.835 0.022
1659.54483 17.812 0.022
1661.56882 17.811 0.022
1664.53050 17.719 0.019
1667.53568 17.734 0.024
1670.55745 17.683 0.023
1672.54642 17.677 0.022
1681.49782 17.562 0.030
1769.88928 17.089 0.014
1771.91611 17.118 0.018
1772.89595 17.103 0.012
1775.89705 17.119 0.013
1784.88163 17.141 0.013
1789.87034 17.164 0.010
1804.81995 17.260 0.014
1808.90051 17.224 0.016
1812.81504 17.307 0.012
1816.82638 17.285 0.012
1821.81695 17.334 0.013
1823.85909 17.335 0.011
1826.84218 17.362 0.014
1829.81589 17.362 0.016
1830.82923 17.397 0.015
1834.86817 17.429 0.015
1859.80531 17.630 0.017
1861.82251 17.654 0.018
1864.79996 17.667 0.015
1865.78010 17.692 0.015
1868.81951 17.694 0.014
1870.75281 17.696 0.014
1871.83677 17.711 0.019
1873.79634 17.738 0.016
2167.86807 18.645 0.044
2186.84186 18.618 0.067
2190.82726 18.722 0.041
2192.87023 18.674 0.044
2193.79178 18.649 0.034
2202.79126 18.742 0.049
2214.83893 18.878 0.070
2221.78093 19.100 0.085
2224.79337 18.932 0.052
2227.70424 18.928 0.058
2229.70971 19.101 0.075
2231.67808 18.908 0.055
2233.64640 18.936 0.052
2236.65875 18.997 0.068
2239.62679 19.044 0.083
2241.71371 18.873 0.059
2243.76742 18.968 0.057
2247.84931 19.072 0.060
2248.85196 18.988 0.047
2250.78200 19.033 0.052
2252.69899 18.988 0.053
2254.69027 18.990 0.044
2257.69848 18.926 0.043
2260.70395 18.929 0.042
2266.69531 18.805 0.052
2270.76248 18.788 0.043
2271.84323 18.809 0.029
2272.74868 18.780 0.054
2274.74022 18.689 0.041
2276.80160 18.651 0.051
2278.66585 18.671 0.043
2280.74419 18.635 0.036
2282.74010 18.566 0.036
2289.80358 18.400 0.030
2292.82001 18.344 0.039
2296.80881 18.277 0.050
2298.80244 18.274 0.036
2300.78007 18.213 0.038
2302.75319 18.229 0.036
2315.67893 18.060 0.024
2324.53678 18.064 0.035
2328.52368 18.048 0.034
2334.51697 18.080 0.026
2364.50646 17.995 0.037
2385.52393 18.059 0.035
2529.86808 19.470 0.081
2539.86806 19.521 0.113
2545.83527 19.717 0.115
2552.89377 19.912 0.147
2556.88243 19.602 0.093
2560.79169 19.935 0.117
2561.79321 19.748 0.118
2565.79967 20.000 0.158
2574.74973 19.955 0.118
2578.81808 20.068 0.171
2586.74015 19.965 0.148
2590.78842 20.079 0.156
2596.79513 19.879 0.128
2605.83493 20.080 0.142
2609.79999 20.179 0.208
2614.77734 20.221 0.190
2618.80793 20.226 0.194
2621.73308 19.842 0.102
2624.65264 20.074 0.153
2627.76172 20.099 0.198
2629.78266 19.914 0.141
2632.68247 20.081 0.127
2635.78309 20.116 0.128
2638.70089 20.155 0.157
2640.79758 19.760 0.145
2642.75583 19.979 0.194
2644.75481 19.916 0.113
2646.71449 20.129 0.149
2650.76579 19.795 0.123
2652.86017 20.007 0.131
2654.78918 20.029 0.146
2656.69466 20.309 0.226
2658.65709 20.061 0.139
2660.67627 20.015 0.162
2662.69085 19.880 0.131
2664.66583 19.843 0.126
2666.73138 19.667 0.081
2668.72228 19.855 0.120
2672.81599 19.857 0.131
2674.72185 19.808 0.114
2676.71102 19.722 0.100
2678.78338 19.618 0.081
2680.67012 19.648 0.093
2682.71544 19.634 0.139
2687.60386 19.740 0.134
2692.60254 19.480 0.087
2696.59376 19.314 0.082
2701.58545 19.162 0.085
2708.51512 19.325 0.118
2715.51075 19.211 0.112
2870.92906 18.645 0.053
2890.86355 18.429 0.049
2895.89942 18.375 0.030
2900.86365 18.264 0.029
2911.84905 18.098 0.022
2917.76302 18.006 0.024
2922.88518 17.963 0.032
2926.81812 17.910 0.024
2931.74637 17.910 0.022
2934.78715 17.914 0.020
2940.76767 17.931 0.022
2943.77186 17.975 0.025
2947.78050 17.924 0.020
2949.87036 17.926 0.028
2950.69431 17.947 0.024
2954.71764 17.947 0.029
2956.76299 17.939 0.024
2958.80465 17.965 0.026
2962.80179 18.034 0.022
2965.82480 18.002 0.022
2968.69250 17.981 0.025
2973.76601 18.037 0.025
2976.63244 18.059 0.027
2978.83351 18.045 0.025
2980.74848 18.067 0.026
2982.75655 18.104 0.024
2984.78814 18.123 0.027
2987.66953 18.087 0.028
2989.62763 18.111 0.023
2991.69160 18.132 0.025
2993.71192 18.186 0.035
2995.78677 18.141 0.027
2997.75738 18.158 0.027
2999.65707 18.097 0.022
3000.70597 18.179 0.028
3002.69426 18.196 0.027
3004.69512 18.222 0.026
3006.63861 18.160 0.027
3008.79352 18.233 0.029
3010.71309 18.208 0.036
3011.76805 18.235 0.040
3015.78562 18.212 0.043
3017.77331 18.319 0.030
3019.72702 18.291 0.037
3021.82000 18.387 0.034
3023.68208 18.382 0.025
3025.65351 18.398 0.025
3027.69908 18.435 0.030
3029.68399 18.412 0.034
3031.75406 18.435 0.035
3033.81765 18.479 0.034
3036.61613 18.484 0.031
3039.55801 18.543 0.040
3041.66605 18.531 0.058
3043.67676 18.553 0.051
3045.73963 18.678 0.047
3047.69328 18.573 0.044
3048.62449 18.677 0.032
3050.64151 18.669 0.035
3052.64290 18.678 0.037
3054.64738 18.709 0.044
3056.63554 18.701 0.036
3058.62948 18.741 0.050
3060.67910 18.816 0.044
3066.52541 18.913 0.083
3068.56496 18.823 0.061
3070.63721 18.866 0.071
3073.65705 19.025 0.064
3076.58090 18.847 0.068
3078.66769 18.935 0.059
3082.64469 19.092 0.044
3085.54713 19.056 0.061
3088.51013 19.094 0.070
3090.65184 19.164 0.064
3093.53444 19.180 0.090
3098.64375 19.387 0.092
3102.61446 19.164 0.075
3105.62019 19.244 0.075
3108.59815 19.298 0.064
3111.54653 19.532 0.125
3129.48884 19.323 0.102
3134.50970 19.411 0.093
3216.90355 19.405 0.114
3242.83830 19.383 0.093
3248.89105 19.191 0.074
3258.86763 19.104 0.058
3264.83869 19.030 0.048
3270.90539 19.037 0.069
3274.79075 19.035 0.069
3278.84570 18.967 0.062
3282.82188 18.876 0.048
3287.79529 18.875 0.036
3295.75289 18.892 0.039
3301.80648 18.751 0.050
3304.87092 18.694 0.046
3307.74035 18.636 0.059
3309.77250 18.740 0.042
3311.77045 18.700 0.040
3320.81808 18.568 0.034
3327.78599 18.424 0.032
3330.74435 18.451 0.043
3334.84384 18.340 0.042
3339.79167 18.306 0.031
3350.72801 18.113 0.019
3353.83797 18.175 0.027
3357.62826 18.115 0.026
3360.66709 18.092 0.025
3363.77535 18.056 0.026
3369.85265 17.995 0.027
3375.78900 17.948 0.023
3378.71453 17.950 0.022
3394.59764 17.747 0.023
3396.64849 17.827 0.022
3399.75111 17.763 0.025
3403.73847 17.736 0.018
3408.62292 17.749 0.018
3413.57790 17.768 0.019
3417.59499 17.783 0.020
3425.60314 17.741 0.025
3431.59113 17.704 0.017
3437.56667 17.726 0.019
3446.53576 17.626 0.019
3456.49730 17.623 0.023
3474.48389 17.460 0.022
3603.92609 16.483 0.009
3619.86910 16.583 0.009
3633.84559 16.670 0.010
3639.81205 16.720 0.009
3644.84810 16.762 0.009
3651.79055 16.826 0.010
3654.83832 16.845 0.010
3658.80191 16.883 0.011
3660.82671 16.888 0.013
3665.82070 16.929 0.013
3670.79042 16.982 0.012
3673.80054 17.020 0.011
3676.80058 17.073 0.011
3684.85458 17.119 0.012
3687.82694 17.137 0.012
3690.74688 17.200 0.014
3693.78439 17.262 0.014
3695.81571 17.255 0.013
3698.80528 17.289 0.015
3700.82391 17.321 0.017
3703.75798 17.367 0.014
3705.82218 17.409 0.013
3708.80998 17.423 0.017
3712.76750 17.533 0.015
3714.83827 17.598 0.015
3717.73067 17.640 0.020
3720.81876 17.654 0.019
3724.73639 17.770 0.017
3727.81098 17.822 0.019
3728.77373 17.878 0.019
3731.77727 17.911 0.019
3732.76036 17.960 0.018
3735.61678 17.999 0.017
3737.78665 18.024 0.017
3740.74857 18.121 0.022
3742.75588 18.154 0.031
3745.79184 18.258 0.026
3747.79444 18.251 0.047
3748.76165 18.276 0.038
3750.77183 18.270 0.031
3752.78189 18.365 0.036
3754.79968 18.440 0.030
3757.58065 18.463 0.035
3759.78574 18.551 0.034
3763.65767 18.620 0.025
3766.61407 18.753 0.035
3770.70060 18.724 0.047
3773.73335 18.825 0.050
3776.70506 18.895 0.062
3779.65834 19.150 0.095
3783.57501 18.979 0.052
3788.54773 19.223 0.053
3792.58520 19.395 0.070
3800.56708 19.458 0.073
3810.52513 19.592 0.112
3824.49532 19.895 0.150
3950.91893 20.000 0.129
3964.91767 19.879 0.087
3970.84256 19.870 0.114
3981.91111 19.910 0.138
3990.89983 19.600 0.102
3998.90362 19.585 0.090
4003.71731 19.576 0.074
4005.89303 19.770 0.091
4006.73859 19.576 0.071
4008.75938 19.677 0.070
4013.75992 19.542 0.095
4018.89250 19.560 0.114
4024.75646 19.449 0.063
4026.83410 19.351 0.067
4029.77869 19.414 0.074
4032.80953 19.505 0.116
4038.76126 19.642 0.087
4041.72123 19.392 0.071
4043.72617 19.272 0.071
4046.81955 19.341 0.079
4049.68871 19.348 0.064
4052.75003 19.504 0.064
4056.79600 19.542 0.076
4058.84316 19.622 0.086
4063.72598 19.757 0.093
4065.84912 19.363 0.078
4067.69102 19.628 0.074
4070.71325 19.506 0.076
4074.78199 19.490 0.087
4077.83076 19.664 0.091
4080.70734 19.409 0.082
4084.63566 19.771 0.111
4086.79139 19.437 0.084
4093.83277 19.431 0.068
4105.85098 19.363 0.087
4111.77011 19.214 0.051
4117.71051 19.291 0.074
4121.68847 19.178 0.086
4124.77073 18.977 0.041
4132.72664 18.700 0.057
4142.74838 18.733 0.075
4156.58349 18.612 0.039
4168.54399 18.617 0.037
4198.49812 18.648 0.050
4343.83412 19.890 0.132
4347.90118 19.993 0.125
4353.83435 20.110 0.125
4358.78576 20.071 0.211
4363.82827 19.929 0.167
4367.78807 20.009 0.149
4370.82483 19.930 0.147
4373.82426 20.364 0.154
4377.84327 20.297 0.194
4380.88794 20.625 0.222
4386.83380 20.497 0.238
4390.79580 20.669 0.229
4394.81339 20.563 0.165
4399.76996 20.741 0.309
4407.73288 20.811 0.271
4412.75651 20.785 0.305
4418.84202 20.736 0.192
4422.73413 20.472 0.175
4427.70978 20.274 0.183
4430.71310 20.823 0.411
4433.73072 20.785 0.267
4436.81208 20.086 0.169
4440.67297 20.730 0.254
4443.76542 20.500 0.255
4449.72804 20.797 0.233
4451.76762 20.723 0.251
4452.74693 20.312 0.194
4455.73711 20.512 0.249
4457.76732 20.498 0.288
4459.73199 20.383 0.196
4462.70980 20.661 0.261
4464.78014 20.844 0.358
4467.75588 20.405 0.160
4471.81380 20.884 0.326
4472.64319 20.491 0.162
4476.69674 20.370 0.152
4480.80021 20.608 0.230
4483.78849 20.381 0.225
4486.81477 20.042 0.217
4492.67256 19.987 0.149
4497.73425 20.162 0.139
4500.57591 20.098 0.167
4502.71711 19.803 0.146
4507.72000 20.234 0.185
4509.67169 20.112 0.179
4521.66832 19.910 0.138
4523.65334 19.827 0.138
4525.61801 19.709 0.118
4531.59400 19.841 0.105
4533.59637 19.795 0.108
4537.64645 19.767 0.118
4539.56558 19.878 0.152
4541.64776 19.513 0.095
4545.57517 19.838 0.134
4547.62488 19.333 0.115
4559.56558 19.380 0.090
4565.50640 19.431 0.106
4571.55519 19.208 0.112
4580.49229 19.309 0.111
4600.51729 19.009 0.081
4609.47038 18.944 0.090
4684.93656 18.773 0.061
4697.91534 18.548 0.060
4708.88639 18.405 0.034
4720.82477 18.204 0.026
4725.76459 18.083 0.030
4728.87230 18.066 0.029
4734.83355 17.929 0.020
4748.85669 17.678 0.015
4753.85703 17.619 0.019
4757.80518 17.571 0.018
4760.80677 17.551 0.015
4763.86575 17.545 0.023
4769.73600 17.506 0.019
4772.76813 17.516 0.015
4775.78558 17.509 0.022
4777.79874 17.477 0.015
4781.85692 17.446 0.017
4784.74933 17.486 0.020
4788.84624 17.428 0.014
4792.74214 17.442 0.016
4794.84520 17.458 0.017
4797.84736 17.430 0.016
4799.74108 17.433 0.018
4801.67398 17.464 0.016
4803.66966 17.435 0.017
4805.76791 17.473 0.015
4808.66831 17.416 0.015
4810.76024 17.451 0.017
4813.74529 17.498 0.023
4815.72912 17.446 0.017
4817.72671 17.463 0.016
4819.73565 17.486 0.014
4822.71554 17.471 0.015
4824.71268 17.477 0.016
4825.68229 17.465 0.015
4826.74655 17.482 0.017
4833.74899 17.507 0.013
4835.75940 17.488 0.017
4838.76409 17.493 0.015
4840.74705 17.520 0.016
4842.73512 17.521 0.020
4844.73140 17.526 0.017
4846.76344 17.525 0.017
4848.78728 17.549 0.017
4853.80909 17.577 0.017
4861.70002 17.590 0.019
4865.63071 17.602 0.016
4866.61322 17.629 0.018
4867.60601 17.664 0.017
4867.72515 17.617 0.016
4868.62612 17.654 0.018
4868.75597 17.651 0.017
4870.72858 17.617 0.022
4873.74662 17.622 0.023
4875.71825 17.625 0.017
4877.66537 17.713 0.019
4879.72181 17.706 0.020
4884.55848 17.727 0.024
4884.66602 17.736 0.022
4885.53082 17.697 0.020
4885.62254 17.720 0.018
4885.63706 17.713 0.020
4885.66305 17.731 0.020
4886.52973 17.710 0.017
4886.62766 17.724 0.018
4886.67233 17.741 0.018
4886.70392 17.748 0.020
4887.52928 17.761 0.018
4887.59636 17.740 0.015
4888.52637 17.721 0.022
4888.59828 17.739 0.017
4888.64223 17.753 0.020
4889.59597 17.705 0.019
4889.61070 17.775 0.022
4889.66157 17.753 0.022
4890.52422 17.789 0.019
4890.63247 17.728 0.019
4890.67302 17.745 0.019
4891.54080 17.752 0.020
4891.60178 17.788 0.019
4891.66192 17.765 0.017
4892.52870 17.710 0.020
4892.60088 17.766 0.022
4892.66945 17.728 0.019
4893.54313 17.794 0.023
4893.60757 17.769 0.024
4893.64769 17.764 0.025
4894.56166 17.767 0.022
4894.62668 17.757 0.020
4894.65818 17.790 0.024
4895.52702 17.774 0.022
4895.61020 17.751 0.019
4895.67193 17.745 0.022
4896.51547 17.761 0.017
4896.58294 17.752 0.019
4896.60693 17.759 0.020
4897.51727 17.750 0.019
4897.57403 17.736 0.019
4897.62250 17.785 0.020
4898.53915 17.758 0.024
4898.59126 17.743 0.024
4899.51799 17.819 0.023
4899.61418 17.789 0.024
4900.51674 17.777 0.026
4900.55789 17.824 0.027
4900.60203 17.752 0.023
4900.64540 17.813 0.028
4901.51937 17.817 0.031
4902.56237 17.815 0.029
4903.51466 17.775 0.027
4904.52322 17.783 0.027
4904.57893 17.801 0.026
4905.51668 17.831 0.024
4907.56987 17.854 0.025
4907.60269 17.807 0.026
4908.50662 17.845 0.024
4911.57488 17.853 0.024
4913.51010 17.843 0.027
4914.55934 17.895 0.026
4916.51718 17.874 0.024
4917.50223 17.908 0.025
4917.58256 17.888 0.019
4918.50211 17.913 0.026
4919.50156 17.874 0.023
4921.49984 17.905 0.022
4921.55434 17.899 0.024
4924.49837 17.963 0.023
4925.49701 17.927 0.025
4927.51214 17.935 0.030
4927.54944 17.910 0.028
4928.52421 17.928 0.027
4929.49243 17.880 0.030
4930.49945 17.982 0.034
4931.51962 17.934 0.028
4932.53005 17.879 0.034
4933.48715 17.972 0.027
4934.49636 17.978 0.025
4935.48616 17.977 0.028
4936.49244 17.978 0.024
4936.55666 17.967 0.027
4937.49124 17.995 0.019
4938.48752 17.948 0.029
4939.49334 17.948 0.025
4940.50453 17.981 0.024
4940.57153 17.962 0.023
4941.50057 18.004 0.032
4942.50417 17.995 0.026
4943.48500 17.944 0.026
4944.50545 17.969 0.024
4945.50112 17.929 0.024
4945.53828 17.966 0.023
4946.50709 17.963 0.026
4947.49014 17.976 0.028
4948.48589 17.979 0.027
4949.48440 17.984 0.024
4950.47873 18.068 0.037
4951.47715 18.023 0.038
4953.50620 17.983 0.029
4955.47210 18.024 0.026
4955.51356 18.022 0.025
