 831.63167 15.275 0.005
 831.68028 15.281 0.005
 832.77817 15.283 0.005
 833.71079 15.299 0.005
 834.74067 15.319 0.005
 836.67745 15.338 0.005
 837.70730 15.342 0.005
 838.75433 15.352 0.006
 839.70881 15.368 0.005
 840.69399 15.379 0.005
 841.76874 15.391 0.005
 842.68949 15.399 0.005
 843.69503 15.414 0.005
 844.68907 15.423 0.005
 845.79863 15.430 0.005
 846.75446 15.449 0.005
 850.73311 15.490 0.005
 854.77811 15.526 0.006
 855.72348 15.544 0.006
 856.68546 15.545 0.006
 857.68928 15.562 0.006
 858.70775 15.563 0.005
 859.66439 15.578 0.005
 860.69436 15.584 0.006
 866.57901 15.653 0.005
 867.55929 15.658 0.006
 874.56004 15.722 0.006
 875.61373 15.718 0.006
 876.55007 15.720 0.006
 877.50565 15.738 0.006
 878.59787 15.742 0.005
 879.58144 15.749 0.006
 880.57548 15.767 0.006
 881.51376 15.765 0.006
 885.54653 15.797 0.008
 887.51203 15.801 0.006
 890.52658 15.835 0.006
 891.51329 15.835 0.007
 892.50256 15.831 0.006
 893.65634 15.850 0.007
 895.62738 15.863 0.006
 896.63407 15.870 0.006
 900.60555 15.885 0.006
 918.55877 15.975 0.008
 920.52345 15.946 0.007
 922.52409 15.990 0.006
 925.61355 15.969 0.007
 934.51006 15.970 0.007
1074.82427 15.438 0.005
1076.85627 15.399 0.005
1080.74700 15.334 0.005
1083.86694 15.284 0.005
1084.86257 15.259 0.005
1087.88669 15.207 0.005
1090.73027 15.179 0.005
1091.79420 15.157 0.005
1092.84186 15.152 0.005
1093.78994 15.139 0.005
1106.81335 15.035 0.005
1108.82886 15.033 0.005
1116.76942 15.034 0.005
1126.72327 15.021 0.005
1131.79256 15.025 0.005
1132.86374 15.019 0.005
1136.85007 15.000 0.005
1137.84609 15.003 0.005
1141.71934 15.017 0.005
1142.81375 14.986 0.005
1152.77183 14.984 0.005
1154.79672 14.977 0.005
1156.72459 14.994 0.005
1158.79692 14.996 0.005
1159.77982 14.995 0.005
1160.84913 15.004 0.005
1161.84367 15.006 0.005
1163.84698 15.001 0.005
1165.82361 15.020 0.005
1167.80692 15.023 0.005
1168.78996 15.023 0.005
1171.78053 15.027 0.005
1175.77951 15.050 0.005
1179.82967 15.061 0.005
1182.85229 15.078 0.005
1183.85054 15.091 0.005
1186.85402 15.102 0.005
1192.73742 15.146 0.005
1193.67983 15.149 0.005
1194.73069 15.163 0.005
1195.69163 15.171 0.005
1196.66584 15.188 0.005
1202.75535 15.237 0.005
1204.73204 15.249 0.005
1207.74297 15.283 0.005
1211.75410 15.319 0.006
1214.66819 15.352 0.005
1215.57298 15.360 0.005
1216.64942 15.375 0.005
1217.73113 15.384 0.005
1219.64482 15.414 0.005
1220.75283 15.422 0.006
1221.61863 15.427 0.006
1223.70726 15.467 0.005
1224.58721 15.473 0.006
1226.59687 15.497 0.005
1227.60168 15.510 0.005
1230.66648 15.546 0.006
1233.56252 15.594 0.006
1235.70030 15.621 0.006
1237.58259 15.648 0.007
1238.62283 15.663 0.006
1240.69859 15.688 0.006
1242.51651 15.711 0.006
1244.65301 15.746 0.006
1247.51082 15.787 0.007
1248.61104 15.795 0.006
1251.56554 15.828 0.007
1254.58006 15.876 0.007
1255.61331 15.889 0.007
1256.61734 15.904 0.006
1258.60450 15.917 0.006
1261.51029 15.969 0.007
1261.61332 15.971 0.006
1262.61184 15.979 0.007
1263.54892 15.983 0.007
1263.58077 15.993 0.007
1264.52134 16.007 0.007
1265.56864 16.017 0.007
1266.54713 16.040 0.008
1267.54289 16.023 0.008
1268.53845 16.064 0.008
1270.53960 16.090 0.009
1272.52318 16.097 0.008
1273.54963 16.106 0.008
1274.54097 16.116 0.008
1275.55540 16.135 0.008
1276.54573 16.157 0.008
1277.55075 16.167 0.007
1278.55702 16.179 0.008
1279.53982 16.204 0.008
1290.52117 16.340 0.009
1296.60674 16.380 0.009
1298.49769 16.392 0.009
1301.57209 16.426 0.010
1306.48909 16.503 0.009
1315.52149 16.587 0.010
1318.50401 16.612 0.010
1320.49677 16.609 0.010
1330.50697 16.709 0.012
1431.85954 16.608 0.009
1433.85449 16.569 0.010
1435.89628 16.561 0.009
1437.89118 16.558 0.009
1439.84625 16.530 0.008
1441.86491 16.526 0.008
1447.81761 16.486 0.010
1449.85942 16.435 0.011
1453.80688 16.408 0.011
1454.87296 16.409 0.009
1455.80420 16.400 0.011
1459.74013 16.368 0.009
1462.81774 16.341 0.008
1471.81542 16.283 0.008
1476.70707 16.255 0.008
1478.78539 16.229 0.007
1484.77356 16.198 0.007
1487.84441 16.185 0.007
1489.75548 16.185 0.007
1491.78419 16.187 0.008
1493.72619 16.160 0.007
1496.62306 16.156 0.007
1498.69015 16.139 0.007
1500.83036 16.138 0.007
1503.66568 16.109 0.008
1505.77293 16.092 0.007
1507.72396 16.080 0.007
1508.67667 16.072 0.007
1509.70190 16.044 0.007
1511.69519 16.016 0.007
1512.79991 16.007 0.007
1514.74354 15.963 0.007
1517.70866 15.914 0.006
1519.66223 15.867 0.006
1522.74240 15.824 0.006
1523.68734 15.804 0.007
1525.66380 15.786 0.006
1527.78328 15.758 0.006
1528.79169 15.749 0.006
1529.83485 15.734 0.006
1531.81302 15.713 0.006
1538.76938 15.678 0.006
1541.81057 15.659 0.006
1542.79393 15.659 0.006
1544.73582 15.655 0.005
1547.80843 15.640 0.005
1548.81793 15.647 0.005
1549.82786 15.635 0.006
1552.70444 15.633 0.005
1553.77943 15.632 0.005
1554.79471 15.619 0.005
1555.78309 15.618 0.006
1555.83613 15.621 0.006
1561.57601 15.625 0.006
1562.78080 15.625 0.006
1566.62875 15.622 0.006
1568.65167 15.618 0.006
1571.71492 15.608 0.006
1575.67774 15.609 0.006
1577.74478 15.616 0.006
1579.71471 15.619 0.006
1581.66264 15.598 0.006
1584.63877 15.604 0.006
1586.64763 15.613 0.005
1590.60094 15.616 0.006
1593.53884 15.610 0.007
1595.61142 15.618 0.006
1596.72485 15.620 0.006
1599.71668 15.639 0.006
1600.64450 15.643 0.006
1600.70688 15.633 0.006
1601.72269 15.641 0.006
1602.70408 15.645 0.006
1604.69636 15.652 0.006
1606.67067 15.662 0.006
1609.68412 15.684 0.006
1610.70170 15.688 0.006
1611.67895 15.683 0.007
1613.66967 15.703 0.006
1615.67971 15.713 0.006
1616.61666 15.723 0.006
1617.65982 15.723 0.006
1618.50117 15.738 0.006
1620.52471 15.743 0.006
1620.67457 15.762 0.006
1622.66904 15.773 0.006
1624.66708 15.787 0.007
1625.64676 15.791 0.006
1627.66324 15.790 0.006
1629.63819 15.809 0.006
1630.65521 15.826 0.006
1633.49267 15.831 0.006
1634.61199 15.835 0.006
1635.62555 15.858 0.007
1643.60073 15.883 0.007
1644.55206 15.916 0.006
1650.48297 15.955 0.007
1653.51904 15.979 0.007
1654.57059 15.994 0.007
1655.50829 15.991 0.007
1655.57274 16.001 0.007
1656.49895 16.008 0.007
1656.58727 15.994 0.007
1657.49665 16.011 0.007
1657.57329 15.993 0.008
1658.52249 16.016 0.007
1658.56395 16.011 0.007
1659.50629 16.014 0.007
1659.56193 16.011 0.007
1660.50049 16.014 0.007
1661.49417 16.044 0.007
1661.58520 16.040 0.007
1662.49985 16.057 0.007
1662.55491 16.045 0.007
1663.48763 16.052 0.007
1663.55542 16.053 0.007
1664.51473 16.063 0.007
1664.57811 16.059 0.007
1665.53525 16.059 0.007
1665.58236 16.062 0.007
1667.49535 16.077 0.008
1667.56845 16.074 0.007
1669.50853 16.095 0.008
1669.55672 16.110 0.008
1670.49454 16.113 0.007
1671.49785 16.103 0.008
1671.56002 16.116 0.008
1672.52082 16.110 0.007
1672.56280 16.117 0.008
1682.47111 16.188 0.011
1684.46933 16.214 0.009
1687.47727 16.245 0.009
1690.48071 16.250 0.009
1691.48438 16.259 0.008
1694.47133 16.294 0.008
1698.47289 16.349 0.009
1700.47355 16.350 0.009
1701.48295 16.357 0.011
1702.47558 16.376 0.009
1782.89453 16.714 0.009
1783.88566 16.719 0.010
1790.87253 16.694 0.008
1813.80675 16.506 0.008
1818.85913 16.444 0.008
1823.87581 16.404 0.007
1826.85874 16.369 0.008
1843.79471 16.246 0.007
1844.80980 16.238 0.007
1845.70081 16.244 0.007
1850.71210 16.211 0.007
1855.78639 16.203 0.007
1860.76006 16.184 0.008
1864.74630 16.177 0.007
1866.78484 16.169 0.007
1868.74292 16.175 0.006
1869.77729 16.153 0.006
1874.78474 16.152 0.006
2156.89973 16.639 0.012
2161.86670 16.679 0.012
2173.87993 16.828 0.010
2186.81692 16.860 0.015
2192.84923 16.918 0.011
2201.83569 16.922 0.010
2214.81724 16.907 0.012
2221.76014 16.891 0.011
2224.77284 16.899 0.011
2227.67546 16.889 0.011
2229.68893 16.855 0.011
2232.85270 16.864 0.012
2234.84745 16.858 0.010
2237.76791 16.828 0.010
2241.69318 16.826 0.011
2243.74700 16.770 0.010
2247.82887 16.777 0.010
2248.83149 16.755 0.009
2250.81888 16.737 0.009
2252.67856 16.737 0.010
2254.66962 16.704 0.009
2257.67630 16.693 0.009
2260.68302 16.682 0.009
2266.67450 16.630 0.009
2270.68220 16.610 0.009
2271.82256 16.593 0.008
2272.83051 16.575 0.010
2274.67217 16.554 0.009
2276.77813 16.561 0.009
2277.83142 16.575 0.008
2279.84903 16.551 0.008
2280.82257 16.551 0.009
2282.71945 16.557 0.009
2288.78081 16.529 0.010
2290.81808 16.525 0.009
2292.79113 16.516 0.009
2296.78308 16.485 0.011
2298.73978 16.498 0.009
2300.75028 16.493 0.010
2302.72695 16.482 0.010
2327.58879 16.450 0.010
2333.59882 16.436 0.010
2345.53630 16.373 0.009
2351.51443 16.307 0.008
2369.51289 16.006 0.008
2385.49765 15.728 0.007
2529.84322 15.848 0.007
2539.84565 15.920 0.007
2545.81488 15.965 0.008
2552.86886 16.038 0.008
2556.86022 16.059 0.007
2560.76930 16.098 0.007
2564.87687 16.114 0.008
2578.79762 16.224 0.008
2583.85202 16.262 0.009
2590.75854 16.306 0.008
2596.77115 16.359 0.009
2605.80110 16.413 0.008
2609.77052 16.423 0.009
2614.72878 16.423 0.010
2618.78375 16.449 0.009
2621.70884 16.458 0.008
2624.61480 16.485 0.010
2627.71307 16.492 0.011
2629.73603 16.461 0.009
2632.66197 16.484 0.008
2635.70921 16.486 0.008
2638.68018 16.492 0.009
2640.77707 16.483 0.009
2642.73355 16.474 0.010
2644.73626 16.489 0.009
2646.69022 16.489 0.009
2650.74604 16.475 0.010
2652.80794 16.479 0.008
2654.76860 16.476 0.010
2656.67402 16.468 0.010
2658.63577 16.462 0.009
2660.65409 16.480 0.009
2662.66505 16.441 0.008
2664.64510 16.444 0.009
2666.70849 16.430 0.008
2668.69461 16.423 0.009
2670.65673 16.413 0.010
2672.79550 16.403 0.008
2674.69625 16.368 0.009
2676.68537 16.369 0.009
2678.73862 16.363 0.008
2680.64937 16.339 0.008
2682.69568 16.330 0.009
2687.57551 16.293 0.009
2693.53472 16.268 0.008
2696.57146 16.252 0.008
2701.55311 16.236 0.009
2707.55983 16.189 0.008
2714.54700 16.126 0.008
2839.92365 15.207 0.005
2867.89465 14.951 0.005
2885.87230 14.891 0.005
2892.90082 14.899 0.005
2897.86973 14.904 0.005
2907.78994 14.934 0.005
2911.82733 14.944 0.005
2916.87773 14.971 0.005
2922.86142 14.995 0.005
2926.79309 15.019 0.005
2930.86279 15.042 0.005
2934.76485 15.066 0.005
2940.74559 15.097 0.005
2943.74985 15.121 0.005
2947.75850 15.154 0.005
2949.84849 15.168 0.005
2953.71563 15.202 0.005
2956.74097 15.228 0.005
2958.76731 15.243 0.006
2962.77983 15.290 0.005
2965.80286 15.309 0.005
2968.67015 15.340 0.006
2973.79364 15.392 0.005
2976.80607 15.418 0.006
2978.71374 15.435 0.006
2980.72616 15.457 0.006
2982.71886 15.468 0.006
2984.76598 15.503 0.006
2986.84865 15.531 0.006
2988.81903 15.544 0.006
2989.77434 15.554 0.006
2991.66946 15.571 0.006
2993.68993 15.588 0.006
2995.76304 15.610 0.006
2997.73544 15.629 0.006
2999.69961 15.644 0.005
3001.79447 15.679 0.006
3003.76516 15.700 0.006
3005.72698 15.727 0.006
3007.64840 15.750 0.006
3009.64622 15.771 0.006
3011.74582 15.795 0.007
3017.75131 15.854 0.007
3019.67935 15.883 0.007
3021.79793 15.900 0.006
3023.65971 15.924 0.006
3025.62762 15.939 0.006
3027.67699 15.954 0.007
3029.66205 15.981 0.007
3031.73194 16.003 0.007
3033.79559 16.024 0.007
3035.80239 16.044 0.007
3038.78002 16.059 0.007
3041.62057 16.101 0.009
3043.65461 16.096 0.008
3045.71753 16.134 0.008
3047.67127 16.137 0.008
3048.60005 16.152 0.007
3050.61956 16.160 0.007
3052.62078 16.167 0.007
3054.62097 16.187 0.008
3056.61344 16.198 0.007
3058.60743 16.207 0.008
3060.65701 16.219 0.008
3068.54294 16.244 0.009
3070.60391 16.236 0.010
3073.63506 16.239 0.009
3078.64407 16.261 0.008
3082.62191 16.255 0.007
3085.52300 16.254 0.008
3087.66121 16.243 0.008
3090.62736 16.251 0.008
3096.54321 16.231 0.009
3099.61299 16.198 0.010
3102.59162 16.201 0.008
3104.57833 16.210 0.008
3110.56011 16.171 0.008
3113.53802 16.144 0.008
3128.51054 16.034 0.007
3140.51755 15.957 0.007
3216.88175 15.598 0.006
3241.92466 15.263 0.005
3248.86684 15.142 0.005
3257.89520 15.018 0.005
3264.81654 14.972 0.005
3270.88330 14.925 0.005
3274.76893 14.916 0.005
3277.89098 14.902 0.005
3287.77261 14.886 0.005
3295.73102 14.889 0.005
3301.78454 14.912 0.005
3304.84487 14.911 0.005
3307.71840 14.931 0.005
3309.75064 14.915 0.005
3311.74862 14.942 0.005
3320.79158 14.975 0.005
3323.73771 15.003 0.005
3327.76356 15.013 0.005
3330.72218 15.026 0.005
3334.82110 15.049 0.005
3339.76890 15.080 0.005
3354.78480 15.210 0.005
3358.83350 15.250 0.005
3372.77996 15.388 0.005
3378.69262 15.461 0.005
3391.76036 15.650 0.006
3395.72294 15.703 0.007
3399.72917 15.771 0.006
3403.71653 15.808 0.006
3406.68604 15.879 0.006
3410.63895 15.936 0.006
3415.63616 16.029 0.006
3420.62595 16.087 0.007
3427.59991 16.211 0.007
3433.62253 16.304 0.007
3438.55175 16.394 0.007
3446.50890 16.506 0.009
3461.52631 16.688 0.009
3473.48562 16.871 0.011
3575.94431 17.019 0.015
3619.83807 16.928 0.010
3629.91154 16.876 0.012
3633.87653 16.840 0.010
3639.78902 16.766 0.008
3644.82564 16.706 0.008
3651.76878 16.606 0.008
3654.81631 16.563 0.008
3658.78031 16.511 0.009
3661.85103 16.460 0.009
3668.82376 16.363 0.008
3672.81200 16.295 0.007
3676.76881 16.227 0.007
3684.83078 16.165 0.006
3687.80518 16.122 0.007
3690.72505 16.094 0.007
3693.75906 16.077 0.007
3695.79183 16.064 0.006
3698.77359 16.052 0.007
3700.80217 16.041 0.006
3703.73303 16.044 0.006
3705.80020 16.030 0.006
3708.78813 16.031 0.007
3712.74575 16.024 0.006
3714.81598 16.030 0.006
3717.67843 16.030 0.007
3719.85097 16.029 0.007
3721.81192 16.034 0.007
3726.70775 16.029 0.007
3730.73999 16.045 0.006
3732.73210 16.038 0.006
3735.63149 16.051 0.006
3737.76386 16.048 0.006
3739.83384 16.055 0.006
3741.84678 16.078 0.007
3743.74394 16.064 0.007
3746.78646 16.079 0.007
3748.73962 16.093 0.007
3749.74524 16.091 0.007
3751.75658 16.100 0.007
3753.70807 16.112 0.007
3755.70908 16.117 0.007
3757.69895 16.130 0.007
3759.76373 16.137 0.006
3762.78524 16.147 0.007
3765.77233 16.177 0.006
3770.64484 16.188 0.007
3773.71093 16.218 0.007
3776.68125 16.240 0.008
3779.63581 16.272 0.009
3782.74944 16.312 0.008
3787.61265 16.326 0.008
3792.56336 16.362 0.008
3800.54536 16.431 0.008
3810.50296 16.536 0.010
3823.51272 16.633 0.009
3964.89127 16.904 0.009
3969.92208 16.849 0.010
3981.88987 16.689 0.010
3989.91847 16.580 0.013
3998.88216 16.506 0.008
3999.84465 16.510 0.007
4001.89365 16.481 0.007
4004.85764 16.475 0.007
4005.87160 16.465 0.008
4008.73784 16.449 0.007
4013.77460 16.437 0.008
4018.86752 16.422 0.007
4024.73495 16.399 0.007
4026.80802 16.380 0.007
4029.75725 16.373 0.007
4032.77252 16.349 0.008
4038.73859 16.343 0.007
4041.69985 16.321 0.007
4043.70471 16.337 0.007
4046.79640 16.321 0.008
4049.66735 16.297 0.007
4052.72875 16.286 0.007
4056.77361 16.249 0.007
4058.80595 16.213 0.007
4063.70450 16.185 0.007
4066.76183 16.122 0.006
4068.66671 16.107 0.006
4070.69180 16.045 0.006
4074.75943 15.995 0.007
4077.80798 15.959 0.006
4079.85284 15.924 0.006
4083.69842 15.882 0.006
4085.76415 15.855 0.006
4093.74871 15.736 0.005
4102.86120 15.631 0.005
4105.82123 15.588 0.005
4109.79111 15.547 0.005
4113.74694 15.508 0.005
4120.77717 15.444 0.005
4122.73366 15.425 0.005
4125.78789 15.413 0.005
4132.67566 15.382 0.005
4142.72668 15.337 0.006
4156.56178 15.292 0.005
4168.51643 15.254 0.006
4197.49574 15.220 0.006
4341.92814 16.375 0.013
4347.87968 16.371 0.009
4353.81301 16.372 0.008
4358.91131 16.371 0.010
4364.87574 16.347 0.009
4367.90019 16.329 0.009
4371.76548 16.322 0.008
4377.82183 16.289 0.009
4380.83675 16.275 0.008
4386.81248 16.226 0.008
4390.77441 16.183 0.008
4394.73053 16.145 0.007
4399.74850 16.092 0.009
4407.71153 16.012 0.008
4412.72696 15.967 0.007
4418.82034 15.899 0.007
4426.76406 15.837 0.007
4430.69145 15.823 0.007
4432.75063 15.810 0.006
4436.79056 15.804 0.007
4439.85567 15.796 0.007
4443.74370 15.798 0.007
4449.70655 15.778 0.006
4451.71628 15.770 0.007
4455.71540 15.758 0.007
4457.74584 15.743 0.006
4460.81749 15.739 0.007
4463.73578 15.719 0.006
4466.72477 15.685 0.006
4470.67224 15.664 0.007
4473.71496 15.627 0.006
4477.77347 15.571 0.006
4482.77725 15.531 0.007
4486.75508 15.475 0.006
4492.65022 15.432 0.006
4494.67400 15.416 0.006
4498.70652 15.395 0.006
4501.70383 15.371 0.006
4506.63791 15.339 0.006
4508.66475 15.320 0.005
4510.73072 15.324 0.005
4517.66496 15.255 0.006
4521.64549 15.194 0.005
4524.60820 15.140 0.005
4530.63419 15.055 0.005
4532.65993 15.021 0.005
4536.63219 14.957 0.005
4539.51416 14.914 0.005
4541.62332 14.888 0.005
4545.55341 14.818 0.005
4556.58940 14.708 0.005
4561.58046 14.668 0.005
4568.53513 14.636 0.005
4588.48612 14.580 0.005
4683.93072 15.033 0.005
4697.88740 15.188 0.005
4708.86496 15.293 0.005
4720.80348 15.430 0.005
4724.85676 15.469 0.006
4728.85068 15.508 0.006
4733.85412 15.551 0.006
4747.74864 15.670 0.006
4748.81292 15.688 0.006
4753.81991 15.726 0.007
4757.78353 15.747 0.006
4760.78534 15.758 0.006
4763.84417 15.796 0.007
4769.71395 15.812 0.007
4772.73306 15.825 0.006
4775.76330 15.830 0.006
4777.77730 15.846 0.006
4781.80659 15.846 0.007
4784.72790 15.846 0.007
4788.82439 15.845 0.006
4791.83478 15.847 0.006
4792.69547 15.842 0.007
4794.80640 15.837 0.006
4796.68534 15.815 0.006
4797.77786 15.834 0.007
4797.82574 15.834 0.007
4800.80231 15.834 0.006
4803.64817 15.808 0.007
4805.74638 15.796 0.006
4807.84962 15.785 0.006
4809.73156 15.776 0.006
4812.76708 15.769 0.007
4814.76745 15.737 0.006
4816.76427 15.720 0.006
4818.79184 15.705 0.006
4820.76921 15.684 0.006
4821.72476 15.673 0.006
4823.79557 15.647 0.006
4826.71250 15.615 0.006
4833.72278 15.529 0.005
4835.70903 15.515 0.006
4837.75740 15.475 0.006
4839.80762 15.457 0.005
4841.77771 15.430 0.005
4843.77329 15.401 0.006
4846.74184 15.370 0.005
4848.74956 15.344 0.005
4853.77165 15.309 0.005
4855.78706 15.295 0.005
4857.76528 15.271 0.005
4859.75500 15.259 0.005
4865.74147 15.237 0.005
4868.73453 15.235 0.005
4870.57468 15.229 0.005
4871.58952 15.235 0.005
4871.65770 15.229 0.005
4872.62497 15.239 0.006
4874.59805 15.228 0.005
4876.56802 15.237 0.005
4878.67451 15.230 0.005
4879.64740 15.226 0.005
4885.57866 15.219 0.005
4888.66200 15.219 0.005
4895.53531 15.184 0.005
4896.52972 15.181 0.005
4901.66802 15.137 0.005
4908.61606 15.076 0.005
4917.56115 14.953 0.005
4921.58291 14.872 0.005
4927.57626 14.752 0.005
4931.58357 14.687 0.005
4935.55030 14.619 0.005
4939.55727 14.570 0.005
4943.49657 14.542 0.005
4944.49392 14.538 0.005
4945.47810 14.524 0.005
4946.48023 14.525 0.005
4947.47857 14.518 0.005
4948.53767 14.516 0.005
4953.53020 14.498 0.005
