2167.83125 17.977 0.024
2173.83864 17.903 0.020
2190.77641 17.790 0.021
2192.81178 17.764 0.018
2212.86579 17.679 0.020
2214.77915 17.715 0.020
2224.73592 17.693 0.018
2226.84011 17.775 0.021
2229.65203 17.761 0.023
2232.81062 17.750 0.021
2234.80503 17.784 0.018
2239.59000 17.800 0.026
2241.65153 17.776 0.026
2243.71011 17.789 0.021
2248.78252 17.806 0.017
2250.83364 17.779 0.018
2252.64175 17.804 0.020
2254.63266 17.813 0.019
2257.63657 17.874 0.019
2259.68950 17.871 0.020
2266.63421 17.867 0.023
2270.63032 17.934 0.021
2271.78113 17.894 0.019
2273.75505 17.921 0.023
2275.81803 17.937 0.024
2277.63967 17.924 0.019
2279.81202 18.030 0.028
2281.79883 18.030 0.020
2283.83305 18.009 0.019
2288.73919 18.033 0.020
2290.77758 18.042 0.021
2292.75406 18.061 0.030
2294.72912 18.102 0.036
2296.73951 18.075 0.032
2298.75889 18.119 0.029
2300.71196 18.131 0.027
2302.68851 18.118 0.027
2332.58766 18.402 0.046
2333.54599 18.370 0.046
2333.55724 18.356 0.044
2339.53369 18.435 0.051
2357.50486 18.703 0.089
2395.50574 19.234 0.105
2526.89800 19.667 0.073
2537.90645 19.577 0.167
2542.87754 19.553 0.074
2552.82811 19.462 0.089
2556.81968 19.546 0.075
2559.86795 19.506 0.086
2564.83616 19.562 0.091
2578.76053 19.544 0.094
2583.81497 19.465 0.093
2589.84575 19.213 0.059
2596.73042 19.170 0.085
2605.73345 19.057 0.051
2609.72968 19.173 0.072
2614.68965 18.953 0.059
2618.72023 18.873 0.047
2621.62774 18.921 0.041
2623.81148 18.860 0.047
2627.67543 18.727 0.063
2629.69849 18.750 0.062
2631.75031 18.685 0.050
2634.75247 18.609 0.038
2635.67225 18.585 0.032
2638.64335 18.461 0.032
2639.64347 18.493 0.026
2641.71057 18.416 0.032
2643.71927 18.429 0.037
2645.70745 18.333 0.026
2647.66526 18.375 0.030
2650.82631 18.345 0.027
2652.72802 18.278 0.030
2654.66282 18.251 0.033
2656.63490 18.256 0.031
2658.59880 18.183 0.032
2660.61195 18.175 0.027
2662.59908 18.165 0.026
2664.60659 18.093 0.029
2666.66057 18.095 0.020
2668.64969 18.117 0.031
2670.61969 18.131 0.030
2672.72898 18.063 0.027
2674.62734 18.036 0.021
2676.61393 18.041 0.020
2678.70157 17.986 0.023
2680.61227 17.974 0.020
2682.66267 17.948 0.027
2687.53523 18.038 0.042
2691.60556 18.040 0.036
2696.52832 17.915 0.028
2701.51048 17.900 0.029
2707.50787 17.856 0.027
2714.50674 17.882 0.032
2839.93812 18.521 0.044
2867.90887 18.972 0.048
2879.89783 19.272 0.072
2888.90230 19.200 0.050
2894.83738 19.386 0.074
2899.83831 19.357 0.064
2905.82801 19.471 0.080
2908.88902 19.512 0.072
2911.78735 19.596 0.065
2916.83759 19.650 0.068
2922.82143 19.678 0.115
2926.74811 19.827 0.098
2930.82262 19.787 0.089
2933.86704 19.889 0.106
2940.70353 19.876 0.089
2942.82596 19.942 0.109
2947.71851 19.948 0.127
2949.80870 20.013 0.113
2952.86285 20.091 0.157
2956.70125 19.924 0.094
2958.72755 20.145 0.158
2962.73942 20.090 0.121
2965.75884 20.301 0.137
2967.85827 19.962 0.114
2972.85710 19.975 0.117
2975.83159 20.008 0.123
2976.82685 20.007 0.121
2978.80749 19.927 0.126
2982.67861 20.202 0.147
2984.72613 19.993 0.119
2986.80872 19.966 0.136
2988.77329 20.139 0.142
2989.78924 19.908 0.096
2991.62965 20.004 0.100
2993.61705 19.951 0.092
2995.71618 20.050 0.099
2997.69564 20.038 0.114
2999.71739 19.885 0.094
3001.75356 19.825 0.099
3003.72517 19.881 0.098
3005.60093 20.048 0.137
3007.66349 19.952 0.116
3009.72979 19.814 0.105
3011.70402 19.922 0.147
3013.70996 19.907 0.113
3017.71135 19.961 0.117
3019.63936 19.901 0.110
3021.75817 19.967 0.086
3023.61995 19.798 0.075
3024.82108 19.972 0.117
3026.81770 19.836 0.064
3029.62209 19.736 0.080
3031.69201 19.845 0.084
3033.75552 19.828 0.078
3035.76256 19.845 0.094
3038.74006 19.846 0.128
3040.71069 19.721 0.121
3042.65462 19.661 0.112
3044.58850 19.869 0.123
3045.67748 19.955 0.123
3047.63121 19.819 0.116
3049.63692 19.740 0.070
3051.60510 19.734 0.096
3053.59939 19.759 0.093
3055.59856 19.851 0.121
3057.62398 19.690 0.089
3059.56790 19.818 0.086
3061.56094 19.824 0.106
3068.50227 19.566 0.157
3070.55790 19.755 0.123
3073.55862 19.479 0.111
3075.67160 19.541 0.109
3078.59180 19.962 0.134
3082.58105 19.758 0.107
3084.65813 19.610 0.077
3087.62078 19.645 0.083
3090.58422 19.437 0.099
3096.49118 19.592 0.142
3099.57214 19.576 0.109
3102.55095 19.572 0.114
3105.58368 19.523 0.096
3108.56160 19.648 0.081
3112.53331 19.498 0.086
3116.52023 19.578 0.093
3127.48662 19.659 0.084
3140.47627 19.299 0.080
3223.87647 18.275 0.036
3241.86279 18.184 0.031
3248.82623 18.245 0.039
3257.85411 18.198 0.021
3263.90006 18.309 0.023
3270.84310 18.253 0.026
3273.89109 18.329 0.030
3277.82716 18.328 0.030
3281.86998 18.340 0.025
3287.73200 18.482 0.026
3289.88373 18.429 0.031
3294.87906 18.545 0.037
3295.68429 18.513 0.024
3301.74485 18.439 0.033
3304.80076 18.553 0.038
3307.67561 18.591 0.054
3309.71100 18.591 0.033
3311.70884 18.586 0.030
3320.75160 18.674 0.030
3323.68648 18.761 0.042
3327.72322 18.738 0.035
3330.68207 18.910 0.061
3334.78133 18.850 0.060
3338.82779 18.843 0.042
3340.84288 18.938 0.051
3354.70773 18.960 0.044
3358.78442 19.039 0.035
3361.82149 19.187 0.047
3365.72389 19.119 0.067
3372.74018 19.181 0.042
3378.65289 19.269 0.056
3391.72061 19.413 0.070
3394.73216 19.693 0.104
3396.61122 19.504 0.077
3399.68938 19.704 0.105
3403.67661 19.615 0.092
3408.58601 19.660 0.082
3412.63136 19.713 0.100
3417.55878 19.775 0.115
3425.56699 19.953 0.184
3437.53043 20.139 0.115
3445.53576 20.013 0.124
3460.48398 20.201 0.169
3477.47863 20.844 0.344
3583.92075 20.162 0.146
3593.91904 20.175 0.156
3601.85598 20.041 0.150
3618.89013 20.245 0.125
3629.87141 19.598 0.082
3634.83806 19.964 0.091
3639.83135 19.637 0.061
3643.84073 19.854 0.110
3644.78612 20.044 0.102
3650.87501 19.668 0.074
3654.77427 19.465 0.059
3657.85646 19.599 0.063
3660.79095 19.387 0.080
3664.82605 19.498 0.061
3668.78405 19.132 0.061
3672.77226 19.533 0.070
3675.85195 19.297 0.052
3684.76005 19.128 0.041
3687.76571 19.041 0.042
3689.86633 19.076 0.063
3692.86602 19.085 0.074
3695.74018 18.922 0.037
3698.73379 18.941 0.053
3700.76268 19.031 0.047
3702.85031 18.917 0.033
3705.75712 18.984 0.036
3708.71570 18.834 0.044
3712.70258 18.855 0.041
3714.71296 18.789 0.036
3716.85457 18.737 0.044
3719.80622 18.841 0.062
3725.80009 18.601 0.036
3730.66788 18.705 0.027
3732.69260 18.726 0.031
3734.79064 18.686 0.035
3736.80692 18.687 0.035
3737.69529 18.636 0.030
3739.79440 18.692 0.035
3742.68023 18.638 0.046
3745.75593 18.705 0.031
3747.75860 18.604 0.060
3749.65030 18.724 0.056
3750.73532 18.682 0.054
3752.74600 18.653 0.036
3754.76371 18.713 0.041
3756.58726 18.705 0.033
3758.75693 18.700 0.047
3761.77250 18.745 0.030
3764.72692 18.720 0.033
3767.58678 18.717 0.032
3770.60316 18.696 0.035
3773.60735 18.717 0.039
3776.60670 18.659 0.030
3779.59629 18.731 0.046
3782.64697 18.656 0.035
3787.57194 18.729 0.036
3792.51931 18.794 0.056
3799.60246 18.802 0.054
3809.51280 18.831 0.061
3822.49265 18.826 0.060
3946.89485 20.379 0.179
3964.85178 20.394 0.122
3969.87163 20.203 0.137
3975.92178 20.195 0.151
3981.85072 20.704 0.259
3989.87772 20.526 0.209
3995.90146 20.300 0.202
4001.85449 20.367 0.140
4005.83215 20.501 0.144
4007.83631 20.871 0.230
4011.83661 20.258 0.150
4018.82824 20.260 0.126
4023.86038 20.896 0.229
4026.76884 20.794 0.159
4029.71008 20.170 0.182
4031.79045 20.353 0.138
4038.69957 20.758 0.200
4040.86641 20.394 0.218
4043.66505 20.270 0.205
4046.75720 20.496 0.216
4048.84666 21.267 0.523
4052.68958 20.252 0.105
4056.73363 20.095 0.148
4058.76594 20.467 0.115
4063.66551 20.438 0.150
4066.72275 20.340 0.127
4068.81028 20.124 0.100
4070.65272 20.203 0.126
4073.81211 20.190 0.162
4076.78028 20.297 0.154
4079.74258 20.174 0.154
4083.65943 20.480 0.208
4085.72491 20.238 0.166
4092.84340 20.288 0.131
4102.81990 20.629 0.255
4105.67881 20.477 0.187
4109.72174 19.846 0.084
4109.75193 20.240 0.111
4113.70770 20.233 0.104
4120.73810 20.064 0.098
4122.69450 20.404 0.123
4125.74576 20.122 0.125
4131.59908 20.261 0.111
4142.63564 19.996 0.153
4156.51879 19.745 0.142
4166.56350 19.538 0.107
4196.51283 19.253 0.091
4341.88879 18.914 0.057
4347.83873 18.926 0.053
4357.90013 19.029 0.073
4362.77591 19.014 0.059
4365.81740 19.208 0.105
4368.89472 19.219 0.090
4371.84531 19.152 0.052
4377.78115 19.205 0.063
4380.79767 19.224 0.054
4386.77334 19.261 0.061
4390.73530 19.367 0.069
4393.84940 19.366 0.072
4398.86067 19.454 0.075
4403.86765 19.350 0.103
4411.85921 19.606 0.082
4418.78042 19.636 0.069
4422.84641 19.753 0.086
4426.72473 19.917 0.150
4429.78619 19.665 0.185
4429.83072 19.810 0.193
4432.71164 19.890 0.098
4436.75099 19.969 0.114
4439.81657 19.882 0.154
4443.68634 20.323 0.237
4448.85347 19.991 0.127
4449.67106 20.016 0.099
4451.68061 20.249 0.168
4454.69712 20.131 0.131
4455.67940 20.092 0.134
4458.73778 20.198 0.155
4461.65471 20.449 0.161
4465.73780 20.236 0.123
4468.70635 20.317 0.117
4473.67570 20.357 0.153
4477.73378 20.186 0.172
4481.67138 20.548 0.190
4485.71946 20.626 0.275
4489.70293 20.097 0.236
4493.69277 20.476 0.251
4498.66980 20.472 0.163
4501.66710 20.869 0.281
4506.60104 20.490 0.238
4508.61105 20.609 0.219
4510.69094 21.291 0.427
4521.60096 20.277 0.194
4523.61683 20.382 0.203
4525.53620 20.871 0.283
4531.55819 20.678 0.239
4533.56061 21.076 0.410
4537.61059 20.696 0.265
4539.52901 20.793 0.307
4541.58179 20.312 0.236
4543.64265 21.136 0.549
4545.50094 20.743 0.316
4549.58576 20.558 0.291
4560.52831 20.765 0.296
4567.57744 20.992 0.393
4571.52227 20.900 0.399
4581.49920 20.299 0.261
4610.46729 20.951 0.517
4683.89118 19.980 0.109
4694.90969 19.804 0.144
4697.84784 19.809 0.148
4707.89865 19.509 0.079
4719.91702 19.158 0.116
4720.76397 19.289 0.075
4724.81725 19.208 0.071
4728.80475 19.339 0.073
4733.81446 19.303 0.061
4743.88316 19.248 0.058
4747.89455 19.262 0.104
4752.85359 19.264 0.068
4756.86291 19.207 0.060
4760.74603 19.146 0.046
4762.86951 19.179 0.056
4768.84750 19.056 0.051
4772.69383 19.150 0.058
4775.72322 19.109 0.068
4777.73799 19.213 0.061
4781.73445 19.036 0.053
4784.68803 19.059 0.089
4788.78509 19.165 0.061
4791.79556 19.145 0.042
4794.76704 19.082 0.052
4797.78627 19.214 0.058
4800.76313 19.225 0.047
4802.83014 19.242 0.049
4804.84737 19.154 0.065
4806.84350 19.164 0.061
4809.69124 19.161 0.054
4811.68754 19.229 0.089
4813.70932 19.127 0.094
4814.72819 19.202 0.077
4816.72505 19.224 0.064
4818.72428 19.285 0.053
4820.64362 19.262 0.051
4820.78387 19.305 0.059
4822.68014 19.270 0.053
4824.66899 19.288 0.053
4826.67338 19.301 0.064
4833.67133 19.327 0.050
4835.72370 19.330 0.061
4838.72831 19.332 0.069
4840.71253 19.272 0.067
4842.69655 19.224 0.059
4844.69576 19.245 0.060
4847.76276 19.416 0.089
4850.75584 19.218 0.069
4853.73232 19.565 0.100
4855.74779 19.304 0.081
4857.72588 19.407 0.078
4863.68715 19.472 0.089
4865.58736 19.666 0.091
4868.69095 19.454 0.077
4869.63615 19.502 0.098
4872.66543 19.317 0.113
4874.55858 19.462 0.077
4876.58225 19.580 0.074
4878.60705 19.613 0.073
4882.68013 19.522 0.077
4885.53835 19.790 0.111
4888.60554 19.663 0.070
4900.60930 19.681 0.123
4905.57440 19.888 0.137
4908.53298 19.772 0.111
4916.54939 19.652 0.109
4920.58039 19.916 0.115
4926.53656 19.786 0.161
4930.53311 19.943 0.169
4934.52987 20.160 0.168
4937.52160 20.009 0.112
4940.53762 19.984 0.132
4946.53119 20.923 0.342
4951.51094 19.920 0.179
