2161.87394 14.240 0.006
2173.88712 14.274 0.006
2192.85590 14.391 0.006
2201.84234 14.460 0.006
2214.82385 14.583 0.006
2221.76674 14.652 0.006
2224.77945 14.682 0.006
2227.68205 14.720 0.006
2229.69552 14.738 0.006
2232.85930 14.769 0.006
2234.85404 14.799 0.006
2237.77449 14.828 0.006
2241.69975 14.872 0.006
2243.75356 14.899 0.006
2247.83544 14.956 0.006
2248.83804 14.960 0.006
2250.82616 14.986 0.006
2252.68514 15.017 0.006
2254.67621 15.038 0.006
2257.68288 15.083 0.006
2260.68958 15.133 0.006
2266.68109 15.210 0.006
2270.68879 15.265 0.006
2271.82913 15.276 0.006
2272.83705 15.282 0.006
2274.67876 15.310 0.006
2276.78470 15.331 0.006
2277.83803 15.362 0.006
2279.85562 15.375 0.006
2280.82914 15.396 0.006
2282.72604 15.422 0.006
2288.78738 15.490 0.007
2290.82466 15.511 0.006
2292.79771 15.539 0.007
2296.79386 15.542 0.007
2298.75031 15.571 0.007
2300.75690 15.583 0.007
2302.73357 15.601 0.007
2327.59600 15.666 0.007
2333.60599 15.653 0.008
2345.54347 15.620 0.007
2351.52411 15.588 0.007
2369.52017 15.510 0.007
2385.50496 15.417 0.007
2529.85043 14.861 0.006
2539.85288 14.853 0.006
2545.82155 14.870 0.006
2552.87604 14.903 0.006
2556.86739 14.943 0.006
2560.77649 14.969 0.006
2564.88403 15.006 0.006
2578.80425 15.162 0.006
2583.85864 15.235 0.006
2590.76566 15.317 0.006
2596.77830 15.401 0.006
2605.81147 15.517 0.007
2609.77763 15.591 0.007
2614.73580 15.659 0.008
2618.79068 15.739 0.007
2621.71581 15.794 0.007
2624.62178 15.826 0.008
2627.71965 15.905 0.008
2629.74263 15.939 0.008
2632.66855 16.008 0.007
2635.71580 16.081 0.008
2638.68676 16.145 0.008
2640.78367 16.185 0.009
2642.74054 16.225 0.011
2644.74328 16.271 0.009
2646.69681 16.324 0.009
2650.75305 16.386 0.011
2652.81454 16.458 0.009
2654.77520 16.489 0.012
2656.68061 16.537 0.012
2658.64239 16.546 0.011
2660.66069 16.599 0.011
2662.67166 16.644 0.012
2664.65175 16.663 0.011
2668.70122 16.769 0.012
2670.66944 16.777 0.014
2672.80212 16.838 0.012
2674.70288 16.900 0.014
2676.69277 16.933 0.013
2678.74527 16.978 0.014
2680.65602 17.047 0.014
2682.70277 17.013 0.016
2687.58256 17.038 0.017
2693.54181 17.239 0.016
2696.57856 17.161 0.016
2701.56928 17.246 0.020
2707.56692 17.279 0.017
2714.55415 17.358 0.020
2839.93084 16.586 0.011
2867.90179 16.326 0.009
2885.87944 16.034 0.008
2892.90793 15.862 0.008
2897.87682 15.696 0.007
2907.79703 15.448 0.006
2911.83438 15.368 0.006
2916.88480 15.270 0.006
2922.86844 15.180 0.006
2926.80013 15.138 0.006
2930.86985 15.110 0.006
2934.77188 15.084 0.006
2940.75260 15.059 0.006
2943.75687 15.053 0.006
2947.76554 15.042 0.006
2949.85548 15.043 0.006
2956.74797 15.053 0.006
2958.77430 15.056 0.006
2962.78678 15.080 0.006
2965.80982 15.087 0.006
2968.67714 15.110 0.006
2973.80062 15.135 0.006
2976.81831 15.165 0.006
2978.72075 15.167 0.006
2980.73316 15.161 0.006
2982.72586 15.178 0.006
2984.77297 15.188 0.006
2986.85564 15.204 0.007
2988.82600 15.223 0.006
2989.78134 15.208 0.006
2991.67644 15.236 0.006
2993.69689 15.270 0.006
2995.77001 15.266 0.006
2997.74241 15.282 0.006
2999.70658 15.303 0.006
3001.80146 15.291 0.006
3003.77212 15.299 0.006
3005.73397 15.321 0.006
3007.65540 15.329 0.006
3009.65873 15.348 0.006
3011.75280 15.362 0.007
3017.75828 15.404 0.006
3019.68637 15.409 0.006
3021.80496 15.415 0.006
3023.66669 15.424 0.006
3025.63855 15.424 0.006
3027.68400 15.452 0.006
3029.66903 15.447 0.006
3031.73895 15.433 0.006
3033.80259 15.468 0.006
3035.80943 15.480 0.006
3038.78704 15.485 0.007
3041.62760 15.506 0.007
3043.66164 15.515 0.007
3045.72458 15.515 0.006
3047.67831 15.556 0.007
3048.60708 15.553 0.006
3050.62660 15.572 0.006
3052.62783 15.567 0.006
3054.63236 15.583 0.007
3056.62051 15.590 0.006
3060.66403 15.627 0.007
3068.55002 15.671 0.007
3070.62220 15.669 0.007
3073.64214 15.709 0.007
3076.56605 15.704 0.007
3078.65116 15.753 0.007
3082.62897 15.756 0.007
3085.53105 15.770 0.007
3087.67261 15.780 0.007
3090.63533 15.795 0.007
3096.55038 15.811 0.008
3099.62015 15.826 0.008
3102.59877 15.838 0.007
3104.58546 15.826 0.007
3110.56725 15.824 0.007
3113.54519 15.836 0.008
3128.51770 15.748 0.007
3140.52473 15.724 0.007
3216.88894 15.263 0.006
3241.93177 15.124 0.006
3248.87399 15.056 0.006
3257.90229 14.965 0.006
3264.82361 14.864 0.006
3270.89039 14.778 0.006
3274.77599 14.701 0.006
3277.89804 14.648 0.006
3287.77964 14.519 0.006
3295.73800 14.448 0.006
3301.79156 14.413 0.006
3304.85193 14.388 0.006
3307.72541 14.377 0.006
3309.75767 14.355 0.006
3311.75559 14.336 0.006
3320.79859 14.256 0.006
3327.77055 14.199 0.006
3330.72916 14.180 0.006
3334.82807 14.160 0.006
3339.77586 14.135 0.006
3354.79180 14.097 0.006
3358.84048 14.097 0.006
3365.77052 14.123 0.006
3372.78693 14.148 0.006
3378.69963 14.173 0.006
3391.76735 14.230 0.006
3395.72994 14.275 0.006
3399.73615 14.301 0.006
3403.72355 14.331 0.006
3406.69306 14.328 0.006
3410.64591 14.359 0.006
3415.64312 14.416 0.006
3427.60691 14.504 0.006
3433.62952 14.564 0.006
3438.55877 14.590 0.006
3446.51594 14.669 0.006
3461.53338 14.789 0.006
3473.49276 14.893 0.006
3601.90672 15.245 0.006
3619.84511 15.123 0.006
3633.88355 14.987 0.006
3639.79602 14.891 0.006
3644.83262 14.837 0.006
3651.77578 14.750 0.006
3654.82329 14.724 0.006
3658.78729 14.691 0.006
3661.85796 14.670 0.006
3668.83073 14.630 0.006
3672.81900 14.597 0.006
3676.77578 14.565 0.006
3684.83769 14.484 0.006
3687.81212 14.457 0.006
3690.73199 14.425 0.006
3693.76597 14.411 0.006
3695.79876 14.383 0.006
3698.78050 14.373 0.006
3700.80910 14.354 0.006
3703.73995 14.328 0.006
3705.80712 14.311 0.006
3708.79505 14.300 0.006
3712.75264 14.255 0.006
3714.82292 14.240 0.006
3717.68536 14.221 0.006
3719.85792 14.204 0.006
3721.81882 14.192 0.006
3726.71466 14.156 0.006
3730.74693 14.119 0.006
3732.73902 14.124 0.006
3735.63840 14.101 0.006
3737.77082 14.080 0.006
3739.84073 14.074 0.006
3741.85369 14.056 0.006
3743.75086 14.066 0.006
3746.79336 14.043 0.006
3748.74654 14.030 0.006
3749.75219 14.036 0.006
3751.76352 14.023 0.006
3753.71501 14.022 0.006
3755.71603 14.023 0.006
3757.70588 14.011 0.006
3759.77067 14.002 0.006
3762.79222 14.006 0.006
3765.77928 13.988 0.006
3770.65180 13.986 0.006
3773.71789 13.989 0.006
3776.68823 13.977 0.006
3779.64275 13.991 0.006
3782.75641 13.996 0.006
3787.61969 14.000 0.006
3792.57041 14.016 0.006
3800.55234 14.058 0.006
3810.50998 14.114 0.006
3823.51981 14.194 0.006
3950.90365 15.088 0.006
3964.89826 15.070 0.006
3969.92907 15.040 0.006
3981.89681 14.984 0.006
3998.88908 14.903 0.006
3999.85159 14.896 0.006
4001.90059 14.885 0.006
4004.86457 14.872 0.006
4005.87850 14.853 0.006
4008.74476 14.830 0.006
4013.78149 14.793 0.006
4018.87440 14.765 0.006
4024.74182 14.740 0.006
4026.81488 14.725 0.006
4032.78977 14.701 0.006
4038.74543 14.687 0.006
4041.70671 14.687 0.006
4043.71159 14.683 0.006
4046.80323 14.683 0.006
4049.67418 14.677 0.006
4052.73556 14.656 0.006
4056.78041 14.642 0.006
4058.81278 14.644 0.006
4063.71133 14.604 0.006
4066.76870 14.579 0.006
4068.67501 14.571 0.006
4070.69863 14.545 0.006
4074.76626 14.527 0.006
4077.81480 14.499 0.006
4079.85968 14.477 0.006
4083.70523 14.445 0.006
4085.77094 14.425 0.006
4093.75551 14.338 0.006
4102.86800 14.245 0.006
4105.82803 14.223 0.006
4109.79792 14.188 0.006
4113.75381 14.154 0.006
4120.78401 14.103 0.006
4122.74048 14.085 0.006
4132.68253 14.048 0.006
4142.73366 14.035 0.006
4156.56872 14.034 0.006
4168.52339 14.045 0.006
4197.50275 14.214 0.006
4347.88665 15.218 0.006
4353.81996 15.270 0.006
4364.88265 15.357 0.007
4371.77242 15.391 0.006
4377.82875 15.425 0.007
4380.84366 15.440 0.006
4386.81935 15.433 0.007
4390.78128 15.450 0.007
4394.73738 15.439 0.006
4399.75537 15.442 0.007
4407.71837 15.444 0.007
4412.73379 15.437 0.007
4418.82717 15.432 0.006
4426.77087 15.396 0.007
4430.69825 15.376 0.007
4432.75745 15.357 0.006
4436.79735 15.341 0.007
4440.71220 15.316 0.006
4443.75050 15.301 0.007
4449.71337 15.258 0.006
4451.72307 15.271 0.007
4455.72222 15.224 0.008
4457.75263 15.214 0.006
4460.82432 15.201 0.006
4463.74261 15.172 0.006
4466.73160 15.146 0.006
4470.67906 15.117 0.006
4473.72179 15.082 0.006
4477.78027 15.052 0.006
4482.78409 15.003 0.006
4486.76191 14.956 0.006
4492.65708 14.883 0.006
4494.68087 14.864 0.006
4498.71309 14.805 0.006
4501.71040 14.766 0.006
4506.64449 14.710 0.006
4508.67131 14.688 0.006
4510.73763 14.660 0.006
4517.68446 14.573 0.006
4521.65237 14.538 0.006
4524.61515 14.510 0.006
4530.64116 14.498 0.006
4532.66686 14.497 0.006
4536.63912 14.469 0.006
4539.52110 14.456 0.006
4545.56039 14.450 0.006
4556.59638 14.462 0.006
4561.58745 14.466 0.006
4568.54214 14.482 0.006
4588.49314 14.564 0.006
4607.49000 14.653 0.006
4683.93774 14.984 0.006
4697.89440 15.069 0.006
4708.87193 15.157 0.006
4720.81039 15.244 0.006
4724.86372 15.276 0.006
4728.85762 15.323 0.006
4733.86105 15.353 0.006
4748.81982 15.477 0.006
4753.82680 15.504 0.007
4757.79047 15.523 0.006
4760.79222 15.548 0.006
4763.85103 15.575 0.007
4769.72080 15.585 0.007
4772.73988 15.600 0.007
4775.77014 15.599 0.007
4777.78413 15.592 0.007
4781.81340 15.602 0.007
4784.73473 15.585 0.007
4788.83121 15.596 0.006
4791.84158 15.591 0.006
4792.70230 15.587 0.007
4794.81324 15.590 0.007
4796.69219 15.576 0.006
4797.83253 15.599 0.007
4800.80913 15.581 0.006
4803.65496 15.586 0.007
4805.75321 15.574 0.006
4807.85643 15.554 0.007
4809.73836 15.560 0.006
4812.77394 15.540 0.007
4814.77424 15.526 0.007
4816.77109 15.528 0.007
4818.79864 15.516 0.006
4820.77601 15.511 0.006
4823.80239 15.500 0.006
4826.71931 15.485 0.006
4833.72963 15.429 0.006
4835.71586 15.418 0.006
4837.76423 15.388 0.006
4839.81443 15.392 0.006
4843.78460 15.351 0.006
4846.74866 15.333 0.006
4848.75640 15.309 0.006
4853.77850 15.264 0.006
4855.79391 15.241 0.006
4857.77218 15.232 0.006
4859.76185 15.207 0.006
4865.74832 15.170 0.006
4868.74139 15.127 0.006
4871.66461 15.120 0.006
4874.60493 15.056 0.006
4876.57489 15.092 0.006
4879.65428 15.061 0.006
4885.58555 15.012 0.006
4888.66893 14.992 0.006
4901.67498 14.906 0.006
4908.62300 14.846 0.006
4921.58991 14.743 0.006
4927.58293 14.679 0.006
4931.59029 14.643 0.006
4939.56396 14.551 0.006
4943.55790 14.513 0.006
4948.54437 14.483 0.006
