 455.70092 15.104 0.006
 456.68205 15.099 0.006
 456.79159 15.096 0.006
 457.64252 15.081 0.006
 457.70114 15.074 0.006
 457.81842 15.072 0.006
 458.67495 15.065 0.006
 459.63829 15.044 0.006
 459.84394 15.046 0.006
 461.64687 15.016 0.006
 461.77509 15.018 0.006
 462.60364 15.002 0.006
 465.75480 14.966 0.006
 466.84238 14.941 0.006
 468.77133 14.912 0.006
 469.78024 14.908 0.006
 470.79812 14.889 0.006
 472.81605 14.847 0.006
 473.73175 14.850 0.006
 475.57659 14.812 0.006
 477.79416 14.777 0.006
 478.79987 14.772 0.006
 479.80012 14.749 0.006
 480.63659 14.746 0.006
 481.53443 14.743 0.006
 482.82711 14.711 0.006
 483.53256 14.721 0.006
 484.53074 14.697 0.006
 485.53532 14.680 0.006
 486.52748 14.673 0.006
 487.55488 14.669 0.006
 488.56726 14.652 0.006
 489.52733 14.633 0.006
 490.53600 14.627 0.006
 491.53755 14.613 0.006
 492.52271 14.598 0.006
 493.52585 14.573 0.006
 494.52081 14.576 0.006
 494.78029 14.561 0.006
 495.52290 14.561 0.006
 496.51807 14.552 0.006
 496.73447 14.564 0.006
 498.51740 14.541 0.006
 499.77982 14.515 0.006
 500.77732 14.524 0.006
 501.54186 14.505 0.006
 507.52805 14.463 0.006
 508.57067 14.483 0.006
 509.52523 14.457 0.006
 510.55592 14.460 0.006
 510.72116 14.447 0.006
 511.62056 14.453 0.006
 512.55489 14.448 0.006
 513.53902 14.445 0.006
 513.65082 14.405 0.006
 514.51865 14.445 0.006
 514.61413 14.416 0.006
 515.51531 14.420 0.006
 516.51881 14.432 0.006
 517.51836 14.409 0.006
 518.55521 14.396 0.006
 519.50826 14.389 0.006
 519.65777 14.400 0.006
 519.73560 14.399 0.006
 520.67451 14.395 0.006
 521.51043 14.398 0.006
 521.64796 14.412 0.006
 521.71174 14.423 0.006
 523.51568 14.395 0.006
 524.50117 14.374 0.006
 524.54122 14.368 0.006
 525.56438 14.359 0.006
 526.50454 14.366 0.006
 526.60027 14.367 0.006
 527.49934 14.345 0.006
 528.55914 14.381 0.006
 530.53907 14.358 0.006
 530.63668 14.365 0.006
 531.51212 14.360 0.006
 531.61113 14.364 0.006
 532.50074 14.361 0.006
 533.49976 14.373 0.006
 533.62565 14.361 0.006
 534.50902 14.361 0.006
 535.51340 14.335 0.006
 536.66244 14.336 0.006
 540.50062 14.334 0.006
 552.61238 14.278 0.006
 554.52674 14.280 0.006
 558.51979 14.284 0.006
 560.54215 14.258 0.006
 561.48267 14.260 0.006
 562.47470 14.263 0.006
 564.48364 14.277 0.006
 573.47452 14.264 0.006
 673.82885 15.350 0.007
 689.85508 15.607 0.008
 699.80114 15.749 0.008
 701.79839 15.772 0.008
 704.84019 15.804 0.008
 706.78649 15.831 0.011
 707.83985 15.829 0.010
 715.80573 15.916 0.008
 720.78580 15.937 0.008
 722.81627 15.980 0.008
 726.77428 15.981 0.008
 728.81405 15.994 0.008
 729.86887 15.969 0.008
 733.76973 15.958 0.011
 741.86453 15.975 0.008
 744.86999 15.954 0.010
 745.71167 15.961 0.008
 747.77868 15.949 0.008
 748.73281 15.957 0.008
 751.71600 15.919 0.010
 755.67628 15.886 0.010
 759.78939 15.861 0.008
 760.76587 15.865 0.008
 761.85084 15.849 0.008
 765.79243 15.811 0.008
 769.78323 15.786 0.008
 774.78978 15.731 0.008
 778.77315 15.677 0.008
 780.84392 15.686 0.007
 781.77800 15.665 0.008
 783.82698 15.674 0.007
 788.78907 15.643 0.007
 789.74549 15.622 0.007
 792.78554 15.618 0.007
 795.84725 15.600 0.007
 796.84793 15.595 0.007
 797.84543 15.596 0.007
 798.84248 15.595 0.007
 805.76785 15.547 0.008
 816.71022 15.526 0.007
 817.81646 15.526 0.007
 818.85239 15.522 0.007
 819.84642 15.512 0.007
 822.77461 15.525 0.007
 825.73386 15.519 0.007
 827.64439 15.514 0.007
 828.82895 15.516 0.007
 829.66345 15.492 0.008
 830.79483 15.514 0.007
 831.64007 15.494 0.007
 832.71623 15.489 0.007
 833.54133 15.483 0.007
 834.76341 15.469 0.007
 837.80839 15.445 0.006
 839.59524 15.426 0.007
 841.81724 15.400 0.007
 842.78241 15.389 0.007
 844.65047 15.354 0.007
 850.67151 15.260 0.007
 854.73227 15.170 0.006
 856.73887 15.143 0.006
 858.62017 15.102 0.006
 860.76682 15.063 0.006
 864.70628 15.005 0.006
 875.60193 14.881 0.006
 880.51895 14.824 0.006
 887.60981 14.763 0.006
 892.68317 14.737 0.006
 895.50554 14.710 0.006
 897.50430 14.705 0.006
 918.49914 14.749 0.006
 922.48763 14.777 0.006
 928.50618 14.821 0.006
 931.52862 14.837 0.006
 934.50079 14.879 0.006
 947.53329 15.024 0.007
 950.50320 15.019 0.006
 952.49486 15.036 0.006
1053.92419 16.270 0.011
1068.81499 16.256 0.011
1069.80591 16.285 0.010
1071.80471 16.225 0.012
1077.83127 16.284 0.011
1083.78045 16.262 0.011
1088.84927 16.258 0.010
1092.88182 16.293 0.011
1102.77363 16.260 0.008
1106.83066 16.224 0.008
1112.81216 16.192 0.010
1116.78841 16.167 0.008
1126.68821 16.034 0.008
1128.84099 15.995 0.008
1131.85161 15.953 0.010
1132.78551 15.957 0.008
1136.81886 15.933 0.008
1142.71112 15.841 0.007
1151.80570 15.701 0.007
1154.81358 15.677 0.007
1157.80686 15.644 0.007
1160.84035 15.586 0.007
1163.78180 15.560 0.007
1166.81576 15.531 0.007
1169.79630 15.479 0.007
1171.84475 15.467 0.006
1174.77108 15.412 0.006
1175.85239 15.387 0.007
1179.84639 15.304 0.006
1183.74120 15.259 0.006
1185.85595 15.221 0.006
1187.81150 15.175 0.006
1189.83452 15.153 0.006
1191.83992 15.114 0.006
1194.74728 15.085 0.006
1196.62780 15.052 0.006
1201.76248 14.963 0.006
1204.74811 14.924 0.006
1207.64094 14.873 0.006
1211.72134 14.824 0.006
1214.61446 14.799 0.006
1217.66787 14.779 0.006
1219.72368 14.745 0.006
1223.59200 14.726 0.006
1226.68470 14.711 0.006
1228.65850 14.715 0.006
1231.59995 14.682 0.006
1234.67748 14.659 0.006
1239.69817 14.633 0.006
1241.71479 14.622 0.006
1243.52177 14.631 0.006
1245.60648 14.623 0.006
1247.70590 14.609 0.006
1248.67360 14.614 0.006
1254.52508 14.607 0.006
1259.51748 14.604 0.006
1264.51169 14.602 0.006
1267.53085 14.613 0.006
1273.53703 14.613 0.006
1275.51602 14.626 0.006
1278.54858 14.631 0.006
1288.49336 14.647 0.006
1290.62308 14.664 0.006
1298.53462 14.686 0.006
1301.53990 14.708 0.006
1306.48117 14.730 0.006
1312.47408 14.766 0.006
1316.48943 14.789 0.006
1319.53004 14.806 0.006
1327.46072 14.898 0.008
1330.46705 14.904 0.006
1331.46982 14.928 0.006
1332.46526 14.918 0.006
1333.47084 14.930 0.006
1335.46724 14.939 0.006
1338.49678 14.961 0.007
1342.46653 14.976 0.006
1395.91631 15.539 0.008
1400.90215 15.575 0.008
1412.91248 15.601 0.008
1415.92182 15.587 0.008
1430.87657 15.565 0.007
1432.87379 15.548 0.008
1435.77774 15.534 0.008
1437.77145 15.529 0.007
1440.81793 15.517 0.007
1443.86096 15.496 0.008
1446.89313 15.476 0.008
1448.78418 15.470 0.007
1454.82995 15.437 0.008
1458.81981 15.411 0.007
1459.84725 15.400 0.007
1462.75859 15.378 0.007
1470.79893 15.334 0.007
1475.79861 15.306 0.007
1477.68317 15.292 0.007
1479.72404 15.276 0.007
1484.73970 15.242 0.007
1487.76542 15.224 0.006
1491.69354 15.198 0.007
1493.84546 15.189 0.006
1494.73904 15.182 0.006
1497.79491 15.164 0.006
1499.70271 15.168 0.007
1502.69799 15.147 0.006
1503.84790 15.137 0.006
1505.73843 15.132 0.006
1507.80959 15.120 0.006
1510.78567 15.101 0.006
1512.74471 15.085 0.006
1514.85592 15.079 0.007
1515.71004 15.066 0.006
1517.74171 15.043 0.006
1518.84665 15.031 0.006
1521.70080 14.998 0.006
1523.64786 14.988 0.007
1525.75186 14.944 0.006
1527.74459 14.922 0.006
1528.82371 14.910 0.006
1529.68790 14.907 0.007
1531.80525 14.848 0.006
1538.76148 14.715 0.006
1542.68539 14.626 0.006
1544.72804 14.586 0.006
1547.80038 14.533 0.006
1548.77811 14.505 0.006
1549.79687 14.479 0.006
1552.69596 14.425 0.006
1553.77166 14.419 0.006
1554.78687 14.387 0.006
1555.77388 14.374 0.006
1561.56706 14.307 0.006
1562.77329 14.288 0.006
1564.66216 14.288 0.006
1567.61969 14.266 0.006
1570.58686 14.233 0.006
1573.62715 14.236 0.006
1576.61253 14.218 0.006
1579.67546 14.221 0.006
1581.72712 14.237 0.006
1583.72602 14.207 0.006
1585.66117 14.221 0.006
1588.61134 14.203 0.006
1591.68907 14.208 0.006
1593.59271 14.208 0.006
1595.71341 14.201 0.006
1599.68569 14.207 0.006
1600.69926 14.221 0.006
1604.54992 14.214 0.006
1606.52463 14.213 0.006
1609.62525 14.214 0.006
1610.58811 14.216 0.006
1611.65873 14.228 0.006
1613.56472 14.218 0.006
1615.51102 14.204 0.006
1617.51046 14.216 0.006
1619.53298 14.239 0.006
1621.50553 14.229 0.006
1623.50396 14.239 0.006
1625.50594 14.252 0.006
1627.50609 14.258 0.006
1629.55100 14.265 0.006
1630.55985 14.306 0.006
1632.50638 14.275 0.006
1634.54650 14.300 0.006
1635.61795 14.301 0.006
1643.53795 14.370 0.006
1645.49511 14.365 0.006
1650.55329 14.441 0.006
1653.55073 14.433 0.006
1655.52439 14.452 0.006
1657.51579 14.486 0.006
1660.54098 14.496 0.006
1662.49188 14.508 0.006
1664.50669 14.527 0.006
1667.56042 14.562 0.006
1671.48980 14.606 0.006
1676.49453 14.663 0.006
1690.49849 14.847 0.006
1768.91551 15.682 0.008
1769.84797 15.682 0.008
1771.87820 15.672 0.008
1773.90106 15.700 0.007
1775.92113 15.696 0.008
1789.90266 15.717 0.007
1790.86465 15.725 0.007
1803.89413 15.676 0.008
1809.82020 15.663 0.007
1812.84346 15.632 0.007
1814.85829 15.624 0.007
1818.85117 15.578 0.007
1822.84358 15.544 0.007
1828.86875 15.483 0.007
1829.83998 15.474 0.007
1830.85345 15.461 0.007
1834.89237 15.423 0.010
1846.86990 15.269 0.006
1850.79953 15.224 0.006
1855.84163 15.193 0.006
1859.76765 15.162 0.006
1863.74941 15.150 0.006
1865.80409 15.119 0.006
1867.77303 15.105 0.006
1869.74643 15.092 0.006
1870.77678 15.090 0.006
1871.86094 15.072 0.006
1873.82063 15.061 0.006
2167.89381 15.758 0.007
2193.81645 15.615 0.006
2202.81579 15.593 0.006
2214.86348 15.494 0.007
2215.76899 15.484 0.006
2224.81711 15.332 0.006
2227.72793 15.295 0.006
2229.73370 15.250 0.006
2231.70196 15.225 0.006
2233.67022 15.198 0.006
2237.58963 15.153 0.006
2239.65063 15.134 0.006
2241.74231 15.106 0.006
2243.80731 15.081 0.006
2248.66639 15.033 0.006
2250.75440 15.011 0.006
2252.72763 14.991 0.006
2254.71868 14.976 0.006
2257.72272 14.945 0.006
2265.77702 14.888 0.006
2266.74805 14.883 0.006
2270.79366 14.860 0.006
2272.64320 14.848 0.006
2274.77055 14.832 0.006
2276.82849 14.834 0.006
2278.78534 14.817 0.006
2280.76808 14.816 0.006
2282.76531 14.810 0.006
2289.82775 14.799 0.006
2291.81379 14.790 0.006
2293.78268 14.793 0.006
2295.80656 14.797 0.006
2297.79262 14.795 0.006
2300.81764 14.793 0.006
2302.77888 14.794 0.006
2315.70265 14.821 0.006
2324.56429 14.859 0.006
2328.54993 14.875 0.006
2334.54312 14.915 0.006
2340.53977 14.947 0.006
2347.53707 14.997 0.006
2373.49226 15.226 0.007
2385.55539 15.361 0.007
2534.88796 15.415 0.007
2539.89513 15.389 0.006
2545.86324 15.370 0.006
2553.75513 15.324 0.007
2557.82317 15.307 0.006
2561.82122 15.271 0.006
2565.82358 15.218 0.006
2574.78580 15.087 0.006
2578.84219 15.008 0.006
2584.73799 14.847 0.006
2590.81471 14.663 0.006
2596.82113 14.518 0.006
2606.71766 14.399 0.006
2609.82623 14.377 0.006
2614.79301 14.367 0.006
2619.66906 14.350 0.006
2621.79703 14.352 0.006
2624.69405 14.354 0.006
2629.81236 14.362 0.006
2632.70645 14.369 0.006
2635.80699 14.379 0.006
2638.80015 14.398 0.006
2641.76834 14.402 0.006
2643.77433 14.410 0.006
2645.77028 14.428 0.006
2647.69929 14.436 0.006
2650.78079 14.454 0.006
2653.65314 14.458 0.006
2655.70618 14.471 0.006
2657.64464 14.481 0.006
2659.79844 14.499 0.006
2660.70490 14.510 0.006
2662.71468 14.522 0.006
2664.73011 14.531 0.006
2666.78396 14.545 0.006
2668.77550 14.556 0.006
2675.80256 14.621 0.006
2677.78956 14.640 0.006
2679.80820 14.662 0.006
2682.73022 14.688 0.006
2687.62960 14.747 0.006
2692.57241 14.814 0.006
2697.51878 14.875 0.006
2702.51760 14.937 0.006
2708.54636 15.014 0.006
2724.51619 15.254 0.006
2871.92310 15.972 0.007
2884.86732 15.857 0.008
2890.88933 15.787 0.008
2896.84200 15.720 0.007
2902.77665 15.650 0.006
2911.88518 15.513 0.006
2917.78872 15.381 0.006
2923.78809 15.233 0.006
2926.84399 15.155 0.006
2931.77246 15.037 0.006
2934.81289 14.976 0.006
2940.79327 14.888 0.006
2943.79746 14.841 0.006
2947.80603 14.803 0.006
2950.71998 14.778 0.006
2954.74324 14.748 0.006
2956.78879 14.730 0.006
2958.83338 14.714 0.006
2962.82762 14.687 0.006
2964.84605 14.678 0.006
2967.77657 14.666 0.006
2970.83056 14.654 0.006
2974.76858 14.642 0.006
2976.65806 14.640 0.006
2979.64149 14.628 0.006
2981.66283 14.638 0.006
2983.76964 14.621 0.006
2985.81736 14.623 0.006
2987.71611 14.624 0.006
2989.65877 14.627 0.006
2991.73102 14.627 0.006
2993.73876 14.630 0.006
2995.81398 14.628 0.006
2997.78287 14.626 0.006
2998.73041 14.632 0.006
3000.73292 14.637 0.006
3002.72028 14.644 0.006
3004.72374 14.647 0.006
3006.71666 14.648 0.006
3008.73111 14.653 0.006
3010.77757 14.662 0.006
3011.79389 14.663 0.006
3016.72753 14.670 0.006
3018.75793 14.678 0.006
3020.82169 14.684 0.006
3021.84662 14.677 0.006
3023.70761 14.694 0.006
3025.67925 14.695 0.006
3027.72469 14.703 0.006
3029.70955 14.702 0.006
3031.77988 14.717 0.006
3034.61124 14.726 0.006
3036.64160 14.738 0.006
3039.58352 14.748 0.006
3042.69103 14.766 0.006
3044.63047 14.771 0.006
3046.61643 14.789 0.006
3047.71878 14.791 0.006
3048.64989 14.803 0.006
3049.67343 14.817 0.006
3051.64276 14.823 0.006
3053.61798 14.840 0.006
3055.63502 14.847 0.006
3057.66015 14.872 0.006
3059.60480 14.891 0.006
3061.59709 14.907 0.006
3066.56666 14.953 0.006
3068.59449 14.968 0.006
3070.66486 15.000 0.006
3073.68314 15.032 0.006
3076.60687 15.070 0.006
3079.58591 15.116 0.006
3082.67517 15.145 0.006
3085.57569 15.188 0.006
3088.53594 15.218 0.006
3091.51829 15.250 0.006
3096.56735 15.334 0.006
3099.63501 15.360 0.007
3100.49492 15.374 0.006
3103.51656 15.423 0.006
3106.53783 15.468 0.006
3109.52343 15.506 0.006
3112.57526 15.556 0.007
3116.55695 15.593 0.007
3127.55410 15.733 0.006
3133.51457 15.768 0.007
3223.91288 15.465 0.007
3242.86376 15.165 0.006
3248.91771 15.095 0.006
3258.89848 15.001 0.006
3264.86473 14.954 0.006
3271.81252 14.879 0.006
3274.81650 14.859 0.006
3278.88949 14.838 0.006
3282.78169 14.804 0.006
3287.82063 14.769 0.006
3295.77841 14.683 0.006
3301.83194 14.621 0.006
3305.74093 14.586 0.006
3307.76581 14.563 0.006
3309.80223 14.553 0.006
3311.79584 14.544 0.006
3320.85927 14.490 0.006
3327.81171 14.453 0.006
3330.78777 14.446 0.006
3336.64017 14.404 0.006
3339.81866 14.389 0.006
3350.75618 14.330 0.006
3353.81239 14.331 0.006
3357.75304 14.317 0.006
3360.72979 14.320 0.006
3365.84920 14.317 0.006
3373.81327 14.317 0.006
3378.74006 14.324 0.006
3394.62320 14.380 0.006
3395.79596 14.371 0.006
3399.77693 14.401 0.006
3403.76402 14.418 0.006
3408.68719 14.460 0.006
3413.53345 14.487 0.006
3417.62735 14.523 0.006
3427.56333 14.629 0.006
3434.51518 14.728 0.006
3440.53930 14.814 0.006
3447.50851 14.923 0.006
3456.53407 15.082 0.006
3469.48894 15.292 0.006
3478.48143 15.433 0.006
3601.89190 15.269 0.006
3619.89465 15.191 0.006
3630.77603 15.084 0.006
3636.83348 15.020 0.006
3640.78340 14.961 0.006
3651.81728 14.747 0.006
3654.86348 14.703 0.006
3658.82715 14.639 0.006
3661.87290 14.587 0.006
3665.84610 14.516 0.006
3670.81571 14.461 0.006
3673.82600 14.434 0.006
3676.82616 14.419 0.006
3685.76551 14.372 0.006
3687.85223 14.372 0.006
3690.77418 14.381 0.006
3693.80984 14.378 0.006
3695.84093 14.388 0.006
3698.83056 14.398 0.006
3701.69953 14.414 0.006
3703.78331 14.414 0.006
3705.84751 14.423 0.006
3708.83524 14.437 0.006
3712.79278 14.454 0.006
3715.75846 14.472 0.006
3718.69427 14.485 0.006
3720.84406 14.498 0.006
3724.76166 14.519 0.006
3728.73970 14.552 0.006
3731.80278 14.578 0.006
3733.66553 14.588 0.006
3735.65337 14.621 0.006
3737.81189 14.643 0.006
3740.77524 14.678 0.006
3742.78580 14.698 0.006
3745.81781 14.739 0.006
3747.82054 14.772 0.006
3749.76785 14.793 0.006
3751.78169 14.831 0.006
3753.73108 14.839 0.006
3755.73117 14.860 0.006
3757.72090 14.895 0.006
3759.81120 14.919 0.006
3763.68320 14.970 0.006
3766.69980 15.009 0.006
3770.72735 15.053 0.006
3773.75860 15.082 0.006
3776.73294 15.103 0.006
3779.68371 15.148 0.006
3783.60021 15.198 0.006
3788.57439 15.241 0.006
3793.57995 15.283 0.006
3801.51572 15.338 0.006
3810.55057 15.389 0.006
3826.49142 15.480 0.006
3958.88150 15.467 0.006
3965.85132 15.344 0.006
3970.87144 15.239 0.006
3982.82223 15.028 0.006
3993.77491 14.924 0.006
3999.86642 14.897 0.006
4003.74235 14.855 0.006
4006.76350 14.842 0.006
4008.78441 14.823 0.006
4013.79602 14.788 0.006
4019.79718 14.759 0.006
4024.79025 14.734 0.006
4026.85923 14.737 0.006
4029.80359 14.724 0.006
4032.84018 14.718 0.006
4038.78624 14.712 0.006
4041.74613 14.702 0.006
4043.75117 14.711 0.006
4046.84430 14.698 0.006
4049.71442 14.697 0.006
4052.77577 14.693 0.006
4056.82105 14.690 0.006
4059.71581 14.690 0.006
4064.78346 14.705 0.006
4066.78343 14.698 0.006
4069.73650 14.712 0.006
4071.66445 14.711 0.006
4076.73667 14.725 0.006
4079.77815 14.745 0.006
4082.82607 14.758 0.006
4084.79132 14.762 0.006
4086.81634 14.785 0.006
4103.64098 14.905 0.006
4106.57279 14.952 0.006
4111.79511 15.012 0.006
4117.73573 15.067 0.006
4121.71366 15.102 0.006
4127.66433 15.180 0.006
4132.75326 15.217 0.006
4143.54049 15.337 0.006
4157.53273 15.484 0.007
4168.57350 15.617 0.006
4198.52607 15.962 0.008
4343.85899 14.952 0.006
4348.82789 14.893 0.006
4353.85926 14.849 0.006
4358.81128 14.812 0.006
4364.89765 14.783 0.006
4367.87148 14.772 0.006
4370.89316 14.771 0.006
4373.84918 14.766 0.006
4378.75260 14.763 0.006
4381.74078 14.758 0.006
4386.85866 14.752 0.006
4390.82065 14.758 0.006
4394.86724 14.755 0.006
4399.79496 14.749 0.006
4412.78237 14.733 0.006
4423.73272 14.707 0.006
4427.73480 14.709 0.006
4430.73810 14.705 0.006
4433.75565 14.712 0.006
4437.75361 14.716 0.006
4440.69785 14.718 0.006
4443.79033 14.727 0.006
4444.83318 14.733 0.006
4448.69883 14.747 0.006
4449.74629 14.750 0.006
4449.76126 14.750 0.006
4450.70919 14.753 0.006
4451.64436 14.759 0.006
4451.79687 14.761 0.006
4452.85714 14.774 0.006
4453.63323 14.769 0.006
4454.65681 14.779 0.006
4455.64357 14.784 0.006
4455.76226 14.783 0.006
4456.72431 14.798 0.006
4457.69906 14.791 0.006
4457.79348 14.800 0.006
4458.62146 14.811 0.006
4459.60572 14.813 0.006
4459.76070 14.819 0.006
4461.61908 14.832 0.006
4461.76401 14.836 0.006
4462.63643 14.846 0.006
4462.78618 14.845 0.006
4463.62998 14.855 0.006
4463.75744 14.854 0.006
4464.63233 14.855 0.006
4464.76176 14.858 0.006
4465.63922 14.873 0.006
4465.77419 14.870 0.006
4466.64882 14.879 0.006
4466.74017 14.885 0.006
4467.60771 14.891 0.006
4467.68454 14.888 0.006
4468.64028 14.906 0.006
4468.73844 14.900 0.006
4469.62461 14.914 0.006
4470.62132 14.932 0.006
4470.69399 14.929 0.006
4471.60692 14.943 0.006
4471.76879 14.939 0.006
4472.60315 14.950 0.006
4472.77579 14.961 0.006
4473.73714 14.967 0.006
4476.75810 15.017 0.006
4482.79898 15.102 0.006
4485.78930 15.140 0.006
4490.63654 15.221 0.006
4494.70260 15.278 0.006
4498.72699 15.352 0.006
4501.72433 15.390 0.006
4506.65834 15.486 0.007
4508.68520 15.532 0.006
4509.74931 15.553 0.006
4512.71884 15.569 0.006
4518.65903 15.714 0.008
4521.69958 15.750 0.007
4523.67859 15.805 0.007
4525.64320 15.839 0.007
4531.62691 15.925 0.007
4534.55580 15.973 0.008
4537.67158 16.005 0.008
4539.59085 16.038 0.008
4542.50823 16.043 0.008
4545.60557 16.075 0.008
4547.57363 16.073 0.008
4552.54818 16.069 0.010
4559.59102 16.131 0.008
4568.55919 16.172 0.008
4575.53613 16.186 0.010
4589.49838 16.046 0.010
4616.47025 15.974 0.008
4685.88894 15.657 0.007
4699.85208 15.463 0.006
4708.91143 15.383 0.006
4720.84971 15.318 0.006
4725.79023 15.304 0.006
4728.90139 15.293 0.006
4749.74722 15.328 0.006
4753.81587 15.346 0.006
4757.83015 15.360 0.006
4760.83167 15.369 0.006
4765.86501 15.383 0.006
4769.76107 15.405 0.006
4772.79316 15.438 0.006
4775.81080 15.463 0.006
4777.82430 15.469 0.006
4782.67423 15.518 0.006
4784.77425 15.526 0.006
4789.68309 15.581 0.006
4792.85959 15.625 0.007
4796.73593 15.664 0.006
4798.68324 15.695 0.007
4801.64911 15.750 0.007
4803.69470 15.797 0.007
4805.79507 15.814 0.007
4808.72958 15.843 0.007
4810.78958 15.890 0.007
4813.77041 15.922 0.008
4815.75415 15.977 0.008
4817.75166 16.021 0.007
4819.76071 16.054 0.007
4822.74053 16.131 0.007
4824.75857 16.159 0.007
4826.77144 16.216 0.008
4833.77420 16.304 0.008
4835.78475 16.349 0.008
4837.78387 16.387 0.011
4839.73520 16.414 0.010
4841.79953 16.476 0.010
4843.79933 16.498 0.011
4846.78925 16.543 0.010
4848.81914 16.616 0.011
4852.77561 16.632 0.011
4854.77695 16.726 0.011
4856.78368 16.742 0.011
4861.73873 16.804 0.012
4867.70266 16.870 0.012
4869.67168 16.941 0.014
4871.67930 16.896 0.015
4875.66524 16.942 0.014
4877.69034 16.941 0.012
4879.69705 16.976 0.014
4882.71575 16.988 0.014
4885.67761 16.991 0.012
4889.63566 16.968 0.014
4902.63393 16.932 0.016
4911.65271 16.959 0.012
4915.57188 16.888 0.014
4919.57711 16.907 0.012
4925.59034 16.803 0.011
4929.55754 16.698 0.012
4932.59268 16.698 0.012
4935.57055 16.662 0.011
4939.57740 16.632 0.010
4944.54289 16.542 0.010
4949.53650 16.572 0.010
4954.53514 16.392 0.011
