 455.64367 16.771 0.007
 455.72506 16.786 0.007
 455.77264 16.782 0.007
 456.59272 16.783 0.007
 456.64245 16.779 0.007
 456.71318 16.784 0.007
 456.76063 16.786 0.007
 456.81209 16.789 0.007
 457.56043 16.792 0.007
 457.60436 16.799 0.007
 457.66304 16.793 0.007
 457.72160 16.789 0.007
 457.78025 16.794 0.007
 458.63676 16.804 0.007
 458.69546 16.789 0.008
 459.55403 16.814 0.008
 459.60020 16.813 0.007
 459.65876 16.822 0.007
 459.71821 16.825 0.007
 459.76204 16.793 0.007
 459.80586 16.799 0.007
 461.56493 16.839 0.007
 461.60873 16.838 0.007
 461.66734 16.836 0.007
 461.73353 16.832 0.007
 461.79552 16.819 0.007
 462.56543 16.846 0.007
 462.62407 16.858 0.007
 462.67007 16.860 0.007
 465.66889 16.900 0.008
 465.71657 16.891 0.008
 465.80142 16.887 0.007
 466.65266 16.914 0.008
 466.71918 16.899 0.007
 466.80415 16.901 0.008
 467.65630 16.918 0.007
 467.76091 16.932 0.007
 467.82685 16.923 0.008
 468.66299 16.932 0.009
 468.73318 16.948 0.008
 468.79177 16.932 0.007
 468.82834 16.944 0.007
 469.66386 16.959 0.008
 469.74199 16.960 0.008
 469.80090 16.958 0.008
 470.73865 16.976 0.008
 471.64972 16.967 0.008
 471.78647 16.987 0.009
 472.62427 17.005 0.009
 472.66815 16.999 0.008
 472.71196 16.995 0.009
 472.77787 16.986 0.009
 473.69194 17.013 0.012
 474.70385 17.009 0.009
 474.77029 17.013 0.011
 475.53826 17.011 0.009
 475.59704 17.031 0.009
 475.66319 17.040 0.009
 475.71530 17.047 0.011
 475.76240 17.020 0.012
 476.74801 17.038 0.009
 477.53500 17.070 0.009
 477.58628 17.056 0.008
 477.73374 17.068 0.008
 477.81462 17.069 0.009
 477.85885 17.064 0.009
 478.54113 17.064 0.009
 478.76154 17.091 0.008
 478.82050 17.094 0.008
 479.53997 17.099 0.009
 479.58387 17.102 0.008
 479.76135 17.086 0.009
 479.82150 17.131 0.011
 480.57602 17.102 0.009
 480.65719 17.114 0.008
 480.75074 17.108 0.008
 480.79488 17.109 0.009
 481.56122 17.128 0.009
 481.70961 17.132 0.008
 481.75357 17.120 0.009
 481.79753 17.128 0.009
 482.71043 17.159 0.008
 482.78836 17.145 0.008
 483.57672 17.125 0.009
 483.62114 17.146 0.009
 483.66504 17.147 0.009
 483.70902 17.165 0.008
 483.75292 17.176 0.009
 483.79685 17.138 0.009
 484.57538 17.168 0.011
 484.68406 17.172 0.009
 484.72844 17.192 0.009
 484.77243 17.196 0.009
 485.57904 17.187 0.008
 485.72595 17.195 0.009
 485.77009 17.206 0.009
 486.57553 17.194 0.009
 486.62107 17.210 0.009
 486.71760 17.189 0.009
 486.76280 17.201 0.009
 487.60251 17.219 0.008
 487.65072 17.217 0.008
 487.69854 17.220 0.008
 487.74268 17.205 0.009
 487.78685 17.240 0.009
 488.58799 17.229 0.009
 488.63198 17.249 0.008
 488.70082 17.237 0.011
 488.74483 17.241 0.009
 488.78890 17.258 0.011
 489.56375 17.259 0.009
 489.65273 17.249 0.008
 489.69665 17.242 0.008
 489.74056 17.259 0.009
 489.78459 17.253 0.009
 490.55697 17.270 0.008
 490.69417 17.275 0.009
 490.73828 17.281 0.009
 490.78228 17.286 0.009
 491.58149 17.264 0.009
 491.63330 17.280 0.008
 491.67742 17.263 0.009
 491.79084 17.300 0.011
 492.56568 17.291 0.011
 492.64001 17.288 0.011
 492.68586 17.316 0.011
 493.56870 17.309 0.009
 493.61320 17.326 0.011
 494.56343 17.319 0.011
 494.60733 17.315 0.009
 494.65160 17.311 0.011
 494.69588 17.332 0.009
 494.74089 17.330 0.011
 495.56621 17.329 0.012
 495.63986 17.332 0.011
 495.69335 17.318 0.013
 496.56161 17.386 0.012
 496.60636 17.320 0.012
 496.65044 17.384 0.012
 496.69534 17.344 0.014
 497.73480 17.389 0.013
 498.56069 17.396 0.011
 498.60474 17.412 0.011
 498.71848 17.399 0.011
 498.76241 17.396 0.012
 499.55565 17.428 0.011
 499.60133 17.426 0.011
 499.74163 17.400 0.012
 500.56859 17.414 0.013
 500.59836 17.406 0.013
 500.64323 17.374 0.014
 500.69440 17.415 0.012
 500.73884 17.429 0.014
 501.56254 17.441 0.012
 501.68129 17.421 0.014
 507.55094 17.496 0.011
 507.59617 17.487 0.011
 507.66797 17.509 0.014
 509.54684 17.516 0.012
 509.59391 17.498 0.013
 509.64623 17.530 0.013
 510.58847 17.498 0.012
 510.63405 17.562 0.013
 510.68163 17.515 0.014
 511.67392 17.531 0.014
 512.58056 17.575 0.012
 512.62894 17.479 0.014
 512.70322 17.547 0.012
 512.74875 17.572 0.011
 513.56088 17.557 0.012
 513.60645 17.570 0.012
 513.69812 17.585 0.011
 513.74537 17.566 0.012
 514.56912 17.591 0.012
 514.63818 17.592 0.012
 514.68852 17.583 0.012
 514.73538 17.629 0.012
 515.56327 17.588 0.012
 515.61803 17.606 0.011
 515.66623 17.571 0.012
 516.56956 17.581 0.014
 516.62374 17.575 0.013
 516.67073 17.603 0.013
 516.71727 17.610 0.012
 517.56756 17.596 0.013
 517.61741 17.578 0.014
 517.66739 17.608 0.013
 517.71357 17.601 0.013
 518.60490 17.564 0.013
 518.65016 17.601 0.014
 518.69923 17.617 0.015
 519.56555 17.628 0.011
 519.61217 17.615 0.011
 519.67969 17.573 0.014
 520.70633 17.628 0.014
 521.56182 17.595 0.013
 521.60697 17.497 0.015
 521.66973 17.615 0.014
 523.57093 17.595 0.015
 523.62332 17.638 0.013
 523.67321 17.614 0.013
 524.56320 17.632 0.014
 524.61332 17.624 0.016
 526.55048 17.530 0.019
 526.65248 17.499 0.016
 527.67566 17.653 0.014
 530.56579 17.613 0.016
 531.56317 17.723 0.016
 532.55264 17.675 0.015
 533.56992 17.655 0.015
 534.55909 17.615 0.015
 534.60326 17.669 0.016
 534.65501 17.607 0.019
 535.54372 17.664 0.012
 535.60402 17.594 0.015
 535.67773 17.633 0.015
 536.52279 17.678 0.014
 536.56804 17.647 0.014
 536.61853 17.633 0.015
 537.51744 17.668 0.013
 537.61764 17.689 0.014
 537.66449 17.664 0.014
 538.50544 17.649 0.013
 538.55720 17.665 0.013
 539.51407 17.678 0.013
 539.62519 17.673 0.013
 539.66928 17.656 0.013
 540.54429 17.532 0.016
 540.67532 17.638 0.014
 541.52446 17.646 0.012
 541.58151 17.634 0.012
 542.51354 17.635 0.012
 542.56545 17.632 0.013
 542.61291 17.655 0.013
 542.65705 17.624 0.013
 543.55174 17.604 0.013
 543.59583 17.581 0.013
 543.63291 17.638 0.013
 543.67692 17.600 0.013
 544.50456 17.625 0.013
 544.54887 17.620 0.013
 544.59313 17.611 0.014
 544.63834 17.610 0.013
 551.49429 17.565 0.012
 552.50258 17.512 0.013
 553.51103 17.531 0.015
 553.62177 17.487 0.019
 554.48778 17.496 0.015
 554.57325 17.523 0.019
 555.49410 17.464 0.019
 557.59466 17.416 0.020
 558.54149 17.418 0.022
 559.52525 17.438 0.015
 560.50335 17.383 0.019
 561.50337 17.384 0.015
 562.50488 17.338 0.016
 564.50607 17.314 0.019
 565.51186 17.325 0.014
 566.50588 17.293 0.013
 567.50695 17.260 0.012
 568.49222 17.196 0.015
 569.50204 17.220 0.013
 571.48784 17.184 0.013
 572.51669 17.143 0.013
 573.52054 17.140 0.014
 574.47895 17.126 0.012
 575.47759 17.084 0.013
 577.48655 17.047 0.013
 578.49957 17.062 0.011
 582.48226 16.924 0.014
 583.48501 16.951 0.011
 672.87037 16.246 0.006
 689.90085 16.441 0.007
 699.90425 16.598 0.008
 701.82117 16.618 0.009
 704.86365 16.649 0.008
 706.84512 16.711 0.011
 714.81253 16.866 0.009
 716.77711 16.896 0.009
 720.83348 16.930 0.011
 728.77234 17.090 0.011
 729.77233 17.062 0.011
 730.72790 17.104 0.012
 733.81886 17.091 0.014
 741.82214 17.232 0.013
 745.77695 17.254 0.014
 747.82538 17.266 0.012
 753.77332 17.329 0.013
 759.81379 17.343 0.013
 766.78795 17.367 0.015
 772.80705 17.424 0.013
 775.78876 17.421 0.012
 779.80740 17.416 0.013
 781.82429 17.406 0.013
 787.78384 17.387 0.013
 789.76782 17.388 0.014
 790.77834 17.394 0.013
 795.73594 17.350 0.012
 796.80780 17.342 0.014
 797.73561 17.331 0.013
 798.70758 17.307 0.012
 805.79250 17.138 0.013
 816.76352 16.776 0.008
 817.68274 16.758 0.008
 819.78242 16.702 0.009
 822.79660 16.638 0.007
 824.82590 16.590 0.007
 826.64939 16.558 0.008
 829.72000 16.508 0.008
 832.67619 16.482 0.007
 836.77500 16.457 0.008
 840.65439 16.454 0.008
 843.65488 16.456 0.007
 850.62844 16.480 0.007
 854.65920 16.473 0.009
 855.63319 16.483 0.008
 856.59947 16.457 0.008
 858.57207 16.464 0.008
 864.67523 16.442 0.009
 866.63416 16.449 0.012
 875.54739 16.306 0.006
 879.63391 16.249 0.007
 880.53300 16.257 0.007
 887.54628 16.210 0.007
 892.62982 16.182 0.007
 895.52072 16.178 0.007
 898.52752 16.162 0.006
 918.51460 16.219 0.008
 922.59492 16.268 0.008
 928.52082 16.346 0.008
 931.54278 16.387 0.008
 933.55255 16.422 0.007
 947.49220 16.622 0.011
 951.54216 16.682 0.008
1045.87423 17.330 0.015
1051.86079 17.265 0.014
1052.89601 17.278 0.014
1053.87615 17.266 0.012
1054.89188 17.279 0.012
1055.86439 17.241 0.014
1059.87714 17.190 0.015
1061.88687 17.182 0.015
1068.87125 17.086 0.011
1069.88194 17.065 0.011
1071.89898 17.011 0.012
1081.85940 16.831 0.008
1087.80646 16.695 0.008
1091.80894 16.623 0.011
1095.79067 16.563 0.009
1102.79138 16.466 0.006
1106.84643 16.447 0.007
1107.77419 16.450 0.007
1113.78698 16.409 0.007
1119.79172 16.398 0.007
1126.81361 16.386 0.007
1131.68555 16.397 0.008
1132.73754 16.406 0.007
1136.77081 16.413 0.007
1138.79498 16.430 0.007
1142.66199 16.459 0.007
1144.73094 16.478 0.007
1151.75677 16.497 0.007
1155.75603 16.499 0.007
1158.75360 16.520 0.007
1161.73154 16.571 0.007
1165.75222 16.601 0.007
1169.74715 16.639 0.008
1174.72096 16.684 0.008
1179.73778 16.733 0.009
1181.80984 16.764 0.009
1186.76428 16.811 0.008
1187.82554 16.850 0.008
1188.75354 16.829 0.008
1196.70425 16.921 0.011
1201.71316 16.995 0.012
1203.73155 17.037 0.011
1207.58993 17.059 0.014
1211.62767 17.135 0.012
1214.62854 17.170 0.012
1217.60342 17.241 0.011
1220.60825 17.257 0.012
1223.63446 17.288 0.013
1225.57542 17.345 0.013
1227.65596 17.352 0.012
1231.55182 17.381 0.014
1234.60006 17.430 0.015
1236.60755 17.420 0.015
1240.55801 17.460 0.015
1242.66174 17.482 0.016
1244.60918 17.511 0.015
1247.54189 17.546 0.017
1252.65779 17.541 0.017
1256.52667 17.609 0.020
1260.55075 17.585 0.017
1265.52709 17.635 0.017
1273.57298 17.558 0.020
1277.50926 17.546 0.017
1288.50755 17.403 0.017
1290.57492 17.367 0.016
1296.51230 17.308 0.015
1298.55022 17.247 0.014
1301.49192 17.219 0.014
1305.53773 17.119 0.013
1308.46725 17.091 0.013
1313.51372 17.021 0.014
1316.50562 17.020 0.007
1319.48182 16.958 0.012
1329.52147 16.840 0.013
1332.49669 16.828 0.013
1339.48022 16.790 0.013
1412.84015 16.716 0.011
1418.83737 16.797 0.011
1430.89186 16.952 0.009
1432.82570 16.968 0.011
1435.80172 16.987 0.013
1437.78563 17.051 0.012
1440.83331 17.065 0.012
1446.84536 17.143 0.016
1447.87091 17.149 0.014
1451.76602 17.191 0.013
1455.83397 17.257 0.021
1458.85698 17.280 0.014
1459.77263 17.281 0.013
1462.77688 17.288 0.019
1470.83729 17.418 0.013
1475.74988 17.452 0.014
1478.70529 17.435 0.021
1478.84013 17.506 0.015
1481.67895 17.484 0.017
1487.70833 17.552 0.015
1490.70515 17.569 0.017
1492.69826 17.558 0.019
1495.69678 17.567 0.015
1497.82297 17.554 0.019
1499.65460 17.563 0.019
1502.64977 17.549 0.019
1505.69039 17.569 0.017
1507.82388 17.576 0.017
1510.79988 17.547 0.014
1512.69659 17.539 0.017
1514.80770 17.518 0.015
1517.64316 17.482 0.016
1519.71683 17.465 0.014
1521.65256 17.427 0.014
1523.77331 17.438 0.016
1525.76767 17.380 0.013
1527.69660 17.360 0.013
1528.74297 17.383 0.012
1529.76410 17.361 0.013
1531.75719 17.347 0.014
1538.71377 17.220 0.013
1541.66987 17.200 0.011
1542.69975 17.191 0.013
1544.62571 17.169 0.011
1547.75265 17.085 0.009
1548.73025 17.083 0.011
1549.72451 17.072 0.009
1552.58927 17.002 0.011
1554.71573 16.959 0.009
1555.72248 16.965 0.011
1562.72540 16.881 0.012
1564.60399 16.856 0.012
1567.69661 16.816 0.011
1570.60194 16.790 0.011
1574.77440 16.739 0.008
1577.72612 16.696 0.008
1580.76017 16.684 0.009
1583.64551 16.659 0.009
1585.73213 16.652 0.008
1588.73982 16.598 0.011
1591.71271 16.590 0.012
1593.57405 16.549 0.009
1595.72785 16.537 0.009
1596.70781 16.540 0.011
1599.62964 16.486 0.007
1601.70572 16.454 0.009
1604.58721 16.443 0.008
1606.62216 16.387 0.008
1609.66349 16.361 0.007
1610.64858 16.363 0.008
1613.53962 16.339 0.008
1615.57158 16.329 0.007
1617.64291 16.314 0.007
1619.62660 16.320 0.008
1620.57776 16.314 0.008
1622.52792 16.313 0.008
1624.52447 16.315 0.008
1626.52532 16.321 0.008
1627.64644 16.341 0.008
1629.52542 16.354 0.007
1630.60687 16.333 0.007
1632.54341 16.356 0.008
1634.52111 16.375 0.007
1643.51308 16.444 0.008
1650.52848 16.506 0.011
1654.55047 16.565 0.008
1656.53667 16.570 0.009
1659.54410 16.609 0.009
1661.56809 16.667 0.009
1664.52976 16.698 0.009
1667.53495 16.751 0.011
1670.55672 16.802 0.012
1672.54569 16.833 0.012
1681.49709 17.002 0.020
1769.88855 17.752 0.021
1771.91538 17.769 0.028
1772.89522 17.792 0.019
1775.89632 17.752 0.019
1784.88090 17.623 0.019
1789.86960 17.519 0.012
1804.81922 17.239 0.013
1808.89978 17.150 0.015
1812.81431 17.115 0.011
1816.82565 17.078 0.011
1821.81622 17.039 0.011
1823.85836 17.018 0.009
1826.84145 16.976 0.011
1829.81516 16.949 0.012
1830.82850 16.975 0.012
1834.86744 16.944 0.011
1859.80458 16.850 0.009
1861.82178 16.858 0.011
1864.79923 16.835 0.009
1865.77937 16.822 0.009
1868.81878 16.804 0.008
1870.75208 16.789 0.008
1871.83604 16.739 0.011
1873.79561 16.745 0.008
2167.86807 17.017 0.014
2186.84186 17.159 0.021
2190.82726 17.173 0.014
2192.87023 17.199 0.015
2193.79178 17.194 0.013
2202.79126 17.227 0.016
2214.83893 17.263 0.020
2221.78093 17.321 0.020
2224.79337 17.334 0.016
2227.70424 17.340 0.017
2229.70971 17.314 0.019
2231.67808 17.323 0.017
2233.64640 17.363 0.016
2236.65875 17.353 0.019
2239.62679 17.332 0.021
2241.71371 17.326 0.019
2243.76742 17.320 0.016
2247.84931 17.307 0.015
2248.85196 17.299 0.014
2250.78200 17.293 0.015
2252.69899 17.240 0.015
2254.69027 17.211 0.013
2257.69848 17.169 0.013
2260.70395 17.122 0.012
2266.69531 16.985 0.014
2270.76248 16.916 0.012
2271.84323 16.883 0.009
2272.74868 16.895 0.013
2274.74022 16.838 0.012
2276.80160 16.821 0.013
2278.66585 16.773 0.012
2280.74419 16.754 0.011
2282.74010 16.753 0.011
2289.80358 16.649 0.009
2292.82001 16.611 0.012
2296.80881 16.580 0.014
2298.80244 16.554 0.011
2300.78007 16.523 0.012
2302.75319 16.515 0.011
2315.67893 16.380 0.008
2324.53678 16.349 0.011
2328.52368 16.332 0.011
2334.51697 16.358 0.008
2364.50646 16.574 0.014
2385.52393 16.849 0.015
2529.86808 17.031 0.014
2539.86806 16.737 0.013
2545.83527 16.578 0.011
2552.89377 16.466 0.011
2556.88243 16.418 0.009
2560.79169 16.416 0.009
2561.79321 16.412 0.011
2565.79967 16.393 0.011
2574.74973 16.441 0.009
2578.81808 16.470 0.011
2586.74015 16.555 0.011
2590.78842 16.571 0.011
2596.79513 16.631 0.012
2605.83493 16.709 0.012
2609.79999 16.763 0.014
2614.77734 16.812 0.013
2618.80793 16.859 0.014
2621.73308 16.889 0.012
2624.65264 16.940 0.013
2627.76172 16.988 0.016
2629.78266 17.015 0.014
2632.68247 17.086 0.013
2635.78309 17.156 0.014
2638.70089 17.203 0.015
2640.79758 17.244 0.019
2642.75583 17.294 0.021
2644.75481 17.338 0.016
2646.71449 17.396 0.017
2650.76579 17.447 0.020
2652.86017 17.536 0.019
2654.78918 17.551 0.021
2656.69466 17.577 0.023
2658.65709 17.621 0.021
2660.67627 17.662 0.025
2662.69085 17.699 0.023
2664.66583 17.736 0.025
2666.73138 17.723 0.019
2668.72228 17.804 0.023
2672.81599 17.866 0.026
2674.72185 17.862 0.025
2676.71102 17.830 0.023
2678.78338 17.941 0.023
2680.67012 17.925 0.025
2682.71544 17.925 0.034
2687.60386 17.980 0.033
2692.60254 17.916 0.026
2696.59376 17.967 0.029
2701.58545 17.954 0.033
2708.51512 17.919 0.038
2715.51075 17.885 0.038
2870.92906 17.075 0.016
2890.86355 17.348 0.022
2895.89942 17.432 0.017
2900.86365 17.529 0.019
2911.84905 17.634 0.017
2917.76302 17.668 0.021
2922.88518 17.706 0.028
2926.81812 17.703 0.022
2931.74637 17.678 0.020
2934.78715 17.677 0.020
2940.76767 17.628 0.019
2943.77186 17.604 0.020
2947.78050 17.585 0.017
2949.87036 17.548 0.023
2950.69431 17.542 0.020
2954.71764 17.494 0.022
2956.76299 17.492 0.019
2958.80465 17.453 0.020
2962.80179 17.397 0.015
2965.82480 17.393 0.016
2968.69250 17.368 0.017
2973.76601 17.306 0.016
2976.63244 17.259 0.016
2978.83351 17.227 0.015
2980.74848 17.181 0.015
2982.75655 17.157 0.014
2984.78814 17.104 0.014
2987.66953 17.018 0.014
2989.62763 16.966 0.012
2991.69160 16.931 0.012
2993.71192 16.876 0.014
2995.78677 16.836 0.012
2997.75738 16.794 0.012
2999.65707 16.773 0.009
3000.70597 16.725 0.012
3002.69426 16.690 0.011
3004.69512 16.630 0.009
3006.63861 16.606 0.011
3008.79352 16.573 0.011
3010.71309 16.539 0.012
3011.76805 16.533 0.012
3015.78562 16.462 0.013
3017.77331 16.416 0.009
3019.72702 16.418 0.011
3021.82000 16.382 0.009
3023.68208 16.364 0.008
3025.65351 16.349 0.008
3027.69908 16.343 0.008
3029.68399 16.338 0.008
3031.75406 16.335 0.009
3033.81765 16.333 0.008
3036.61613 16.322 0.008
3039.55801 16.331 0.009
3041.66605 16.352 0.012
3043.67676 16.363 0.011
3045.73963 16.290 0.009
3047.69328 16.327 0.009
3048.62449 16.349 0.008
3050.64151 16.347 0.008
3052.64290 16.359 0.008
3054.64738 16.355 0.009
3056.63554 16.358 0.008
3058.62948 16.373 0.009
3060.67910 16.374 0.009
3066.52541 16.402 0.012
3068.56496 16.410 0.011
3070.63721 16.433 0.012
3073.65705 16.461 0.011
3076.58090 16.509 0.012
3078.66769 16.524 0.011
3082.64469 16.581 0.009
3085.54713 16.635 0.011
3088.51013 16.680 0.012
3090.65184 16.695 0.011
3093.53444 16.757 0.014
3098.64375 16.839 0.013
3102.61446 16.921 0.014
3105.62019 16.981 0.013
3108.59815 17.046 0.013
3111.54653 17.094 0.017
3129.48884 17.401 0.022
3134.50970 17.460 0.020
3216.90355 17.288 0.020
3242.83830 16.612 0.011
3248.89105 16.550 0.011
3258.86763 16.528 0.008
3264.83869 16.502 0.008
3270.90539 16.529 0.011
3274.79075 16.543 0.011
3278.84570 16.590 0.011
3282.82188 16.586 0.009
3287.79529 16.602 0.008
3295.75289 16.642 0.008
3301.80648 16.650 0.011
3304.87092 16.674 0.011
3307.74035 16.715 0.013
3309.77250 16.696 0.011
3311.77045 16.719 0.009
3320.81808 16.807 0.011
3327.78599 16.838 0.012
3330.74435 16.872 0.013
3334.84384 16.881 0.014
3339.79167 16.960 0.013
3350.72801 17.085 0.009
3353.83797 17.076 0.013
3357.62826 17.122 0.013
3360.66709 17.149 0.013
3363.77535 17.197 0.014
3369.85265 17.244 0.016
3375.78900 17.323 0.015
3378.71453 17.352 0.015
3394.59764 17.433 0.019
3396.64849 17.399 0.016
3399.75111 17.424 0.020
3403.73847 17.441 0.016
3408.62292 17.443 0.016
3413.57790 17.432 0.016
3417.59499 17.384 0.016
3425.60314 17.246 0.019
3431.59113 17.171 0.013
3437.56667 17.073 0.013
3446.53576 16.998 0.013
3456.49730 16.835 0.014
3474.48389 16.539 0.012
3603.92609 17.217 0.014
3619.86910 17.468 0.016
3633.84559 17.700 0.022
3639.81205 17.730 0.017
3644.84810 17.734 0.017
3651.79055 17.814 0.020
3654.83832 17.759 0.019
3658.80191 17.744 0.021
3660.82671 17.763 0.025
3665.82070 17.748 0.025
3670.79042 17.632 0.020
3673.80054 17.623 0.017
3676.80058 17.566 0.016
3684.85458 17.430 0.015
3687.82694 17.302 0.013
3690.74688 17.230 0.015
3693.78439 17.167 0.014
3695.81571 17.123 0.012
3698.80528 17.078 0.013
3700.82391 17.067 0.015
3703.75798 16.984 0.011
3705.82218 16.982 0.011
3708.80998 16.936 0.013
3712.76750 16.904 0.011
3714.83827 16.872 0.011
3717.73067 16.832 0.012
3720.81876 16.755 0.012
3724.73639 16.687 0.009
3727.81098 16.611 0.009
3728.77373 16.607 0.009
3731.77727 16.525 0.008
3732.76036 16.515 0.008
3735.61678 16.462 0.007
3737.78665 16.430 0.007
3740.74857 16.394 0.008
3742.75588 16.379 0.009
3745.79184 16.340 0.008
3747.79444 16.330 0.011
3748.76165 16.352 0.009
3750.77183 16.327 0.008
3752.78189 16.303 0.008
3754.79968 16.320 0.008
3757.58065 16.331 0.008
3759.78574 16.330 0.008
3763.65767 16.314 0.007
3766.61407 16.324 0.007
3770.70060 16.342 0.008
3773.73335 16.371 0.008
3776.70506 16.381 0.009
3779.65834 16.399 0.011
3783.57501 16.439 0.008
3788.54773 16.483 0.008
3792.58520 16.503 0.009
3800.56708 16.614 0.009
3810.52513 16.751 0.012
3824.49532 16.940 0.014
3950.91893 16.559 0.009
3964.91767 16.315 0.007
3970.84256 16.286 0.008
3981.91111 16.303 0.008
3990.89983 16.351 0.008
3998.90362 16.369 0.008
4003.71731 16.383 0.007
4005.89303 16.371 0.007
4006.73859 16.382 0.007
4008.75938 16.366 0.007
4013.75992 16.377 0.008
4018.89250 16.390 0.009
4024.75646 16.413 0.007
4026.83410 16.414 0.008
4029.77869 16.453 0.008
4032.80953 16.455 0.011
4038.76126 16.529 0.008
4041.72123 16.558 0.008
4043.72617 16.576 0.009
4046.81955 16.607 0.009
4049.68871 16.663 0.009
4052.75003 16.688 0.008
4056.79600 16.738 0.009
4058.84316 16.762 0.009
4063.72598 16.872 0.011
4065.84912 16.885 0.012
4067.69102 16.934 0.011
4070.71325 16.970 0.011
4074.78199 17.016 0.013
4077.83076 17.073 0.012
4080.70734 17.084 0.013
4084.63566 17.161 0.013
4086.79139 17.198 0.014
4093.83277 17.274 0.013
4105.85098 17.380 0.016
4111.77011 17.366 0.013
4117.71051 17.427 0.016
4121.68847 17.427 0.020
4124.77073 17.412 0.013
4132.72664 17.430 0.021
4142.74838 17.342 0.026
4156.58349 17.260 0.016
4168.54399 17.017 0.013
4198.49812 16.604 0.012
4343.83412 17.519 0.020
4347.90118 17.594 0.020
4353.83435 17.651 0.019
4358.78576 17.614 0.027
4363.82827 17.672 0.027
4367.78807 17.668 0.023
4370.82483 17.673 0.025
4373.82426 17.699 0.020
4377.84327 17.688 0.023
4380.88794 17.711 0.021
4386.83380 17.606 0.022
4390.79580 17.608 0.020
4394.81339 17.579 0.017
4399.76996 17.514 0.022
4407.73288 17.411 0.017
4412.75651 17.274 0.017
4418.84202 17.106 0.013
4422.73413 16.990 0.013
4427.70978 16.868 0.013
4430.71310 16.789 0.014
4433.73072 16.735 0.012
4436.81208 16.704 0.012
4440.67297 16.651 0.011
4443.76542 16.600 0.012
4449.72804 16.577 0.009
4451.76762 16.562 0.011
4452.74693 16.544 0.011
4455.73711 16.518 0.011
4457.76732 16.498 0.012
4459.73199 16.491 0.011
4462.70980 16.480 0.011
4464.78014 16.474 0.011
4467.75588 16.457 0.009
4471.81380 16.448 0.009
4472.64319 16.436 0.008
4476.69674 16.430 0.008
4480.80021 16.415 0.009
4483.78849 16.413 0.009
4486.81477 16.396 0.012
4492.67256 16.400 0.009
4497.73425 16.402 0.009
4500.57591 16.429 0.008
4502.71711 16.421 0.011
4507.72000 16.455 0.011
4509.67169 16.472 0.011
4521.66832 16.640 0.012
4523.65334 16.696 0.012
4525.61801 16.712 0.012
4531.59400 16.823 0.012
4533.59637 16.865 0.012
4537.64645 16.932 0.013
4539.56558 17.003 0.015
4541.64776 17.004 0.014
4545.57517 17.080 0.015
4547.62488 17.133 0.020
4559.56558 17.272 0.017
4565.50640 17.313 0.020
4571.55519 17.378 0.026
4580.49229 17.405 0.025
4600.51729 17.579 0.026
4609.47038 17.524 0.029
4684.93656 16.437 0.011
4697.91534 16.320 0.011
4708.88639 16.285 0.008
4720.82477 16.318 0.008
4725.76459 16.326 0.009
4728.87230 16.358 0.009
4734.83355 16.395 0.008
4748.85669 16.527 0.008
4753.85703 16.587 0.011
4757.80518 16.641 0.011
4760.80677 16.655 0.009
4763.86575 16.706 0.013
4769.73600 16.778 0.013
4772.76813 16.822 0.011
4775.78558 16.876 0.015
4777.79874 16.885 0.012
4781.85692 16.928 0.013
4784.74933 16.972 0.015
4788.84624 16.984 0.012
4792.74214 17.021 0.013
4794.84520 17.069 0.014
4797.84736 17.074 0.014
4799.74108 17.134 0.016
4801.67398 17.161 0.014
4803.66966 17.167 0.016
4805.76791 17.204 0.014
4808.66831 17.241 0.015
4810.76024 17.262 0.016
4813.74529 17.305 0.020
4815.72912 17.361 0.017
4817.72671 17.354 0.015
4819.73565 17.358 0.014
4822.71554 17.367 0.015
4824.71268 17.404 0.016
4825.68229 17.400 0.015
4826.74655 17.378 0.017
4833.74899 17.455 0.014
4835.75940 17.463 0.019
4838.76409 17.472 0.016
4840.74705 17.496 0.017
4842.73512 17.488 0.021
4844.73140 17.468 0.019
4846.76344 17.462 0.019
4848.78728 17.471 0.017
4853.80909 17.474 0.017
4861.70002 17.378 0.019
4865.63071 17.351 0.015
4866.61322 17.313 0.016
4867.60601 17.288 0.014
4867.72515 17.292 0.014
4868.62612 17.278 0.016
4868.75597 17.269 0.015
4870.72858 17.216 0.017
4873.74662 17.144 0.016
4875.71825 17.080 0.013
4877.66537 17.016 0.013
4879.72181 16.960 0.013
4884.55848 16.835 0.014
4884.66602 16.836 0.012
4885.53082 16.806 0.012
4885.62254 16.814 0.012
4885.63706 16.813 0.012
4885.66305 16.805 0.012
4886.52973 16.792 0.011
4886.62766 16.772 0.011
4886.67233 16.770 0.011
4886.70392 16.785 0.012
4887.52928 16.761 0.011
4887.59636 16.750 0.009
4888.52637 16.734 0.012
4888.59828 16.724 0.009
4888.64223 16.741 0.011
4889.59597 16.705 0.011
4889.61070 16.705 0.012
4889.66157 16.709 0.012
4890.52422 16.679 0.011
4890.63247 16.700 0.011
4890.67302 16.683 0.011
4891.54080 16.676 0.011
4891.60178 16.642 0.011
4891.66192 16.664 0.009
4892.52870 16.627 0.011
4892.60088 16.631 0.011
4892.66945 16.625 0.011
4893.54313 16.608 0.011
4893.60757 16.614 0.012
4893.64769 16.584 0.012
4894.56166 16.599 0.011
4894.62668 16.588 0.011
4894.65818 16.588 0.011
4895.52702 16.566 0.011
4895.61020 16.560 0.009
4895.67193 16.554 0.011
4896.51547 16.557 0.009
4896.58294 16.557 0.009
4896.60693 16.555 0.011
4897.51727 16.529 0.009
4897.57403 16.540 0.009
4897.62250 16.525 0.009
4898.53915 16.503 0.011
4898.59126 16.498 0.011
4899.51799 16.488 0.009
4899.61418 16.476 0.011
4900.51674 16.468 0.011
4900.55789 16.462 0.011
4900.60203 16.453 0.011
4900.64540 16.469 0.012
4901.51937 16.487 0.012
4902.56237 16.424 0.011
4903.51466 16.424 0.011
4904.52322 16.405 0.011
4904.57893 16.401 0.011
4905.51668 16.372 0.009
4907.56987 16.345 0.009
4907.60269 16.339 0.009
4908.50662 16.360 0.009
4911.57488 16.300 0.009
4913.51010 16.317 0.009
4914.55934 16.275 0.009
4916.51718 16.243 0.008
4917.50223 16.262 0.008
4917.58256 16.242 0.007
4918.50211 16.225 0.008
4919.50156 16.235 0.008
4921.49984 16.209 0.008
4921.55434 16.212 0.008
4924.49837 16.212 0.008
4925.49701 16.189 0.008
4927.51214 16.186 0.009
4927.54944 16.183 0.009
4928.52421 16.167 0.008
4929.49243 16.165 0.009
4930.49945 16.167 0.009
4931.51962 16.152 0.008
4932.53005 16.137 0.009
4933.48715 16.112 0.008
4934.49636 16.122 0.008
4935.48616 16.123 0.008
4936.49244 16.098 0.007
4936.55666 16.104 0.008
4937.49124 16.097 0.007
4938.48752 16.095 0.008
4939.49334 16.073 0.008
4940.50453 16.066 0.007
4940.57153 16.077 0.007
4941.50057 16.084 0.009
4942.50417 16.083 0.008
4943.48500 16.082 0.008
4944.50545 16.085 0.007
4945.50112 16.079 0.007
4945.53828 16.071 0.007
4946.50709 16.086 0.008
4947.49014 16.080 0.008
4948.48589 16.086 0.008
4949.48440 16.086 0.007
4950.47873 16.099 0.009
4951.47715 16.101 0.009
4953.50620 16.066 0.008
4955.47210 16.099 0.008
4955.51356 16.075 0.007
