 455.68442 14.130 0.006
 456.69045 14.146 0.006
 456.79999 14.132 0.006
 457.59223 14.135 0.006
 457.63614 14.134 0.006
 457.69479 14.134 0.006
 457.75338 14.128 0.006
 457.81203 14.131 0.006
 457.84150 14.129 0.006
 458.66859 14.137 0.006
 458.73769 14.135 0.006
 459.58583 14.135 0.006
 459.63196 14.130 0.006
 459.69054 14.129 0.006
 459.74997 14.134 0.006
 459.79384 14.133 0.006
 459.83764 14.133 0.006
 461.59671 14.128 0.006
 461.64050 14.132 0.006
 461.69916 14.127 0.006
 461.76869 14.133 0.006
 461.82734 14.134 0.006
 462.59727 14.128 0.006
 462.65588 14.128 0.006
 462.70185 14.126 0.006
 465.70393 14.135 0.006
 465.74839 14.130 0.006
 465.83315 14.126 0.006
 466.68441 14.139 0.006
 466.75096 14.137 0.006
 466.83596 14.134 0.006
 467.68807 14.139 0.006
 467.79267 14.135 0.006
 467.85863 14.138 0.006
 468.69898 14.133 0.006
 468.76490 14.137 0.006
 468.82352 14.134 0.006
 468.86013 14.133 0.006
 469.69566 14.135 0.006
 469.77378 14.138 0.006
 469.84276 14.138 0.006
 470.77436 14.150 0.006
 471.68150 14.143 0.006
 471.81825 14.142 0.006
 472.65614 14.138 0.006
 472.69991 14.142 0.006
 472.74373 14.140 0.006
 472.80963 14.147 0.006
 472.83913 14.138 0.006
 473.72367 14.148 0.006
 474.73569 14.151 0.006
 475.57001 14.151 0.006
 475.62877 14.149 0.006
 475.69487 14.157 0.006
 475.74703 14.155 0.006
 476.78104 14.161 0.006
 477.56675 14.153 0.006
 477.61807 14.156 0.006
 477.76551 14.163 0.006
 477.84635 14.159 0.006
 478.57291 14.152 0.006
 478.79329 14.157 0.006
 478.85225 14.151 0.006
 479.57172 14.166 0.006
 479.61557 14.175 0.006
 479.73479 14.164 0.006
 479.85320 14.168 0.006
 480.60777 14.171 0.006
 480.68894 14.172 0.006
 480.78254 14.169 0.006
 480.82663 14.167 0.006
 481.59295 14.174 0.006
 481.74134 14.173 0.006
 481.78535 14.176 0.006
 481.82925 14.171 0.006
 482.74220 14.171 0.006
 482.82009 14.177 0.006
 483.60846 14.180 0.006
 483.65290 14.183 0.006
 483.69682 14.180 0.006
 483.74074 14.182 0.006
 483.78468 14.175 0.006
 483.82860 14.191 0.006
 484.60719 14.177 0.006
 484.71584 14.179 0.006
 484.76018 14.178 0.006
 484.80419 14.173 0.006
 485.61077 14.187 0.006
 485.75771 14.186 0.006
 485.80184 14.184 0.006
 486.60729 14.190 0.006
 486.69364 14.193 0.006
 486.74938 14.182 0.006
 486.79454 14.185 0.006
 487.63433 14.188 0.006
 487.68251 14.193 0.006
 487.73037 14.190 0.006
 487.77445 14.196 0.006
 487.81861 14.196 0.006
 488.61978 14.194 0.006
 488.66370 14.185 0.006
 488.73254 14.193 0.006
 488.77656 14.195 0.006
 488.82061 14.196 0.006
 489.59547 14.200 0.006
 489.68448 14.200 0.006
 489.72842 14.195 0.006
 489.77232 14.195 0.006
 490.58873 14.197 0.006
 490.72591 14.199 0.006
 490.76999 14.203 0.006
 490.81400 14.199 0.006
 491.61327 14.204 0.006
 491.66505 14.203 0.006
 491.70922 14.206 0.006
 491.82259 14.204 0.006
 492.59740 14.204 0.006
 492.67172 14.211 0.006
 493.60045 14.212 0.006
 493.64492 14.207 0.006
 494.59518 14.219 0.006
 494.63911 14.212 0.006
 494.68329 14.214 0.006
 494.72765 14.214 0.006
 494.77259 14.237 0.006
 495.59797 14.222 0.006
 495.67160 14.219 0.006
 495.72507 14.228 0.006
 496.59330 14.220 0.006
 496.63809 14.224 0.006
 496.68218 14.214 0.006
 496.72711 14.229 0.006
 497.69614 14.231 0.006
 498.59240 14.229 0.006
 498.63645 14.224 0.006
 498.75019 14.223 0.006
 498.79414 14.226 0.006
 499.58738 14.237 0.006
 499.63306 14.229 0.006
 499.77337 14.230 0.006
 500.54205 14.243 0.006
 500.58604 14.236 0.006
 500.63006 14.242 0.006
 500.67500 14.238 0.006
 500.72610 14.239 0.006
 500.77058 14.237 0.006
 501.59426 14.243 0.006
 501.71301 14.250 0.006
 507.58271 14.272 0.006
 507.62787 14.285 0.006
 507.69968 14.280 0.006
 509.57853 14.287 0.006
 509.62566 14.285 0.006
 509.67798 14.298 0.006
 510.62016 14.286 0.006
 510.66573 14.288 0.006
 510.71331 14.290 0.006
 511.70561 14.298 0.006
 512.61236 14.292 0.006
 512.66060 14.294 0.006
 512.73494 14.291 0.006
 513.59260 14.310 0.006
 513.63817 14.298 0.006
 513.72987 14.299 0.006
 514.60083 14.309 0.006
 514.66991 14.308 0.006
 514.72026 14.308 0.006
 514.76712 14.304 0.006
 515.59496 14.313 0.006
 515.64974 14.313 0.006
 515.69797 14.313 0.006
 516.60127 14.323 0.006
 516.65547 14.321 0.006
 516.70245 14.318 0.006
 516.74897 14.316 0.006
 517.59927 14.330 0.006
 517.64909 14.327 0.006
 517.69909 14.328 0.006
 517.74525 14.333 0.006
 518.63663 14.331 0.006
 518.68187 14.333 0.006
 518.73095 14.338 0.006
 519.59722 14.337 0.006
 519.64389 14.343 0.006
 519.72629 14.340 0.006
 520.73804 14.346 0.006
 521.59356 14.360 0.006
 521.63866 14.356 0.006
 521.70146 14.362 0.006
 523.60284 14.366 0.006
 523.65579 14.361 0.006
 523.70568 14.368 0.006
 524.59531 14.368 0.006
 524.64523 14.389 0.006
 526.58220 14.386 0.006
 527.70735 14.388 0.006
 530.59752 14.400 0.006
 531.59493 14.409 0.006
 532.58440 14.420 0.006
 533.60161 14.426 0.006
 534.59084 14.423 0.006
 534.63493 14.426 0.006
 534.68670 14.420 0.006
 535.57542 14.428 0.006
 535.63568 14.441 0.006
 536.55456 14.443 0.006
 536.59971 14.448 0.006
 536.65027 14.449 0.006
 537.54915 14.452 0.006
 537.64937 14.450 0.006
 538.53718 14.462 0.006
 538.58890 14.461 0.006
 539.54576 14.462 0.006
 539.65685 14.464 0.006
 540.66258 14.479 0.006
 541.55612 14.476 0.006
 541.61318 14.480 0.006
 542.54525 14.489 0.006
 542.59710 14.492 0.006
 542.64458 14.488 0.006
 543.58351 14.495 0.006
 543.66458 14.493 0.006
 544.53622 14.502 0.006
 544.58053 14.499 0.006
 544.62481 14.502 0.006
 544.67005 14.502 0.006
 551.52598 14.541 0.006
 552.53745 14.555 0.006
 553.54279 14.571 0.006
 554.51949 14.575 0.006
 554.60495 14.577 0.006
 555.52587 14.588 0.006
 557.62641 14.598 0.006
 558.57318 14.604 0.006
 559.55701 14.608 0.006
 560.53503 14.612 0.006
 561.53506 14.617 0.006
 562.53660 14.627 0.006
 564.53782 14.645 0.006
 565.54358 14.654 0.006
 566.53757 14.654 0.006
 567.53865 14.662 0.006
 568.52391 14.674 0.006
 569.53370 14.682 0.006
 571.51954 14.694 0.006
 572.55001 14.711 0.006
 574.51209 14.732 0.006
 575.51068 14.736 0.006
 577.51962 14.744 0.006
 578.53320 14.759 0.006
 582.51535 14.797 0.006
 583.51809 14.804 0.006
 672.90359 14.813 0.006
 689.88758 14.682 0.006
 699.88882 14.608 0.006
 701.85442 14.590 0.006
 704.89696 14.565 0.006
 706.87835 14.557 0.006
 714.85419 14.479 0.006
 716.81039 14.462 0.006
 720.86670 14.427 0.006
 728.80558 14.362 0.006
 729.80561 14.353 0.006
 730.76115 14.343 0.006
 733.85215 14.308 0.006
 741.85542 14.156 0.006
 745.81024 14.063 0.006
 747.85861 14.018 0.006
 753.81247 13.894 0.006
 766.82114 13.749 0.006
 772.84029 13.726 0.006
 775.82202 13.714 0.006
 779.84068 13.709 0.006
 787.81705 13.691 0.006
 789.80107 13.693 0.006
 790.81153 13.695 0.006
 795.76918 13.689 0.006
 796.84107 13.681 0.006
 797.76887 13.676 0.006
 798.74080 13.685 0.006
 805.82569 13.716 0.006
 816.79669 13.731 0.006
 817.71593 13.730 0.006
 819.81561 13.737 0.006
 822.82981 13.742 0.006
 824.85906 13.757 0.006
 826.68254 13.767 0.006
 829.78500 13.795 0.006
 832.70938 13.799 0.006
 836.80817 13.829 0.006
 840.68753 13.851 0.006
 843.68798 13.880 0.006
 850.66157 13.944 0.006
 854.69938 13.981 0.006
 855.66628 13.999 0.006
 856.63260 13.996 0.006
 858.60515 14.022 0.006
 864.75525 14.114 0.006
 875.58049 14.227 0.006
 880.56604 14.293 0.006
 887.57943 14.396 0.006
 892.70764 14.476 0.006
 895.55377 14.508 0.006
 898.56067 14.560 0.006
 918.54890 14.867 0.006
 922.62799 14.927 0.006
 928.55391 15.013 0.006
 933.58560 15.095 0.006
 947.52525 15.256 0.006
 952.51911 15.328 0.006
1045.91376 15.548 0.006
1051.89399 15.520 0.006
1053.90945 15.527 0.006
1054.92513 15.518 0.006
1055.89763 15.463 0.006
1059.91039 15.480 0.006
1061.92013 15.489 0.006
1069.86760 15.442 0.006
1087.83973 15.219 0.006
1091.84227 15.150 0.006
1102.82464 15.043 0.006
1106.87968 15.025 0.006
1107.80745 15.020 0.006
1113.82022 15.029 0.006
1119.82496 15.050 0.006
1128.83318 15.051 0.006
1131.71877 15.045 0.006
1132.77081 15.060 0.006
1136.80409 15.079 0.006
1138.83051 15.082 0.006
1142.69521 15.098 0.006
1144.76413 15.102 0.006
1151.79000 15.124 0.006
1155.78929 15.141 0.006
1158.78679 15.157 0.006
1161.76468 15.179 0.006
1165.78543 15.174 0.006
1169.78031 15.203 0.006
1174.75410 15.230 0.006
1179.77099 15.275 0.006
1181.84307 15.267 0.006
1186.79744 15.300 0.006
1187.85870 15.315 0.006
1192.70457 15.348 0.006
1196.73750 15.359 0.006
1201.74630 15.414 0.006
1203.76614 15.429 0.006
1207.62300 15.484 0.006
1211.66077 15.529 0.006
1214.66167 15.569 0.006
1217.63648 15.575 0.006
1220.64135 15.638 0.006
1223.66758 15.676 0.006
1225.60857 15.725 0.006
1227.68901 15.697 0.007
1231.58495 15.783 0.007
1234.63320 15.846 0.007
1236.64069 15.801 0.008
1240.59312 15.938 0.007
1242.69482 15.960 0.007
1244.64445 16.017 0.007
1247.57502 16.023 0.008
1256.55973 16.193 0.008
1260.58524 16.267 0.008
1265.56019 16.357 0.009
1274.52284 16.411 0.010
1277.54237 16.511 0.010
1281.55557 16.528 0.010
1288.54060 16.623 0.010
1290.60803 16.662 0.011
1296.54536 16.650 0.011
1298.58326 16.655 0.014
1301.52500 16.665 0.012
1305.57082 16.700 0.011
1308.50037 16.733 0.010
1313.54685 16.671 0.012
1316.53869 16.721 0.012
1319.51502 16.789 0.011
1329.49355 16.688 0.012
1332.47644 16.609 0.011
1340.48826 16.589 0.011
1412.87338 15.806 0.007
1418.87061 15.724 0.007
1431.85296 15.428 0.006
1432.85898 15.398 0.006
1435.83500 15.336 0.006
1437.81894 15.339 0.006
1440.86657 15.315 0.006
1446.87862 15.290 0.006
1447.90418 15.285 0.006
1451.89690 15.289 0.006
1455.86724 15.249 0.006
1459.80592 15.273 0.006
1462.81017 15.248 0.006
1470.87056 15.273 0.006
1475.78320 15.268 0.006
1478.73855 15.256 0.006
1481.71216 15.251 0.006
1484.86163 15.245 0.006
1487.74160 15.251 0.006
1490.73841 15.246 0.006
1492.73154 15.251 0.006
1495.73003 15.254 0.006
1499.68779 15.245 0.006
1502.68308 15.270 0.006
1505.72365 15.272 0.006
1507.85707 15.286 0.006
1510.83308 15.293 0.006
1512.72985 15.284 0.006
1514.84094 15.297 0.006
1517.67639 15.304 0.006
1519.75004 15.333 0.006
1521.68576 15.327 0.006
1523.80653 15.340 0.006
1525.80089 15.356 0.006
1527.72983 15.373 0.006
1528.77620 15.365 0.006
1529.79729 15.382 0.006
1531.79040 15.392 0.006
1538.74693 15.433 0.006
1541.70304 15.456 0.006
1542.73290 15.463 0.006
1544.65895 15.458 0.006
1547.78583 15.481 0.006
1548.76345 15.500 0.006
1549.75773 15.507 0.006
1552.62244 15.523 0.006
1554.74893 15.539 0.006
1555.75564 15.556 0.006
1562.75856 15.601 0.006
1564.63715 15.594 0.006
1567.72974 15.636 0.006
1570.63503 15.672 0.006
1574.74649 15.718 0.006
1577.69617 15.737 0.006
1580.73223 15.787 0.006
1583.61760 15.779 0.007
1586.63311 15.828 0.006
1589.62242 15.824 0.006
1592.61415 15.893 0.006
1593.65695 15.894 0.007
1595.66008 15.908 0.007
1599.59977 15.941 0.007
1601.67773 15.929 0.007
1604.55928 15.963 0.007
1606.59413 15.974 0.007
1609.63550 16.007 0.007
1610.62064 16.033 0.007
1613.51168 15.999 0.007
1615.54359 16.083 0.007
1617.61500 16.096 0.007
1619.59861 16.098 0.008
1620.54983 16.069 0.008
1622.49997 16.095 0.008
1624.49652 16.100 0.008
1626.49736 16.102 0.008
1627.61845 16.094 0.009
1629.49750 16.142 0.008
1630.56895 16.165 0.008
1632.51541 16.173 0.007
1634.49315 16.159 0.008
1643.48509 16.201 0.008
1645.53526 16.106 0.010
1646.48405 16.185 0.009
1650.58575 16.066 0.012
1654.52252 16.223 0.009
1656.50870 16.234 0.008
1659.51614 16.248 0.008
1661.54012 16.277 0.008
1663.56540 16.309 0.008
1667.50705 16.208 0.009
1670.52879 16.236 0.008
1673.49922 16.234 0.009
1681.46916 16.135 0.010
1691.50802 16.114 0.008
1769.86076 15.129 0.006
1771.88757 15.111 0.006
1772.86745 15.100 0.006
1775.86853 15.043 0.006
1784.85308 14.944 0.006
1789.84183 14.902 0.006
1804.79143 14.792 0.006
1808.87201 14.773 0.006
1812.78654 14.756 0.006
1816.79791 14.756 0.006
1821.78846 14.744 0.006
1823.83059 14.730 0.006
1826.81368 14.719 0.006
1829.78732 14.711 0.006
1830.80065 14.709 0.006
1834.83961 14.682 0.006
1845.83707 14.662 0.006
1851.83444 14.655 0.006
1856.73373 14.666 0.006
1859.77676 14.663 0.006
1861.79394 14.661 0.006
1864.77140 14.678 0.006
1865.75161 14.680 0.006
1867.80539 14.690 0.006
1868.79096 14.698 0.006
1870.72421 14.702 0.006
1871.80825 14.707 0.006
1873.76777 14.724 0.006
2115.93631 15.057 0.006
2116.93721 15.062 0.006
2122.92136 14.928 0.006
2128.92746 14.797 0.006
2130.91232 14.757 0.006
2131.91416 14.738 0.006
2132.90885 14.712 0.006
2134.91389 14.684 0.006
2135.92482 14.661 0.006
2140.91357 14.605 0.006
2142.90189 14.585 0.006
2143.90948 14.585 0.006
2144.91230 14.575 0.006
2156.88489 14.539 0.006
2161.84991 14.524 0.006
2173.86441 14.486 0.006
2190.80163 14.498 0.006
2192.83588 14.520 0.006
2201.82236 14.583 0.006
2214.80394 14.709 0.006
2224.75954 14.819 0.006
2227.66215 14.867 0.006
2229.67561 14.880 0.006
2232.83934 14.925 0.006
2234.83415 14.952 0.006
2237.75457 15.008 0.006
2241.67984 15.044 0.006
2243.73371 15.066 0.006
2248.81430 15.128 0.006
2250.80101 15.144 0.006
2252.66525 15.183 0.006
2254.65634 15.201 0.006
2257.66301 15.253 0.006
2260.66970 15.285 0.006
2266.66121 15.360 0.006
2270.65907 15.404 0.006
2271.80926 15.426 0.006
2272.81721 15.442 0.006
2274.64733 15.439 0.006
2276.76481 15.470 0.006
2277.81814 15.472 0.006
2279.83576 15.505 0.006
2280.80929 15.531 0.006
2282.69479 15.539 0.006
2283.86006 15.538 0.006
2288.76751 15.618 0.006
2290.80371 15.631 0.006
2292.77783 15.646 0.007
2296.76981 15.678 0.007
2298.72650 15.701 0.007
2300.73701 15.705 0.007
2302.71364 15.719 0.007
2315.64475 15.789 0.006
2327.57405 15.798 0.007
2333.58404 15.796 0.008
2339.56040 15.808 0.007
2345.52147 15.776 0.007
2351.49958 15.739 0.007
2369.49709 15.550 0.007
2385.48276 15.371 0.007
2529.82839 14.153 0.006
2539.83086 14.186 0.006
2545.80153 14.236 0.006
2552.85406 14.245 0.006
2556.84544 14.282 0.006
2560.75386 14.297 0.006
2564.86210 14.334 0.006
2578.78433 14.461 0.006
2583.83871 14.508 0.006
2590.74381 14.577 0.006
2596.75643 14.638 0.006
2605.78368 14.758 0.006
2609.75581 14.823 0.006
2614.71785 14.880 0.006
2618.77304 14.939 0.006
2621.69576 14.953 0.006
2624.60386 15.007 0.006
2627.69980 15.059 0.006
2629.72274 15.074 0.006
2635.69591 15.128 0.006
2638.66690 15.138 0.006
2640.76380 15.159 0.006
2642.72260 15.177 0.006
2644.72530 15.179 0.006
2646.70083 15.201 0.006
2650.73508 15.219 0.006
2652.78900 15.235 0.006
2654.75142 15.229 0.006
2656.66072 15.236 0.006
2658.62247 15.223 0.006
2660.64079 15.243 0.006
2662.65173 15.240 0.006
2664.63042 15.218 0.006
2666.69516 15.232 0.006
2668.68128 15.235 0.006
2670.64338 15.228 0.006
2672.78217 15.221 0.006
2674.68293 15.217 0.006
2676.67201 15.218 0.006
2678.72530 15.214 0.006
2680.63604 15.187 0.006
2682.68467 15.204 0.006
2687.56098 15.150 0.006
2693.52022 15.119 0.006
2696.55689 15.089 0.006
2701.53850 15.027 0.006
2707.54029 14.976 0.006
2714.53240 14.894 0.006
2839.90897 13.889 0.006
2867.88000 13.938 0.006
2885.85768 13.959 0.006
2892.88620 13.988 0.006
2897.85516 14.022 0.006
2903.90095 14.081 0.006
2907.77537 14.108 0.006
2911.81281 14.149 0.006
2916.86323 14.209 0.006
2922.84691 14.285 0.006
2926.77861 14.336 0.006
2930.84830 14.395 0.006
2934.75027 14.437 0.006
2940.72982 14.510 0.006
2943.73540 14.559 0.006
2947.74402 14.607 0.006
2953.70121 14.671 0.006
2956.72656 14.699 0.006
2958.75289 14.722 0.006
2962.76465 14.758 0.006
2965.78840 14.791 0.006
2968.65427 14.803 0.006
2973.67310 14.838 0.006
2975.85720 14.890 0.006
2976.79163 14.890 0.006
2978.69928 14.888 0.006
2980.71172 14.904 0.006
2982.70444 14.933 0.006
2984.75158 14.944 0.006
2988.80462 14.971 0.006
2989.75988 14.973 0.006
2991.65507 14.984 0.006
2993.64237 15.004 0.006
2995.74333 15.011 0.006
2997.72100 15.028 0.006
2999.68517 15.036 0.006
3001.77999 15.047 0.006
3003.75071 15.045 0.006
3005.71257 15.048 0.006
3007.63393 15.053 0.006
3009.63178 15.066 0.006
3011.73134 15.081 0.006
3013.73553 15.083 0.006
3017.73687 15.093 0.006
3019.66492 15.091 0.006
3021.78349 15.104 0.006
3023.64525 15.087 0.006
3024.84636 15.086 0.006
3027.66252 15.079 0.006
3029.64752 15.068 0.006
3031.71748 15.081 0.006
3033.78111 15.074 0.006
3035.78796 15.058 0.006
3038.76558 15.058 0.006
3041.60606 15.012 0.006
3043.64014 15.012 0.006
3045.70306 15.009 0.006
3047.65678 15.001 0.006
3048.58553 14.988 0.006
3050.60386 14.980 0.006
3052.60101 14.967 0.006
3054.60161 14.964 0.006
3056.59893 14.952 0.006
3058.59295 14.942 0.006
3060.64252 14.946 0.006
3068.52842 14.900 0.006
3070.58935 14.915 0.006
3073.62057 14.905 0.006
3076.52054 14.877 0.006
3078.62954 14.876 0.006
3082.60738 14.868 0.006
3085.50843 14.836 0.006
3087.64667 14.842 0.006
3090.61065 14.817 0.006
3096.52864 14.765 0.006
3099.59791 14.745 0.006
3102.57706 14.707 0.006
3104.56377 14.689 0.006
3110.54551 14.654 0.006
3113.52340 14.644 0.006
3128.49523 14.473 0.006
3140.50295 14.286 0.006
3216.86713 14.057 0.006
3241.91011 14.313 0.006
3248.85229 14.374 0.006
3257.88065 14.461 0.006
3264.80199 14.549 0.006
3270.86874 14.634 0.006
3274.75445 14.670 0.006
3277.87644 14.702 0.006
3281.89645 14.785 0.006
3287.75817 14.851 0.006
3295.71655 14.953 0.006
3301.77009 15.008 0.006
3304.83042 15.034 0.006
3307.70395 15.073 0.006
3309.73618 15.105 0.006
3311.73419 15.130 0.006
3320.77710 15.232 0.006
3327.74911 15.289 0.006
3330.70775 15.298 0.006
3334.80665 15.331 0.006
3338.85512 15.344 0.006
3339.75445 15.329 0.006
3354.77038 15.420 0.006
3358.81657 15.442 0.006
3361.84744 15.457 0.006
3365.74913 15.463 0.006
3372.76554 15.486 0.006
3378.67818 15.481 0.006
3391.74596 15.482 0.006
3395.70854 15.461 0.006
3399.71476 15.434 0.006
3403.70206 15.397 0.006
3406.67091 15.350 0.006
3410.62464 15.331 0.006
3415.62184 15.279 0.006
3427.58554 15.157 0.006
3433.60812 15.105 0.006
3438.53736 15.072 0.006
3446.49445 15.048 0.006
3461.51188 14.941 0.006
3473.47115 14.671 0.006
3575.92977 14.026 0.006
3592.92165 14.194 0.006
3601.92169 14.284 0.006
3619.82363 14.453 0.006
3629.89711 14.571 0.006
3633.86213 14.616 0.006
3639.77461 14.679 0.006
3644.81122 14.755 0.006
3651.75357 14.831 0.006
3654.80191 14.839 0.006
3658.76593 14.871 0.006
3661.83667 14.913 0.006
3668.80936 14.968 0.006
3672.79764 15.020 0.006
3676.75441 15.050 0.006
3684.81644 15.096 0.006
3687.79089 15.088 0.006
3690.71071 15.119 0.006
3693.74476 15.132 0.006
3695.77753 15.113 0.006
3698.75926 15.080 0.006
3700.78785 15.098 0.006
3703.71872 15.093 0.006
3705.78588 15.059 0.006
3708.77382 15.049 0.006
3712.73146 14.994 0.006
3714.80167 14.995 0.006
3717.66413 14.969 0.006
3719.83664 14.982 0.006
3721.79756 14.938 0.006
3726.69340 14.910 0.006
3730.72572 14.870 0.006
3732.71776 14.857 0.006
3734.84860 14.853 0.006
3737.74958 14.847 0.006
3739.81957 14.840 0.006
3741.83248 14.823 0.006
3743.72961 14.796 0.006
3746.77208 14.800 0.006
3748.72533 14.777 0.006
3749.73036 14.778 0.006
3751.74223 14.786 0.006
3753.69377 14.751 0.006
3755.69410 14.757 0.006
3757.68462 14.748 0.006
3759.74932 14.747 0.006
3762.77094 14.728 0.006
3765.75804 14.720 0.006
3770.63047 14.694 0.006
3773.69656 14.695 0.006
3776.66687 14.673 0.006
3779.62144 14.655 0.006
3782.73236 14.638 0.006
3787.59826 14.583 0.006
3792.54899 14.518 0.006
3800.53095 14.370 0.006
3809.53824 14.231 0.006
3823.49828 13.973 0.006
3946.92046 13.946 0.006
3964.87699 14.064 0.006
3969.90105 14.121 0.006
3980.91751 14.202 0.006
3981.87562 14.218 0.006
3989.90419 14.322 0.006
3998.86793 14.397 0.006
3999.83042 14.406 0.006
4001.87946 14.429 0.006
4004.84342 14.463 0.006
4005.85738 14.477 0.006
4008.72368 14.495 0.006
4011.89053 14.537 0.006
4018.85329 14.596 0.006
4023.88564 14.627 0.006
4026.79383 14.636 0.006
4029.74303 14.650 0.006
4031.81642 14.651 0.006
4038.72442 14.682 0.006
4041.68572 14.667 0.006
4043.69057 14.683 0.006
4046.78230 14.691 0.006
4048.87171 14.686 0.006
4049.65326 14.684 0.006
4052.71462 14.694 0.006
4056.75944 14.693 0.006
4058.79177 14.686 0.006
4063.69041 14.681 0.006
4065.86357 14.695 0.006
4066.74772 14.684 0.006
4068.65259 14.688 0.006
4070.67770 14.669 0.006
4073.85150 14.694 0.006
4074.74531 14.665 0.006
4077.79378 14.654 0.006
4079.83872 14.669 0.006
4083.68433 14.649 0.006
4085.75003 14.631 0.006
4093.73455 14.559 0.006
4102.84709 14.489 0.006
4105.80714 14.458 0.006
4109.77704 14.403 0.006
4113.73274 14.359 0.006
4120.76305 14.285 0.006
4122.71956 14.263 0.006
4125.77379 14.248 0.006
4132.66151 14.158 0.006
4142.71242 14.038 0.006
4156.54752 13.810 0.006
4168.50215 13.647 0.006
4197.48146 13.503 0.006
4341.91385 14.765 0.006
4347.86379 14.826 0.006
4353.79875 14.893 0.006
4358.89707 14.937 0.006
4364.86151 14.996 0.006
4367.88597 15.009 0.006
4371.75122 15.031 0.006
4377.80607 15.055 0.006
4380.82259 15.056 0.006
4386.79827 15.072 0.006
4390.76021 15.078 0.006
4394.71634 15.093 0.006
4399.73431 15.101 0.006
4404.73250 15.096 0.006
4412.71281 15.092 0.006
4418.80622 15.087 0.006
4421.85201 15.073 0.006
4426.74994 15.056 0.006
4429.85639 15.005 0.006
4430.67642 15.034 0.006
4432.73652 15.005 0.006
4436.77642 14.985 0.006
4439.84150 14.946 0.006
4443.72136 14.923 0.006
4449.69242 14.847 0.006
4451.70214 14.828 0.006
4455.70128 14.766 0.006
4457.73173 14.730 0.006
4460.80337 14.698 0.006
4463.72163 14.657 0.006
4466.71063 14.610 0.006
4470.65806 14.549 0.006
4473.70083 14.507 0.006
4477.75926 14.439 0.006
4482.76311 14.346 0.006
4486.74015 14.269 0.006
4491.71438 14.165 0.006
4494.65968 14.076 0.006
4498.69331 13.995 0.006
4501.69057 13.955 0.006
4506.62467 13.882 0.006
4508.64771 13.864 0.006
4510.71642 13.842 0.006
4517.65064 13.825 0.006
4521.63026 13.818 0.006
4524.59385 13.789 0.006
4530.61735 13.781 0.006
4532.64558 13.771 0.006
4535.61458 13.782 0.006
4536.61782 13.769 0.006
4539.49980 13.775 0.006
4541.60896 13.784 0.006
4545.53900 13.770 0.006
4556.57502 13.731 0.006
4561.56610 13.712 0.006
4568.52068 13.724 0.006
4580.50646 13.721 0.006
4588.47165 13.741 0.006
4606.46924 13.870 0.006
4683.91626 14.970 0.006
4697.87299 15.132 0.006
4708.85056 15.242 0.006
4720.78909 15.330 0.006
4724.84238 15.339 0.006
4728.83632 15.347 0.006
4733.83980 15.335 0.006
4748.79860 15.283 0.006
4752.87875 15.248 0.006
4757.76920 15.212 0.006
4760.77107 15.175 0.006
4763.82985 15.152 0.006
4769.69966 15.106 0.006
4772.71875 15.075 0.006
4773.72641 15.058 0.006
4773.85447 15.053 0.006
4774.66774 15.050 0.006
4775.74904 15.044 0.006
4776.64497 15.034 0.006
4777.76295 15.039 0.006
4781.79234 14.984 0.006
4784.71369 14.978 0.006
4788.81016 14.917 0.006
4791.82049 14.885 0.006
4791.85789 14.866 0.006
4794.79218 14.838 0.006
4796.67108 14.840 0.006
4797.81150 14.819 0.006
4800.78810 14.787 0.006
4803.63390 14.766 0.006
4805.73217 14.739 0.006
4807.83878 14.713 0.006
4809.71629 14.684 0.006
4812.75282 14.647 0.006
4814.75319 14.623 0.006
4816.74997 14.594 0.006
4818.77758 14.579 0.006
4820.75497 14.555 0.006
4823.78129 14.531 0.006
4826.69825 14.502 0.006
4833.70855 14.409 0.006
4835.69474 14.392 0.006
4836.65289 14.381 0.006
4836.79990 14.369 0.006
4837.69573 14.368 0.006
4837.74311 14.366 0.006
4839.79337 14.336 0.006
4841.75977 14.316 0.006
4843.75901 14.289 0.006
4846.72761 14.246 0.006
4848.73523 14.216 0.006
4853.75737 14.147 0.006
4855.77281 14.135 0.006
4857.75102 14.104 0.006
4859.74070 14.086 0.006
4865.72722 14.013 0.006
4868.72023 13.976 0.006
4871.64339 13.944 0.006
4874.58370 13.894 0.006
4876.55375 13.877 0.006
4878.66019 13.883 0.006
4879.63307 13.844 0.006
4885.56437 13.815 0.006
4888.64769 13.796 0.006
4899.52302 13.802 0.006
4900.70141 13.802 0.006
4901.53211 13.814 0.006
4901.65366 13.814 0.006
4908.60165 13.805 0.006
4917.54679 13.814 0.006
4921.56849 13.816 0.006
4927.56294 13.847 0.006
4931.57020 13.867 0.006
4935.53694 13.880 0.006
4939.54393 13.912 0.006
4943.54114 13.947 0.006
4953.51680 14.041 0.006
