 457.76806 14.442 0.006
 458.75245 14.429 0.006
 459.70522 14.415 0.006
 461.72015 14.395 0.006
 461.84272 14.391 0.006
 462.55253 14.385 0.006
 465.84788 14.342 0.006
 466.70670 14.338 0.006
 467.81458 14.324 0.006
 468.72098 14.317 0.006
 469.72851 14.305 0.006
 470.78886 14.298 0.006
 471.84085 14.295 0.006
 472.76570 14.281 0.006
 473.67753 14.288 0.006
 474.75795 14.276 0.006
 475.65074 14.262 0.006
 476.80295 14.273 0.006
 477.78761 14.258 0.006
 478.59490 14.248 0.006
 479.79332 14.227 0.006
 480.62998 14.230 0.006
 481.61509 14.223 0.006
 482.77606 14.220 0.006
 483.56384 14.221 0.006
 484.56166 14.220 0.006
 485.56625 14.226 0.006
 487.58544 14.224 0.006
 488.55006 14.240 0.006
 488.68841 14.229 0.006
 489.64035 14.230 0.006
 490.61080 14.234 0.006
 491.56894 14.240 0.006
 492.55325 14.242 0.006
 492.62768 14.246 0.006
 493.55630 14.247 0.006
 494.55112 14.246 0.006
 495.55346 14.248 0.006
 496.54897 14.252 0.006
 496.76506 14.250 0.006
 498.54771 14.261 0.006
 499.54319 14.272 0.006
 500.53440 14.282 0.006
 501.53496 14.290 0.006
 507.65250 14.362 0.006
 508.53866 14.399 0.006
 508.60538 14.381 0.006
 510.54334 14.402 0.006
 511.65292 14.403 0.006
 512.69026 14.415 0.006
 513.68218 14.438 0.006
 514.55532 14.449 0.006
 515.54699 14.465 0.006
 516.55049 14.488 0.006
 517.55199 14.498 0.006
 518.59077 14.515 0.006
 519.54141 14.530 0.006
 521.54228 14.562 0.006
 523.55419 14.586 0.006
 524.53310 14.596 0.006
 526.53655 14.621 0.006
 526.63762 14.629 0.006
 527.53389 14.629 0.006
 530.62187 14.664 0.006
 531.54876 14.677 0.006
 532.53423 14.696 0.006
 533.53772 14.709 0.006
 534.54501 14.707 0.006
 552.64285 14.883 0.006
 553.49856 14.892 0.006
 554.55738 14.894 0.006
 561.55782 14.912 0.006
 566.49338 14.913 0.006
 567.49418 14.914 0.006
 569.48862 14.917 0.006
 571.54284 14.913 0.006
 572.49906 14.907 0.006
 573.50664 14.902 0.006
 574.53536 14.908 0.006
 575.51874 14.891 0.006
 577.47297 14.889 0.006
 578.48603 14.883 0.006
 583.47113 14.862 0.006
 673.86101 14.467 0.006
 689.84718 14.310 0.006
 699.83431 14.245 0.006
 701.87916 14.236 0.006
 704.82306 14.222 0.006
 706.82700 14.219 0.006
 707.87642 14.228 0.006
 712.89879 14.226 0.006
 715.86419 14.223 0.006
 720.81903 14.244 0.006
 726.88424 14.302 0.006
 728.84837 14.322 0.006
 729.83072 14.335 0.006
 733.88303 14.399 0.006
 742.82351 14.478 0.006
 745.75502 14.508 0.006
 747.81176 14.534 0.006
 748.76655 14.551 0.006
 750.85941 14.576 0.006
 751.75196 14.581 0.006
 755.71045 14.641 0.006
 759.77974 14.686 0.006
 760.83191 14.701 0.006
 763.82788 14.736 0.006
 771.84735 14.815 0.006
 775.83934 14.837 0.006
 778.80583 14.871 0.006
 780.83667 14.863 0.006
 787.84438 14.874 0.006
 792.77837 14.869 0.006
 796.79428 14.866 0.006
 798.81154 14.861 0.006
 816.81996 14.834 0.006
 817.80940 14.827 0.006
 822.76754 14.813 0.006
 826.63576 14.810 0.006
 827.74646 14.803 0.006
 830.82662 14.790 0.006
 831.67191 14.783 0.006
 832.80286 14.781 0.006
 833.70431 14.774 0.006
 834.79534 14.767 0.006
 837.80126 14.746 0.006
 839.62702 14.748 0.006
 841.81029 14.719 0.006
 843.73335 14.721 0.006
 844.68247 14.717 0.006
 850.70327 14.698 0.006
 854.72531 14.682 0.006
 855.77179 14.681 0.006
 856.71687 14.685 0.006
 858.63672 14.667 0.006
 860.72797 14.653 0.006
 864.72293 14.631 0.006
 874.73595 14.544 0.006
 876.65226 14.513 0.006
 879.61210 14.471 0.006
 881.54408 14.437 0.006
 887.62626 14.362 0.006
 892.59118 14.304 0.006
 895.57188 14.280 0.006
 895.58849 14.288 0.006
 900.54085 14.260 0.006
 918.57679 14.254 0.006
 920.54197 14.268 0.006
 925.49417 14.280 0.006
 933.50831 14.297 0.006
 951.52128 14.351 0.006
1040.91462 14.714 0.006
1051.91047 14.701 0.006
1065.87103 14.667 0.006
1068.83310 14.643 0.006
1069.82356 14.640 0.006
1071.84073 14.632 0.006
1077.88013 14.547 0.006
1079.78789 14.528 0.006
1083.80158 14.475 0.006
1088.86631 14.407 0.006
1093.86297 14.358 0.006
1102.84096 14.253 0.006
1107.82384 14.215 0.006
1113.83767 14.170 0.006
1119.77047 14.154 0.006
1126.74194 14.150 0.006
1130.70805 14.143 0.006
1132.71661 14.143 0.006
1136.83586 14.141 0.006
1142.72786 14.117 0.006
1151.82299 14.099 0.006
1154.83153 14.101 0.006
1157.78309 14.091 0.006
1161.78110 14.090 0.006
1163.75265 14.100 0.006
1166.78911 14.113 0.006
1170.83710 14.132 0.006
1174.81972 14.160 0.006
1178.73675 14.205 0.006
1181.70332 14.228 0.006
1185.78590 14.274 0.006
1187.73784 14.294 0.006
1189.80231 14.325 0.006
1192.72189 14.358 0.006
1196.59795 14.405 0.006
1202.65979 14.488 0.006
1204.76517 14.520 0.006
1207.65857 14.555 0.006
1211.73904 14.618 0.006
1214.75551 14.655 0.006
1217.71664 14.699 0.006
1219.70133 14.728 0.006
1223.60880 14.792 0.006
1226.70374 14.840 0.006
1230.65212 14.904 0.006
1234.57854 14.957 0.006
1238.58208 14.996 0.006
1239.71475 15.020 0.006
1241.69135 15.045 0.006
1243.54922 15.062 0.006
1245.51780 15.081 0.006
1253.59699 15.122 0.006
1256.57626 15.136 0.006
1259.62733 15.150 0.006
1261.57234 15.162 0.006
1265.59001 15.145 0.006
1268.57493 15.137 0.006
1276.52835 15.101 0.006
1279.52286 15.068 0.006
1288.55639 14.937 0.006
1291.58743 14.907 0.006
1296.56081 14.862 0.006
1300.50715 14.826 0.006
1305.48161 14.774 0.006
1308.51635 14.745 0.006
1313.49187 14.673 0.006
1317.51948 14.627 0.006
1320.48143 14.592 0.006
1330.48417 14.476 0.006
1333.48894 14.450 0.006
1336.46748 14.434 0.006
1397.91290 14.200 0.006
1412.89052 14.356 0.006
1431.80543 14.615 0.006
1432.89078 14.644 0.006
1435.85081 14.676 0.006
1437.84364 14.712 0.006
1440.88227 14.779 0.006
1443.88020 14.831 0.006
1447.80331 14.898 0.006
1449.84501 14.928 0.006
1454.75918 15.028 0.006
1455.88286 15.024 0.006
1458.79682 15.084 0.006
1459.86418 15.090 0.006
1462.73540 15.109 0.006
1470.81640 15.183 0.006
1475.81514 15.199 0.006
1477.70200 15.188 0.006
1479.74221 15.190 0.006
1484.75763 15.157 0.006
1487.79926 15.132 0.006
1491.71371 15.103 0.006
1493.82300 15.086 0.006
1496.60882 15.057 0.006
1498.75136 15.037 0.006
1501.83544 14.999 0.006
1503.73019 14.980 0.006
1505.83679 14.960 0.006
1507.78392 14.935 0.006
1511.65663 14.898 0.006
1514.70370 14.864 0.006
1517.69323 14.847 0.006
1519.69561 14.839 0.006
1521.71829 14.830 0.006
1522.69590 14.818 0.006
1523.75234 14.823 0.006
1525.72899 14.807 0.006
1527.81614 14.806 0.006
1528.71858 14.797 0.006
1531.73623 14.798 0.006
1538.69292 14.799 0.006
1541.64903 14.814 0.006
1542.74893 14.809 0.006
1544.70572 14.814 0.006
1547.73179 14.810 0.006
1548.70919 14.803 0.006
1549.77453 14.793 0.006
1551.73839 14.781 0.006
1552.67165 14.781 0.006
1554.76463 14.765 0.006
1555.70143 14.750 0.006
1556.67211 14.746 0.006
1562.70445 14.675 0.006
1564.58308 14.640 0.006
1564.67913 14.649 0.006
1567.63656 14.613 0.006
1570.73399 14.563 0.006
1574.72963 14.519 0.006
1576.62937 14.493 0.006
1578.73096 14.471 0.006
1581.64484 14.431 0.006
1584.62336 14.389 0.006
1587.61118 14.354 0.006
1590.61828 14.317 0.006
1595.69091 14.280 0.006
1599.70227 14.257 0.006
1600.67679 14.265 0.006
1604.52745 14.241 0.006
1606.54120 14.235 0.006
1609.56045 14.238 0.006
1610.60468 14.243 0.006
1611.63612 14.243 0.006
1612.53048 14.240 0.006
1613.62189 14.253 0.006
1614.52273 14.246 0.006
1615.52764 14.252 0.006
1616.54202 14.260 0.006
1617.52700 14.262 0.006
1618.53366 14.266 0.006
1619.58278 14.270 0.006
1620.60382 14.275 0.006
1621.52195 14.284 0.006
1622.58936 14.291 0.006
1623.54428 14.301 0.006
1624.55192 14.313 0.006
1625.56387 14.327 0.006
1626.65638 14.329 0.006
1627.57151 14.342 0.006
1628.51045 14.346 0.006
1630.53734 14.367 0.006
1631.53503 14.378 0.006
1632.58029 14.394 0.006
1633.52584 14.391 0.006
1634.56546 14.395 0.006
1635.53372 14.410 0.006
1643.55449 14.496 0.006
1644.58414 14.507 0.006
1650.51503 14.582 0.006
1653.59101 14.618 0.006
1656.57160 14.650 0.006
1658.54906 14.673 0.006
1660.57431 14.708 0.006
1663.50455 14.736 0.006
1665.52071 14.763 0.006
1671.51661 14.841 0.006
1676.51112 14.900 0.006
1684.51109 14.993 0.006
1694.51266 15.132 0.006
1766.90560 14.674 0.006
1768.89302 14.652 0.006
1782.88024 14.505 0.006
1789.82619 14.448 0.006
1804.77557 14.385 0.006
1809.83755 14.369 0.006
1812.86037 14.365 0.006
1814.87554 14.353 0.006
1817.87742 14.337 0.006
1822.82121 14.314 0.006
1828.88545 14.294 0.006
1829.85704 14.294 0.006
1833.81183 14.268 0.006
1843.83687 14.296 0.006
1847.86591 14.300 0.006
1850.81671 14.317 0.006
1852.75355 14.322 0.006
1855.81938 14.332 0.006
1860.79262 14.368 0.006
1863.76617 14.377 0.006
1865.82100 14.387 0.006
1867.78974 14.403 0.006
1869.76319 14.411 0.006
1872.76187 14.428 0.006
2167.84210 15.027 0.006
2173.84945 14.995 0.006
2190.78721 14.820 0.006
2192.82172 14.806 0.006
2214.78907 14.489 0.006
2224.74585 14.417 0.006
2226.84999 14.408 0.006
2229.66192 14.387 0.006
2232.82048 14.379 0.006
2234.81490 14.374 0.006
2239.59986 14.380 0.006
2241.66140 14.358 0.006
2243.71999 14.371 0.006
2248.79660 14.362 0.006
2250.84628 14.374 0.006
2252.65163 14.374 0.006
2254.64255 14.372 0.006
2257.64643 14.379 0.006
2261.76077 14.383 0.006
2266.64408 14.389 0.006
2270.64019 14.385 0.006
2271.79100 14.392 0.006
2273.72748 14.388 0.006
2275.82790 14.399 0.006
2277.64954 14.408 0.006
2279.82189 14.400 0.006
2281.80872 14.394 0.006
2283.84294 14.398 0.006
2288.74907 14.383 0.006
2290.78746 14.366 0.006
2292.76398 14.363 0.006
2296.74943 14.344 0.006
2298.76883 14.331 0.006
2300.72186 14.315 0.006
2302.69966 14.326 0.006
2327.55888 14.443 0.006
2333.56807 14.500 0.006
2339.54453 14.581 0.006
2395.51674 14.749 0.006
2526.90888 14.310 0.006
2542.88757 14.438 0.006
2552.83892 14.490 0.006
2556.83044 14.490 0.006
2559.88101 14.519 0.006
2564.84693 14.543 0.006
2578.77042 14.618 0.006
2583.82488 14.635 0.006
2589.85777 14.647 0.006
2596.74113 14.673 0.006
2605.74414 14.694 0.006
2609.74038 14.690 0.006
2614.70651 14.669 0.006
2618.73078 14.632 0.006
2621.64019 14.607 0.006
2623.82197 14.585 0.006
2627.68528 14.538 0.006
2629.70831 14.513 0.006
2634.76299 14.439 0.006
2635.68212 14.431 0.006
2638.65320 14.404 0.006
2639.65332 14.397 0.006
2641.72112 14.376 0.006
2643.72981 14.356 0.006
2645.71734 14.334 0.006
2647.67514 14.345 0.006
2650.83682 14.323 0.006
2652.73791 14.307 0.006
2654.67274 14.306 0.006
2656.64568 14.305 0.006
2658.60869 14.314 0.006
2660.62612 14.304 0.006
2662.60897 14.305 0.006
2664.61653 14.308 0.006
2666.67473 14.312 0.006
2668.66349 14.322 0.006
2670.62961 14.327 0.006
2672.73889 14.322 0.006
2674.63727 14.328 0.006
2676.62384 14.334 0.006
2678.71152 14.341 0.006
2680.62219 14.338 0.006
2682.67330 14.337 0.006
2687.54583 14.330 0.006
2696.53896 14.265 0.006
2701.52111 14.238 0.006
2707.51852 14.201 0.006
2714.51745 14.196 0.006
2840.90657 14.915 0.006
2867.91898 14.619 0.006
2888.91302 14.512 0.006
2894.84807 14.492 0.006
2899.84965 14.467 0.006
2905.83865 14.446 0.006
2908.89970 14.415 0.006
2911.79798 14.393 0.006
2916.84818 14.354 0.006
2922.83204 14.299 0.006
2926.75945 14.273 0.006
2930.83318 14.232 0.006
2933.87759 14.217 0.006
2940.71514 14.202 0.006
2947.72904 14.199 0.006
2949.81919 14.217 0.006
2953.68594 14.228 0.006
2956.71174 14.236 0.006
2958.73804 14.244 0.006
2962.74989 14.258 0.006
2965.76931 14.266 0.006
2968.71288 14.283 0.006
2973.85293 14.319 0.006
2975.84208 14.339 0.006
2976.83737 14.345 0.006
2978.85698 14.357 0.006
2982.68907 14.396 0.006
2984.73662 14.431 0.006
2986.81922 14.458 0.006
2988.78381 14.476 0.006
2989.80697 14.489 0.006
2991.64013 14.517 0.006
2993.62755 14.545 0.006
2995.72784 14.570 0.006
2997.70612 14.604 0.006
2999.72874 14.627 0.006
3001.76499 14.657 0.006
3003.73565 14.693 0.006
3005.64092 14.727 0.006
3007.67400 14.758 0.006
3009.74028 14.793 0.006
3011.71598 14.830 0.006
3013.72044 14.853 0.006
3017.72191 14.898 0.006
3019.64987 14.915 0.006
3021.76865 14.930 0.006
3023.63044 14.942 0.006
3024.83157 14.954 0.006
3026.82826 14.966 0.006
3029.63259 14.964 0.006
3031.70257 14.977 0.006
3033.76606 14.976 0.006
3035.77311 14.975 0.006
3038.75060 14.968 0.006
3040.72125 14.946 0.006
3044.59906 14.914 0.006
3045.68806 14.901 0.006
3047.64177 14.889 0.006
3049.64749 14.854 0.006
3051.61569 14.824 0.006
3055.60914 14.752 0.006
3057.63462 14.721 0.006
3059.57848 14.691 0.006
3061.57152 14.671 0.006
3068.51288 14.560 0.006
3070.56855 14.528 0.006
3073.56925 14.504 0.006
3075.68223 14.482 0.006
3078.61422 14.452 0.006
3082.59175 14.419 0.006
3084.66878 14.404 0.006
3087.63148 14.390 0.006
3090.59487 14.364 0.006
3099.58291 14.301 0.006
3102.56167 14.297 0.006
3105.59440 14.285 0.006
3108.57235 14.265 0.006
3112.54964 14.277 0.006
3116.53102 14.276 0.006
3127.49841 14.252 0.006
3140.48705 14.211 0.006
3223.88727 14.501 0.006
3241.87350 14.846 0.006
3248.83692 14.955 0.006
3257.86477 15.075 0.006
3263.91076 15.097 0.006
3270.85373 15.078 0.006
3273.90175 15.041 0.006
3277.83778 14.975 0.006
3281.88153 14.884 0.006
3287.74260 14.730 0.006
3295.69485 14.561 0.006
3301.75536 14.487 0.006
3304.81127 14.454 0.006
3307.68612 14.463 0.006
3309.72150 14.447 0.006
3311.71936 14.445 0.006
3320.76215 14.441 0.006
3323.69696 14.448 0.006
3327.73371 14.458 0.006
3330.69256 14.489 0.006
3334.79180 14.494 0.006
3338.83828 14.486 0.006
3340.85336 14.479 0.006
3350.67179 14.450 0.006
3354.71821 14.439 0.006
3358.79979 14.436 0.006
3361.83197 14.416 0.006
3365.73437 14.397 0.006
3372.75069 14.352 0.006
3378.66340 14.307 0.006
3391.73111 14.217 0.006
3394.74267 14.209 0.006
3396.62266 14.207 0.006
3399.69990 14.204 0.006
3403.68717 14.199 0.006
3408.59659 14.203 0.006
3412.64180 14.208 0.006
3417.56923 14.233 0.006
3425.57748 14.269 0.006
3431.53918 14.326 0.006
3437.54096 14.394 0.006
3445.56090 14.487 0.006
3460.49461 14.686 0.006
3477.48933 14.864 0.006
3583.93144 14.466 0.006
3593.92968 14.416 0.006
3601.86664 14.359 0.006
3618.90071 14.280 0.006
3629.88196 14.290 0.006
3634.84854 14.299 0.006
3639.84187 14.303 0.006
3644.79665 14.342 0.006
3650.88549 14.387 0.006
3654.78641 14.412 0.006
3657.86697 14.430 0.006
3660.80143 14.460 0.006
3664.83652 14.462 0.006
3668.79446 14.492 0.006
3672.78267 14.524 0.006
3675.86234 14.535 0.006
3684.77048 14.600 0.006
3687.77612 14.625 0.006
3690.69598 14.652 0.006
3693.72995 14.672 0.006
3695.75148 14.679 0.006
3698.74425 14.690 0.006
3700.77308 14.692 0.006
3702.86072 14.698 0.006
3705.76750 14.673 0.006
3708.72607 14.674 0.006
3712.71295 14.655 0.006
3714.72330 14.642 0.006
3717.63939 14.629 0.006
3719.81657 14.608 0.006
3725.81046 14.542 0.006
3727.78288 14.527 0.006
3730.67829 14.493 0.006
3732.70303 14.473 0.006
3734.80107 14.445 0.006
3736.81733 14.437 0.006
3737.70570 14.425 0.006
3739.80479 14.413 0.006
3742.69068 14.383 0.006
3745.76633 14.363 0.006
3747.76899 14.356 0.006
3749.66076 14.350 0.006
3750.74573 14.337 0.006
3752.75643 14.331 0.006
3754.77416 14.326 0.006
3756.59767 14.324 0.006
3758.77055 14.323 0.006
3761.78296 14.326 0.006
3764.73741 14.324 0.006
3767.59723 14.343 0.006
3770.61494 14.350 0.006
3773.61777 14.357 0.006
3776.61720 14.353 0.006
3779.60676 14.351 0.006
3782.65747 14.346 0.006
3787.58245 14.356 0.006
3792.53421 14.346 0.006
3809.52346 14.208 0.006
3822.50926 14.109 0.006
3946.90560 14.946 0.006
3964.86237 14.739 0.006
3969.88648 14.684 0.006
3981.86125 14.600 0.006
3989.88827 14.570 0.006
3995.91194 14.557 0.006
4001.86497 14.539 0.006
4005.84259 14.528 0.006
4007.84679 14.514 0.006
4011.84705 14.503 0.006
4018.83862 14.461 0.006
4023.87075 14.406 0.006
4026.77922 14.380 0.006
4029.72048 14.361 0.006
4031.80082 14.343 0.006
4038.70991 14.282 0.006
4041.67106 14.267 0.006
4043.67543 14.246 0.006
4046.76752 14.231 0.006
4048.85704 14.213 0.006
4052.69997 14.177 0.006
4056.74396 14.169 0.006
4058.77708 14.145 0.006
4063.67583 14.156 0.006
4066.73310 14.172 0.006
4068.82062 14.182 0.006
4070.66307 14.194 0.006
4073.82244 14.205 0.006
4076.79057 14.226 0.006
4079.75295 14.237 0.006
4083.66974 14.264 0.006
4085.73526 14.283 0.006
4092.85371 14.376 0.006
4102.83024 14.529 0.006
4105.68915 14.581 0.006
4109.76230 14.656 0.006
4113.71803 14.735 0.006
4120.74843 14.874 0.006
4122.70488 14.914 0.006
4125.75611 14.984 0.006
4131.60945 15.116 0.007
4156.53278 15.461 0.007
4166.57400 15.449 0.007
4196.52349 14.850 0.006
4340.88883 14.631 0.006
4341.89938 14.638 0.006
4343.81836 14.686 0.006
4344.87322 14.697 0.006
4345.91179 14.709 0.006
4346.84073 14.730 0.006
4347.84928 14.743 0.006
4348.84243 14.761 0.006
4349.84267 14.783 0.006
4350.92002 14.791 0.006
4353.90325 14.852 0.006
4354.88699 14.864 0.006
4357.89321 14.919 0.006
4358.89322 14.922 0.007
4361.85470 14.961 0.006
4362.80921 14.981 0.006
4363.87230 15.000 0.007
4366.83629 15.050 0.007
4367.77387 15.055 0.007
4368.88753 15.081 0.007
4369.80950 15.084 0.007
4370.81063 15.091 0.006
4371.85578 15.090 0.006
4373.78127 15.126 0.006
4377.79163 15.174 0.006
4380.80812 15.185 0.006
4386.78375 15.216 0.007
4390.74574 15.201 0.006
4393.85983 15.177 0.006
4398.87111 15.132 0.006
4403.87805 15.071 0.007
4411.86956 14.957 0.006
4418.79071 14.874 0.006
4422.85678 14.824 0.006
4426.73512 14.772 0.006
4429.84110 14.719 0.006
4432.72195 14.684 0.006
4436.76134 14.648 0.006
4439.82691 14.623 0.006
4440.86315 14.619 0.006
4441.65288 14.608 0.006
4442.67487 14.594 0.006
4443.65039 14.593 0.006
4444.82951 14.585 0.006
4448.69507 14.555 0.006
4449.74257 14.551 0.006
4450.70540 14.539 0.006
4451.64044 14.534 0.006
4451.78230 14.527 0.006
4452.85345 14.521 0.006
4453.62932 14.514 0.006
4454.65323 14.498 0.006
4454.81614 14.508 0.006
4455.63979 14.497 0.006
4455.77685 14.489 0.006
4456.72045 14.489 0.006
4456.81069 14.479 0.006
4456.85814 14.477 0.006
4457.69528 14.472 0.006
4457.84503 14.472 0.006
4458.61771 14.470 0.006
4459.60194 14.460 0.006
4459.74640 14.448 0.006
4459.80854 14.450 0.006
4461.57252 14.428 0.006
4462.63270 14.424 0.006
4462.78237 14.407 0.006
4463.62613 14.399 0.006
4464.62379 14.394 0.006
4464.76580 14.385 0.006
4465.64302 14.374 0.006
4466.63614 14.367 0.006
4466.73635 14.368 0.006
4467.60362 14.372 0.006
4467.67235 14.358 0.006
4468.63641 14.350 0.006
4469.62083 14.353 0.006
4470.60860 14.334 0.006
4471.59865 14.317 0.006
4471.76477 14.321 0.006
4472.59938 14.316 0.006
4472.77208 14.314 0.006
4473.68604 14.306 0.006
4477.74419 14.289 0.006
4481.68174 14.259 0.006
4485.72982 14.259 0.006
4489.71331 14.254 0.006
4493.70314 14.230 0.006
4498.67964 14.193 0.006
4501.67697 14.172 0.006
4508.62813 14.127 0.006
4510.70133 14.100 0.006
4521.61145 14.093 0.006
4531.56873 14.139 0.006
4533.57108 14.153 0.006
4537.62112 14.196 0.006
4539.54008 14.225 0.006
4541.59235 14.242 0.006
4543.65319 14.275 0.006
4545.51145 14.291 0.006
4549.59629 14.337 0.006
4560.53892 14.490 0.006
4566.51885 14.591 0.006
4567.54397 14.604 0.006
4568.50266 14.622 0.006
4569.52841 14.636 0.006
4570.50005 14.658 0.006
4570.55554 14.649 0.006
4571.51006 14.682 0.006
4571.55908 14.676 0.006
4572.54813 14.704 0.006
4573.52241 14.709 0.006
4574.55832 14.725 0.006
4610.47791 15.268 0.007
4683.90181 14.527 0.006
4694.92026 14.404 0.006
4697.85843 14.379 0.006
4707.90921 14.314 0.006
4720.77449 14.268 0.006
4724.82775 14.254 0.006
4728.81527 14.248 0.006
4731.88979 14.252 0.006
4733.82497 14.247 0.006
4734.80183 14.256 0.006
4737.79847 14.256 0.006
4740.79071 14.247 0.006
4741.80909 14.253 0.006
4743.89365 14.246 0.006
4747.74034 14.254 0.006
4748.83096 14.255 0.006
4749.69875 14.257 0.006
4750.78694 14.262 0.006
4750.85109 14.257 0.006
4751.87021 14.258 0.006
4752.79931 14.269 0.006
4752.86401 14.261 0.006
4753.73832 14.257 0.006
4754.77119 14.262 0.006
4755.76583 14.267 0.006
4756.76919 14.273 0.006
4756.87336 14.275 0.006
4760.75646 14.290 0.006
4763.81522 14.311 0.006
4768.85790 14.349 0.006
4772.70421 14.396 0.006
4775.73357 14.439 0.006
4777.74835 14.461 0.006
4781.74481 14.517 0.006
4784.69841 14.557 0.006
4787.73685 14.608 0.006
4788.68127 14.620 0.006
4788.79541 14.618 0.006
4788.85046 14.613 0.006
4789.65759 14.637 0.006
4791.80588 14.656 0.006
4794.77737 14.717 0.006
4797.79658 14.760 0.006
4800.77346 14.801 0.006
4802.84049 14.838 0.006
4804.85769 14.871 0.006
4806.85382 14.906 0.006
4807.72102 14.916 0.006
4808.65385 14.931 0.006
4808.77313 14.930 0.006
4809.70160 14.945 0.006
4809.81407 14.939 0.006
4809.85942 14.947 0.006
4810.66437 14.933 0.006
4811.69792 14.978 0.006
4813.71967 15.011 0.006
4814.73850 15.009 0.006
4816.73538 15.054 0.006
4820.65394 15.103 0.006
4820.79421 15.103 0.006
4822.69046 15.143 0.006
4824.67936 15.173 0.006
4826.68372 15.207 0.006
4833.68166 15.292 0.006
4835.73405 15.279 0.006
4838.73866 15.308 0.006
4840.72291 15.291 0.006
4842.70689 15.312 0.006
4844.70613 15.301 0.006
4847.77312 15.287 0.006
4853.74268 15.205 0.006
4855.75815 15.192 0.006
4863.69756 15.045 0.006
4865.59777 15.000 0.006
4866.60048 14.988 0.006
4866.70532 14.987 0.006
4867.59735 14.962 0.006
4867.71696 14.963 0.006
4868.61679 14.931 0.006
4868.70133 14.933 0.006
4869.64659 14.919 0.006
4869.71869 14.923 0.006
4870.59133 14.902 0.006
4871.58135 14.881 0.006
4872.67584 14.850 0.006
4874.56901 14.815 0.006
4876.59264 14.766 0.006
4882.69061 14.637 0.006
4885.54881 14.600 0.006
4888.61602 14.565 0.006
4890.53617 14.548 0.006
4891.55338 14.546 0.006
4892.60465 14.536 0.006
4892.64948 14.529 0.006
4893.54708 14.526 0.006
4893.61557 14.528 0.006
4894.56626 14.521 0.006
4894.63033 14.515 0.006
4895.53902 14.516 0.006
4897.52145 14.492 0.006
4900.61983 14.487 0.006
4905.58492 14.462 0.006
4908.54355 14.442 0.006
4916.55994 14.425 0.006
4919.50542 14.423 0.006
4920.59040 14.413 0.006
4921.50344 14.414 0.006
4924.50188 14.399 0.006
4925.50053 14.392 0.006
4926.54656 14.384 0.006
4927.49274 14.386 0.006
4930.54314 14.384 0.006
4934.53994 14.386 0.006
4937.47240 14.382 0.006
4937.53167 14.373 0.006
4940.54768 14.377 0.006
4946.54128 14.353 0.006
4951.52104 14.340 0.006
