 455.68213 17.712 0.009
 456.68816 17.633 0.013
 456.79770 17.673 0.010
 457.58994 17.690 0.010
 457.63385 17.684 0.010
 457.69250 17.687 0.011
 457.75109 17.650 0.010
 457.80974 17.688 0.012
 457.83921 17.683 0.012
 458.66630 17.656 0.011
 458.73540 17.675 0.012
 459.58354 17.662 0.011
 459.62967 17.659 0.010
 459.68825 17.672 0.010
 459.74768 17.666 0.010
 459.79155 17.624 0.011
 459.83535 17.640 0.011
 461.59442 17.609 0.010
 461.63821 17.604 0.010
 461.69687 17.621 0.009
 461.76640 17.623 0.011
 461.82505 17.600 0.012
 462.59498 17.615 0.009
 462.65359 17.608 0.009
 462.69956 17.604 0.010
 465.70164 17.563 0.011
 465.74610 17.538 0.011
 465.83086 17.579 0.010
 466.68212 17.552 0.011
 466.74867 17.536 0.009
 466.83367 17.537 0.009
 467.68578 17.528 0.009
 467.79038 17.536 0.010
 467.85634 17.488 0.011
 468.69669 17.499 0.009
 468.76261 17.500 0.009
 468.82123 17.482 0.009
 468.85784 17.480 0.009
 469.69337 17.501 0.010
 469.77149 17.437 0.011
 469.84047 17.486 0.011
 470.77207 17.493 0.012
 471.67921 17.464 0.010
 471.81596 17.430 0.014
 472.65385 17.417 0.009
 472.69762 17.421 0.009
 472.74144 17.431 0.010
 472.80734 17.449 0.011
 472.83684 17.409 0.013
 473.72138 17.420 0.013
 474.73340 17.372 0.010
 475.56772 17.365 0.010
 475.62648 17.395 0.010
 475.69258 17.401 0.012
 475.74474 17.370 0.011
 476.77875 17.333 0.012
 477.56446 17.324 0.009
 477.61578 17.321 0.009
 477.76322 17.329 0.009
 477.84406 17.337 0.010
 478.57062 17.310 0.009
 478.79100 17.294 0.009
 478.84996 17.303 0.009
 479.56943 17.287 0.009
 479.61328 17.292 0.009
 479.73250 17.281 0.009
 479.85091 17.307 0.011
 480.60548 17.261 0.009
 480.68665 17.268 0.008
 480.78025 17.269 0.009
 480.82434 17.255 0.009
 481.59066 17.254 0.009
 481.73905 17.236 0.009
 481.78306 17.229 0.009
 481.82696 17.207 0.009
 482.73991 17.213 0.008
 482.81780 17.213 0.009
 483.60617 17.216 0.009
 483.65061 17.211 0.009
 483.69453 17.228 0.009
 483.73845 17.182 0.009
 483.78239 17.212 0.009
 483.82631 17.241 0.011
 484.60490 17.178 0.008
 484.71355 17.174 0.008
 484.75789 17.204 0.009
 484.80190 17.171 0.009
 485.60848 17.144 0.008
 485.75542 17.152 0.008
 485.79955 17.159 0.009
 486.60500 17.159 0.009
 486.69135 17.162 0.009
 486.74709 17.133 0.009
 486.79225 17.144 0.009
 487.63204 17.140 0.007
 487.68022 17.117 0.008
 487.72808 17.116 0.008
 487.77216 17.133 0.008
 487.81632 17.134 0.009
 488.61749 17.095 0.008
 488.66141 17.097 0.007
 488.73025 17.086 0.009
 488.77427 17.112 0.009
 488.81832 17.113 0.009
 489.59318 17.083 0.007
 489.68219 17.091 0.008
 489.72613 17.081 0.008
 489.77003 17.079 0.009
 490.58644 17.070 0.007
 490.72362 17.065 0.008
 490.76770 17.072 0.008
 490.81171 17.071 0.009
 491.61098 17.052 0.007
 491.66276 17.059 0.008
 491.70693 17.032 0.008
 491.82030 17.047 0.008
 492.59511 17.012 0.008
 492.66943 17.054 0.009
 493.59816 17.018 0.007
 493.64263 17.013 0.008
 494.59289 16.992 0.007
 494.63682 17.013 0.008
 494.68100 16.991 0.007
 494.72536 17.001 0.008
 494.77030 16.946 0.006
 495.59568 16.967 0.008
 495.66931 16.963 0.009
 495.72278 16.982 0.009
 496.59101 16.981 0.008
 496.63580 16.961 0.009
 496.67989 16.954 0.009
 496.72482 16.987 0.009
 497.69385 16.925 0.008
 498.59011 16.957 0.008
 498.63416 16.936 0.007
 498.74790 16.915 0.008
 498.79185 16.949 0.008
 499.58509 16.910 0.007
 499.63077 16.920 0.007
 499.77108 16.901 0.009
 500.53976 16.909 0.008
 500.58375 16.886 0.009
 500.62777 16.890 0.009
 500.67271 16.877 0.009
 500.72381 16.918 0.009
 500.76829 16.879 0.009
 501.59197 16.894 0.008
 501.71072 16.881 0.009
 507.58042 16.822 0.007
 507.62558 16.804 0.009
 507.69739 16.795 0.009
 509.57624 16.788 0.007
 509.62337 16.772 0.007
 509.67569 16.816 0.009
 510.61787 16.779 0.007
 510.66344 16.767 0.007
 510.71102 16.780 0.008
 511.70332 16.781 0.009
 512.61007 16.751 0.008
 512.65831 16.762 0.009
 512.73265 16.740 0.007
 513.59031 16.789 0.009
 513.63588 16.731 0.006
 513.72758 16.738 0.006
 514.59854 16.727 0.006
 514.66762 16.740 0.007
 514.71797 16.731 0.007
 514.76483 16.726 0.006
 515.59267 16.714 0.006
 515.64745 16.712 0.006
 515.69568 16.714 0.007
 516.59898 16.729 0.007
 516.65318 16.710 0.007
 516.70016 16.726 0.007
 516.74668 16.717 0.007
 517.59698 16.705 0.007
 517.64680 16.712 0.007
 517.69680 16.711 0.007
 517.74296 16.694 0.007
 518.63434 16.700 0.007
 518.67958 16.681 0.007
 518.72866 16.687 0.008
 519.59493 16.677 0.006
 519.64160 16.697 0.007
 519.72400 16.667 0.007
 520.73575 16.680 0.007
 521.59127 16.680 0.007
 521.63637 16.681 0.008
 521.69917 16.683 0.009
 523.60055 16.666 0.007
 523.65350 16.665 0.006
 523.70339 16.668 0.007
 524.59302 16.649 0.007
 524.64294 16.706 0.009
 526.57991 16.638 0.008
 527.70506 16.610 0.008
 530.59523 16.631 0.009
 531.59264 16.630 0.008
 532.58211 16.578 0.007
 533.59932 16.627 0.008
 534.58855 16.588 0.007
 534.63264 16.597 0.007
 534.68441 16.631 0.009
 535.57313 16.591 0.006
 535.63339 16.590 0.007
 536.55227 16.568 0.006
 536.59742 16.582 0.007
 536.64798 16.589 0.008
 537.54686 16.565 0.006
 537.64708 16.555 0.006
 538.53489 16.579 0.007
 538.58661 16.570 0.007
 539.54347 16.549 0.006
 539.65456 16.564 0.006
 540.66029 16.546 0.006
 541.55383 16.535 0.006
 541.61089 16.543 0.006
 542.54296 16.541 0.006
 542.59481 16.540 0.006
 542.64229 16.546 0.006
 543.58122 16.531 0.006
 543.66229 16.505 0.006
 544.53393 16.533 0.006
 544.57824 16.545 0.006
 544.62252 16.522 0.006
 544.66776 16.521 0.006
 551.52369 16.478 0.006
 552.53516 16.473 0.006
 553.54050 16.502 0.007
 554.51720 16.480 0.008
 554.60266 16.476 0.009
 555.52358 16.512 0.010
 557.62412 16.494 0.009
 558.57089 16.449 0.010
 559.55472 16.453 0.008
 560.53274 16.471 0.009
 561.53277 16.451 0.008
 562.53431 16.475 0.009
 564.53553 16.456 0.009
 565.54129 16.443 0.008
 566.53528 16.448 0.007
 567.53636 16.437 0.007
 568.52162 16.437 0.009
 569.53141 16.445 0.007
 571.51725 16.433 0.007
 572.54772 16.433 0.007
 574.50980 16.445 0.007
 575.50839 16.442 0.008
 577.51733 16.438 0.007
 578.53091 16.440 0.007
 582.51306 16.443 0.008
 583.51580 16.455 0.009
 672.90130 16.623 0.007
 689.88529 16.679 0.008
 699.88653 16.716 0.008
 701.85213 16.720 0.009
 704.89467 16.780 0.009
 706.87606 16.805 0.009
 714.85190 16.837 0.008
 716.80809 16.832 0.008
 720.86441 16.888 0.009
 728.80329 16.970 0.009
 729.80332 17.000 0.010
 730.75886 17.007 0.010
 733.84986 17.031 0.011
 741.85313 17.094 0.009
 745.80795 17.176 0.010
 747.85632 17.193 0.009
 753.81018 17.217 0.010
 766.81885 17.317 0.015
 772.83800 17.394 0.012
 775.81973 17.402 0.011
 779.83839 17.424 0.011
 787.81476 17.470 0.011
 789.79878 17.462 0.012
 790.80924 17.481 0.012
 795.76689 17.477 0.012
 796.83878 17.491 0.013
 797.76658 17.491 0.012
 798.73851 17.490 0.012
 805.82340 17.473 0.018
 816.79440 17.469 0.012
 817.71364 17.458 0.011
 819.81332 17.458 0.014
 822.82752 17.420 0.010
 824.85677 17.396 0.011
 826.68025 17.421 0.012
 829.78271 17.396 0.014
 832.70709 17.424 0.012
 836.80588 17.379 0.013
 840.68524 17.344 0.014
 843.68569 17.309 0.010
 850.65928 17.290 0.011
 854.69709 17.256 0.012
 855.66399 17.198 0.015
 856.63031 17.211 0.013
 858.60286 17.231 0.012
 864.75296 17.111 0.017
 875.57820 17.022 0.009
 880.56375 17.012 0.009
 887.57714 16.939 0.009
 892.70535 16.955 0.009
 895.55148 16.839 0.009
 898.55838 16.836 0.007
 918.54661 16.636 0.010
 922.62570 16.520 0.008
 928.55162 16.449 0.009
 933.58331 16.371 0.007
 947.52296 16.114 0.007
 952.51682 16.020 0.006
1045.91147 15.421 0.006
1051.89170 15.399 0.005
1053.90716 15.405 0.005
1054.92284 15.384 0.005
1055.89534 15.410 0.005
1059.90810 15.411 0.005
1061.91784 15.435 0.006
1069.86531 15.448 0.005
1087.83743 15.534 0.005
1091.83998 15.535 0.006
1102.82235 15.604 0.005
1106.87739 15.629 0.005
1107.80516 15.646 0.005
1113.81793 15.679 0.005
1119.82267 15.718 0.006
1128.83089 15.786 0.006
1131.71648 15.819 0.006
1132.76852 15.806 0.006
1136.80180 15.843 0.006
1138.82822 15.877 0.006
1142.69292 15.912 0.006
1144.76184 15.936 0.006
1151.78771 15.992 0.006
1155.78700 16.042 0.006
1158.78450 16.078 0.006
1161.76239 16.108 0.006
1165.78314 16.145 0.006
1169.77802 16.204 0.006
1174.75181 16.262 0.006
1179.76870 16.348 0.007
1181.84078 16.369 0.007
1186.79515 16.439 0.006
1187.85641 16.433 0.006
1192.70228 16.515 0.007
1196.73521 16.600 0.008
1201.74401 16.661 0.009
1203.76385 16.680 0.008
1207.62071 16.736 0.009
1211.65848 16.807 0.009
1214.65938 16.849 0.009
1217.63419 16.888 0.009
1220.63906 16.941 0.009
1223.66529 16.991 0.009
1225.60628 17.029 0.009
1227.68672 17.066 0.012
1231.58266 17.081 0.010
1234.63091 17.145 0.011
1236.63840 17.158 0.013
1240.59083 17.188 0.011
1242.69253 17.210 0.012
1244.64216 17.250 0.011
1247.57273 17.295 0.014
1256.55744 17.376 0.013
1260.58295 17.405 0.012
1265.55790 17.467 0.015
1274.52055 17.573 0.018
1277.54008 17.569 0.016
1281.55328 17.607 0.018
1288.53831 17.611 0.018
1290.60574 17.590 0.017
1296.54307 17.661 0.019
1298.58097 17.679 0.022
1301.52271 17.648 0.020
1305.56853 17.692 0.018
1308.49808 17.674 0.016
1313.54456 17.675 0.019
1316.53640 17.631 0.020
1319.51273 17.674 0.015
1329.49126 17.594 0.020
1332.47415 17.662 0.018
1340.48597 17.628 0.020
1412.87109 17.389 0.015
1418.86832 17.312 0.013
1431.85067 17.099 0.010
1432.85669 17.103 0.011
1435.83271 17.032 0.011
1437.81665 17.033 0.010
1440.86428 16.989 0.010
1446.87633 16.948 0.012
1447.90189 16.924 0.013
1451.89461 16.890 0.010
1455.86495 16.905 0.013
1459.80363 16.879 0.009
1462.80788 16.876 0.009
1470.86827 16.845 0.009
1475.78091 16.867 0.009
1478.73626 16.840 0.009
1481.70987 16.839 0.009
1484.85934 16.840 0.009
1487.73931 16.848 0.009
1490.73612 16.841 0.009
1492.72925 16.825 0.009
1495.72774 16.831 0.009
1499.68550 16.826 0.011
1502.68079 16.793 0.009
1505.72136 16.797 0.009
1507.85478 16.808 0.009
1510.83079 16.813 0.009
1512.72756 16.806 0.009
1514.83865 16.797 0.009
1517.67410 16.808 0.009
1519.74775 16.806 0.008
1521.68347 16.797 0.009
1523.80424 16.816 0.009
1525.79860 16.799 0.009
1527.72754 16.830 0.008
1528.77391 16.822 0.008
1529.79500 16.811 0.009
1531.78811 16.830 0.009
1538.74464 16.823 0.009
1541.70075 16.833 0.008
1542.73061 16.855 0.009
1544.65666 16.862 0.009
1547.78354 16.864 0.009
1548.76116 16.918 0.009
1549.75544 16.891 0.008
1552.62015 16.927 0.009
1554.74664 16.917 0.009
1555.75335 16.931 0.009
1562.75627 16.957 0.010
1564.63486 16.984 0.011
1567.72745 17.027 0.010
1570.63274 17.028 0.009
1574.74420 17.070 0.009
1577.69388 17.066 0.009
1580.72994 17.130 0.009
1583.61531 17.167 0.011
1586.63082 17.174 0.010
1589.62013 17.209 0.011
1592.61186 17.249 0.010
1593.65466 17.263 0.013
1595.65779 17.277 0.013
1599.59748 17.367 0.011
1601.67544 17.370 0.015
1604.55699 17.441 0.013
1606.59184 17.466 0.013
1609.63321 17.551 0.014
1610.61835 17.510 0.015
1613.50939 17.584 0.018
1615.54130 17.619 0.013
1617.61271 17.664 0.015
1619.59632 17.720 0.018
1620.54754 17.743 0.018
1622.49768 17.794 0.021
1624.49423 17.835 0.025
1626.49507 17.801 0.018
1627.61616 17.818 0.023
1629.49521 17.904 0.022
1630.56666 17.922 0.018
1632.51312 17.938 0.018
1634.49086 17.998 0.020
1643.48280 18.182 0.033
1645.53297 18.043 0.044
1646.48176 18.200 0.026
1650.58346 18.136 0.049
1654.52023 18.410 0.033
1656.50641 18.447 0.030
1659.51385 18.557 0.033
1661.53783 18.594 0.033
1663.56311 18.564 0.028
1667.50476 18.643 0.044
1670.52650 18.804 0.044
1673.49693 18.783 0.053
1681.46687 18.816 0.072
1691.50573 18.996 0.058
1769.85847 19.149 0.061
1771.88528 19.127 0.075
1772.86516 19.334 0.057
1775.86624 19.348 0.065
1784.85079 19.113 0.065
1789.83954 19.276 0.037
1804.78914 19.262 0.061
1808.86972 19.036 0.052
1812.78425 19.124 0.043
1816.79562 19.183 0.046
1821.78617 19.100 0.051
1823.82830 19.015 0.039
1826.81139 18.961 0.053
1829.78503 19.095 0.054
1830.79836 19.262 0.066
1834.83732 19.080 0.053
1845.83478 18.972 0.040
1851.83215 18.973 0.046
1856.73144 18.884 0.068
1859.77447 18.809 0.036
1861.79165 18.752 0.034
1864.76911 18.771 0.034
1865.74932 18.734 0.029
1867.80310 18.696 0.032
1868.78867 18.654 0.026
1870.72192 18.592 0.029
1871.80596 18.700 0.026
1873.76548 18.598 0.028
2123.93450 18.837 0.053
2130.92356 18.990 0.068
2131.92535 18.852 0.070
2132.92352 18.932 0.066
2134.92508 18.944 0.065
2140.92475 19.125 0.073
2142.91199 19.031 0.076
2144.92237 19.155 0.067
2156.89607 19.148 0.100
2161.86302 19.076 0.085
2173.87628 19.428 0.069
2190.80798 19.316 0.073
2192.84593 19.545 0.087
2201.83238 19.480 0.070
2214.81394 19.522 0.103
2221.75684 19.484 0.106
2224.76955 19.275 0.068
2227.67217 19.312 0.069
2229.68563 19.415 0.093
2234.84416 19.664 0.116
2237.76461 19.460 0.076
2241.68986 19.248 0.080
2243.74372 19.403 0.088
2247.82559 19.213 0.068
2248.82818 19.380 0.064
2250.81497 19.285 0.070
2252.67528 19.137 0.065
2254.66634 19.166 0.055
2257.67301 19.278 0.062
2260.67972 19.155 0.068
2266.67121 19.206 0.068
2270.67890 19.091 0.053
2271.81926 19.196 0.050
2272.82721 19.275 0.086
2274.66473 19.191 0.075
2276.77484 19.115 0.062
2277.82814 18.975 0.047
2279.84574 19.225 0.061
2280.81929 19.033 0.073
2282.70891 19.247 0.065
2283.87005 19.327 0.091
2288.77751 19.186 0.093
2290.81480 19.076 0.068
2292.78782 19.298 0.095
2296.77979 18.998 0.087
2298.73650 19.107 0.074
2300.74697 19.027 0.079
2302.72365 19.117 0.087
2327.58515 19.090 0.069
2333.59517 19.057 0.084
2339.57156 19.015 0.055
2345.53263 18.950 0.062
2351.51076 18.917 0.053
2369.50827 18.587 0.044
2385.49396 18.175 0.040
2529.83955 18.082 0.029
2539.84198 18.141 0.033
2545.81155 18.191 0.034
2552.86519 18.289 0.036
2556.85656 18.344 0.031
2560.76498 18.359 0.031
2564.87325 18.450 0.036
2578.79432 18.573 0.044
2583.84872 18.645 0.050
2590.75492 18.708 0.044
2596.76753 18.681 0.052
2605.79479 18.933 0.050
2609.76695 18.847 0.063
2614.72524 18.871 0.063
2618.78021 18.929 0.054
2621.70532 18.978 0.044
2624.61127 18.916 0.066
2627.70978 19.066 0.084
2629.73273 19.028 0.058
2632.65867 19.051 0.054
2635.70591 19.129 0.050
2638.67689 19.053 0.052
2640.77378 19.131 0.066
2642.73000 19.044 0.074
2644.73270 19.153 0.062
2646.68693 19.071 0.068
2650.74250 19.008 0.059
2652.79989 19.033 0.052
2654.76530 19.104 0.070
2656.67072 19.153 0.070
2658.63247 19.124 0.064
2660.65080 19.146 0.064
2662.66174 19.032 0.060
2664.64180 19.079 0.061
2666.70519 19.062 0.047
2668.69131 19.093 0.062
2670.65343 19.118 0.083
2672.79219 19.057 0.062
2674.69294 19.093 0.062
2676.68205 19.077 0.058
2678.73530 19.069 0.063
2680.64606 19.018 0.059
2682.69211 19.041 0.075
2687.57192 19.116 0.072
2693.53115 19.053 0.051
2696.56788 18.872 0.058
2701.54953 18.887 0.066
2707.55130 19.015 0.064
2714.54340 18.878 0.065
2839.92000 17.683 0.021
2867.89101 17.371 0.018
2885.86870 17.301 0.015
2892.89721 17.260 0.017
2897.86612 17.269 0.016
2907.78634 17.194 0.013
2911.82373 17.200 0.012
2916.87415 17.178 0.013
2922.85785 17.193 0.018
2926.78955 17.187 0.014
2930.85923 17.156 0.013
2934.76126 17.154 0.012
2940.74111 17.149 0.013
2943.74630 17.168 0.014
2947.75495 17.161 0.014
2949.84495 17.167 0.012
2953.71209 17.146 0.015
2956.73743 17.150 0.012
2958.76379 17.168 0.015
2962.77629 17.165 0.011
2965.79932 17.172 0.013
2968.66661 17.175 0.015
2973.79011 17.160 0.012
2976.80254 17.155 0.013
2978.71019 17.175 0.014
2980.72261 17.161 0.013
2982.71533 17.170 0.013
2984.76246 17.194 0.013
2986.84513 17.179 0.015
2988.81550 17.186 0.013
2989.77081 17.179 0.012
2991.66595 17.194 0.013
2993.68638 17.211 0.015
2995.75421 17.215 0.013
2997.73190 17.195 0.014
3001.79094 17.227 0.014
3003.76159 17.223 0.014
3005.72343 17.229 0.014
3007.64485 17.231 0.013
3009.64270 17.256 0.014
3011.74228 17.271 0.017
3017.74779 17.310 0.014
3019.67582 17.333 0.015
3021.79439 17.329 0.014
3023.65617 17.346 0.013
3025.62407 17.326 0.014
3027.67345 17.358 0.013
3029.65848 17.382 0.014
3031.72840 17.389 0.016
3033.79204 17.399 0.013
3035.79887 17.442 0.015
3038.77649 17.437 0.017
3041.61700 17.470 0.019
3043.65104 17.472 0.019
3045.71396 17.493 0.018
3047.66771 17.493 0.018
3048.59649 17.515 0.013
3050.61600 17.533 0.014
3052.61720 17.545 0.017
3054.61742 17.562 0.018
3056.60987 17.569 0.016
3058.60386 17.660 0.018
3060.65346 17.595 0.018
3068.53938 17.715 0.022
3070.60029 17.747 0.028
3073.63148 17.725 0.024
3076.54509 17.739 0.027
3078.64050 17.784 0.018
3082.61831 17.825 0.017
3085.51940 17.835 0.023
3087.65759 17.855 0.029
3090.62374 17.885 0.024
3096.53962 17.878 0.029
3099.60940 17.929 0.033
3102.58801 17.956 0.026
3104.57473 17.972 0.027
3110.55650 17.949 0.028
3113.53441 18.007 0.030
3128.50692 18.032 0.032
3140.51391 18.105 0.028
3216.87814 17.661 0.025
3248.86326 17.511 0.019
3257.89160 17.464 0.014
3264.81294 17.375 0.012
3270.87973 17.309 0.013
3274.76538 17.204 0.016
3277.88741 17.197 0.013
3287.76907 17.033 0.010
3295.72749 16.879 0.008
3301.78100 16.761 0.011
3304.84134 16.713 0.009
3307.71488 16.664 0.012
3309.74710 16.641 0.009
3311.74507 16.612 0.009
3320.78803 16.535 0.008
3323.73416 16.539 0.008
3327.76000 16.489 0.008
3330.71865 16.502 0.009
3334.81758 16.462 0.009
3338.86601 16.432 0.009
3339.76535 16.448 0.009
3354.78126 16.367 0.008
3358.82996 16.311 0.007
3365.76005 16.242 0.007
3372.77645 16.209 0.007
3378.68907 16.190 0.007
3391.75682 16.122 0.007
3395.71941 16.121 0.008
3399.72563 16.111 0.007
3403.71297 16.110 0.007
3406.68250 16.108 0.006
3410.63545 16.116 0.006
3415.63265 16.140 0.007
3420.62241 16.131 0.007
3427.59637 16.151 0.007
3433.61897 16.166 0.007
3438.54817 16.168 0.006
3446.50533 16.188 0.008
3461.52273 16.244 0.008
3473.48206 16.305 0.008
3575.94071 17.264 0.016
3592.93256 17.378 0.012
3619.83448 17.361 0.013
3629.90796 17.278 0.015
3633.87299 17.251 0.013
3639.78547 17.258 0.011
3644.82209 17.212 0.011
3651.76525 17.184 0.011
3654.81277 17.160 0.011
3658.77679 17.178 0.014
3661.84749 17.189 0.014
3668.82022 17.117 0.012
3672.80849 17.101 0.011
3676.76528 17.089 0.011
3684.82727 17.053 0.010
3687.80168 17.051 0.010
3690.72154 17.048 0.012
3693.75556 17.031 0.011
3695.78832 17.030 0.010
3698.77007 17.042 0.012
3700.79865 16.974 0.009
3703.72953 17.024 0.010
3705.79670 16.995 0.009
3708.78463 16.999 0.011
3712.74225 17.000 0.010
3714.81248 16.995 0.010
3717.67492 16.989 0.011
3719.84744 17.000 0.013
3721.80841 16.975 0.010
3726.70425 17.007 0.013
3730.73649 16.981 0.009
3732.72858 16.962 0.009
3734.85942 16.957 0.011
3737.76036 16.941 0.009
3739.83034 16.932 0.010
3741.84328 16.956 0.013
3743.74041 16.915 0.010
3746.78292 16.855 0.012
3748.73612 16.866 0.011
3749.74170 16.859 0.011
3751.75306 16.845 0.010
3753.70456 16.801 0.009
3755.70556 16.798 0.009
3757.69542 16.788 0.009
3759.76021 16.738 0.009
3762.78172 16.700 0.010
3765.76881 16.628 0.008
3770.64132 16.529 0.007
3773.70740 16.487 0.009
3776.67772 16.417 0.009
3779.63230 16.379 0.010
3782.74590 16.278 0.008
3787.60911 16.191 0.007
3792.55983 16.139 0.007
3800.54182 16.075 0.007
3809.54906 16.022 0.008
3823.50916 15.984 0.007
3946.93135 16.269 0.009
3964.88773 16.355 0.007
3969.91854 16.412 0.008
3981.88634 16.507 0.009
3989.91496 16.609 0.011
3998.87866 16.678 0.009
3999.84114 16.697 0.009
4001.89016 16.731 0.008
4004.85413 16.772 0.009
4005.86808 16.775 0.009
4008.73435 16.813 0.009
4011.90124 16.866 0.012
4018.86402 16.924 0.009
4024.73147 16.998 0.009
4026.80453 17.024 0.009
4029.75376 17.059 0.011
4032.76906 17.120 0.014
4038.73513 17.213 0.012
4041.69639 17.229 0.013
4043.70124 17.241 0.014
4046.79297 17.248 0.015
4049.66390 17.311 0.013
4052.72531 17.332 0.013
4056.77013 17.384 0.013
4058.80246 17.405 0.012
4063.70106 17.459 0.012
4066.75837 17.477 0.014
4068.66326 17.525 0.014
4070.68835 17.552 0.016
4074.75598 17.555 0.018
4077.80450 17.588 0.016
4079.84939 17.563 0.016
4083.69496 17.623 0.020
4085.76069 17.652 0.018
4093.74522 17.660 0.014
4102.85775 17.741 0.021
4105.81779 17.739 0.019
4109.78766 17.745 0.016
4113.74349 17.734 0.015
4120.77372 17.783 0.017
4122.73018 17.725 0.016
4125.78445 17.698 0.019
4132.67221 17.764 0.020
4142.72319 17.662 0.025
4156.55829 17.573 0.018
4168.51294 17.501 0.019
4197.49220 17.295 0.018
4341.92462 15.850 0.008
4347.87554 15.887 0.007
4353.80951 15.936 0.007
4358.90781 15.985 0.008
4364.87223 16.035 0.008
4367.89668 16.039 0.008
4371.76197 16.089 0.008
4377.81834 16.156 0.008
4380.83327 16.189 0.008
4386.80899 16.267 0.009
4390.77090 16.303 0.008
4394.72705 16.337 0.008
4399.74500 16.394 0.011
4412.72350 16.539 0.009
4418.81690 16.601 0.009
4421.86271 16.635 0.011
4426.76061 16.715 0.012
4430.68799 16.766 0.013
4432.74718 16.770 0.009
4436.78711 16.833 0.013
4439.85219 16.874 0.014
4443.74022 16.933 0.013
4449.70309 17.002 0.011
4451.71284 17.048 0.014
4455.71192 17.081 0.014
4457.74238 17.126 0.014
4460.81402 17.133 0.017
4463.73231 17.188 0.012
4466.72131 17.243 0.012
4470.66877 17.292 0.015
4473.71150 17.340 0.015
4477.76998 17.386 0.017
4482.77380 17.433 0.019
4486.75162 17.499 0.018
4491.72515 17.560 0.023
4494.67051 17.627 0.024
4498.70324 17.657 0.018
4501.70049 17.655 0.021
4506.63461 17.736 0.021
4508.65764 17.770 0.019
4510.72722 17.797 0.022
4517.66144 17.886 0.027
4521.64198 17.942 0.024
4524.60471 17.964 0.024
4530.63068 18.027 0.025
4532.65643 17.994 0.026
4536.62867 18.059 0.026
4539.51064 18.099 0.028
4541.61978 18.109 0.030
4545.54988 18.155 0.029
4556.58589 18.100 0.030
4561.57696 18.234 0.028
4568.53157 18.254 0.030
4588.48257 18.252 0.033
4607.47184 18.326 0.051
4683.92716 18.004 0.028
4697.88388 17.707 0.031
4708.86144 17.420 0.014
4720.79997 17.188 0.013
4724.85322 17.175 0.014
4728.84718 17.154 0.016
4733.85063 17.156 0.013
4748.80945 17.202 0.011
4749.69009 17.177 0.016
4750.79529 17.230 0.016
4752.88956 17.202 0.018
4757.78005 17.206 0.013
4760.78187 17.211 0.012
4763.84069 17.236 0.016
4769.71047 17.245 0.017
4772.72956 17.243 0.014
4775.75985 17.272 0.015
4777.68282 17.293 0.015
4777.77383 17.264 0.013
4778.67692 17.248 0.015
4779.67786 17.309 0.015
4780.69003 17.285 0.016
4780.85359 17.322 0.015
4781.65357 17.300 0.015
4781.80313 17.290 0.017
4782.64840 17.312 0.016
4783.67611 17.302 0.014
4784.72445 17.355 0.020
4788.82093 17.338 0.013
4791.83131 17.339 0.015
4792.69199 17.343 0.016
4794.80296 17.329 0.015
4796.68187 17.344 0.015
4797.82229 17.334 0.014
4800.79887 17.340 0.012
4803.64471 17.350 0.017
4805.74293 17.363 0.014
4806.65677 17.366 0.016
4806.79260 17.346 0.014
4807.78936 17.354 0.013
4808.68333 17.346 0.015
4809.72812 17.360 0.015
4812.76361 17.361 0.021
4814.76400 17.365 0.017
4816.76081 17.361 0.015
4818.78837 17.396 0.016
4820.76576 17.392 0.014
4823.79211 17.398 0.013
4824.66154 17.390 0.013
4825.66594 17.391 0.014
4826.70903 17.418 0.015
4833.71933 17.384 0.013
4834.64295 17.384 0.017
4834.85793 17.398 0.018
4835.70558 17.439 0.015
4837.71036 17.393 0.016
4837.75393 17.419 0.018
4838.64603 17.429 0.016
4838.81206 17.389 0.013
4839.65223 17.395 0.016
4839.80415 17.393 0.014
4840.63337 17.398 0.018
4840.82224 17.418 0.018
4841.77426 17.431 0.018
4842.63120 17.441 0.016
4843.76983 17.382 0.020
4846.73840 17.455 0.016
4848.74608 17.451 0.016
4853.76818 17.447 0.017
4855.78361 17.522 0.021
4857.76182 17.457 0.019
4859.75152 17.474 0.018
4865.73799 17.544 0.018
4868.73104 17.556 0.018
4871.65422 17.553 0.019
4874.59453 17.601 0.017
4876.56455 17.664 0.017
4878.67101 17.693 0.018
4879.64390 17.739 0.017
4885.57518 17.754 0.019
4888.65852 17.798 0.023
4890.52810 17.788 0.021
4890.61193 17.807 0.018
4891.54573 17.804 0.019
4891.63450 17.828 0.019
4892.53379 17.832 0.024
4899.53139 17.894 0.028
4900.68930 17.905 0.030
4901.52369 17.940 0.033
4901.66451 17.994 0.035
4902.56668 17.909 0.030
4902.65362 17.974 0.033
4903.51864 18.018 0.033
4904.53588 17.947 0.035
4905.53744 17.996 0.025
4908.61254 18.013 0.027
4917.55764 18.194 0.025
4921.57939 18.253 0.028
4927.57291 18.367 0.045
4931.58022 18.335 0.046
4935.54695 18.503 0.039
4939.55392 18.562 0.038
4943.55112 18.458 0.050
4944.47840 18.681 0.046
4945.47447 18.673 0.047
4946.47263 18.595 0.053
4947.47014 18.650 0.060
4948.46662 18.616 0.058
4948.53431 18.616 0.045
4953.52682 18.764 0.053
