2112.94236 17.334 0.010
2116.94096 17.368 0.012
2122.92512 17.363 0.008
2128.93121 17.315 0.011
2135.92855 17.345 0.009
2143.91908 17.320 0.008
2990.67416 17.325 0.008
3008.81308 17.380 0.008
3326.74263 17.414 0.008
3336.74835 17.329 0.010
3341.85401 17.366 0.011
3351.71602 17.345 0.008
3356.67912 17.357 0.008
3361.65237 17.341 0.009
3370.71876 17.341 0.009
3376.69909 17.348 0.008
3385.72082 17.342 0.008
3391.61622 17.356 0.009
3406.64153 17.346 0.008
3714.77274 17.336 0.008
3721.82336 17.352 0.010
3728.66638 17.377 0.008
3737.72063 17.341 0.008
3746.64782 17.357 0.009
3754.57556 17.356 0.008
3763.61386 17.336 0.008
3773.66643 17.415 0.009
4058.73381 17.339 0.008
4070.72897 17.354 0.009
4077.76399 17.319 0.010
4098.68871 17.347 0.008
4105.74054 17.336 0.010
4112.74342 17.345 0.008
4132.68740 17.360 0.011
4371.87119 17.345 0.010
4380.84810 17.326 0.008
4394.74173 17.399 0.010
4408.74330 17.343 0.010
4421.82268 17.322 0.008
4430.83501 17.336 0.012
4434.84596 17.332 0.009
4452.70781 17.413 0.009
4459.69270 17.339 0.011
4467.71687 17.389 0.008
4477.79373 17.320 0.009
4482.73267 17.365 0.008
4486.76670 17.340 0.012
4511.59596 17.329 0.009
4557.57715 17.351 0.010
4773.73028 17.333 0.008
4773.85838 17.350 0.009
4774.67256 17.349 0.009
4781.81778 17.351 0.009
4835.68668 17.318 0.009
4836.65729 17.347 0.009
4836.80524 17.344 0.008
4837.70117 17.354 0.010
4896.54222 17.330 0.008
4899.52705 17.361 0.013
4900.69739 17.335 0.014
4901.53614 17.360 0.015
