2996.70445 15.917 0.005
3028.68830 15.792 0.005
3331.75574 15.913 0.005
3341.76081 15.989 0.005
3352.71741 15.984 0.005
3357.65304 15.951 0.005
3362.72723 15.909 0.005
3365.66160 15.883 0.005
3370.69358 15.834 0.005
3375.71298 15.819 0.005
3381.67331 15.837 0.005
3389.63123 15.884 0.005
3397.67845 15.953 0.005
3719.69319 15.804 0.005
3722.77758 15.809 0.005
3727.71578 15.823 0.004
3737.61001 15.838 0.005
3746.62064 15.854 0.005
3753.62206 15.853 0.005
3760.64467 15.870 0.005
3771.62219 15.839 0.005
4064.68928 15.773 0.004
4073.66908 15.832 0.005
4082.71085 15.853 0.005
4093.70857 15.859 0.004
4112.65707 15.787 0.004
4120.67707 15.778 0.004
4393.82180 15.920 0.005
4403.77836 15.890 0.006
4411.80132 15.868 0.005
4417.79367 15.861 0.005
4431.78825 15.863 0.006
4441.75487 15.869 0.005
4458.70974 15.862 0.006
4466.68597 15.884 0.005
4473.64776 15.901 0.005
4481.80560 15.929 0.005
4487.77594 15.948 0.006
4510.59886 15.945 0.005
4724.87624 15.924 0.005
4774.87593 15.843 0.007
4791.73914 15.845 0.005
4893.57141 15.966 0.005
4894.59045 15.963 0.005
