 467.71448 16.044 0.012
 471.74501 16.072 0.009
 478.63432 16.137 0.009
 479.64381 16.138 0.012
 479.68655 16.124 0.011
 480.72783 16.105 0.007
 481.65941 16.143 0.007
 484.63408 16.170 0.007
 485.68625 16.164 0.012
 490.63946 16.220 0.009
 493.68612 16.246 0.009
 498.67347 16.277 0.009
 501.63848 16.312 0.008
 515.73733 16.440 0.011
 538.64261 16.719 0.012
 539.58287 16.727 0.013
 551.58984 16.982 0.008
 552.57474 16.968 0.010
 553.57203 16.978 0.014
 559.60629 17.121 0.022
 797.81016 16.126 0.010
 821.70259 16.361 0.009
 835.74058 16.538 0.010
 845.70710 16.708 0.009
 857.65471 16.892 0.011
 859.61867 16.907 0.010
 881.67503 17.240 0.020
1178.81002 16.880 0.013
1182.76186 16.917 0.011
1190.76696 16.996 0.011
1193.72028 17.025 0.011
1205.67926 17.124 0.010
1212.63587 17.174 0.012
1220.68048 17.277 0.011
1229.60663 17.367 0.013
1239.57586 17.469 0.017
1247.61679 17.584 0.013
1291.52256 17.379 0.020
1511.82958 17.056 0.011
1515.80339 17.144 0.012
1524.71241 17.248 0.011
1543.78542 17.395 0.013
1550.77526 17.444 0.017
1572.76099 17.460 0.016
1573.80424 17.508 0.017
1587.68023 17.459 0.013
1618.62268 17.189 0.014
1624.59006 17.101 0.013
1631.57192 17.033 0.016
2994.70060 16.778 0.007
3010.74403 16.432 0.008
3326.78456 15.794 0.005
3336.82062 15.750 0.005
3352.75471 15.728 0.005
3357.72356 15.708 0.005
3362.80083 15.691 0.005
3365.78819 15.723 0.005
3372.80387 15.741 0.005
3381.71155 15.776 0.005
3386.80831 15.845 0.005
3717.70241 15.978 0.006
3720.78721 15.976 0.005
3732.79351 16.084 0.005
3740.66121 16.166 0.005
3749.71267 16.273 0.006
3756.66610 16.373 0.005
3766.64165 16.545 0.006
3774.56843 16.688 0.007
4059.69941 16.209 0.005
4072.78513 16.305 0.006
4078.65314 16.357 0.005
4098.73027 16.533 0.006
4109.81476 16.624 0.006
4372.88208 16.134 0.005
4382.88961 16.181 0.006
4394.84019 16.245 0.005
4409.77617 16.321 0.006
4422.76222 16.394 0.006
4461.68870 16.862 0.008
4468.76515 16.990 0.008
4476.73087 17.136 0.008
4483.82661 17.277 0.008
4511.63887 17.758 0.011
4557.59425 17.082 0.008
4789.78184 17.376 0.008
4824.73589 18.018 0.011
4825.67839 18.035 0.011
4826.78638 18.033 0.011
4865.64522 17.769 0.010
4866.60925 17.764 0.011
4867.60997 17.727 0.012
4867.72920 17.690 0.009
4884.55477 17.411 0.009
4884.66223 17.441 0.009
4885.52714 17.427 0.009
4885.61884 17.402 0.008
4885.65930 17.444 0.008
4886.52597 17.351 0.008
4886.62390 17.369 0.008
4886.66858 17.386 0.008
4886.70015 17.383 0.008
4887.52557 17.406 0.008
4887.59267 17.351 0.008
4888.52267 17.364 0.009
4888.59453 17.368 0.008
4888.63849 17.358 0.008
4889.59229 17.342 0.008
4889.65788 17.341 0.008
4890.52043 17.329 0.008
4890.62871 17.334 0.008
4890.66924 17.335 0.008
4891.53704 17.333 0.008
4891.59808 17.308 0.008
4891.65819 17.327 0.008
4892.52498 17.280 0.008
4892.59719 17.306 0.008
4892.66576 17.335 0.008
4893.53944 17.291 0.008
4893.60389 17.206 0.008
4893.64394 17.237 0.008
4894.55789 17.273 0.008
4894.62292 17.264 0.008
4894.65444 17.267 0.008
4895.52332 17.227 0.008
4895.60646 17.258 0.008
4895.66818 17.260 0.008
4896.51175 17.228 0.008
4896.57922 17.246 0.008
4896.63392 17.271 0.008
4897.51358 17.221 0.008
4897.57026 17.204 0.009
4897.61875 17.241 0.008
4898.53540 17.183 0.010
4898.58759 17.193 0.010
4899.51421 17.172 0.009
4899.61048 17.185 0.010
4900.51304 17.173 0.011
4900.55413 17.157 0.010
4900.59829 17.180 0.010
4901.51561 17.121 0.012
4902.55867 17.123 0.011
4903.51092 17.094 0.009
4904.51953 17.051 0.008
4904.57519 17.112 0.008
4905.51238 17.059 0.008
4907.56608 17.011 0.007
4908.50288 17.024 0.007
4911.57121 16.973 0.007
4913.50213 16.961 0.007
4914.55559 16.922 0.007
4916.51347 16.931 0.007
4917.49844 16.920 0.007
4918.49841 16.928 0.007
4919.49781 16.929 0.007
4921.49613 16.914 0.007
4924.49475 16.872 0.007
4925.49338 16.899 0.008
4927.50855 16.882 0.008
4928.52060 16.883 0.008
4929.48875 16.831 0.009
4930.49577 16.878 0.009
4931.51594 16.875 0.009
4933.48349 16.885 0.007
4934.49278 16.850 0.007
4935.48257 16.828 0.007
4936.48875 16.829 0.006
4937.48756 16.795 0.006
4938.48389 16.806 0.007
4939.48965 16.785 0.006
4940.50095 16.770 0.006
4941.49691 16.734 0.007
4942.50051 16.724 0.006
4943.48132 16.715 0.006
4944.50180 16.687 0.006
4945.49748 16.654 0.006
4946.50342 16.654 0.006
4947.48649 16.651 0.006
4948.48222 16.640 0.006
4949.48075 16.579 0.005
4950.47513 16.560 0.006
4953.50261 16.504 0.006
4954.48536 16.481 0.007
4955.46844 16.470 0.006
