2165.84172 15.368 0.007
2171.86412 15.326 0.006
2183.82360 15.354 0.008
2184.82308 15.346 0.008
2188.87359 15.336 0.007
2191.78470 15.325 0.006
2200.80531 15.356 0.007
2206.74148 15.338 0.007
2216.86891 15.346 0.007
2223.72862 15.317 0.007
2226.70420 15.334 0.007
2228.72423 15.322 0.006
2228.74792 15.338 0.007
2230.65965 15.348 0.007
2232.68142 15.348 0.007
2234.67452 15.346 0.007
2238.61912 15.339 0.007
2240.72133 15.334 0.006
2240.75416 15.333 0.007
2242.73223 15.318 0.006
2244.80681 15.335 0.007
2249.65126 15.322 0.006
2249.67501 15.349 0.006
2251.82492 15.352 0.006
2253.66515 15.355 0.007
2256.66946 15.354 0.007
2259.63826 15.346 0.006
2259.66215 15.353 0.006
2262.66741 15.349 0.007
2269.72858 15.368 0.007
2273.61991 15.363 0.007
2277.67809 15.330 0.006
2279.70463 15.341 0.006
2281.69672 15.340 0.006
2283.72249 15.341 0.006
2288.71105 15.349 0.006
2290.74580 15.355 0.007
2292.72062 15.346 0.007
2294.68827 15.341 0.007
2296.70984 15.346 0.007
2298.66592 15.355 0.007
2300.67798 15.358 0.007
2302.65382 15.359 0.007
2304.65724 15.369 0.007
2316.52921 15.349 0.007
2322.57004 15.341 0.007
2325.57393 15.356 0.007
2331.51292 15.357 0.007
2337.53547 15.353 0.007
2345.49522 15.350 0.008
2350.49726 15.347 0.007
2365.51395 15.339 0.007
2370.50135 15.345 0.006
2400.51316 15.338 0.007
2519.88910 15.353 0.007
2526.86870 15.342 0.007
2541.86301 15.361 0.007
2544.78976 15.356 0.007
2551.78975 15.348 0.007
2554.88219 15.342 0.007
2558.85831 15.340 0.006
2558.88383 15.350 0.007
2562.87452 15.352 0.006
2563.77162 15.367 0.007
2571.82947 15.343 0.007
2577.76800 15.357 0.007
2580.77256 15.368 0.006
2580.79673 15.376 0.007
2588.80896 15.326 0.006
2588.83490 15.344 0.007
2593.79810 15.327 0.006
2594.71242 15.332 0.007
2599.71802 15.357 0.006
2599.74367 15.356 0.007
2607.70812 15.353 0.007
2617.66577 15.386 0.006
2617.69654 15.380 0.007
2620.60934 15.379 0.006
2620.66470 15.356 0.007
2622.78507 15.373 0.006
2622.81124 15.356 0.007
2624.77972 15.359 0.006
2624.80495 15.334 0.007
2625.78618 15.338 0.007
2631.58976 15.351 0.007
2631.77369 15.355 0.006
2634.56847 15.367 0.007
2637.58221 15.358 0.006
2640.62182 15.377 0.006
2640.65264 15.352 0.007
2642.62005 15.360 0.006
2642.64482 15.346 0.007
2644.61027 15.366 0.006
2644.63456 15.361 0.008
2646.62934 15.349 0.007
2649.62848 15.352 0.006
2650.59513 15.371 0.007
2651.67482 15.377 0.006
2652.60781 15.369 0.007
2654.71203 15.374 0.007
2656.70858 15.358 0.006
2657.65914 15.342 0.007
2658.69495 15.344 0.006
2659.74037 15.336 0.007
2661.73963 15.326 0.007
2663.61801 15.350 0.006
2663.66648 15.340 0.007
2665.70976 15.337 0.007
2667.60848 15.352 0.006
2667.63253 15.353 0.007
2669.64654 15.372 0.006
2669.67909 15.362 0.007
2671.57776 15.363 0.006
2671.60791 15.362 0.007
2673.58598 15.370 0.006
2673.61240 15.358 0.007
2675.58555 15.355 0.006
2675.60971 15.357 0.007
2677.58339 15.353 0.006
2677.60761 15.353 0.007
2679.60885 15.354 0.006
2679.67085 15.343 0.007
2681.65679 15.347 0.007
2685.60373 15.363 0.007
2690.55332 15.381 0.008
2694.54827 15.361 0.007
2699.51434 15.357 0.007
2705.52109 15.362 0.007
2711.54778 15.360 0.007
2730.50589 15.340 0.006
2731.50212 15.334 0.007
2872.85272 15.346 0.007
2872.87809 15.331 0.006
2883.86625 15.342 0.007
2884.81510 15.331 0.006
2886.83492 15.346 0.007
2888.84782 15.349 0.006
2892.83145 15.361 0.007
2893.83929 15.340 0.006
2896.80593 15.345 0.007
2897.80090 15.353 0.006
2900.89424 15.341 0.007
2905.88317 15.349 0.007
2910.79370 15.361 0.007
2915.77270 15.356 0.006
2915.79912 15.355 0.007
2921.77455 15.341 0.006
2921.80133 15.346 0.007
2924.86432 15.347 0.006
2925.74463 15.358 0.007
2929.77054 15.348 0.007
2932.83016 15.342 0.006
2932.85558 15.337 0.007
2939.73446 15.356 0.007
2941.80616 15.368 0.006
2942.71265 15.372 0.007
2946.73324 15.346 0.007
2949.71686 15.347 0.007
2952.70791 15.355 0.007
2955.74443 15.375 0.006
2955.76952 15.370 0.007
2957.67696 15.359 0.006
2957.70215 15.366 0.007
2960.69788 15.376 0.006
2960.72760 15.357 0.006
2960.82433 15.354 0.007
2963.70988 15.336 0.007
2966.67680 15.335 0.007
2968.81315 15.356 0.006
2968.84061 15.345 0.007
2971.82050 15.367 0.006
2972.67645 15.353 0.007
2975.61880 15.360 0.006
2975.64991 15.360 0.007
2977.70988 15.361 0.006
2977.72065 15.340 0.007
2979.74374 15.350 0.006
2979.77269 15.333 0.007
2981.78007 15.361 0.007
2982.85839 15.336 0.006
2983.65465 15.350 0.006
2983.68082 15.344 0.007
2985.83568 15.354 0.006
2986.66312 15.362 0.007
2988.62908 15.359 0.007
2990.75862 15.352 0.007
2990.78668 15.353 0.006
2992.60872 15.353 0.006
2992.64048 15.365 0.007
2994.74231 15.323 0.007
2996.61770 15.338 0.007
2998.59983 15.344 0.007
2999.61425 15.339 0.006
3000.61795 15.350 0.007
3002.60259 15.356 0.007
3004.60547 15.372 0.007
3006.65452 15.372 0.007
3007.60859 15.347 0.006
3008.60559 15.354 0.007
3010.62577 15.341 0.007
3011.63860 15.352 0.006
3012.72115 15.323 0.007
3013.61409 15.316 0.006
3016.61451 15.329 0.006
3016.63976 15.338 0.007
3018.59967 15.328 0.006
3018.62516 15.351 0.007
3020.66622 15.364 0.007
3022.73179 15.345 0.006
3024.68014 15.361 0.007
3026.64916 15.360 0.006
3028.65469 15.345 0.006
3030.68998 15.331 0.007
3033.60625 15.348 0.007
3035.61821 15.347 0.007
3038.59908 15.357 0.007
3041.52469 15.357 0.007
3042.55598 15.363 0.006
3043.55409 15.364 0.007
3045.56792 15.328 0.006
3045.59324 15.349 0.007
3047.54765 15.355 0.007
3049.55224 15.345 0.007
3051.54484 15.354 0.007
3053.54112 15.356 0.007
3055.53985 15.359 0.007
3057.53904 15.366 0.007
3059.53762 15.372 0.007
3061.53184 15.351 0.007
3064.55474 15.372 0.007
3067.54258 15.363 0.007
3069.52754 15.357 0.007
3072.52578 15.355 0.007
3075.52637 15.348 0.007
3077.61106 15.369 0.007
3081.60253 15.367 0.007
3084.50881 15.351 0.007
3086.54730 15.344 0.007
3089.53310 15.337 0.007
3092.48992 15.391 0.006
3092.51716 15.364 0.007
3098.51448 15.397 0.007
3101.48314 15.347 0.007
3103.47994 15.350 0.007
3109.48207 15.357 0.007
3113.47011 15.359 0.007
3123.50298 15.358 0.007
3133.47655 15.377 0.007
3230.87569 15.370 0.006
3238.84914 15.334 0.006
3238.85925 15.343 0.007
3246.89113 15.333 0.007
3254.87930 15.336 0.006
3261.88683 15.339 0.006
3262.85393 15.344 0.006
3268.77714 15.346 0.006
3272.89180 15.339 0.006
3275.89059 15.343 0.007
3280.85937 15.321 0.006
3280.89017 15.358 0.006
3283.80526 15.343 0.006
3283.83195 15.355 0.006
3289.74547 15.334 0.006
3294.75008 15.343 0.006
3296.69946 15.341 0.006
3298.75375 15.338 0.006
3298.77957 15.355 0.006
3300.81036 15.362 0.006
3300.83553 15.380 0.006
3303.74278 15.363 0.007
3306.71652 15.363 0.006
3306.74422 15.375 0.007
3308.73574 15.347 0.006
3308.76100 15.355 0.007
3310.76829 15.354 0.006
3310.79335 15.352 0.007
3314.68950 15.333 0.006
3314.71468 15.358 0.007
3321.61009 15.352 0.006
3321.63514 15.339 0.007
3325.69689 15.350 0.006
3329.72957 15.342 0.006
3332.69805 15.370 0.006
3334.62578 15.373 0.007
3335.82328 15.369 0.006
3336.68756 15.367 0.006
3338.67920 15.371 0.006
3340.80875 15.360 0.006
3349.63154 15.337 0.006
3349.65664 15.346 0.007
3352.79773 15.362 0.006
3355.69648 15.366 0.006
3359.61683 15.353 0.006
3360.63120 15.334 0.006
3366.67960 15.358 0.006
3377.63610 15.349 0.006
3379.74334 15.365 0.006
3386.64640 15.343 0.006
3390.75556 15.357 0.006
3395.75955 15.345 0.007
3398.63276 15.336 0.007
3400.61244 15.353 0.007
3403.62193 15.355 0.007
3406.55071 15.369 0.006
3406.60941 15.367 0.007
3410.57404 15.353 0.006
3414.56233 15.327 0.007
3415.59629 15.345 0.006
3422.52205 15.347 0.006
3429.57381 15.342 0.007
3434.56310 15.332 0.006
3444.49952 15.355 0.007
3450.53335 15.361 0.007
3568.93962 15.334 0.006
3569.94253 15.326 0.007
3591.91014 15.335 0.006
3592.86998 15.342 0.006
3608.87681 15.351 0.006
3608.90261 15.350 0.006
3614.85976 15.328 0.006
3615.89638 15.340 0.006
3621.89221 15.354 0.006
3628.87168 15.345 0.006
3628.89658 15.352 0.007
3633.74277 15.342 0.006
3633.76925 15.335 0.007
3638.79851 15.351 0.006
3639.74847 15.351 0.006
3641.74235 15.350 0.006
3641.76860 15.341 0.006
3646.80342 15.336 0.006
3646.82830 15.345 0.007
3652.85520 15.349 0.006
3652.88819 15.342 0.007
3656.81875 15.347 0.006
3661.72916 15.335 0.006
3661.75418 15.351 0.007
3665.73256 15.348 0.006
3665.75746 15.351 0.006
3671.72348 15.366 0.006
3673.87082 15.354 0.006
3674.84563 15.350 0.006
3683.73641 15.355 0.006
3683.76149 15.357 0.006
3686.78249 15.385 0.006
3686.80941 15.367 0.006
3689.72432 15.376 0.006
3692.62102 15.381 0.006
3692.64741 15.335 0.007
3695.68652 15.361 0.006
3695.71141 15.343 0.006
3698.66914 15.341 0.007
3700.68361 15.352 0.006
3700.70852 15.330 0.006
3702.76979 15.352 0.006
3702.79608 15.352 0.006
3704.85942 15.362 0.006
3705.70289 15.354 0.006
3707.64290 15.356 0.006
3707.67791 15.331 0.006
3712.83316 15.361 0.006
3712.85828 15.349 0.006
3715.83096 15.355 0.007
3716.65202 15.368 0.006
3718.63268 15.356 0.007
3720.63475 15.375 0.006
3721.61588 15.371 0.007
3724.66645 15.366 0.006
3725.68307 15.362 0.007
3727.60128 15.362 0.006
3727.62740 15.358 0.007
3731.65774 15.354 0.006
3736.61351 15.351 0.006
3736.63861 15.359 0.006
3739.58810 15.368 0.006
3739.64197 15.365 0.006
3741.65693 15.354 0.007
3742.63871 15.373 0.006
3745.58767 15.349 0.006
3745.72742 15.362 0.006
3747.70086 15.350 0.007
3748.58778 15.375 0.006
3749.58356 15.380 0.007
3750.61360 15.360 0.006
3751.68769 15.365 0.006
3752.56823 15.367 0.006
3754.54949 15.361 0.007
3755.58007 15.375 0.006
3756.71561 15.368 0.006
3758.58408 15.378 0.006
3758.63971 15.374 0.007
3760.71952 15.373 0.006
3761.68701 15.345 0.006
3762.59674 15.357 0.006
3764.66415 15.344 0.006
3766.57825 15.350 0.006
3769.57923 15.354 0.006
3769.66250 15.354 0.006
3772.60213 15.371 0.006
3772.63036 15.364 0.006
3775.57507 15.379 0.006
3775.60150 15.382 0.007
3778.57574 15.364 0.006
3778.60070 15.361 0.006
3781.58673 15.368 0.006
3781.61407 15.372 0.007
3785.55928 15.373 0.006
3785.58438 15.365 0.007
3790.52809 15.390 0.006
3790.55312 15.375 0.007
3796.56852 15.371 0.006
3797.53276 15.353 0.006
3804.50424 15.386 0.006
3804.52922 15.371 0.007
3816.50936 15.366 0.006
3817.49595 15.361 0.007
3934.93544 15.356 0.006
3935.92950 15.366 0.006
3960.85388 15.352 0.006
3960.87887 15.352 0.006
3967.88331 15.352 0.006
3967.92666 15.350 0.006
3973.87877 15.367 0.006
3973.90426 15.362 0.006
3979.82825 15.345 0.006
3979.89009 15.358 0.006
3987.80895 15.352 0.006
3987.83486 15.364 0.006
3994.86157 15.340 0.006
3994.88990 15.358 0.006
4001.72714 15.351 0.006
4001.74131 15.366 0.006
4001.79780 15.355 0.006
4004.74398 15.357 0.006
4004.76852 15.366 0.006
4007.70115 15.365 0.006
4008.69906 15.353 0.006
4009.77434 15.357 0.006
4011.86225 15.351 0.006
4014.74905 15.364 0.006
4016.81211 15.359 0.006
4016.87083 15.346 0.006
4021.81755 15.363 0.006
4021.84386 15.357 0.006
4025.82955 15.338 0.006
4025.85426 15.353 0.006
4028.73953 15.340 0.006
4028.76412 15.342 0.006
4030.81121 15.326 0.006
4030.83825 15.339 0.006
4036.87002 15.348 0.006
4037.73535 15.355 0.006
4040.70576 15.343 0.006
4040.73038 15.362 0.006
4042.72207 15.349 0.006
4042.74659 15.358 0.006
4045.82144 15.345 0.006
4045.84820 15.361 0.007
4048.68510 15.345 0.006
4048.70998 15.345 0.006
4050.75798 15.327 0.006
4050.78232 15.340 0.006
4053.72736 15.336 0.006
4053.75193 15.337 0.006
4055.67712 15.321 0.006
4055.70172 15.347 0.006
4057.65592 15.343 0.006
4057.68057 15.356 0.006
4060.59084 15.347 0.006
4060.61967 15.344 0.006
4065.61248 15.358 0.006
4065.63777 15.354 0.006
4067.60329 15.354 0.006
4068.62816 15.355 0.006
4069.59305 15.366 0.006
4070.62466 15.361 0.006
4072.63093 15.371 0.006
4073.78395 15.352 0.006
4077.63735 15.357 0.006
4077.66305 15.356 0.006
4080.61929 15.364 0.006
4080.64729 15.359 0.006
4084.65093 15.342 0.006
4084.67694 15.378 0.006
4092.72771 15.333 0.006
4092.75833 15.344 0.006
4100.78798 15.364 0.006
4100.81367 15.346 0.006
4104.69275 15.341 0.006
4104.71891 15.360 0.007
4107.63033 15.358 0.006
4107.65501 15.365 0.006
4117.59581 15.340 0.006
4117.62051 15.361 0.006
4121.59678 15.339 0.006
4121.62154 15.363 0.006
4123.55835 15.351 0.006
4123.66750 15.355 0.006
4125.68491 15.355 0.006
4126.59326 15.352 0.006
4129.65735 15.331 0.006
4129.68206 15.348 0.006
4144.52855 15.345 0.006
4146.53460 15.354 0.007
4153.51205 15.357 0.007
4153.53715 15.356 0.007
4160.57206 15.347 0.006
4163.51929 15.366 0.007
4174.54512 15.364 0.006
4176.51643 15.366 0.007
4192.49594 15.348 0.007
4310.93467 15.348 0.006
4316.92653 15.353 0.007
4345.81889 15.347 0.006
4345.84345 15.351 0.007
4349.87990 15.340 0.006
4350.79672 15.350 0.007
4355.79398 15.374 0.006
4355.81869 15.369 0.007
4361.77982 15.361 0.006
4362.74760 15.366 0.007
4364.76202 15.358 0.006
4365.74254 15.346 0.007
4368.86332 15.351 0.006
4369.75571 15.341 0.007
4371.72679 15.353 0.006
4373.73123 15.363 0.007
4376.74608 15.348 0.006
4376.77072 15.354 0.007
4378.89342 15.360 0.006
4379.75184 15.357 0.006
4379.77635 15.362 0.007
4383.75669 15.357 0.006
4383.78141 15.350 0.007
4387.85165 15.356 0.006
4391.85735 15.356 0.006
4392.71781 15.349 0.007
4397.72905 15.353 0.006
4397.75480 15.344 0.007
4402.80767 15.359 0.006
4402.83231 15.349 0.007
4406.75794 15.362 0.006
4406.78249 15.362 0.007
4409.82707 15.355 0.006
4409.85503 15.357 0.007
4416.69430 15.357 0.006
4416.80979 15.345 0.007
4420.80683 15.355 0.006
4420.83149 15.343 0.007
4424.82652 15.364 0.006
4424.85828 15.359 0.007
4428.79451 15.359 0.006
4428.85087 15.354 0.007
4431.70473 15.348 0.007
4431.72982 15.348 0.006
4435.69282 15.347 0.006
4435.72441 15.337 0.007
4438.82369 15.354 0.006
4438.85581 15.354 0.007
4441.79782 15.344 0.006
4441.82877 15.346 0.007
4444.64031 15.356 0.006
4444.66500 15.350 0.007
4450.65400 15.356 0.006
4450.67940 15.349 0.007
4453.63742 15.360 0.006
4453.66340 15.355 0.007
4456.64145 15.362 0.006
4456.66615 15.359 0.007
4458.62585 15.355 0.006
4458.65084 15.356 0.007
4462.64051 15.353 0.006
4463.66321 15.336 0.006
4466.65288 15.338 0.007
4467.61180 15.353 0.006
4467.62258 15.354 0.006
4469.63406 15.337 0.007
4471.61096 15.355 0.006
4473.58866 15.356 0.007
4474.79506 15.345 0.006
4477.67571 15.348 0.007
4478.65019 15.361 0.006
4479.65710 15.351 0.007
4482.67499 15.355 0.006
4483.65722 15.338 0.007
4485.65673 15.347 0.006
4486.65603 15.347 0.007
4487.65367 15.366 0.006
4489.67390 15.350 0.007
4492.71568 15.362 0.006
4493.63345 15.357 0.007
4497.60672 15.351 0.006
4498.59124 15.354 0.007
4499.65749 15.368 0.006
4500.69867 15.358 0.007
4502.58839 15.371 0.006
4502.63582 15.364 0.007
4507.55991 15.363 0.006
4507.58802 15.360 0.007
4509.55748 15.349 0.006
4509.58112 15.363 0.007
4515.52316 15.349 0.006
4515.54792 15.356 0.007
4520.51197 15.362 0.007
4520.54371 15.369 0.007
4520.57107 15.364 0.007
4523.56106 15.376 0.007
4525.50769 15.361 0.006
4525.56130 15.374 0.007
4531.50477 15.347 0.006
4531.52954 15.361 0.007
4534.50053 15.358 0.007
4537.49862 15.357 0.006
4538.57170 15.363 0.007
4540.49717 15.369 0.007
4540.52209 15.372 0.007
4543.61200 15.378 0.007
4549.49177 15.372 0.007
4559.48749 15.379 0.007
4566.48588 15.349 0.007
4571.48027 15.368 0.007
4589.46210 15.400 0.008
4672.90288 15.376 0.007
4690.90875 15.355 0.007
4703.87239 15.353 0.007
4715.86744 15.358 0.007
4721.89824 15.359 0.006
4726.76278 15.344 0.007
4730.90400 15.348 0.007
4731.80610 15.346 0.007
4743.81761 15.357 0.006
4750.82203 15.345 0.007
4755.84071 15.367 0.007
4759.77495 15.339 0.006
4762.73483 15.337 0.007
4768.71290 15.348 0.007
4771.75451 15.350 0.006
4774.67722 15.359 0.007
4776.78848 15.364 0.007
4779.82545 15.354 0.006
4783.69146 15.356 0.007
4787.70734 15.363 0.007
4789.85395 15.358 0.007
4793.70443 15.356 0.007
4795.68273 15.355 0.007
4799.68024 15.368 0.007
4802.68808 15.354 0.006
4805.64575 15.341 0.006
4807.73617 15.355 0.006
4810.66835 15.355 0.006
4813.64694 15.350 0.007
4815.66016 15.341 0.007
4817.66630 15.339 0.006
4819.65854 15.354 0.006
4821.69554 15.349 0.006
4825.71112 15.359 0.006
4831.75587 15.356 0.006
4834.67611 15.349 0.006
4836.68567 15.354 0.007
4839.66968 15.347 0.007
4841.67434 15.350 0.007
4843.68023 15.356 0.007
4845.68921 15.358 0.007
4846.64488 15.363 0.007
4848.67197 15.360 0.007
4850.66417 15.361 0.007
4852.64568 15.363 0.007
4854.64580 15.341 0.006
4856.65254 15.333 0.006
4859.63046 15.342 0.006
4864.59748 15.346 0.006
4865.64907 15.356 0.007
4868.63412 15.355 0.007
4870.59911 15.349 0.007
4872.62877 15.357 0.007
4874.52980 15.353 0.007
4876.51965 15.364 0.007
4879.60770 15.368 0.006
4882.60381 15.358 0.007
4884.52646 15.349 0.007
4887.55935 15.343 0.007
4901.60322 15.368 0.007
4911.57852 15.360 0.007
4915.50005 15.377 0.007
4918.51636 15.369 0.007
4924.53224 15.371 0.006
4928.52792 15.380 0.007
4933.49788 15.365 0.007
4937.49450 15.351 0.006
4941.51091 15.355 0.007
4946.51032 15.375 0.007
4953.46326 15.376 0.007
