2165.85632 14.971 0.005
2171.87872 14.963 0.005
2171.88226 14.973 0.005
2183.83809 14.978 0.006
2183.84165 14.978 0.006
2184.83761 14.954 0.005
2184.84118 14.986 0.006
2191.81204 14.987 0.005
2200.81856 14.956 0.005
2200.82188 14.978 0.005
2206.75472 14.979 0.006
2206.75803 14.983 0.006
2223.74513 14.960 0.005
2226.71740 14.955 0.005
2226.72070 14.967 0.005
2228.76440 14.975 0.005
2230.67285 14.955 0.005
2230.67614 14.982 0.005
2232.69462 14.970 0.005
2232.69792 14.967 0.005
2234.68769 14.974 0.005
2234.69099 14.973 0.005
2238.63227 14.954 0.005
2238.63554 14.951 0.005
2240.76734 14.942 0.005
2240.77064 14.967 0.005
2242.76918 14.940 0.005
2242.77248 14.956 0.006
2244.81997 14.950 0.005
2244.82327 14.962 0.006
2249.69232 14.973 0.005
2249.69561 14.962 0.005
2253.67830 14.958 0.005
2253.68160 14.963 0.005
2256.68340 14.949 0.005
2256.68667 14.956 0.005
2259.67535 14.972 0.005
2262.68056 14.968 0.005
2262.68383 14.959 0.005
2269.74173 14.973 0.005
2273.63686 14.971 0.005
2273.64015 14.963 0.005
2277.70845 14.956 0.005
2277.71175 14.962 0.005
2279.71783 14.965 0.005
2279.72112 14.966 0.005
2281.70991 14.953 0.005
2288.72424 14.959 0.005
2294.70147 14.977 0.005
2298.68249 14.963 0.005
2300.69447 14.973 0.006
2302.66705 14.973 0.005
2302.67035 14.963 0.006
2304.68306 14.985 0.005
2304.68639 14.970 0.006
2316.55475 14.970 0.006
2322.58810 14.972 0.006
2325.59098 14.977 0.006
2325.59454 14.954 0.006
2331.53101 14.955 0.006
2337.55357 14.957 0.006
2345.51335 14.950 0.006
2350.51547 14.921 0.006
2519.90501 14.961 0.006
2519.90861 14.965 0.006
2526.88328 14.982 0.005
2526.88684 14.975 0.005
2541.87753 14.960 0.005
2541.88110 14.966 0.005
2544.80431 14.967 0.005
2544.80786 14.959 0.006
2551.80425 14.961 0.005
2551.80778 14.954 0.006
2554.90021 14.959 0.007
2558.89829 14.963 0.007
2559.71574 14.967 0.005
2563.78610 14.980 0.006
2563.78965 14.996 0.006
2577.78119 14.961 0.005
2580.80994 14.945 0.005
2580.81324 14.940 0.005
2588.85377 14.957 0.005
2594.72677 14.964 0.005
2594.73028 14.964 0.006
2599.75796 14.957 0.005
2599.76147 14.965 0.006
2607.72592 14.961 0.005
2617.71414 14.952 0.006
2617.71759 14.964 0.006
2620.67881 14.943 0.005
2620.68226 14.950 0.005
2622.82527 14.949 0.006
2622.82871 14.948 0.005
2624.81905 14.935 0.005
2624.82249 14.955 0.005
2625.80028 14.945 0.005
2625.80373 14.951 0.005
2628.60772 14.959 0.006
2631.60621 14.956 0.006
2634.58492 14.956 0.005
2637.61982 14.937 0.005
2640.66581 14.944 0.005
2640.66910 14.944 0.005
2642.65800 14.942 0.005
2642.66130 14.955 0.006
2644.65446 14.943 0.005
2644.65799 14.953 0.005
2646.64253 14.941 0.005
2646.64584 14.954 0.006
2650.60924 14.955 0.005
2650.61271 14.957 0.005
2652.62098 14.962 0.005
2652.62430 14.955 0.005
2654.72930 14.972 0.005
2654.73640 14.963 0.006
2657.68041 14.954 0.005
2657.68370 14.961 0.005
2659.75358 14.964 0.006
2659.75687 14.960 0.006
2661.75283 14.951 0.006
2661.75614 14.963 0.005
2663.67972 14.953 0.006
2663.68302 14.958 0.006
2665.72297 14.956 0.005
2665.72626 14.952 0.005
2667.64953 14.950 0.005
2667.65680 14.959 0.005
2671.62252 14.934 0.005
2671.63440 14.951 0.005
2673.62991 14.935 0.005
2673.63322 14.937 0.005
2675.62297 14.934 0.005
2675.62628 14.953 0.005
2677.62088 14.930 0.005
2677.62418 14.951 0.006
2679.68410 14.952 0.005
2679.68743 14.947 0.005
2681.67448 14.960 0.005
2685.61802 14.960 0.005
2685.62151 14.972 0.005
2690.57165 14.974 0.006
2690.57514 14.976 0.006
2694.56252 14.971 0.005
2694.56603 14.971 0.005
2699.55726 14.994 0.006
2699.56077 14.972 0.006
2705.53550 14.954 0.005
2705.53902 14.953 0.005
2711.56216 14.964 0.005
2711.56568 14.958 0.005
2732.49430 14.937 0.006
2732.50172 14.967 0.006
2872.86716 14.967 0.005
2872.87072 14.959 0.006
2883.88061 14.994 0.005
2883.88413 14.979 0.005
2892.84934 14.956 0.006
2896.82030 14.954 0.005
2896.82380 14.969 0.006
2900.90853 14.968 0.005
2900.91205 14.974 0.006
2905.89747 14.966 0.005
2905.90095 14.962 0.006
2910.80797 14.957 0.005
2910.81148 14.954 0.005
2915.81331 14.950 0.005
2915.81681 14.937 0.005
2921.81554 14.971 0.005
2921.81902 14.959 0.006
2925.75888 14.992 0.005
2925.76234 14.977 0.006
2929.78755 14.981 0.005
2929.79103 14.970 0.006
2932.86976 14.964 0.005
2932.87324 14.954 0.005
2939.74865 14.963 0.005
2939.75212 14.954 0.005
2946.74736 14.970 0.006
2946.75083 14.982 0.006
2949.73098 14.971 0.005
2952.72204 14.964 0.005
2952.72549 14.963 0.006
2955.78360 14.947 0.006
2955.78707 14.944 0.006
2957.71625 14.936 0.005
2957.71968 14.946 0.006
2960.83846 14.945 0.006
2963.72396 14.943 0.005
2963.72742 14.955 0.006
2966.69088 14.953 0.005
2966.69433 14.957 0.005
2972.84205 14.965 0.005
2972.84552 14.960 0.005
2975.66399 14.971 0.005
2975.66742 14.969 0.006
2977.73471 14.967 0.005
2977.73816 14.964 0.006
2979.78679 14.973 0.005
2981.79419 14.935 0.006
2983.69493 14.970 0.005
2983.69836 14.959 0.006
2986.67718 14.957 0.005
2986.68063 14.947 0.005
2988.64222 14.963 0.005
2988.64551 14.959 0.006
2990.77552 14.965 0.005
2990.77899 14.957 0.005
2992.65919 14.971 0.007
2992.66350 14.961 0.006
2994.75638 14.965 0.005
2996.63234 14.954 0.005
2996.63578 14.956 0.005
2998.61387 14.949 0.005
2998.61732 14.949 0.006
3000.63201 14.937 0.005
3000.63546 14.948 0.005
3002.62016 14.940 0.005
3004.61954 14.938 0.005
3004.62302 14.938 0.005
3006.66858 14.950 0.005
3008.61964 14.950 0.005
3008.62309 14.945 0.006
3010.63987 14.951 0.005
3016.65389 14.963 0.005
3018.63930 14.960 0.005
3018.64277 14.974 0.005
3020.68030 14.974 0.005
3024.69426 14.965 0.005
3028.66882 14.961 0.005
3030.70416 14.973 0.005
3033.62460 14.970 0.005
3033.62806 14.953 0.005
3035.63234 14.970 0.005
3035.63581 14.946 0.005
3038.61586 14.962 0.006
3041.53886 14.951 0.005
3041.54231 14.955 0.006
3043.56831 14.959 0.006
3043.57177 14.953 0.006
3045.60743 14.934 0.005
3045.61089 14.945 0.005
3047.56187 14.952 0.005
3047.56534 14.938 0.006
3049.56679 14.936 0.005
3049.57028 14.951 0.005
3051.55903 14.943 0.005
3051.56250 14.941 0.005
3053.55538 14.952 0.005
3053.55888 14.941 0.005
3055.55404 14.940 0.005
3055.55755 14.939 0.005
3057.55328 14.947 0.005
3057.55676 14.940 0.005
3059.55187 14.939 0.005
3059.55537 14.942 0.005
3061.54608 14.976 0.006
3061.54959 14.947 0.005
3064.57252 14.938 0.006
3067.56036 14.948 0.005
3072.54361 14.943 0.005
3075.54417 14.951 0.005
3084.52366 14.981 0.005
3084.52717 14.966 0.005
3086.56163 15.003 0.005
3086.56517 14.964 0.006
3089.55101 14.979 0.005
3092.53149 15.004 0.006
3092.53624 14.964 0.006
3098.52960 14.958 0.006
3101.49759 14.932 0.006
3101.50113 14.950 0.006
3103.49794 14.956 0.005
3106.49987 14.951 0.005
3109.49650 14.955 0.005
3109.50003 14.963 0.005
3230.89011 14.956 0.005
3262.86816 14.970 0.005
3262.87163 14.959 0.005
3268.79142 14.947 0.005
3268.79492 14.936 0.005
3276.83313 14.963 0.005
3281.74633 14.956 0.005
3281.74982 14.970 0.005
3283.84617 14.967 0.005
3283.84963 14.947 0.005
3289.75969 14.951 0.005
3289.76316 14.956 0.005
3294.76423 14.937 0.005
3296.71362 14.939 0.005
3296.71709 14.952 0.005
3298.79370 14.961 0.005
3298.79716 14.955 0.005
3300.84966 14.978 0.005
3303.75691 14.956 0.005
3303.76036 14.946 0.005
3306.75837 14.965 0.005
3306.76184 14.955 0.005
3308.77510 14.970 0.005
3308.77855 14.952 0.005
3310.80746 14.977 0.006
3310.81090 14.954 0.005
3314.73222 14.958 0.005
3321.65272 14.958 0.005
3325.71101 14.997 0.005
3325.71448 14.978 0.005
3329.74366 14.973 0.005
3329.74710 14.950 0.005
3334.63986 14.938 0.005
3334.64331 14.945 0.006
3338.69330 14.953 0.005
3338.69672 14.945 0.005
3349.67067 14.981 0.005
3349.67412 14.986 0.005
3352.83136 14.985 0.005
3355.71057 14.967 0.005
3355.71403 14.954 0.005
3359.63175 14.951 0.005
3359.63518 14.935 0.005
3366.69366 15.042 0.006
3377.65021 14.968 0.005
3379.76593 14.993 0.005
3386.66049 14.980 0.005
3386.66809 14.956 0.005
3395.77710 14.974 0.006
3398.65039 14.979 0.005
3400.62658 14.981 0.005
3400.63004 14.966 0.005
3403.63609 14.974 0.005
3403.63957 14.965 0.005
3406.56995 14.952 0.005
3406.57343 14.952 0.005
3406.62357 14.970 0.005
3410.58807 14.973 0.005
3422.55044 14.961 0.005
3424.57648 14.945 0.005
3429.58790 15.004 0.005
3434.57726 14.994 0.005
3434.58072 14.972 0.005
3450.54758 14.963 0.005
3570.93107 14.974 0.005
3591.92440 14.956 0.005
3591.92790 14.951 0.005
3608.91685 14.961 0.005
3608.92035 14.958 0.005
3615.91062 14.948 0.005
3615.91412 14.952 0.005
3628.91072 14.987 0.005
3633.78340 14.958 0.005
3633.78687 14.964 0.005
3638.81265 14.969 0.005
3638.81611 14.960 0.005
3641.78272 14.967 0.005
3641.78620 14.970 0.005
3646.84706 14.976 0.005
3646.85355 14.984 0.005
3653.78046 15.001 0.005
3653.78399 14.976 0.005
3656.83284 14.978 0.005
3661.76825 14.976 0.005
3665.77147 14.961 0.005
3671.73750 14.957 0.005
3674.85963 14.989 0.005
3683.77546 14.967 0.005
3683.77900 14.967 0.005
3686.82337 14.975 0.005
3686.82690 14.975 0.005
3689.73831 14.958 0.005
3689.74184 14.968 0.005
3692.66137 14.970 0.005
3692.66488 14.987 0.005
3695.72539 14.975 0.005
3695.72891 14.969 0.005
3698.68309 14.978 0.005
3698.68661 14.971 0.005
3700.72246 14.967 0.005
3700.72596 14.984 0.005
3702.81005 14.967 0.005
3702.81357 14.976 0.005
3705.71685 14.986 0.005
3705.72038 14.975 0.005
3707.69186 14.972 0.005
3707.69542 14.977 0.005
3712.84711 14.963 0.005
3712.85062 14.960 0.005
3715.84494 14.948 0.005
3715.84845 14.957 0.005
3718.64663 14.960 0.005
3718.65016 14.970 0.005
3721.62982 14.973 0.005
3721.63332 14.967 0.005
3725.69699 14.963 0.005
3725.70051 14.969 0.005
3727.64135 14.985 0.005
3727.64485 14.981 0.005
3731.67170 14.968 0.005
3731.67522 14.967 0.005
3736.65256 14.958 0.005
3736.65611 14.959 0.005
3739.65595 14.952 0.005
3739.65947 14.952 0.005
3741.67093 14.945 0.005
3745.60170 14.960 0.005
3745.60525 14.953 0.005
3747.71481 15.000 0.006
3747.71831 14.970 0.006
3749.59754 14.970 0.005
3749.60108 14.977 0.006
3751.70169 14.991 0.005
3751.70523 14.969 0.005
3754.56348 14.991 0.005
3754.56701 14.977 0.005
3756.72961 14.994 0.005
3756.73313 14.973 0.005
3758.65373 14.958 0.005
3758.65725 14.967 0.005
3761.70106 14.964 0.005
3761.70458 14.961 0.005
3764.67815 14.976 0.005
3764.68169 14.955 0.005
3769.67659 14.965 0.005
3769.68012 14.969 0.005
3772.64442 14.992 0.005
3772.64800 14.978 0.005
3775.61557 14.976 0.005
3775.61913 14.987 0.005
3778.61481 14.969 0.005
3778.61837 14.972 0.005
3781.62814 14.950 0.005
3781.63171 14.967 0.005
3785.60203 14.962 0.005
3790.57079 14.954 0.005
3797.54692 14.988 0.005
3797.55049 14.974 0.005
3804.54340 14.961 0.005
3804.54698 14.962 0.005
3817.51022 15.004 0.005
3817.51379 14.983 0.005
3935.94390 14.990 0.005
3936.93449 14.975 0.005
3960.89298 14.995 0.005
3960.89653 14.977 0.005
3968.83715 14.971 0.005
3968.84070 14.958 0.005
3973.91831 14.976 0.005
3973.92188 14.972 0.005
3979.90413 14.980 0.005
3979.90767 14.974 0.005
3987.84887 15.004 0.005
3987.85241 14.983 0.005
3994.90389 14.973 0.005
3994.90743 14.964 0.005
4001.81178 14.995 0.005
4001.81527 14.982 0.005
4004.78250 14.982 0.005
4004.78600 14.978 0.005
4007.71507 14.997 0.005
4007.71858 14.978 0.005
4009.78827 14.980 0.005
4009.79177 14.962 0.005
4014.81366 14.978 0.005
4014.81716 14.971 0.005
4016.82601 14.972 0.005
4016.82950 14.965 0.005
4021.85777 14.986 0.005
4021.86128 14.999 0.005
4025.86815 15.008 0.005
4025.87164 14.989 0.005
4028.77796 14.995 0.005
4028.78147 14.988 0.005
4030.85213 15.003 0.005
4030.85563 14.971 0.005
4037.74920 14.997 0.005
4037.75268 14.975 0.005
4040.74416 14.987 0.005
4040.74767 14.977 0.005
4042.76041 14.983 0.005
4042.76388 14.982 0.005
4045.86554 14.983 0.005
4048.72375 14.978 0.005
4048.72722 14.976 0.005
4053.76570 14.985 0.005
4053.76917 14.966 0.005
4055.71549 14.968 0.005
4055.71894 14.975 0.005
4057.69435 14.993 0.005
4057.69783 14.962 0.005
4060.63344 14.990 0.005
4060.63690 14.969 0.005
4065.65154 14.993 0.005
4065.65505 14.975 0.005
4067.61707 14.982 0.005
4067.62054 14.973 0.005
4069.60677 14.988 0.005
4069.61025 14.970 0.005
4072.64470 14.979 0.005
4072.64817 14.958 0.005
4077.67683 14.992 0.005
4077.68032 14.957 0.005
4080.66108 14.967 0.005
4080.66455 14.967 0.005
4084.69068 14.988 0.005
4084.69415 14.961 0.005
4092.77208 15.001 0.005
4092.77558 14.990 0.005
4100.82744 14.980 0.005
4100.83090 14.984 0.005
4104.73270 14.979 0.005
4104.73619 14.980 0.005
4107.66879 14.985 0.005
4107.67228 14.966 0.005
4117.63435 14.984 0.005
4117.63786 14.974 0.005
4121.63539 14.991 0.005
4121.63886 14.992 0.005
4123.70607 14.984 0.005
4123.70956 14.988 0.005
4126.60707 14.988 0.005
4126.61056 15.000 0.005
4129.69592 14.994 0.005
4129.69942 14.990 0.005
4147.57227 14.960 0.006
4147.57581 14.987 0.006
4153.55112 14.967 0.006
4153.55463 14.990 0.006
4164.53341 14.932 0.006
4164.53697 14.960 0.006
4176.53911 14.953 0.005
4176.54265 14.980 0.006
4192.51005 14.956 0.006
4192.51363 14.978 0.006
4316.93996 14.973 0.006
4345.85751 14.947 0.005
4350.81078 14.938 0.005
4350.81579 14.955 0.005
4355.83276 14.925 0.005
4362.76162 14.949 0.005
4362.76515 14.978 0.006
4365.77419 14.957 0.006
4365.77774 14.979 0.006
4369.77321 14.952 0.006
4373.74517 14.935 0.005
4373.74871 14.947 0.005
4376.78469 14.950 0.005
4376.78821 14.956 0.006
4379.79026 14.949 0.005
4379.79376 14.966 0.005
4383.79533 14.955 0.005
4383.79883 14.973 0.006
4388.73521 14.945 0.006
4388.73873 14.977 0.006
4392.73169 14.955 0.005
4392.73519 14.971 0.005
4397.76866 14.941 0.005
4397.77217 14.960 0.005
4402.84617 14.931 0.005
4402.84966 14.959 0.005
4406.79634 14.971 0.005
4406.79983 14.960 0.006
4409.86884 14.948 0.005
4410.86716 14.975 0.006
4416.82360 14.975 0.005
4416.82709 14.980 0.005
4420.84527 14.955 0.005
4420.84874 14.981 0.006
4425.84138 14.931 0.005
4425.84488 14.972 0.005
4431.71858 14.952 0.005
4431.72206 14.986 0.006
4435.74573 14.974 0.006
4435.75313 14.972 0.006
4439.76215 14.931 0.005
4439.76563 14.959 0.006
4441.84253 14.917 0.005
4441.84602 14.963 0.006
4444.67880 14.940 0.005
4444.68230 14.952 0.006
4450.69455 14.957 0.005
4450.69803 14.971 0.006
4453.67716 14.958 0.005
4453.68067 14.979 0.006
4456.67997 14.957 0.005
4456.68345 14.976 0.005
4458.66463 14.946 0.005
4458.66812 14.976 0.006
4463.67697 14.953 0.005
4463.68044 14.964 0.005
4466.66668 14.934 0.005
4466.67019 14.968 0.005
4469.65137 14.960 0.006
4473.60247 14.954 0.005
4473.60597 14.969 0.005
4477.68954 14.961 0.005
4477.69300 14.984 0.005
4479.67097 14.966 0.005
4479.67446 14.987 0.005
4483.67106 14.955 0.005
4483.67457 14.971 0.005
4486.67337 14.981 0.005
4489.68778 14.968 0.006
4489.69128 14.973 0.006
4493.64736 14.964 0.005
4493.65087 14.954 0.006
4498.60762 14.956 0.005
4500.72736 14.949 0.005
4500.73065 14.965 0.005
4502.65395 14.949 0.005
4502.65725 14.966 0.006
4507.60117 14.960 0.005
4507.60445 14.967 0.005
4509.59426 14.964 0.005
4509.59755 14.978 0.006
4515.56905 14.996 0.006
4520.55764 14.975 0.006
4520.56116 14.974 0.006
4523.57622 14.943 0.005
4523.57976 14.969 0.005
4525.58524 14.965 0.005
4531.54346 14.956 0.005
4531.54700 14.972 0.005
4534.51805 14.968 0.006
4538.59211 14.948 0.006
4538.59565 14.964 0.006
4540.53609 14.968 0.006
4540.53961 14.965 0.006
4543.63083 14.980 0.006
4549.50940 14.985 0.005
4559.50522 14.979 0.006
4566.50601 14.960 0.005
4571.49802 14.964 0.006
4589.47992 14.969 0.006
4672.92070 14.976 0.005
4690.92641 14.967 0.005
4703.89008 14.971 0.005
4715.88504 14.987 0.005
4722.78295 14.967 0.005
4726.78030 14.964 0.005
4731.82362 14.956 0.005
4743.83509 14.982 0.006
4750.83947 14.964 0.005
4755.85812 14.956 0.005
4759.79233 14.959 0.005
4762.75219 14.965 0.005
4768.73023 14.994 0.005
4771.77185 14.986 0.005
4774.69456 14.971 0.005
4776.80575 14.967 0.006
4779.84272 14.974 0.005
4783.70874 14.973 0.005
4787.72463 14.990 0.006
4790.71882 14.962 0.005
4793.72166 14.978 0.006
4795.70003 14.970 0.005
4799.69753 14.971 0.005
4802.70533 14.971 0.005
4805.66298 14.990 0.005
4807.75342 14.986 0.005
4810.68559 14.990 0.005
4813.66423 14.979 0.006
4815.67741 14.979 0.005
4817.68358 14.980 0.005
4819.67578 14.980 0.005
4821.71284 14.968 0.005
4825.72839 14.954 0.005
4831.77312 14.963 0.005
4834.69337 14.977 0.005
4836.70557 14.988 0.005
4839.68698 14.996 0.005
4841.69159 14.996 0.005
4843.69758 14.991 0.006
4846.66225 14.967 0.005
4848.68936 14.970 0.005
4850.68151 14.970 0.005
4854.66360 14.979 0.005
4856.66992 14.975 0.005
4859.64782 14.972 0.005
4864.61484 14.983 0.005
4865.66643 14.976 0.005
4868.65150 14.942 0.005
4870.61656 14.957 0.005
4872.64617 14.968 0.006
4874.54719 14.977 0.005
4876.53710 14.960 0.005
4879.62516 14.988 0.005
4882.62132 14.971 0.006
4884.54391 14.984 0.006
4887.57683 14.989 0.005
4901.62072 14.982 0.006
4911.59614 14.987 0.005
4915.51768 14.959 0.005
4918.53406 14.948 0.005
4924.54899 14.962 0.005
4928.54469 14.988 0.005
4933.51466 14.976 0.005
4937.51129 14.971 0.005
4941.52771 14.961 0.005
4953.48006 14.990 0.006
