2162.87556 14.555 0.006
2171.84219 14.562 0.006
2183.80152 14.590 0.006
2184.80107 14.585 0.006
2200.78375 14.552 0.006
2216.84299 14.593 0.006
2226.68378 14.656 0.006
2230.63910 14.660 0.006
2232.66085 14.678 0.006
2238.59811 14.669 0.006
2242.73553 14.680 0.006
2249.65455 14.664 0.006
2251.85191 14.659 0.006
2253.63852 14.651 0.006
2256.64702 14.634 0.006
2259.64156 14.613 0.006
2262.64674 14.614 0.006
2272.61263 14.603 0.006
2276.62339 14.621 0.006
2279.61788 14.617 0.006
2281.66526 14.618 0.006
2283.70094 14.622 0.006
2288.68644 14.626 0.006
2290.72435 14.625 0.006
2292.69442 14.642 0.006
2294.66496 14.644 0.006
2296.68388 14.648 0.006
2298.70546 14.648 0.006
2300.65711 14.645 0.006
2302.63070 14.649 0.006
2304.63538 14.653 0.006
2315.55867 14.621 0.006
2322.52912 14.544 0.006
2325.54958 14.544 0.006
2330.55831 14.507 0.006
2337.51009 14.504 0.006
2343.50610 14.506 0.006
2353.50022 14.498 0.006
2403.48345 14.571 0.006
2526.83918 14.621 0.006
2540.84741 14.603 0.006
2544.76754 14.608 0.006
2550.88541 14.618 0.006
2571.80847 14.620 0.006
2577.74712 14.594 0.006
2593.80165 14.500 0.006
2617.66923 14.566 0.006
2620.61279 14.584 0.006
2622.78852 14.604 0.006
2624.78318 14.605 0.006
2626.59684 14.615 0.006
2629.59347 14.600 0.006
2631.77717 14.616 0.006
2634.54769 14.596 0.006
2637.58555 14.611 0.006
2640.62517 14.593 0.006
2642.62339 14.585 0.006
2644.61362 14.579 0.006
2649.63646 14.542 0.006
2651.68531 14.554 0.006
2654.63760 14.556 0.006
2656.71262 14.568 0.006
2658.69830 14.580 0.006
2661.71773 14.589 0.006
2663.62137 14.594 0.006
2665.64527 14.615 0.006
2667.61185 14.617 0.006
2669.65399 14.631 0.006
2671.58113 14.633 0.006
2673.58935 14.649 0.006
2675.58892 14.643 0.006
2677.58677 14.657 0.006
2679.61224 14.648 0.006
2681.63469 14.629 0.006
2685.57435 14.626 0.006
2690.52860 14.614 0.006
2694.52092 14.588 0.006
2704.57064 14.554 0.006
2711.52578 14.565 0.006
2730.50946 14.560 0.006
2872.88165 14.566 0.006
2879.87271 14.600 0.006
2884.81864 14.616 0.006
2888.85135 14.649 0.006
2893.84280 14.675 0.006
2897.80441 14.706 0.006
2903.85039 14.712 0.006
2906.79910 14.717 0.006
2910.77216 14.734 0.006
2915.77621 14.724 0.006
2921.77804 14.719 0.006
2924.86780 14.723 0.006
2927.88586 14.715 0.006
2941.80965 14.798 0.006
2946.71158 14.801 0.006
2949.69463 14.783 0.006
2952.68619 14.765 0.006
2955.74789 14.705 0.006
2957.68044 14.688 0.006
2960.70137 14.659 0.006
2963.68810 14.626 0.006
2966.65362 14.595 0.006
2968.81661 14.592 0.006
2971.82394 14.577 0.006
2975.62227 14.590 0.006
2977.71336 14.602 0.006
2979.75043 14.605 0.006
2983.65811 14.621 0.006
2985.83917 14.633 0.006
2988.60222 14.635 0.006
2990.79015 14.634 0.006
2992.61221 14.634 0.006
2994.72062 14.622 0.006
2997.60356 14.625 0.006
2999.62313 14.627 0.006
3001.60107 14.611 0.006
3003.63005 14.614 0.006
3005.65942 14.599 0.006
3007.61205 14.589 0.006
3009.60985 14.583 0.006
3011.64204 14.567 0.006
3013.61755 14.551 0.006
3016.61800 14.524 0.006
3018.60313 14.517 0.006
3020.64427 14.509 0.006
3022.67627 14.504 0.006
3024.65832 14.502 0.006
3026.62735 14.500 0.006
3028.63279 14.493 0.006
3030.66805 14.500 0.006
3032.77182 14.502 0.006
3034.82133 14.506 0.006
3037.59891 14.522 0.006
3040.57448 14.534 0.006
3042.55948 14.551 0.006
3045.57141 14.546 0.006
3047.52321 14.570 0.006
3049.52872 14.559 0.006
3051.52228 14.542 0.006
3053.51480 14.542 0.006
3055.51692 14.539 0.006
3057.51295 14.522 0.006
3059.51548 14.520 0.006
3060.50910 14.507 0.006
3061.51018 14.500 0.006
3064.51306 14.490 0.006
3067.52020 14.482 0.006
3069.50448 14.471 0.006
3071.66617 14.496 0.006
3074.68825 14.487 0.006
3077.58933 14.530 0.006
3081.58056 14.553 0.006
3083.58762 14.577 0.006
3086.52352 14.591 0.006
3089.51086 14.603 0.006
3092.49347 14.608 0.006
3098.49049 14.600 0.006
3101.51200 14.603 0.006
3104.48344 14.573 0.006
3108.48048 14.556 0.006
3112.47579 14.520 0.006
3115.50250 14.514 0.006
3123.48129 14.478 0.006
3132.47745 14.510 0.006
3230.85382 14.678 0.006
3238.85270 14.728 0.006
3246.86973 14.764 0.006
3251.90053 14.770 0.006
3254.85742 14.777 0.006
3261.89035 14.769 0.006
3272.87009 14.789 0.006
3275.86890 14.803 0.006
3280.86847 14.796 0.006
3283.80875 14.776 0.006
3294.72844 14.682 0.006
3296.67685 14.658 0.006
3298.75721 14.640 0.006
3300.81384 14.624 0.006
3303.72115 14.617 0.006
3306.72263 14.607 0.006
3308.73924 14.597 0.006
3310.77175 14.594 0.006
3314.69297 14.593 0.006
3321.61355 14.602 0.006
3328.82274 14.579 0.006
3335.82676 14.581 0.006
3336.69100 14.573 0.006
3340.81221 14.564 0.006
3349.63501 14.537 0.006
3353.62781 14.523 0.006
3356.62148 14.527 0.006
3360.63468 14.539 0.006
3369.65336 14.578 0.006
3377.61433 14.602 0.006
3381.61283 14.613 0.006
3386.62469 14.602 0.006
3390.62765 14.568 0.006
3395.73767 14.547 0.006
3398.60516 14.550 0.006
3400.59064 14.545 0.006
3403.59936 14.537 0.006
3406.52890 14.544 0.006
3410.55252 14.545 0.006
3415.52844 14.539 0.006
3421.59788 14.563 0.006
3429.54909 14.582 0.006
3434.53796 14.563 0.006
3442.50967 14.525 0.006
3450.51148 14.522 0.006
3568.94315 14.738 0.006
3592.87351 14.750 0.006
3641.74584 14.687 0.006
3652.85864 14.676 0.006
3656.79723 14.703 0.006
3661.73259 14.722 0.006
3665.73599 14.731 0.006
3671.70190 14.699 0.006
3673.87427 14.669 0.006
3683.73986 14.589 0.006
3686.78594 14.563 0.006
3689.70286 14.569 0.006
3692.62446 14.563 0.006
3695.68994 14.571 0.006
3697.72210 14.586 0.006
3700.68704 14.589 0.006
3702.77321 14.596 0.006
3704.86285 14.605 0.006
3707.64672 14.603 0.006
3712.86172 14.597 0.006
3720.63819 14.576 0.006
3724.66986 14.579 0.006
3727.60470 14.587 0.006
3731.60631 14.563 0.006
3736.61692 14.536 0.006
3739.59153 14.527 0.006
3742.64215 14.507 0.006
3745.73085 14.485 0.006
3748.59120 14.487 0.006
3750.61703 14.471 0.006
3752.57167 14.489 0.006
3755.58351 14.491 0.006
3758.58752 14.514 0.006
3760.72295 14.526 0.006
3762.60017 14.545 0.006
3766.58170 14.568 0.006
3769.58268 14.579 0.006
3772.60558 14.582 0.006
3775.57852 14.569 0.006
3778.57919 14.572 0.006
3781.59021 14.576 0.006
3785.56276 14.544 0.006
3790.53158 14.503 0.006
3796.57201 14.488 0.006
3804.50772 14.497 0.006
3816.51282 14.534 0.006
3960.85732 14.961 0.006
3967.88676 14.945 0.006
3973.88220 14.918 0.006
4001.74473 14.657 0.006
4036.87343 14.543 0.006
4057.65932 14.621 0.006
4068.63154 14.614 0.006
4073.78733 14.601 0.006
4077.64075 14.578 0.006
4080.62264 14.568 0.006
4104.69613 14.493 0.006
4107.63374 14.506 0.006
4123.56176 14.572 0.006
4125.68828 14.562 0.006
4153.51547 14.567 0.006
4160.57553 14.601 0.006
4310.93805 14.839 0.006
4349.88337 14.813 0.006
4355.79743 14.755 0.006
4361.78326 14.693 0.006
4371.73022 14.621 0.006
4456.64483 14.619 0.006
4471.61434 14.525 0.006
4478.65360 14.525 0.006
4482.67837 14.548 0.006
4509.56077 14.696 0.006
4515.52658 14.628 0.006
4523.53900 14.582 0.006
4537.50204 14.619 0.006
4547.49546 14.657 0.006
4556.49397 14.662 0.006
4561.49664 14.661 0.006
4570.47685 14.685 0.006
4581.47400 14.743 0.006
4675.91970 14.874 0.006
4690.85884 14.832 0.006
4702.87259 14.806 0.006
4715.84271 14.762 0.006
4721.80586 14.733 0.006
4726.74167 14.731 0.006
4787.68606 14.625 0.006
4792.71045 14.641 0.006
4795.66137 14.623 0.006
4802.66671 14.566 0.006
4807.64374 14.534 0.006
4813.62565 14.566 0.006
4815.63890 14.561 0.006
4819.63732 14.566 0.006
4821.67408 14.564 0.006
4825.68978 14.579 0.006
4834.65496 14.587 0.006
4836.66465 14.586 0.006
4838.65871 14.584 0.006
4841.65230 14.580 0.006
4843.65342 14.578 0.006
4845.66774 14.581 0.006
4847.68293 14.591 0.006
4849.67465 14.581 0.006
4851.70323 14.598 0.006
4853.68188 14.571 0.006
4855.66936 14.579 0.006
4857.64545 14.585 0.006
4863.59474 14.569 0.006
4869.55855 14.569 0.006
4935.49268 14.634 0.006
