2171.85654 15.118 0.006
2171.88226 15.124 0.006
2183.81586 15.147 0.006
2183.84165 15.156 0.006
2184.81537 15.152 0.006
2184.84118 15.149 0.006
2188.86595 15.132 0.006
2191.77701 15.125 0.006
2191.81204 15.125 0.006
2200.79698 15.143 0.006
2200.82188 15.146 0.006
2206.73211 15.151 0.007
2206.75803 15.146 0.006
2223.72085 15.131 0.006
2223.74513 15.163 0.006
2226.69697 15.131 0.006
2226.72070 15.153 0.006
2228.74071 15.122 0.007
2228.76440 15.136 0.006
2230.65224 15.114 0.006
2230.67614 15.121 0.006
2232.67405 15.100 0.006
2232.69792 15.110 0.006
2234.66678 15.099 0.007
2234.69099 15.107 0.006
2238.61125 15.104 0.006
2238.63554 15.135 0.006
2240.77064 15.140 0.006
2242.74868 15.136 0.006
2242.77248 15.154 0.006
2244.79945 15.146 0.006
2244.82327 15.176 0.006
2249.66771 15.152 0.006
2249.69561 15.157 0.006
2251.84136 15.154 0.006
2252.63118 15.125 0.006
2253.65560 15.118 0.006
2253.68160 15.147 0.006
2256.66017 15.125 0.006
2256.68667 15.140 0.006
2259.65471 15.127 0.006
2262.65992 15.154 0.007
2262.68383 15.150 0.006
2269.72106 15.142 0.006
2269.74503 15.156 0.006
2272.62583 15.156 0.006
2273.64015 15.158 0.006
2276.63657 15.148 0.006
2277.71175 15.149 0.006
2279.63108 15.143 0.006
2279.72112 15.161 0.006
2281.67850 15.131 0.006
2281.71321 15.140 0.006
2283.71411 15.133 0.006
2283.73899 15.136 0.006
2288.69965 15.124 0.006
2288.72753 15.139 0.006
2290.73751 15.128 0.006
2290.76232 15.148 0.006
2292.70766 15.125 0.006
2292.73716 15.155 0.006
2294.67843 15.119 0.006
2294.70477 15.149 0.006
2296.69736 15.131 0.006
2296.72638 15.143 0.006
2298.68249 15.140 0.006
2298.71891 15.124 0.006
2300.67056 15.115 0.006
2300.69447 15.140 0.006
2302.64418 15.120 0.006
2302.67035 15.129 0.006
2304.64883 15.120 0.006
2304.68639 15.137 0.006
2315.57216 15.159 0.006
2316.55475 15.153 0.006
2322.55022 15.121 0.006
2322.58810 15.128 0.006
2325.56394 15.120 0.006
2325.59454 15.123 0.006
2330.57263 15.146 0.006
2331.53101 15.150 0.006
2337.52448 15.166 0.006
2337.55357 15.169 0.006
2343.52268 15.157 0.006
2345.51335 15.152 0.006
2350.51547 15.129 0.006
2353.51655 15.141 0.006
2365.53272 15.120 0.006
2370.51941 15.117 0.006
2403.49805 15.138 0.006
2519.88149 15.153 0.006
2519.90861 15.170 0.006
2526.85356 15.155 0.006
2526.88684 15.164 0.006
2540.86174 15.142 0.006
2541.88110 15.131 0.006
2544.78189 15.130 0.007
2544.80786 15.137 0.006
2550.89975 15.137 0.007
2551.80778 15.154 0.006
2554.86994 15.160 0.006
2554.90021 15.168 0.007
2558.87612 15.166 0.006
2559.71574 15.181 0.006
2562.89700 15.124 0.006
2563.78965 15.151 0.006
2571.82193 15.129 0.006
2571.84600 15.134 0.006
2577.76058 15.162 0.006
2577.78450 15.184 0.006
2580.78936 15.165 0.006
2580.81324 15.170 0.006
2588.82668 15.122 0.006
2588.85377 15.149 0.006
2593.81584 15.111 0.006
2594.73028 15.154 0.006
2599.73570 15.155 0.006
2599.76147 15.154 0.006
2607.69992 15.153 0.006
2607.72592 15.152 0.006
2617.68314 15.158 0.006
2617.71759 15.166 0.006
2620.62665 15.152 0.006
2620.68226 15.162 0.006
2622.80245 15.152 0.006
2622.82871 15.155 0.006
2624.79708 15.139 0.006
2624.82249 15.149 0.006
2625.80373 15.143 0.006
2626.61023 15.138 0.006
2628.60772 15.131 0.006
2629.60685 15.121 0.006
2631.60621 15.124 0.006
2631.79110 15.104 0.006
2634.56106 15.101 0.006
2634.58492 15.101 0.006
2637.59894 15.094 0.006
2640.63858 15.148 0.006
2640.66910 15.138 0.006
2642.63682 15.146 0.006
2642.66130 15.156 0.006
2644.62703 15.161 0.006
2644.65799 15.147 0.006
2646.64584 15.153 0.006
2649.65042 15.142 0.006
2650.61271 15.132 0.006
2651.69929 15.131 0.006
2652.62430 15.123 0.006
2654.65177 15.124 0.006
2654.73640 15.106 0.006
2656.73003 15.122 0.006
2657.68370 15.113 0.006
2658.71584 15.120 0.006
2659.75687 15.124 0.006
2661.73117 15.145 0.006
2661.75614 15.120 0.006
2663.63484 15.143 0.006
2663.68302 15.126 0.006
2665.66435 15.137 0.006
2665.72626 15.131 0.006
2667.62529 15.136 0.006
2667.65680 15.132 0.006
2669.66747 15.129 0.006
2671.60048 15.135 0.006
2671.63440 15.121 0.006
2673.60284 15.133 0.006
2673.63322 15.110 0.006
2675.60240 15.124 0.006
2675.62628 15.116 0.006
2677.60026 15.135 0.006
2677.62418 15.138 0.006
2679.62715 15.129 0.006
2679.68743 15.121 0.006
2681.64878 15.147 0.006
2681.67448 15.132 0.006
2685.58845 15.168 0.007
2685.62151 15.140 0.006
2690.54267 15.129 0.006
2690.57514 15.133 0.006
2694.54040 15.112 0.006
2694.56603 15.119 0.006
2698.60222 15.109 0.006
2699.56077 15.119 0.006
2704.58478 15.134 0.006
2705.53902 15.141 0.006
2711.53997 15.146 0.006
2711.56568 15.149 0.006
2731.49408 15.121 0.006
2732.50172 15.150 0.006
2872.87072 15.121 0.006
2879.88692 15.127 0.006
2883.88413 15.145 0.006
2884.83281 15.160 0.006
2888.86554 15.162 0.006
2892.84934 15.148 0.006
2893.85692 15.155 0.006
2896.82380 15.157 0.006
2897.81851 15.140 0.006
2900.91205 15.130 0.006
2903.86447 15.127 0.006
2905.90095 15.134 0.006
2906.81315 15.129 0.006
2910.78625 15.116 0.006
2910.81148 15.129 0.006
2915.79024 15.125 0.006
2915.81681 15.118 0.006
2921.79211 15.136 0.006
2921.81902 15.140 0.006
2924.88184 15.152 0.006
2925.76234 15.155 0.006
2929.79103 15.171 0.006
2929.87955 15.153 0.006
2932.84764 15.167 0.006
2932.87324 15.164 0.006
2939.75212 15.119 0.006
2941.82454 15.130 0.006
2942.73032 15.134 0.006
2943.69883 15.129 0.006
2946.72555 15.139 0.006
2946.75083 15.156 0.006
2949.70939 15.153 0.006
2952.70013 15.159 0.006
2952.72549 15.163 0.006
2955.76179 15.160 0.006
2955.78707 15.151 0.006
2957.69433 15.153 0.006
2957.71968 15.158 0.006
2960.71528 15.142 0.006
2963.70200 15.140 0.006
2963.72742 15.145 0.006
2966.66750 15.122 0.006
2966.69433 15.126 0.006
2968.83051 15.136 0.006
2968.85806 15.129 0.006
2971.83786 15.135 0.006
2972.84552 15.129 0.006
2975.64162 15.151 0.006
2975.66742 15.126 0.006
2977.73816 15.135 0.006
2979.76434 15.139 0.006
2979.79023 15.134 0.006
2981.79764 15.141 0.007
2983.67199 15.145 0.006
2983.69836 15.138 0.006
2985.85302 15.158 0.006
2986.68063 15.152 0.006
2988.61657 15.163 0.006
2988.64551 15.152 0.006
2990.77899 15.162 0.006
2990.80812 15.170 0.006
2992.66350 15.162 0.006
2994.73449 15.157 0.006
2994.75981 15.162 0.006
2996.63578 15.154 0.006
2997.61741 15.153 0.006
2998.61732 15.157 0.006
2999.63702 15.132 0.006
3000.63546 15.134 0.006
3001.61495 15.125 0.006
3002.62016 15.123 0.006
3003.64393 15.116 0.006
3004.62302 15.114 0.006
3005.67331 15.125 0.006
3006.67208 15.115 0.006
3007.62592 15.118 0.006
3008.62309 15.131 0.006
3009.62372 15.119 0.006
3010.64334 15.125 0.006
3011.65596 15.137 0.006
3012.73872 15.129 0.006
3013.63142 15.131 0.006
3016.63192 15.146 0.006
3016.65736 15.147 0.006
3018.61704 15.151 0.006
3018.64277 15.156 0.006
3020.65818 15.158 0.006
3020.68377 15.156 0.006
3022.69016 15.154 0.006
3022.74937 15.154 0.006
3024.67223 15.160 0.006
3024.69775 15.144 0.006
3026.64133 15.147 0.006
3026.66676 15.145 0.006
3028.64673 15.131 0.006
3028.67229 15.140 0.006
3030.68201 15.132 0.006
3030.70762 15.132 0.006
3032.78578 15.137 0.006
3033.62806 15.119 0.006
3035.61038 15.124 0.006
3035.63581 15.137 0.006
3037.61712 15.129 0.006
3040.58842 15.135 0.006
3041.54231 15.132 0.006
3042.57652 15.137 0.006
3043.57177 15.134 0.006
3045.58535 15.130 0.006
3045.61089 15.137 0.006
3047.53721 15.138 0.006
3047.56534 15.130 0.006
3049.54271 15.134 0.006
3049.57028 15.136 0.006
3051.53631 15.120 0.006
3051.56250 15.131 0.006
3053.53330 15.129 0.006
3053.55888 15.122 0.006
3055.53158 15.123 0.006
3055.55755 15.134 0.006
3057.53145 15.120 0.006
3057.55676 15.122 0.006
3059.52953 15.115 0.006
3059.55537 15.133 0.006
3060.52311 15.130 0.006
3061.52422 15.120 0.006
3061.54959 15.127 0.006
3064.53669 15.126 0.006
3064.57252 15.118 0.006
3067.53431 15.116 0.006
3067.56036 15.124 0.006
3069.51859 15.113 0.006
3069.54536 15.121 0.006
3072.51304 15.124 0.006
3072.54361 15.125 0.006
3075.51827 15.123 0.006
3075.54417 15.126 0.006
3077.60345 15.136 0.006
3077.62888 15.139 0.006
3081.59468 15.142 0.006
3081.62033 15.137 0.006
3083.60175 15.131 0.006
3084.52717 15.131 0.006
3086.53764 15.122 0.006
3086.56517 15.116 0.006
3089.52498 15.105 0.006
3089.55101 15.110 0.006
3092.50765 15.101 0.006
3092.53624 15.106 0.006
3098.50472 15.124 0.006
3098.53719 15.126 0.006
3101.50113 15.136 0.006
3101.52619 15.124 0.006
3103.49794 15.145 0.006
3104.49767 15.125 0.006
3108.49470 15.132 0.006
3109.50003 15.136 0.006
3113.48811 15.139 0.006
3115.51673 15.142 0.006
3123.49560 15.130 0.006
3123.52103 15.128 0.006
3132.49575 15.135 0.006
3133.49460 15.126 0.006
3230.86803 15.140 0.006
3230.89365 15.139 0.006
3238.87722 15.145 0.006
3246.90900 15.141 0.006
3254.87158 15.149 0.006
3254.89712 15.144 0.006
3261.90442 15.122 0.006
3262.87163 15.127 0.006
3268.79492 15.147 0.006
3272.88409 15.164 0.006
3275.88296 15.168 0.006
3276.83659 15.151 0.006
3280.88251 15.157 0.006
3281.74982 15.137 0.006
3283.82280 15.138 0.006
3283.84963 15.114 0.006
3289.73576 15.141 0.006
3289.76316 15.133 0.006
3294.74240 15.149 0.006
3296.69084 15.159 0.006
3296.71709 15.148 0.006
3298.77194 15.165 0.006
3298.79716 15.148 0.006
3300.82780 15.150 0.006
3300.85313 15.150 0.006
3303.73510 15.158 0.006
3303.76036 15.159 0.006
3306.73655 15.157 0.006
3306.76184 15.148 0.006
3308.75316 15.156 0.006
3308.77855 15.154 0.006
3310.78567 15.154 0.006
3310.81090 15.133 0.006
3314.70688 15.153 0.006
3314.73222 15.149 0.006
3321.62741 15.146 0.006
3321.65272 15.127 0.006
3325.71448 15.144 0.006
3328.83669 15.149 0.006
3329.74710 15.125 0.006
3334.64331 15.165 0.006
3335.84068 15.149 0.006
3336.70487 15.146 0.006
3338.69672 15.157 0.006
3340.82609 15.149 0.006
3349.64886 15.121 0.006
3349.67412 15.130 0.006
3353.64168 15.138 0.006
3355.71403 15.135 0.006
3356.63536 15.144 0.006
3359.63518 15.140 0.006
3360.64855 15.152 0.006
3366.69710 15.135 0.006
3369.66719 15.141 0.006
3377.62823 15.139 0.006
3377.65366 15.129 0.006
3381.62678 15.152 0.006
3386.63860 15.157 0.006
3386.66809 15.159 0.006
3390.64161 15.162 0.006
3390.77315 15.153 0.006
3395.75165 15.130 0.006
3395.77710 15.145 0.006
3398.61914 15.141 0.006
3398.65039 15.145 0.006
3400.60465 15.155 0.006
3400.63004 15.150 0.006
3403.61337 15.150 0.006
3403.63957 15.158 0.006
3406.54287 15.157 0.006
3406.57343 15.147 0.006
3410.56635 15.134 0.006
3410.59152 15.130 0.006
3415.54230 15.134 0.006
3415.61384 15.135 0.006
3421.61178 15.157 0.006
3424.57648 15.157 0.006
3429.56388 15.137 0.006
3429.59136 15.139 0.006
3434.55192 15.128 0.006
3434.58072 15.130 0.006
3442.52370 15.116 0.006
3444.51719 15.117 0.006
3450.52549 15.146 0.006
3451.49179 15.132 0.006
3569.93535 15.118 0.006
3592.88759 15.125 0.006
3608.89441 15.130 0.006
3614.87727 15.131 0.006
3621.90969 15.145 0.006
3628.88915 15.136 0.006
3633.76022 15.142 0.006
3639.76590 15.135 0.006
3641.75977 15.142 0.006
3646.82083 15.152 0.006
3652.87249 15.144 0.006
3656.81104 15.130 0.006
3656.83636 15.124 0.006
3661.74644 15.133 0.006
3661.77180 15.111 0.006
3665.74981 15.128 0.006
3671.71571 15.121 0.006
3671.74106 15.134 0.006
3674.83783 15.155 0.006
3674.86315 15.112 0.006
3683.75364 15.160 0.006
3683.77900 15.135 0.006
3686.79971 15.140 0.006
3686.82690 15.117 0.006
3689.71661 15.140 0.006
3689.74184 15.136 0.006
3692.63824 15.143 0.006
3695.70370 15.137 0.006
3698.65590 15.138 0.006
3700.70079 15.122 0.006
3702.78839 15.126 0.006
3705.69273 15.119 0.006
3705.72038 15.093 0.006
3707.66045 15.133 0.006
3713.63202 15.136 0.006
3716.70656 15.140 0.006
3720.65300 15.133 0.006
3724.70957 15.136 0.006
3727.61847 15.148 0.006
3731.62008 15.141 0.006
3736.63070 15.138 0.006
3736.65611 15.135 0.006
3739.60532 15.137 0.006
3742.65594 15.139 0.006
3745.74463 15.129 0.006
3748.60492 15.106 0.006
3750.63084 15.099 0.006
3752.58550 15.108 0.006
3755.59730 15.108 0.006
3758.60194 15.120 0.006
3760.73678 15.126 0.006
3762.61403 15.132 0.006
3766.59551 15.131 0.006
3769.59654 15.139 0.006
3772.62111 15.135 0.006
3775.59240 15.140 0.006
3778.59306 15.135 0.006
3781.60416 15.123 0.006
3785.57670 15.121 0.007
3790.54551 15.124 0.006
3796.58593 15.123 0.006
3804.52170 15.112 0.006
3816.52690 15.125 0.006
3935.91712 15.119 0.006
3936.93449 15.129 0.006
3960.87126 15.136 0.006
3967.90063 15.110 0.006
3968.84070 15.094 0.006
3973.89608 15.117 0.006
3979.88005 15.140 0.006
3987.82621 15.151 0.006
3994.87882 15.143 0.006
4004.76118 15.105 0.006
4007.71858 15.098 0.006
4008.71623 15.126 0.006
4009.79177 15.111 0.006
4011.87932 15.141 0.006
4016.88794 15.142 0.006
4021.83471 15.134 0.006
4025.84656 15.113 0.006
4028.75656 15.111 0.006
4030.82827 15.104 0.006
4037.72790 15.147 0.006
4040.72279 15.142 0.006
4042.73914 15.149 0.006
4045.83847 15.145 0.006
4045.86554 15.118 0.006
4048.70213 15.126 0.006
4050.77487 15.133 0.006
4053.74431 15.124 0.006
4055.69406 15.122 0.006
4057.67292 15.141 0.006
4065.62941 15.119 0.006
4068.64512 15.138 0.006
4070.64156 15.114 0.006
4073.80095 15.145 0.006
4077.65430 15.152 0.007
4080.63709 15.170 0.006
4084.66785 15.148 0.006
4092.74466 15.123 0.006
4100.80491 15.153 0.006
4104.70970 15.139 0.007
4107.64730 15.157 0.006
4117.61282 15.147 0.006
4121.61377 15.137 0.006
4123.59059 15.125 0.006
4125.70192 15.119 0.006
4129.67441 15.110 0.006
4144.55517 15.123 0.006
4153.52930 15.110 0.006
4153.55463 15.111 0.007
4345.83619 15.140 0.006
4349.89725 15.130 0.006
4350.81579 15.139 0.006
4355.81127 15.125 0.006
4361.79702 15.154 0.007
4364.78114 15.139 0.006
4368.88047 15.136 0.006
4369.77321 15.133 0.006
4371.74400 15.140 0.006
4376.76328 15.144 0.006
4379.76898 15.151 0.006
4383.77384 15.163 0.006
4391.87443 15.159 0.006
4397.74611 15.154 0.006
4402.82466 15.138 0.006
4406.77496 15.138 0.006
4409.84410 15.143 0.006
4416.71131 15.147 0.006
4420.82382 15.151 0.006
4424.84354 15.154 0.006
4428.82201 15.137 0.006
4431.74681 15.133 0.006
4435.71667 15.136 0.006
4438.84463 15.131 0.006
4441.81476 15.120 0.006
4444.65727 15.145 0.006
4450.67093 15.163 0.006
4453.65571 15.173 0.006
4456.65840 15.176 0.006
4458.64282 15.142 0.006
4462.65748 15.127 0.006
4467.63956 15.121 0.006
4471.62798 15.130 0.006
4474.81209 15.139 0.006
4478.66720 15.151 0.006
4485.67372 15.157 0.006
4487.67071 15.157 0.006
4492.73518 15.123 0.006
4497.66349 15.127 0.006
4499.68592 15.123 0.006
4502.60486 15.148 0.006
4507.58083 15.155 0.006
4509.57394 15.171 0.006
4515.54030 15.158 0.006
4520.52916 15.148 0.006
4523.55273 15.142 0.006
4525.52491 15.150 0.006
4531.52202 15.131 0.006
4534.51805 15.125 0.006
4537.51586 15.144 0.006
4540.51445 15.159 0.006
4543.60408 15.157 0.006
4547.50929 15.167 0.006
4556.50790 15.110 0.006
4561.51134 15.132 0.006
4581.48797 15.134 0.006
4690.87279 15.113 0.006
4702.88646 15.124 0.006
4715.85654 15.131 0.007
4721.81965 15.134 0.006
4726.75544 15.130 0.006
4730.89453 15.132 0.006
4743.80801 15.136 0.006
4750.81417 15.134 0.006
4755.83293 15.127 0.006
4758.87177 15.140 0.006
4762.72728 15.156 0.006
4768.70523 15.165 0.006
4771.74697 15.156 0.006
4773.83906 15.161 0.006
4776.78086 15.130 0.006
4779.75198 15.134 0.006
4783.68362 15.142 0.006
4787.69968 15.148 0.006
4789.84434 15.163 0.006
4792.72406 15.160 0.006
4795.67496 15.173 0.006
4799.67252 15.160 0.006
4802.68030 15.160 0.006
4805.62840 15.151 0.006
4807.65735 15.148 0.006
4810.64391 15.145 0.006
4813.63922 15.137 0.006
4817.65856 15.141 0.006
4819.65088 15.136 0.006
4821.68769 15.141 0.006
4831.74814 15.148 0.006
4834.66856 15.153 0.006
4836.67825 15.162 0.006
4838.67228 15.151 0.006
4841.66593 15.148 0.006
4843.66705 15.136 0.006
4845.68139 15.137 0.006
4849.69054 15.141 0.006
4853.69551 15.166 0.006
4855.68303 15.157 0.006
4857.65910 15.157 0.006
4863.60839 15.156 0.006
4867.63089 15.144 0.006
4869.57223 15.147 0.006
4871.61030 15.144 0.006
4873.60584 15.138 0.006
4875.53920 15.134 0.006
4879.60021 15.138 0.006
4882.59639 15.144 0.006
4883.68610 15.150 0.006
4887.55126 15.154 0.006
4899.63543 15.163 0.006
4903.59084 15.143 0.006
4913.55162 15.126 0.006
4917.53898 15.142 0.006
4921.53596 15.147 0.006
4927.53207 15.156 0.006
4931.53958 15.158 0.006
4935.50608 15.150 0.006
4939.51317 15.138 0.006
4944.52555 15.139 0.006
4950.50581 15.144 0.006
