2162.87556 15.514 0.007
2171.84219 15.534 0.006
2183.80152 15.523 0.008
2184.80107 15.528 0.007
2188.85166 15.520 0.007
2200.78375 15.505 0.006
2206.71887 15.517 0.007
2216.84299 15.524 0.006
2223.70766 15.518 0.007
2226.68378 15.506 0.007
2228.72752 15.515 0.006
2230.63910 15.519 0.007
2232.66085 15.517 0.006
2238.59811 15.512 0.007
2240.72462 15.505 0.007
2242.73553 15.527 0.007
2244.78625 15.526 0.007
2249.65455 15.508 0.006
2251.85191 15.517 0.007
2253.63852 15.514 0.006
2256.64702 15.524 0.007
2259.64156 15.534 0.006
2262.64674 15.531 0.007
2272.61263 15.523 0.006
2276.62339 15.541 0.007
2279.61788 15.518 0.006
2281.66526 15.532 0.006
2283.70094 15.541 0.006
2288.68644 15.554 0.006
2290.72435 15.544 0.006
2292.69442 15.532 0.007
2294.66496 15.530 0.007
2296.68388 15.537 0.007
2298.70546 15.521 0.006
2300.65711 15.535 0.007
2302.63070 15.534 0.006
2304.63538 15.534 0.007
2315.55867 15.544 0.007
2322.52912 15.549 0.007
2325.54958 15.547 0.007
2330.55831 15.551 0.007
2337.51009 15.538 0.008
2353.50022 15.557 0.008
2370.50496 15.536 0.007
2403.48345 15.548 0.008
2518.90949 15.525 0.007
2526.83918 15.535 0.006
2540.84741 15.516 0.007
2544.76754 15.528 0.007
2550.88541 15.524 0.007
2554.85075 15.532 0.007
2558.86185 15.516 0.007
2562.87808 15.530 0.007
2571.80847 15.539 0.007
2577.74712 15.536 0.007
2580.77593 15.520 0.007
2588.81251 15.528 0.007
2593.80165 15.536 0.007
2599.72154 15.536 0.007
2607.67978 15.515 0.007
2617.66923 15.524 0.007
2620.61279 15.535 0.007
2622.78852 15.539 0.007
2624.78318 15.530 0.007
2626.59684 15.511 0.008
2629.59347 15.528 0.007
2631.77717 15.540 0.007
2634.54769 15.533 0.007
2637.58555 15.508 0.007
2640.62517 15.547 0.007
2642.62339 15.535 0.007
2644.61362 15.534 0.007
2649.63646 15.530 0.007
2651.68531 15.540 0.007
2654.63760 15.539 0.007
2656.71262 15.529 0.007
2658.69830 15.534 0.007
2661.71773 15.545 0.007
2663.62137 15.558 0.007
2665.64527 15.537 0.007
2667.61185 15.531 0.007
2669.65399 15.543 0.007
2671.58113 15.527 0.007
2673.58935 15.543 0.007
2675.58892 15.535 0.006
2677.58677 15.556 0.007
2679.61224 15.554 0.007
2681.63469 15.558 0.007
2685.57435 15.525 0.007
2690.52860 15.539 0.007
2694.52092 15.539 0.007
2698.58811 15.540 0.007
2704.57064 15.555 0.007
2711.52578 15.552 0.007
2730.50946 15.523 0.007
2872.88165 15.543 0.008
2879.87271 15.526 0.006
2884.81864 15.524 0.007
2888.85135 15.521 0.006
2893.84280 15.526 0.007
2897.80441 15.520 0.008
2903.85039 15.524 0.007
2906.79910 15.515 0.007
2910.77216 15.524 0.007
2915.77621 15.513 0.007
2921.77804 15.521 0.007
2924.86780 15.532 0.007
2927.88586 15.523 0.007
2941.80965 15.536 0.006
2943.68485 15.515 0.007
2946.71158 15.511 0.007
2949.69463 15.509 0.007
2952.68619 15.524 0.007
2955.74789 15.511 0.007
2957.68044 15.524 0.007
2960.70137 15.534 0.006
2963.68810 15.536 0.007
2966.65362 15.523 0.007
2968.81661 15.525 0.006
2971.82394 15.526 0.007
2975.62227 15.520 0.007
2977.71336 15.522 0.007
2979.75043 15.516 0.007
2983.65811 15.519 0.007
2985.83917 15.531 0.007
2988.60222 15.530 0.007
2990.79015 15.523 0.006
2992.61221 15.530 0.007
2994.72062 15.529 0.006
2997.60356 15.525 0.007
2999.62313 15.533 0.007
3001.60107 15.529 0.007
3003.63005 15.531 0.007
3005.65942 15.522 0.007
3007.61205 15.535 0.007
3009.60985 15.531 0.007
3011.64204 15.531 0.007
3013.61755 15.527 0.007
3016.61800 15.523 0.007
3018.60313 15.542 0.007
3020.64427 15.529 0.006
3022.67627 15.527 0.006
3024.65832 15.532 0.006
3026.62735 15.533 0.006
3028.63279 15.531 0.006
3030.66805 15.530 0.006
3032.77182 15.532 0.006
3034.82133 15.522 0.006
3037.59891 15.542 0.006
3040.57448 15.535 0.007
3042.55948 15.549 0.008
3045.57141 15.536 0.007
3047.52321 15.538 0.008
3049.52872 15.535 0.007
3051.52228 15.544 0.007
3053.51480 15.538 0.007
3055.51692 15.554 0.007
3057.51295 15.539 0.007
3059.51548 15.547 0.007
3060.50910 15.547 0.007
3061.51018 15.533 0.007
3064.51306 15.546 0.007
3067.52020 15.545 0.007
3069.50448 15.538 0.007
3071.66617 15.528 0.008
3074.68825 15.533 0.007
3077.58933 15.538 0.007
3081.58056 15.517 0.007
3083.58762 15.534 0.007
3086.52352 15.543 0.007
3089.51086 15.546 0.007
3092.49347 15.538 0.007
3098.49049 15.534 0.007
3101.51200 15.535 0.007
3104.48344 15.519 0.007
3108.48048 15.542 0.007
3112.47579 15.533 0.007
3115.50250 15.565 0.007
3123.48129 15.545 0.007
3132.47745 15.544 0.007
3230.85382 15.516 0.006
3238.85270 15.557 0.007
3246.86973 15.533 0.007
3251.90053 15.540 0.006
3254.85742 15.527 0.007
3261.89035 15.549 0.006
3272.87009 15.541 0.007
3275.86890 15.538 0.007
3280.86847 15.547 0.006
3283.80875 15.514 0.006
3289.72176 15.508 0.006
3294.72844 15.522 0.006
3296.67685 15.518 0.006
3298.75721 15.527 0.006
3300.81384 15.539 0.006
3303.72115 15.521 0.006
3306.72263 15.523 0.006
3308.73924 15.528 0.006
3310.77175 15.544 0.006
3314.69297 15.529 0.007
3321.61355 15.521 0.006
3328.82274 15.554 0.006
3335.82676 15.504 0.007
3336.69100 15.517 0.006
3340.81221 15.532 0.006
3349.63501 15.533 0.006
3353.62781 15.521 0.006
3356.62148 15.539 0.006
3360.63468 15.535 0.006
3369.65336 15.532 0.006
3377.61433 15.534 0.006
3381.61283 15.555 0.006
3386.62469 15.539 0.006
3390.62765 15.529 0.006
3395.73767 15.525 0.007
3398.60516 15.532 0.006
3400.59064 15.543 0.007
3403.59936 15.546 0.006
3406.52890 15.541 0.006
3410.55252 15.527 0.006
3415.52844 15.530 0.007
3421.59788 15.530 0.006
3429.54909 15.547 0.006
3434.53796 15.550 0.006
3442.50967 15.549 0.007
3450.51148 15.548 0.006
3568.94315 15.534 0.006
3592.87351 15.530 0.006
3608.88036 15.517 0.006
3614.86322 15.524 0.006
3621.89571 15.527 0.006
3628.87519 15.535 0.006
3633.74627 15.526 0.007
3639.75193 15.524 0.006
3641.74584 15.519 0.006
3646.80689 15.531 0.007
3652.85864 15.540 0.006
3656.79723 15.527 0.006
3661.73259 15.510 0.007
3665.73599 15.536 0.007
3671.70190 15.538 0.006
3673.87427 15.528 0.006
3683.73986 15.537 0.006
3686.78594 15.532 0.006
3689.70286 15.532 0.006
3692.62446 15.513 0.006
3695.68994 15.533 0.006
3697.72210 15.545 0.007
3700.68704 15.515 0.006
3702.77321 15.531 0.006
3704.86285 15.513 0.007
3707.64672 15.538 0.006
3712.86172 15.516 0.008
3716.65543 15.528 0.007
3720.63819 15.537 0.007
3724.66986 15.534 0.006
3727.60470 15.526 0.007
3731.60631 15.522 0.006
3736.61692 15.534 0.006
3739.59153 15.520 0.006
3742.64215 15.541 0.007
3745.73085 15.529 0.006
3748.59120 15.538 0.007
3750.61703 15.519 0.007
3752.57167 15.532 0.007
3755.58351 15.521 0.007
3758.58752 15.534 0.006
3760.72295 15.529 0.006
3762.60017 15.532 0.006
3766.58170 15.530 0.006
3769.58268 15.538 0.006
3772.60558 15.535 0.006
3775.57852 15.536 0.006
3778.57919 15.526 0.006
3781.59021 15.535 0.007
3785.56276 15.520 0.007
3790.53158 15.540 0.007
3796.57201 15.517 0.006
3804.50772 15.547 0.007
3816.51282 15.536 0.007
3934.93895 15.543 0.006
3960.85732 15.534 0.006
3967.88676 15.528 0.006
3973.88220 15.524 0.006
3979.83171 15.523 0.006
3987.81238 15.532 0.006
3994.86503 15.533 0.006
4001.74473 15.525 0.006
4004.74742 15.524 0.006
4008.70247 15.536 0.006
4011.86565 15.544 0.006
4016.87424 15.549 0.006
4021.82096 15.539 0.006
4025.83294 15.535 0.006
4028.74291 15.528 0.006
4030.81460 15.535 0.006
4036.87343 15.524 0.006
4040.70917 15.525 0.006
4042.72548 15.528 0.006
4045.82485 15.552 0.007
4048.68852 15.527 0.006
4050.76133 15.535 0.006
4053.73076 15.535 0.006
4057.65932 15.530 0.007
4060.59423 15.535 0.006
4065.61585 15.519 0.006
4068.63154 15.527 0.006
4070.62801 15.525 0.006
4073.78733 15.539 0.006
4077.64075 15.537 0.006
4080.62264 15.509 0.006
4084.65430 15.538 0.006
4092.73108 15.534 0.006
4100.79137 15.526 0.006
4104.69613 15.513 0.007
4107.63374 15.538 0.006
4117.59921 15.537 0.006
4121.60017 15.536 0.006
4123.56176 15.545 0.006
4125.68828 15.541 0.006
4129.66073 15.528 0.006
4144.53199 15.539 0.007
4153.51547 15.534 0.008
4160.57553 15.544 0.007
4174.54855 15.549 0.007
4310.93805 15.526 0.007
4345.82232 15.525 0.007
4349.88337 15.534 0.007
4355.79743 15.539 0.007
4361.78326 15.514 0.008
4368.86673 15.518 0.008
4371.73022 15.534 0.007
4376.74951 15.519 0.007
4378.89683 15.520 0.007
4379.75528 15.510 0.007
4383.76011 15.525 0.007
4387.85507 15.529 0.006
4391.86076 15.518 0.007
4397.73246 15.530 0.007
4402.81106 15.518 0.007
4406.76133 15.528 0.007
4409.83046 15.534 0.006
4416.69770 15.510 0.007
4420.81024 15.528 0.007
4424.82992 15.551 0.007
4428.79792 15.542 0.007
4431.73319 15.526 0.007
4435.69816 15.528 0.007
4438.82708 15.530 0.007
4441.80121 15.531 0.007
4444.64371 15.529 0.007
4450.65738 15.507 0.007
4453.64081 15.527 0.007
4456.64483 15.525 0.007
4458.62926 15.511 0.007
4462.64393 15.510 0.007
4467.62596 15.502 0.007
4471.61434 15.539 0.006
4474.79845 15.530 0.007
4478.65360 15.522 0.007
4482.67837 15.529 0.007
4485.66012 15.532 0.007
4487.65705 15.520 0.007
4492.71906 15.549 0.007
4497.61002 15.543 0.007
4499.66077 15.545 0.007
4502.59169 15.540 0.007
4507.56319 15.537 0.007
4509.56077 15.541 0.007
4515.52658 15.541 0.007
4520.51540 15.550 0.008
4523.53900 15.541 0.007
4525.51114 15.531 0.007
4531.50823 15.536 0.007
4537.50204 15.561 0.007
4543.57493 15.542 0.007
4547.49546 15.550 0.008
4556.49397 15.537 0.007
4561.49664 15.542 0.006
4570.47685 15.534 0.007
4581.47400 15.552 0.007
4675.91970 15.536 0.007
4690.85884 15.523 0.006
4702.87259 15.529 0.007
4715.84271 15.525 0.007
4721.80586 15.539 0.007
4726.74167 15.514 0.007
4730.88073 15.519 0.006
4743.79431 15.532 0.006
4750.80044 15.524 0.007
4755.81924 15.532 0.007
4758.85811 15.543 0.006
4762.71364 15.521 0.006
4767.85328 15.533 0.006
4771.73337 15.523 0.006
4773.82545 15.531 0.007
4776.76722 15.521 0.007
4779.73837 15.535 0.007
4782.85470 15.547 0.007
4787.68606 15.505 0.008
4789.83075 15.533 0.006
4792.71045 15.530 0.007
4795.66137 15.539 0.007
4799.65891 15.512 0.007
4802.66671 15.529 0.006
4805.61478 15.511 0.006
4807.64374 15.535 0.007
4810.63036 15.531 0.006
4813.62565 15.516 0.007
4815.63890 15.538 0.007
4817.64368 15.524 0.006
4819.63732 15.522 0.006
4821.67408 15.529 0.006
4825.68978 15.524 0.006
4831.73452 15.533 0.006
4834.65496 15.537 0.007
4836.66465 15.537 0.007
4838.65871 15.552 0.006
4841.65230 15.538 0.007
4843.65342 15.537 0.007
4845.66774 15.546 0.007
4847.68293 15.539 0.007
4849.67465 15.532 0.007
4851.70323 15.539 0.007
4853.68188 15.531 0.006
4855.66936 15.553 0.007
4857.64545 15.538 0.006
4863.59474 15.530 0.006
4866.62894 15.532 0.006
4867.61722 15.530 0.006
4869.55855 15.549 0.007
4871.59658 15.532 0.007
4873.59212 15.541 0.007
4875.52547 15.523 0.007
4877.57273 15.535 0.007
4877.58516 15.533 0.007
4879.58647 15.543 0.006
4882.58266 15.545 0.007
4883.67237 15.553 0.007
4887.53757 15.511 0.006
4899.62160 15.549 0.007
4903.57698 15.534 0.007
4913.53777 15.548 0.007
4917.52509 15.533 0.006
4921.52204 15.519 0.006
4927.51865 15.548 0.007
4931.52615 15.531 0.007
4935.49268 15.537 0.007
4939.49976 15.537 0.007
4944.51209 15.536 0.007
4950.49236 15.548 0.007
