2167.89016 18.884 0.052
2186.86417 18.961 0.075
2193.81312 18.918 0.041
2202.81248 18.919 0.044
2214.86016 18.856 0.062
2215.76568 18.950 0.061
2224.81381 18.887 0.047
2227.72465 18.889 0.048
2229.73039 18.915 0.058
2231.69865 18.885 0.049
2233.66693 18.928 0.047
2237.58633 18.949 0.084
2239.64734 18.988 0.057
2241.73901 18.922 0.047
2243.80402 19.017 0.056
2248.66310 18.879 0.043
2250.75109 18.959 0.056
2252.72434 18.836 0.042
2254.71540 18.913 0.042
2257.71943 18.934 0.043
2260.73781 18.962 0.045
2265.77373 19.078 0.059
2266.74477 18.892 0.043
2270.79036 18.930 0.042
2272.63991 18.897 0.050
2274.76726 18.924 0.058
2278.78203 18.858 0.060
2280.76477 18.998 0.049
2282.76201 19.201 0.060
2289.82446 18.829 0.042
2291.81050 18.816 0.049
2293.77939 18.896 0.066
2295.80327 19.024 0.051
2297.78931 18.904 0.052
2300.81433 18.997 0.082
2302.77559 18.928 0.065
2315.69933 18.828 0.048
2324.56066 18.921 0.048
2328.54624 18.847 0.056
2334.53944 18.883 0.053
2340.53608 18.978 0.059
2347.53338 18.994 0.057
2373.48854 18.913 0.073
2385.55166 18.844 0.065
2534.88427 18.775 0.057
2539.89145 18.897 0.056
2545.85991 19.150 0.075
2553.75148 18.980 0.073
2557.81951 18.987 0.064
2560.81400 18.937 0.049
2561.81756 18.944 0.056
2565.82026 18.888 0.062
2574.78249 18.925 0.052
2578.83888 18.858 0.048
2584.73468 18.868 0.060
2590.81107 18.949 0.055
2596.81749 18.905 0.065
2606.71402 18.947 0.049
2609.82257 18.921 0.073
2610.62116 18.934 0.062
2610.72605 18.898 0.080
2610.83327 18.856 0.066
2611.63346 18.908 0.069
2611.70068 18.915 0.073
2613.61471 18.940 0.067
2613.69250 19.010 0.088
2614.66268 18.944 0.059
2614.74398 18.807 0.050
2614.83763 18.904 0.046
2615.64676 18.881 0.067
2615.76887 18.872 0.042
2615.82655 18.845 0.043
2617.63408 18.803 0.065
2617.72983 18.959 0.062
2617.83829 19.080 0.079
2618.65059 18.881 0.054
2618.74558 18.875 0.055
2619.60872 18.925 0.053
2619.71547 18.835 0.041
2619.83984 18.783 0.052
2620.63861 19.229 0.064
2620.72385 19.113 0.056
2620.84054 18.980 0.056
2621.67058 18.828 0.038
2621.74833 18.903 0.052
2621.84150 18.884 0.042
2622.63861 18.790 0.056
2622.72005 18.943 0.054
2622.83996 18.803 0.046
2623.63736 18.938 0.060
2623.72542 18.933 0.053
2623.83674 18.866 0.044
2624.66792 18.882 0.052
2624.73905 18.877 0.046
2624.83380 18.830 0.043
2625.65292 18.878 0.050
2625.70482 18.932 0.049
2625.81495 18.880 0.043
2626.62176 18.826 0.056
2627.72951 18.859 0.070
2627.78227 18.859 0.062
2627.80339 18.855 0.065
2628.64633 18.851 0.056
2628.72333 18.852 0.053
2628.79054 18.813 0.053
2629.64202 18.868 0.057
2629.75036 18.969 0.061
2629.80905 18.890 0.052
2629.83012 18.950 0.058
2630.62988 18.786 0.059
2630.70945 18.868 0.050
2630.78975 18.898 0.069
2631.64139 18.909 0.059
2631.72418 19.117 0.089
2632.59736 18.888 0.045
2632.70316 18.906 0.043
2632.72412 18.903 0.043
2632.80466 18.871 0.043
2634.59614 18.980 0.050
2634.68618 19.061 0.050
2634.81938 19.042 0.058
2635.64639 18.859 0.044
2635.72369 18.909 0.043
2635.80371 18.903 0.049
2635.82662 18.983 0.056
2636.67420 18.875 0.044
2636.75460 18.972 0.061
2636.83432 18.953 0.057
2637.63627 19.024 0.047
2637.71486 18.957 0.047
2637.81797 18.901 0.045
2638.61755 18.836 0.045
2638.71845 18.827 0.046
2638.81793 18.938 0.061
2639.59063 18.959 0.044
2639.82697 18.865 0.037
2640.59959 18.907 0.047
2640.74158 18.893 0.048
2641.59972 18.967 0.050
2641.73607 18.922 0.051
2641.76505 18.801 0.043
2641.84690 18.898 0.051
2642.59781 18.881 0.054
2642.69964 18.878 0.052
2643.60474 18.903 0.049
2643.74835 18.867 0.047
2644.58739 18.899 0.048
2644.69787 18.958 0.052
2645.59791 18.878 0.045
2645.73963 18.849 0.049
2645.76699 18.894 0.046
2645.84601 18.888 0.055
2646.60839 18.821 0.049
2646.73225 18.879 0.044
2647.60731 18.978 0.051
2647.69601 18.888 0.047
2647.71708 18.883 0.046
2649.60447 18.879 0.045
2649.69683 18.921 0.039
2650.62463 18.784 0.041
2650.68614 18.921 0.054
2650.79596 18.827 0.048
2651.62062 19.044 0.067
2651.71134 19.038 0.050
2652.58722 18.974 0.051
2652.66615 18.955 0.058
2652.76369 18.853 0.053
2653.59497 18.951 0.052
2653.64984 18.836 0.050
2653.76396 18.774 0.048
2654.61293 18.887 0.056
2654.69073 18.886 0.057
2654.83134 18.933 0.048
2655.59936 18.862 0.054
2655.70160 18.904 0.048
2655.79833 18.914 0.055
2656.61077 18.881 0.056
2656.75584 19.118 0.074
2656.85706 18.957 0.065
2657.61318 18.821 0.048
2657.64134 18.905 0.055
2657.84974 18.923 0.079
2658.57475 18.875 0.065
2658.67422 18.861 0.053
2658.75521 19.015 0.092
2659.63191 18.899 0.054
2659.76792 19.129 0.103
2659.79513 18.816 0.068
2659.85952 18.880 0.074
2660.58743 18.843 0.059
2660.70159 18.936 0.053
2660.72824 18.898 0.054
2661.59250 18.899 0.034
2661.64630 18.855 0.036
2661.84547 18.893 0.056
2662.63121 18.905 0.047
2662.71138 18.890 0.057
2662.76683 18.929 0.086
2663.64582 18.828 0.049
2663.73328 18.875 0.071
2664.69351 18.881 0.070
2664.72679 18.817 0.074
2664.83143 18.951 0.086
2665.67636 18.879 0.039
2665.81338 18.865 0.056
2666.63381 18.920 0.044
2666.75345 18.889 0.042
2666.78065 18.904 0.046
2667.67059 18.854 0.042
2667.82141 18.928 0.072
2668.74425 18.858 0.055
2668.77219 19.015 0.065
2669.58451 18.861 0.048
2671.68053 18.895 0.050
2671.84861 19.112 0.095
2672.65768 18.950 0.082
2672.75611 18.842 0.045
2673.69403 18.926 0.070
2673.75383 18.944 0.069
2673.80137 18.961 0.066
2674.66260 18.988 0.053
2674.78464 18.971 0.056
2675.63728 18.881 0.049
2675.74812 18.921 0.042
2675.79925 18.853 0.044
2676.64308 18.866 0.046
2676.72812 18.837 0.062
2677.64303 18.853 0.056
2677.69998 18.984 0.076
2677.78625 18.790 0.060
2678.62112 18.906 0.050
2678.75280 18.962 0.054
2679.64162 18.933 0.073
2679.77754 19.069 0.064
2679.80489 19.483 0.100
2680.76358 18.899 0.045
2681.60079 18.827 0.054
2681.71224 18.901 0.057
2682.57819 18.916 0.059
2683.61333 18.796 0.057
2687.62597 18.865 0.069
2692.56880 18.866 0.056
2696.61614 18.866 0.052
2702.51400 19.025 0.086
2708.53787 18.861 0.066
2724.51254 18.906 0.054
2871.90126 18.886 0.060
2884.86367 18.858 0.052
2890.88567 18.931 0.086
2896.83838 18.940 0.059
2902.77302 18.890 0.042
2911.88157 18.866 0.036
2917.78512 18.889 0.051
2923.78450 18.875 0.053
2926.84036 18.856 0.043
2931.76886 18.886 0.042
2934.80927 18.873 0.045
2940.78969 18.868 0.043
2943.79386 18.856 0.044
2947.80243 18.934 0.042
2950.71637 18.879 0.057
2954.73964 18.981 0.062
2956.78522 18.819 0.042
2958.82982 18.921 0.067
2962.82403 18.851 0.042
2964.84248 18.928 0.042
2967.77302 18.853 0.049
2970.82699 18.909 0.040
2974.76500 18.861 0.038
2976.65449 18.848 0.050
2979.63789 18.919 0.056
2981.65928 19.021 0.101
2983.76605 18.937 0.052
2985.81378 18.931 0.045
2987.71252 18.896 0.050
2989.65522 19.050 0.044
2991.72312 18.892 0.039
2993.73518 18.937 0.053
2995.80876 18.872 0.042
2997.77929 18.911 0.044
2998.72684 18.786 0.042
3000.72935 18.902 0.042
3002.71671 18.973 0.052
3004.72017 18.885 0.038
3006.71307 18.892 0.040
3008.72752 18.848 0.042
3010.77397 18.861 0.050
3011.79032 18.909 0.059
3016.72396 18.921 0.046
3018.75434 18.850 0.045
3020.81811 18.855 0.061
3021.84303 19.041 0.062
3023.70403 18.873 0.040
3025.67566 18.859 0.031
3027.72108 18.910 0.039
3029.70596 18.867 0.040
3031.77631 18.968 0.055
3034.60766 18.914 0.035
3036.63802 18.927 0.041
3039.57992 18.949 0.047
3042.68745 18.904 0.054
3044.62686 19.124 0.068
3046.61284 18.941 0.049
3047.71518 18.898 0.063
3048.64630 18.905 0.041
3049.66982 18.879 0.033
3051.63917 19.099 0.061
3053.61435 18.860 0.039
3055.63142 18.726 0.042
3057.65655 18.887 0.045
3059.60118 18.834 0.035
3061.59349 18.836 0.048
3066.56303 18.867 0.067
3070.66125 18.947 0.059
3073.67948 18.984 0.063
3076.60326 18.902 0.058
3078.68980 18.926 0.059
3082.67152 18.883 0.036
3085.57205 18.899 0.051
3088.53231 18.859 0.057
3091.51464 18.917 0.058
3096.56369 18.929 0.073
3099.63137 18.811 0.079
3103.51291 18.878 0.047
3106.53419 18.911 0.051
3109.51976 18.985 0.049
3112.57160 18.779 0.045
3116.55328 18.906 0.058
3127.55043 18.872 0.049
3133.51088 18.877 0.065
3223.90921 18.987 0.069
3242.86011 18.825 0.046
3248.91407 19.011 0.055
3258.89485 18.875 0.047
3264.86111 18.825 0.035
3271.80888 18.906 0.057
3274.81287 18.807 0.053
3278.88588 18.776 0.045
3282.77810 18.858 0.044
3287.81703 18.792 0.031
3295.77481 18.886 0.031
3301.82835 18.992 0.056
3305.73736 18.964 0.048
3307.76223 19.022 0.065
3309.79863 18.852 0.036
3311.79225 18.869 0.043
3320.85570 18.839 0.037
3327.80814 18.831 0.037
3330.78419 18.857 0.050
3336.63660 18.811 0.054
3339.81508 18.853 0.050
3350.75263 18.839 0.034
3353.80879 18.875 0.040
3357.74947 18.911 0.043
3360.72620 18.912 0.037
3365.84563 18.964 0.053
3373.80969 18.885 0.065
3378.73649 18.807 0.042
3394.61962 18.803 0.058
3395.79236 18.755 0.059
3399.77334 18.861 0.060
3403.76041 18.869 0.043
3408.68359 18.864 0.039
3413.52988 18.892 0.047
3417.62377 18.945 0.048
3427.55977 18.909 0.050
3434.51158 18.857 0.042
3440.52129 18.840 0.042
3447.50490 18.917 0.064
3456.53048 18.903 0.057
3469.48533 19.011 0.054
3478.47780 18.762 0.046
3601.88826 18.795 0.048
3619.89104 18.810 0.039
3630.77242 18.947 0.072
3634.87135 19.119 0.064
3640.77981 18.904 0.042
3651.81371 18.841 0.041
3654.85992 18.825 0.037
3658.82360 18.828 0.042
3661.86934 18.850 0.056
3665.84254 18.895 0.052
3670.81217 19.060 0.056
3673.82243 18.868 0.033
3676.82260 19.267 0.054
3685.76197 18.898 0.037
3687.84870 18.824 0.035
3690.77062 18.845 0.049
3693.80629 18.983 0.045
3695.83738 18.800 0.038
3698.82703 18.879 0.044
3701.69601 18.975 0.044
3703.77977 18.865 0.035
3705.84397 18.874 0.036
3708.83172 18.811 0.048
3712.78925 18.860 0.037
3715.75492 18.871 0.045
3718.69074 19.002 0.059
3720.84051 18.999 0.054
3724.75813 18.952 0.042
3728.73617 18.937 0.039
3731.79926 18.809 0.035
3733.65984 18.891 0.036
3735.64982 18.795 0.029
3737.80836 18.830 0.029
3740.77169 18.882 0.037
3742.78224 18.695 0.056
3745.81427 18.889 0.051
3747.81699 18.826 0.066
3749.76430 18.826 0.065
3751.77814 18.952 0.056
3753.72753 18.818 0.042
3755.72761 18.913 0.056
3757.71734 18.766 0.033
3759.80765 18.920 0.043
3763.67963 18.851 0.027
3766.69624 18.881 0.046
3770.72376 18.777 0.042
3773.75503 19.156 0.071
3776.72939 18.885 0.057
3779.68011 18.969 0.068
3783.59663 18.897 0.041
3788.57083 18.826 0.036
3793.57634 18.848 0.042
3801.51212 18.821 0.041
3810.54696 18.871 0.052
3826.48780 18.792 0.046
3958.87792 18.814 0.066
3965.84777 18.851 0.036
3970.86785 18.868 0.042
3982.81865 18.743 0.044
3999.86286 18.849 0.041
4003.73880 19.008 0.041
4006.75998 18.861 0.035
4008.78087 18.785 0.032
4013.79249 18.823 0.056
4019.79367 18.870 0.040
4024.78673 18.904 0.041
4026.85570 18.812 0.042
4029.80006 18.803 0.039
4032.83667 18.851 0.056
4038.78273 18.922 0.046
4041.74263 18.925 0.045
4043.74766 18.832 0.046
4046.84081 18.865 0.054
4049.71091 18.938 0.042
4052.77226 18.835 0.036
4056.81755 18.989 0.039
4058.86469 18.818 0.067
4064.77995 18.852 0.032
4066.77994 18.907 0.049
4069.73300 18.933 0.045
4071.66097 18.931 0.054
4076.73317 18.922 0.052
4079.77467 18.743 0.044
4082.81627 18.786 0.042
4084.78783 18.865 0.047
4086.81285 18.823 0.048
4093.86568 18.865 0.071
4103.63744 18.861 0.043
4106.56929 18.912 0.055
4111.79162 18.999 0.043
4117.73223 18.999 0.049
4121.71017 18.824 0.056
4127.66081 18.859 0.032
4132.74975 18.911 0.057
4143.53695 18.886 0.045
4157.52919 18.813 0.050
4168.56990 18.857 0.038
4198.52248 18.843 0.062
4343.85542 18.942 0.063
4348.82431 18.826 0.046
4353.85570 18.793 0.042
4358.80774 18.914 0.074
4364.89411 18.765 0.052
4367.86794 18.912 0.045
4370.88960 18.879 0.057
4373.84563 18.831 0.043
4377.89752 18.862 0.083
4378.74906 18.793 0.051
4381.73725 18.839 0.060
4386.85513 18.797 0.047
4390.81712 18.873 0.044
4394.86371 18.877 0.041
4399.79143 18.886 0.063
4407.82072 18.795 0.064
4412.77885 18.814 0.048
4418.86455 18.855 0.062
4423.72921 18.882 0.044
4427.73130 18.837 0.046
4430.73461 18.814 0.063
4433.75213 18.805 0.051
4436.84687 18.837 0.063
4440.69435 18.853 0.050
4443.78683 18.882 0.056
4449.75777 18.920 0.050
4451.79336 18.854 0.046
4455.75876 18.822 0.056
4457.78999 18.939 0.072
4459.75721 19.031 0.055
4463.75394 18.804 0.037
4465.77070 18.850 0.038
4468.73496 18.867 0.041
4470.69049 18.929 0.049
4473.73364 18.801 0.052
4476.75458 18.736 0.035
4482.79545 18.820 0.052
4485.78580 18.914 0.061
4490.63303 18.894 0.051
4494.69909 18.848 0.052
4498.72371 18.760 0.039
4501.72105 18.889 0.055
4506.65504 18.894 0.057
4508.68191 18.714 0.042
4509.74602 18.761 0.043
4512.71530 18.885 0.051
4518.65550 18.893 0.069
4521.69601 19.336 0.077
4523.67505 18.978 0.060
4525.63967 18.910 0.049
4531.62338 18.801 0.042
4534.55223 18.888 0.052
4537.66804 18.907 0.051
4539.58728 18.888 0.050
4542.50467 18.862 0.071
4545.60198 18.901 0.055
4547.57006 18.964 0.064
4552.54460 18.956 0.072
4559.58742 18.850 0.051
4568.55560 18.814 0.049
4575.53254 19.003 0.063
4616.46664 18.824 0.061
4685.88536 18.866 0.050
4699.84848 18.920 0.056
4708.90785 18.843 0.046
4720.84616 18.836 0.038
4725.78668 18.784 0.051
4728.89784 18.845 0.046
4749.74369 18.886 0.053
4753.80789 18.933 0.077
4757.82662 18.749 0.046
4760.82816 18.831 0.038
4765.86149 18.747 0.052
4769.75754 18.852 0.052
4772.78965 18.965 0.060
4775.80725 18.871 0.047
4777.82082 18.777 0.045
4782.67074 18.750 0.049
4784.77073 18.802 0.051
4786.69299 18.827 0.047
4786.85035 18.828 0.046
4787.66280 18.960 0.088
4787.85292 18.799 0.043
4788.69277 18.831 0.051
4788.86187 18.767 0.046
4789.66905 18.900 0.042
4789.67957 18.811 0.039
4790.72655 18.814 0.035
4792.85610 18.927 0.060
4796.73241 18.804 0.038
4798.67975 18.842 0.056
4800.67378 18.827 0.042
4801.64562 18.786 0.048
4802.65924 18.808 0.042
4802.81948 18.801 0.037
4803.62884 18.811 0.052
4803.69118 18.754 0.044
4804.64159 18.824 0.056
4804.78269 18.789 0.050
4805.64160 18.843 0.044
4805.79156 18.800 0.039
4806.66117 18.872 0.048
4807.66510 18.876 0.058
4808.72607 18.844 0.047
4810.78608 18.866 0.036
4813.76690 18.789 0.065
4815.75066 18.859 0.053
4817.74819 18.904 0.044
4819.75724 18.837 0.037
4822.73703 18.866 0.038
4824.75506 18.835 0.041
4826.76795 18.799 0.038
4833.77069 18.877 0.039
4835.78128 18.878 0.046
4837.78037 18.922 0.064
4839.73169 18.863 0.046
4841.79602 18.882 0.051
4843.79582 18.755 0.055
4846.78574 18.804 0.045
4848.81562 18.827 0.047
4852.77210 18.707 0.044
4854.77343 18.834 0.043
4856.78017 18.931 0.052
4861.73519 18.792 0.046
4867.69914 19.008 0.056
4869.66815 18.829 0.047
4871.67577 18.718 0.053
4875.66171 18.887 0.042
4877.68680 18.822 0.038
4879.69353 18.923 0.052
4882.71222 18.812 0.049
4885.67407 18.809 0.044
4889.63211 18.772 0.048
4890.54862 18.962 0.048
4892.61695 18.889 0.044
4893.55533 18.969 0.053
4893.62552 18.767 0.050
4894.57459 18.794 0.046
4894.63870 18.893 0.052
4895.54706 18.724 0.045
4895.64692 18.914 0.045
4896.52128 18.816 0.038
4897.52961 18.923 0.053
4898.54324 18.795 0.050
4902.63035 18.774 0.058
4911.64914 18.888 0.045
4915.56833 18.849 0.053
4919.57355 18.766 0.040
4925.58699 18.944 0.049
4929.55419 18.837 0.060
4932.58934 18.816 0.060
4935.56718 18.734 0.046
4939.57406 18.749 0.041
4944.53954 18.732 0.040
4949.53313 18.726 0.033
4954.53176 18.691 0.060
