2167.82762 18.048 0.027
2173.83503 18.038 0.025
2190.77281 18.029 0.026
2192.80846 18.055 0.022
2212.86250 18.067 0.027
2214.77586 18.061 0.028
2224.73262 18.024 0.025
2226.83683 18.032 0.029
2229.64873 18.094 0.031
2232.80734 17.977 0.027
2234.80174 18.034 0.022
2239.58671 18.050 0.033
2241.64824 18.115 0.036
2243.70681 18.094 0.030
2248.77925 18.083 0.023
2250.83037 18.077 0.025
2252.63847 18.078 0.025
2254.62939 18.066 0.026
2257.63329 18.046 0.023
2259.68622 18.235 0.027
2261.74762 17.987 0.022
2266.63091 18.081 0.033
2270.62704 18.080 0.024
2271.77782 18.058 0.024
2273.71431 18.038 0.026
2275.80944 18.042 0.030
2277.63638 18.077 0.022
2279.80872 18.070 0.026
2281.79555 18.034 0.023
2283.82975 18.033 0.021
2290.77428 18.034 0.025
2292.75076 17.977 0.031
2294.72581 18.055 0.035
2296.73621 18.012 0.037
2298.75449 18.079 0.031
2300.70864 18.022 0.030
2302.68519 18.055 0.030
2327.54370 18.049 0.032
2332.58407 18.071 0.036
2333.54237 18.068 0.039
2333.55363 18.053 0.036
2339.53010 18.080 0.037
2357.50126 18.124 0.053
2395.50209 18.028 0.037
2526.89437 18.083 0.023
2537.90284 18.063 0.039
2542.87422 18.042 0.024
2552.82452 18.054 0.028
2556.81608 18.040 0.023
2559.86438 18.178 0.031
2564.83258 18.081 0.028
2578.75723 18.057 0.031
2583.81165 18.026 0.027
2589.84219 18.047 0.025
2596.72685 18.127 0.037
2605.72992 18.139 0.026
2609.72612 18.032 0.030
2614.68614 18.049 0.031
2618.71678 18.008 0.027
2621.62420 17.880 0.022
2623.80800 18.059 0.026
2627.67215 18.056 0.037
2629.69521 18.074 0.032
2631.74683 18.085 0.032
2634.74898 18.065 0.025
2635.66895 18.045 0.022
2638.64006 18.050 0.025
2639.64018 18.071 0.021
2641.70705 18.075 0.025
2643.71581 18.037 0.028
2645.70416 18.071 0.021
2647.66198 18.100 0.024
2650.82283 18.057 0.023
2652.72472 18.001 0.025
2654.65953 18.074 0.031
2656.63160 18.033 0.028
2658.59549 18.055 0.031
2660.60865 18.089 0.027
2662.59475 18.094 0.026
2664.60329 18.092 0.032
2666.65725 18.060 0.021
2668.64638 18.033 0.029
2670.61636 18.167 0.031
2672.72565 18.103 0.026
2674.62401 18.046 0.023
2676.61061 18.032 0.021
2678.69826 18.062 0.026
2680.60896 18.062 0.022
2682.65915 18.049 0.031
2687.53169 18.065 0.047
2691.60206 18.050 0.036
2696.51973 18.018 0.035
2701.50695 18.017 0.042
2707.50430 18.061 0.040
2714.50319 18.158 0.049
2839.93453 18.083 0.031
2867.90551 18.071 0.025
2879.89429 18.136 0.031
2888.89877 18.076 0.023
2894.83384 18.063 0.029
2899.83475 18.117 0.026
2905.82448 18.035 0.027
2908.88549 18.074 0.023
2911.78379 18.061 0.022
2916.83407 18.082 0.022
2922.81794 18.109 0.033
2926.74458 18.038 0.025
2930.81909 18.050 0.025
2933.86353 18.085 0.026
2940.70006 18.060 0.023
2947.71499 18.028 0.028
2949.80520 18.066 0.025
2952.85935 18.063 0.027
2956.69774 18.063 0.024
2958.72407 18.043 0.027
2962.73595 18.060 0.025
2965.75536 18.052 0.023
2967.85478 18.076 0.023
2972.85362 18.058 0.024
2975.82810 18.062 0.025
2976.82337 18.068 0.025
2978.80400 18.092 0.028
2982.67511 18.060 0.028
2984.72262 18.055 0.025
2986.80526 18.089 0.028
2988.76979 18.050 0.025
2989.78576 18.064 0.022
2991.62619 18.062 0.023
2993.61358 18.069 0.023
2995.71006 18.042 0.021
2997.69216 18.060 0.024
2999.71242 18.066 0.023
3001.75009 18.094 0.025
3003.72169 18.066 0.022
3005.59746 18.076 0.028
3007.66002 18.071 0.024
3009.72631 18.087 0.025
3011.70052 18.063 0.033
3013.70649 18.050 0.025
3017.70786 18.082 0.025
3019.63587 18.072 0.027
3021.75467 18.052 0.022
3023.61645 18.101 0.023
3024.81756 18.033 0.028
3026.81422 18.032 0.020
3029.61859 18.196 0.026
3031.68852 18.055 0.023
3033.75204 18.039 0.020
3035.75908 18.010 0.023
3038.73656 18.046 0.030
3040.70718 18.030 0.030
3042.65113 18.051 0.029
3044.58499 18.094 0.028
3045.67395 18.183 0.028
3047.62772 18.086 0.028
3049.63340 18.058 0.020
3051.60157 18.063 0.025
3053.59584 18.080 0.024
3055.59506 18.148 0.027
3057.62044 18.049 0.023
3059.56438 18.039 0.022
3068.49873 18.068 0.053
3070.55438 18.064 0.028
3073.55508 18.136 0.037
3075.66805 18.080 0.031
3078.58825 18.138 0.028
3082.57750 18.078 0.027
3084.65457 18.149 0.025
3086.65774 18.145 0.040
3087.61722 18.057 0.023
3090.58067 18.092 0.031
3096.48762 18.069 0.041
3099.56858 18.068 0.031
3102.54739 18.064 0.031
3105.58013 18.061 0.027
3108.55801 18.061 0.025
3112.52974 18.075 0.031
3116.51663 18.098 0.030
3127.48305 18.074 0.024
3140.47269 18.140 0.034
3223.87292 18.148 0.036
3241.85925 18.049 0.029
3248.82267 18.046 0.035
3257.85059 18.051 0.022
3263.89654 18.052 0.020
3270.83958 18.077 0.024
3273.88757 18.036 0.026
3277.82361 18.089 0.029
3281.86645 18.047 0.022
3287.72849 18.091 0.022
3289.88021 18.085 0.026
3294.87555 18.067 0.024
3295.68079 18.119 0.019
3301.74134 18.097 0.029
3304.79729 18.059 0.027
3306.87849 18.112 0.035
3309.70752 18.106 0.027
3311.70532 18.048 0.023
3320.74809 18.079 0.025
3323.68301 18.134 0.031
3327.71972 18.070 0.023
3330.67857 18.154 0.034
3334.77782 18.111 0.033
3338.82433 18.082 0.024
3340.83939 18.055 0.026
3350.65780 18.083 0.019
3354.70425 18.071 0.025
3358.77646 18.073 0.018
3361.81582 18.076 0.023
3365.72042 18.108 0.032
3372.73670 18.050 0.019
3378.64942 18.075 0.023
3391.71708 18.250 0.029
3394.72865 18.057 0.026
3396.60773 18.082 0.026
3399.68588 18.075 0.030
3403.67312 18.042 0.027
3408.58251 18.125 0.024
3412.62790 18.070 0.030
3417.55530 18.114 0.031
3425.56350 18.017 0.035
3431.52517 18.193 0.028
3437.52691 18.125 0.023
3445.53223 18.079 0.026
3460.48046 18.202 0.040
3477.47509 18.063 0.032
3583.91720 18.048 0.026
3593.91553 18.077 0.028
3601.85245 18.064 0.031
3618.88660 18.018 0.020
3629.86789 18.066 0.026
3633.88789 18.147 0.032
3634.83457 18.050 0.022
3639.82783 18.079 0.020
3643.83723 18.160 0.029
3644.78263 18.036 0.021
3650.87152 18.046 0.022
3654.77080 18.097 0.024
3657.85299 18.020 0.020
3660.78746 18.058 0.028
3664.82258 18.072 0.023
3668.78057 18.082 0.026
3672.76879 18.071 0.022
3675.84848 18.172 0.023
3684.75660 18.079 0.021
3687.76227 18.081 0.022
3689.86288 18.061 0.025
3692.86258 18.062 0.027
3695.73674 18.091 0.024
3698.73034 18.070 0.028
3700.75923 18.030 0.021
3702.84686 18.076 0.020
3705.75367 18.089 0.020
3708.71226 18.137 0.029
3712.69911 18.064 0.022
3714.70953 18.079 0.021
3716.85112 18.065 0.023
3719.80277 18.038 0.029
3725.79666 18.080 0.025
3727.76904 18.089 0.024
3730.66444 18.066 0.018
3732.68914 18.055 0.020
3734.78718 18.047 0.023
3736.80346 18.024 0.023
3737.69183 18.065 0.021
3739.79094 18.078 0.021
3742.67679 18.028 0.027
3745.75246 18.070 0.022
3747.75513 18.105 0.049
3749.64685 18.115 0.044
3750.73186 18.053 0.034
3752.74203 18.065 0.023
3754.76023 18.030 0.026
3756.58380 18.051 0.021
3758.75347 18.026 0.028
3761.76903 18.052 0.020
3764.72345 18.064 0.022
3767.58331 18.152 0.022
3770.59967 18.092 0.023
3773.60387 18.091 0.025
3776.60321 18.041 0.022
3779.59279 18.101 0.029
3782.64348 18.070 0.023
3787.56844 18.037 0.024
3792.51579 18.040 0.029
3799.59895 18.129 0.034
3809.50930 18.060 0.037
3822.48912 18.158 0.039
3946.89132 18.087 0.031
3964.84830 18.020 0.021
3969.86814 18.070 0.027
3975.91830 18.055 0.025
3981.84726 18.055 0.028
3989.87426 18.140 0.029
3995.89800 18.049 0.027
4001.85103 18.062 0.023
4005.82872 18.110 0.021
4007.83288 18.077 0.023
4011.83316 18.116 0.025
4018.82481 18.042 0.022
4023.85696 18.058 0.024
4026.76541 18.018 0.019
4029.70665 18.112 0.036
4031.78703 18.108 0.021
4038.69616 18.139 0.023
4040.86300 18.033 0.026
4043.66163 18.019 0.032
4046.75380 18.113 0.028
4048.84324 18.092 0.034
4052.68617 18.036 0.020
4056.73021 18.141 0.030
4058.76253 18.075 0.020
4063.66211 18.032 0.022
4066.71935 18.080 0.024
4068.80688 18.035 0.019
4070.64930 18.029 0.023
4073.80872 18.054 0.027
4076.77689 18.053 0.025
4079.73919 18.040 0.027
4083.65603 18.074 0.027
4085.72151 18.066 0.025
4092.83998 18.091 0.022
4102.81649 18.133 0.030
4105.67540 18.039 0.022
4109.71831 18.098 0.020
4109.74853 18.150 0.022
4113.70428 18.101 0.021
4120.73469 18.057 0.018
4122.69109 18.062 0.019
4125.74233 18.094 0.026
4131.59564 18.085 0.019
4142.63221 18.052 0.028
4156.51532 18.048 0.037
4166.56005 18.054 0.033
4196.50933 18.095 0.032
4341.88532 18.069 0.030
4347.83527 18.047 0.028
4357.89667 18.065 0.032
4362.77245 18.014 0.028
4365.81396 18.092 0.037
4368.89127 18.102 0.039
4371.84188 18.073 0.025
4377.77772 18.078 0.027
4380.79422 18.051 0.023
4386.76992 18.043 0.025
4390.73187 18.049 0.027
4393.84599 18.096 0.026
4398.85726 18.038 0.026
4403.86421 18.123 0.036
4411.85579 18.057 0.024
4418.77703 18.095 0.022
4422.84302 18.098 0.023
4426.72130 18.056 0.037
4429.78278 18.076 0.046
4429.81954 18.197 0.050
4432.70821 18.054 0.023
4436.74756 18.135 0.028
4439.81318 18.127 0.035
4443.68294 18.105 0.033
4448.85007 18.098 0.024
4449.66763 18.056 0.023
4451.67721 18.095 0.030
4454.69373 18.082 0.025
4455.67602 18.046 0.028
4458.73435 18.075 0.028
4461.65129 18.030 0.023
4465.73437 18.054 0.022
4468.70296 18.064 0.019
4473.67228 18.054 0.023
4477.73038 18.081 0.026
4481.66799 18.048 0.023
4485.71604 18.025 0.027
4489.69952 18.071 0.037
4493.68933 18.046 0.031
4498.66652 18.063 0.023
4501.66382 18.146 0.028
4506.59777 18.008 0.027
4508.60775 18.061 0.026
4510.68751 18.086 0.027
4520.68178 18.084 0.037
4521.59753 18.079 0.030
4523.61339 18.049 0.028
4525.53275 18.046 0.027
4531.55475 18.095 0.027
4533.55716 18.046 0.028
4537.60712 18.065 0.026
4539.52555 18.051 0.029
4541.57832 18.067 0.031
4543.63918 18.063 0.034
4545.49744 18.060 0.031
4549.58228 18.035 0.030
4560.52483 18.128 0.030
4567.57395 18.051 0.028
4571.51875 18.043 0.032
4581.49569 18.009 0.032
4610.46378 18.034 0.042
4682.92962 18.071 0.032
4683.88765 18.070 0.022
4694.90620 18.025 0.034
4697.84434 18.086 0.036
4707.89519 18.089 0.025
4719.91354 18.051 0.028
4720.76049 18.124 0.030
4724.81378 18.053 0.028
4727.90722 18.065 0.038
4728.80128 18.034 0.025
4733.81100 18.058 0.025
4734.81819 18.100 0.022
4737.79478 18.086 0.024
4740.77791 18.029 0.028
4740.89159 18.050 0.031
4743.87972 18.045 0.024
4747.89111 18.092 0.031
4752.85016 18.068 0.026
4756.85950 18.075 0.026
4760.74260 18.069 0.021
4762.86609 18.100 0.024
4768.84407 18.096 0.025
4772.69043 18.017 0.026
4775.71982 18.067 0.031
4777.73456 18.046 0.025
4781.73103 18.079 0.026
4784.68463 18.067 0.040
4788.78166 18.003 0.024
4791.79216 18.053 0.021
4794.76363 18.049 0.024
4797.78286 18.106 0.025
4800.75973 18.059 0.020
4802.82675 18.067 0.021
4804.84394 18.090 0.026
4806.84011 18.073 0.024
4809.68784 18.122 0.026
4811.68412 18.119 0.035
4813.70590 18.120 0.041
4814.72476 18.071 0.031
4816.72163 18.043 0.025
4818.72089 18.072 0.022
4819.71357 18.079 0.021
4820.62729 18.078 0.022
4820.64024 18.074 0.022
4820.78047 18.067 0.022
4821.72920 18.126 0.019
4821.83090 18.070 0.021
4822.67671 18.046 0.021
4822.78406 18.083 0.020
4823.73615 18.121 0.027
4823.80711 18.065 0.020
4824.66559 18.110 0.023
4825.66233 18.026 0.021
4826.66998 18.035 0.023
4833.66792 18.054 0.021
4835.72028 18.074 0.023
4838.72491 18.068 0.025
4840.70913 18.102 0.027
4842.69315 18.049 0.024
4844.69236 18.067 0.025
4847.75933 18.094 0.029
4850.75241 18.076 0.027
4853.72891 18.146 0.029
4855.74437 18.139 0.031
4857.72245 18.123 0.030
4863.68372 18.153 0.031
4865.57898 18.076 0.025
4865.58393 18.056 0.025
4868.68751 18.097 0.024
4869.63272 18.044 0.029
4872.66200 18.030 0.040
4874.55514 18.091 0.025
4876.57883 18.071 0.021
4878.60360 18.062 0.023
4882.67670 18.050 0.025
4885.53490 18.065 0.027
4888.60209 18.030 0.021
4900.60583 18.101 0.031
4902.58260 18.091 0.038
4903.53631 17.972 0.027
4904.52737 18.106 0.036
4905.52047 18.047 0.026
4905.57094 18.097 0.034
4907.58306 18.052 0.025
4908.52954 18.055 0.027
4916.54591 18.099 0.027
4920.57706 18.066 0.025
4926.53322 18.066 0.039
4930.52977 18.058 0.033
4934.52651 18.025 0.030
4937.51825 18.045 0.022
4940.53427 18.073 0.024
4946.52781 18.043 0.027
4951.50756 18.046 0.039
