2166.90333 19.417 0.087
2173.82374 19.253 0.074
2192.79707 19.242 0.058
2201.80985 19.156 0.050
2212.84151 19.293 0.104
2223.84615 19.132 0.067
2226.82611 19.089 0.071
2229.63805 19.341 0.091
2232.79638 19.157 0.066
2234.79057 19.189 0.059
2238.76257 19.140 0.060
2241.63760 19.179 0.074
2243.69603 19.137 0.075
2248.76843 19.238 0.060
2251.72586 19.151 0.056
2253.80995 19.110 0.060
2255.68493 19.026 0.064
2261.70519 19.203 0.070
2269.81964 19.196 0.070
2271.76707 19.160 0.056
2273.85209 19.035 0.071
2274.63676 19.220 0.090
2276.74387 19.202 0.078
2278.64240 19.185 0.071
2280.64059 19.101 0.064
2282.64916 19.165 0.079
2289.78281 19.152 0.070
2291.79091 19.186 0.087
2293.75664 19.320 0.111
2295.77858 19.677 0.098
2297.77191 19.093 0.066
2299.81245 19.185 0.090
2301.70658 19.276 0.099
2303.70276 19.217 0.096
2327.53239 19.123 0.082
2332.56527 19.545 0.150
2333.52934 19.310 0.118
2339.51756 19.205 0.084
2347.51223 19.152 0.074
2402.50628 19.079 0.095
2524.90196 19.291 0.082
2542.86381 19.195 0.066
2552.81317 19.075 0.067
2556.80478 19.155 0.062
2559.85293 19.176 0.075
2564.82091 19.164 0.076
2578.74624 19.007 0.079
2583.78172 19.193 0.076
2589.82510 19.109 0.058
2596.71333 19.176 0.096
2605.71460 19.071 0.056
2609.70531 19.380 0.095
2614.64001 19.217 0.072
2618.69759 19.166 0.075
2620.82562 19.214 0.063
2623.79652 19.160 0.060
2627.66075 19.086 0.100
2629.68427 19.176 0.104
2631.70428 19.046 0.076
2634.73288 19.248 0.074
2635.60448 19.200 0.058
2637.80352 19.264 0.071
2639.62942 19.088 0.046
2641.69546 19.108 0.066
2643.70422 19.191 0.076
2645.69310 19.143 0.050
2647.65084 19.221 0.066
2651.60577 19.277 0.088
2653.63241 19.277 0.092
2655.75336 19.177 0.074
2657.59837 19.175 0.067
2659.61338 19.147 0.075
2661.83138 19.162 0.096
2663.84544 19.175 0.119
2665.85136 19.299 0.128
2668.60119 19.119 0.084
2670.60549 19.246 0.087
2672.59210 19.150 0.083
2674.61346 19.130 0.067
2676.59995 19.095 0.066
2678.67272 19.072 0.071
2680.59848 19.179 0.059
2682.64778 19.321 0.096
2686.64232 19.253 0.098
2691.58891 18.959 0.082
2695.62474 19.101 0.071
2700.58023 19.035 0.074
2706.59766 19.337 0.112
2713.56280 19.130 0.095
2840.94313 19.324 0.126
2885.84521 19.147 0.062
2892.87477 19.138 0.090
2897.84409 19.172 0.087
2903.88987 19.110 0.050
2906.89301 19.184 0.055
2911.77285 19.238 0.064
2916.82256 19.106 0.048
2922.80677 19.130 0.080
2926.73334 19.231 0.078
2930.80789 19.217 0.067
2933.85223 19.178 0.056
2939.86051 18.954 0.060
2942.81110 19.655 0.086
2944.85455 19.177 0.071
2946.85645 19.242 0.072
2949.77089 19.163 0.062
2952.84778 19.149 0.067
2956.68621 19.067 0.060
2958.71289 19.124 0.068
2962.72462 19.181 0.066
2965.74284 19.139 0.048
2967.84240 19.232 0.052
2970.80776 19.208 0.047
2974.74557 19.121 0.067
2976.78028 18.956 0.051
2978.76036 19.015 0.062
2980.70042 19.139 0.060
2982.66319 19.137 0.066
2984.71036 19.194 0.066
2986.79365 19.073 0.071
2988.75771 19.247 0.079
2990.62989 19.037 0.060
2992.78047 19.069 0.054
2994.62675 19.112 0.058
2995.63632 19.112 0.047
2997.64631 19.189 0.052
2999.76503 19.192 0.068
3001.73707 19.115 0.060
3003.71034 19.199 0.059
3005.70109 19.173 0.066
3007.71551 19.212 0.068
3009.71360 19.130 0.060
3011.68295 19.146 0.076
3013.68614 19.066 0.056
3017.69655 19.179 0.078
3019.62416 19.134 0.062
3021.74329 19.232 0.060
3023.60525 19.150 0.047
3024.80628 19.172 0.059
3026.80255 19.152 0.047
3028.81457 19.091 0.062
3031.67655 19.120 0.048
3033.74047 19.134 0.046
3035.74786 19.162 0.056
3038.72523 19.230 0.084
3041.59341 19.148 0.092
3043.62880 19.274 0.096
3045.66251 19.178 0.072
3047.61656 19.185 0.079
3049.62217 19.153 0.046
3051.58945 19.062 0.059
3053.58457 19.749 0.096
3055.58373 19.049 0.058
3057.60855 19.210 0.067
3060.63106 19.179 0.067
3064.63971 19.206 0.091
3067.69387 19.071 0.063
3070.54073 19.037 0.067
3073.60907 19.143 0.104
3075.65665 19.137 0.082
3078.57678 19.274 0.083
3082.56613 19.231 0.084
3084.64306 19.236 0.063
3087.60617 19.087 0.056
3090.56846 19.528 0.112
3099.50466 19.225 0.087
3102.53495 19.058 0.075
3105.56873 19.123 0.072
3108.54721 19.079 0.060
3112.51858 19.070 0.074
3116.50584 19.016 0.067
3126.51159 19.142 0.075
3146.47409 19.109 0.099
3241.89908 19.130 0.071
3256.91046 19.706 0.115
3263.88529 19.195 0.050
3268.90089 19.224 0.071
3273.87613 19.112 0.064
3277.86535 19.191 0.066
3281.85543 19.284 0.052
3289.86913 19.035 0.051
3294.86459 19.272 0.059
3296.87234 19.198 0.067
3301.72330 19.115 0.071
3304.78600 19.205 0.075
3306.86699 19.076 0.063
3309.69634 19.181 0.059
3311.69409 19.147 0.060
3320.73687 19.214 0.062
3327.70590 19.052 0.055
3329.85651 19.108 0.055
3334.76245 19.360 0.112
3338.81258 19.158 0.055
3350.64439 19.096 0.051
3354.64459 19.213 0.074
3358.69805 19.247 0.052
3361.80348 19.077 0.052
3363.75327 19.060 0.059
3367.70706 19.484 0.116
3372.72550 19.129 0.052
3378.63822 19.130 0.070
3391.70578 19.119 0.067
3395.69722 19.420 0.100
3399.67332 19.256 0.070
3402.69018 19.124 0.054
3404.62074 19.712 0.102
3408.57137 19.102 0.056
3412.61674 19.407 0.083
3416.60015 19.137 0.060
3424.60325 19.198 0.078
3431.50489 19.132 0.066
3437.51591 19.353 0.075
3445.52066 19.184 0.074
3453.54238 19.181 0.086
3462.51768 19.286 0.079
3582.92430 19.288 0.079
3589.93105 19.159 0.055
3617.91647 19.154 0.091
3629.85610 19.260 0.083
3634.82145 19.254 0.070
3639.87436 19.208 0.052
3641.86526 19.330 0.075
3650.86056 19.331 0.059
3653.88845 19.398 0.092
3657.84163 19.213 0.055
3661.82552 19.179 0.071
3666.82173 19.013 0.074
3671.85456 19.077 0.054
3675.83712 19.100 0.051
3683.85826 19.098 0.059
3687.75097 19.265 0.058
3689.85143 19.127 0.058
3692.77528 19.087 0.060
3694.79021 19.228 0.062
3696.73268 19.298 0.064
3699.73524 19.114 0.043
3701.78821 19.111 0.050
3704.69530 19.202 0.055
3706.82408 19.166 0.054
3711.69773 19.200 0.058
3713.71149 19.200 0.060
3716.81062 19.132 0.050
3719.79153 19.024 0.076
3725.78322 19.186 0.078
3727.75798 19.263 0.063
3730.65334 19.079 0.040
3732.67783 19.120 0.044
3734.77580 19.129 0.047
3736.79221 19.291 0.066
3737.68073 19.297 0.059
3739.77976 19.067 0.043
3742.60281 19.296 0.078
3745.71551 19.223 0.056
3747.74382 19.412 0.134
3749.62662 19.372 0.127
3751.73078 19.237 0.078
3753.60240 19.126 0.070
3755.63993 19.513 0.114
3757.67338 19.115 0.062
3759.73807 19.076 0.044
3762.72536 19.043 0.063
3765.74393 19.196 0.046
3770.58545 19.183 0.066
3773.59281 19.355 0.084
3776.59184 19.204 0.060
3779.58191 19.112 0.082
3782.63161 19.188 0.060
3787.55744 19.035 0.056
3791.60370 19.137 0.062
3799.52824 19.230 0.088
3806.53325 19.440 0.138
3821.50628 19.188 0.059
3945.93097 19.266 0.054
3963.92703 19.270 0.086
3969.85747 19.647 0.118
3975.90751 19.182 0.062
3981.83672 19.090 0.068
3995.88710 19.707 0.128
4001.84019 19.232 0.060
4005.81802 19.195 0.052
4007.82206 19.093 0.050
4011.82221 19.056 0.072
4018.81375 19.218 0.062
4023.84585 19.334 0.074
4026.75220 19.314 0.062
4029.69554 19.246 0.091
4031.77608 18.977 0.055
4038.68529 19.266 0.064
4040.85208 19.172 0.074
4042.86784 19.157 0.066
4046.74281 19.165 0.071
4048.83231 19.145 0.076
4052.67449 19.129 0.054
4056.71904 19.394 0.095
4058.65708 19.188 0.067
4063.65110 19.238 0.059
4066.64890 19.166 0.054
4069.71451 19.586 0.091
4071.64313 19.318 0.084
4076.71537 19.131 0.068
4079.72808 19.225 0.095
4083.64499 19.184 0.079
4085.71031 19.300 0.074
4092.82763 19.153 0.054
4112.69915 19.157 0.046
4117.68800 19.352 0.080
4121.66401 19.179 0.071
4124.74690 19.157 0.055
4129.75945 19.333 0.083
4142.61849 19.033 0.059
4150.62432 19.223 0.055
4155.52029 19.216 0.064
4166.54917 19.231 0.099
4196.49867 19.201 0.086
4341.87470 19.182 0.083
4347.82460 19.122 0.075
4351.87051 19.229 0.079
4357.88246 19.329 0.095
4363.80706 19.211 0.090
4366.85768 19.087 0.075
4369.89818 19.176 0.082
4372.80110 19.271 0.072
4376.89152 19.477 0.136
4379.89791 19.378 0.155
4386.75905 19.168 0.059
4393.76998 19.352 0.084
4398.84619 19.198 0.064
4403.85261 19.182 0.096
4411.78157 19.345 0.064
4411.84325 19.457 0.082
4418.73238 19.178 0.052
4422.82897 19.270 0.063
4429.77149 19.390 0.171
4432.69713 19.201 0.079
4436.73652 19.290 0.075
4439.80220 19.472 0.118
4443.67192 19.263 0.103
4448.82591 19.393 0.080
4451.66611 19.333 0.080
4455.66489 19.272 0.088
4457.72042 20.008 0.201
4460.75052 19.390 0.119
4464.71317 19.136 0.052
4467.70568 19.233 0.059
4471.75195 19.273 0.087
4476.67447 19.437 0.066
4480.67427 19.101 0.066
4484.75327 19.179 0.086
4488.67582 19.181 0.095
4493.67796 19.372 0.104
4498.65599 19.269 0.060
4501.64903 19.213 0.070
4506.58714 19.242 0.083
4508.59714 19.405 0.087
4510.67667 19.468 0.098
4516.62643 19.389 0.134
4519.69795 19.089 0.087
4521.54161 19.357 0.098
4524.58212 19.277 0.084
4530.60625 19.368 0.091
4532.63454 19.109 0.067
4537.59618 19.311 0.080
4540.64733 19.302 0.102
4544.60133 19.227 0.100
4547.54393 19.193 0.083
4556.55959 19.292 0.082
4561.53708 19.411 0.088
4568.49177 19.514 0.096
4575.51469 19.192 0.091
4592.51194 19.304 0.130
4600.49547 19.195 0.100
4682.91927 19.158 0.070
4691.92760 19.291 0.087
4719.85551 19.360 0.091
4724.80172 19.222 0.080
4727.89227 19.250 0.090
4733.89851 19.252 0.075
4747.88016 19.264 0.087
4752.83940 19.184 0.082
4756.84864 19.249 0.071
4760.73152 19.252 0.058
4762.85528 19.322 0.064
4768.83318 19.335 0.075
4771.87552 19.589 0.206
4775.70889 19.165 0.079
4777.72345 19.255 0.066
4781.68679 19.219 0.066
4783.84104 19.182 0.066
4788.77061 19.207 0.070
4791.78110 19.209 0.050
4794.75250 19.226 0.064
4797.73369 19.171 0.072
4800.69518 19.196 0.060
4802.80850 19.202 0.051
4804.83292 19.220 0.071
4805.85570 19.119 0.070
4807.81076 19.018 0.048
4809.84854 19.312 0.076
4812.69758 19.265 0.112
4814.71361 19.031 0.068
4816.71053 19.231 0.075
4818.76653 19.215 0.064
4820.74408 19.246 0.062
4823.77041 19.235 0.084
4825.84397 19.139 0.066
4833.65693 19.212 0.059
4835.67410 19.125 0.066
4837.73190 19.360 0.103
4840.69750 19.214 0.080
4842.68220 19.407 0.076
4844.68138 19.204 0.068
4847.74835 19.246 0.071
4849.74531 19.184 0.099
4852.75412 19.151 0.062
4854.73027 19.460 0.094
4856.72555 19.253 0.086
4865.69141 19.082 0.060
4867.68120 19.213 0.058
4870.69439 19.094 0.071
4873.72516 19.286 0.094
4875.69693 19.288 0.070
4877.61902 19.406 0.076
4879.67568 19.416 0.092
4884.68811 19.144 0.062
4888.57578 19.199 0.062
4902.61210 19.356 0.119
4911.62145 19.316 0.078
4919.55568 19.710 0.114
4925.56550 19.066 0.067
4929.53685 19.110 0.099
4932.57225 19.095 0.091
4936.53630 19.211 0.090
4938.53488 19.690 0.142
4942.54790 18.981 0.064
4949.51618 19.292 0.070
