2167.84574 17.054 0.011
2173.85310 17.057 0.010
2190.79086 17.057 0.010
2192.82504 17.066 0.010
2214.79237 17.058 0.013
2224.74915 17.085 0.010
2226.85328 17.044 0.013
2229.66520 17.065 0.011
2232.82377 17.057 0.011
2234.81821 17.041 0.009
2239.60316 17.090 0.014
2241.66469 17.060 0.011
2243.72326 17.033 0.011
2248.80370 17.053 0.009
2250.84955 17.057 0.010
2252.65492 17.053 0.010
2254.64582 17.056 0.010
2257.64974 17.094 0.010
2261.76977 17.069 0.009
2266.64738 17.049 0.013
2270.64348 17.052 0.010
2271.79429 17.059 0.009
2273.74415 17.042 0.011
2275.83120 17.039 0.011
2277.65284 17.048 0.009
2279.82518 17.043 0.010
2281.81203 17.041 0.009
2283.84625 17.055 0.009
2288.75237 17.049 0.010
2290.79075 17.046 0.010
2292.76729 17.063 0.011
2296.75272 17.060 0.014
2298.77215 17.084 0.013
2300.72515 17.068 0.013
2302.70297 17.087 0.013
2327.56249 17.093 0.013
2333.57172 17.048 0.014
2339.54816 17.067 0.014
2357.51941 17.100 0.018
2395.52044 17.080 0.015
2526.91254 17.079 0.011
2542.89090 17.059 0.011
2552.84252 17.052 0.011
2556.83406 17.051 0.011
2559.88462 17.082 0.011
2564.85053 17.049 0.011
2578.77372 17.059 0.013
2583.82819 17.049 0.011
2589.86137 17.045 0.011
2596.74472 17.065 0.013
2605.74771 17.071 0.010
2609.74396 17.058 0.013
2610.63255 17.050 0.013
2610.73803 17.053 0.013
2610.84445 17.041 0.014
2611.64466 17.046 0.014
2613.62585 17.044 0.014
2613.70368 17.060 0.014
2614.67385 17.061 0.014
2614.75720 17.053 0.013
2614.84881 17.055 0.011
2615.65789 17.035 0.011
2615.78000 17.049 0.010
2615.83773 17.060 0.013
2617.64659 17.048 0.014
2617.74099 17.038 0.013
2617.84945 17.051 0.013
2618.66304 17.063 0.011
2618.75661 17.056 0.011
2619.61985 17.066 0.010
2619.72661 17.059 0.010
2619.85098 17.062 0.011
2620.64977 17.059 0.011
2620.73495 17.054 0.010
2620.85168 17.044 0.011
2621.68384 17.058 0.009
2621.75947 17.067 0.010
2621.85267 17.053 0.010
2622.64975 17.077 0.013
2622.73115 17.048 0.011
2622.85203 17.059 0.010
2623.64846 17.083 0.013
2623.73653 17.069 0.011
2623.84787 17.060 0.010
2624.67905 17.031 0.011
2624.75013 17.034 0.010
2624.84494 17.058 0.011
2625.66405 17.064 0.010
2625.71593 17.053 0.010
2626.63287 17.050 0.011
2627.68857 17.077 0.015
2627.74066 17.077 0.016
2627.81453 17.083 0.014
2628.65740 17.046 0.013
2628.73450 17.049 0.014
2628.80160 17.047 0.011
2629.65317 17.090 0.014
2629.71160 17.065 0.014
2629.76148 17.075 0.011
2629.84126 17.076 0.013
2630.64100 17.057 0.014
2630.72053 17.067 0.013
2631.65248 17.061 0.013
2631.73528 17.080 0.014
2631.84459 17.078 0.015
2632.60844 17.038 0.010
2632.73521 17.052 0.010
2632.81577 17.062 0.011
2634.60724 17.051 0.010
2634.69729 17.033 0.010
2634.83106 17.073 0.013
2635.65747 17.056 0.010
2635.68541 17.051 0.010
2635.73477 17.053 0.010
2635.83774 17.081 0.011
2636.68532 17.043 0.010
2636.76570 17.045 0.011
2636.84540 17.050 0.013
2637.64737 17.051 0.011
2637.72598 17.056 0.010
2637.82907 17.075 0.010
2638.62863 17.063 0.010
2638.65648 17.046 0.010
2638.72956 17.040 0.011
2638.82904 17.023 0.013
2639.60172 17.064 0.009
2639.65661 17.051 0.009
2639.68205 17.063 0.009
2639.83809 17.059 0.010
2640.61066 17.052 0.011
2640.75266 17.057 0.010
2641.61078 17.050 0.011
2641.74718 17.046 0.010
2641.85800 17.069 0.011
2642.60891 17.037 0.010
2642.71070 17.039 0.013
2643.61583 17.059 0.009
2643.75945 17.046 0.010
2644.59846 17.047 0.011
2644.70897 17.066 0.011
2645.61325 17.039 0.052
2645.72061 17.037 0.010
2645.74959 17.042 0.010
2645.85598 17.065 0.015
2646.61837 17.051 0.011
2646.74334 17.049 0.011
2647.61833 17.072 0.011
2647.72815 17.076 0.011
2649.61551 17.045 0.010
2649.70794 17.057 0.009
2650.63569 17.044 0.010
2650.69719 17.063 0.011
2650.80702 17.066 0.010
2651.63170 17.041 0.013
2651.72748 17.040 0.010
2652.59714 17.058 0.010
2652.67609 17.061 0.013
2652.74121 17.036 0.011
2652.77365 17.041 0.010
2653.60489 17.065 0.011
2653.78178 17.069 0.013
2654.62362 17.078 0.013
2654.67605 17.062 0.013
2654.70065 17.040 0.013
2654.84126 17.050 0.011
2655.60925 17.063 0.013
2655.81278 17.066 0.011
2656.62072 17.051 0.013
2656.64960 17.046 0.013
2656.76970 17.068 0.015
2656.86699 17.064 0.015
2657.62310 17.043 0.011
2657.86347 17.027 0.017
2658.58464 17.086 0.014
2658.61199 17.050 0.015
2658.68416 17.048 0.013
2658.76520 17.064 0.016
2659.64265 17.064 0.011
2659.77783 17.053 0.017
2660.59735 17.087 0.013
2660.62945 17.082 0.011
2660.74688 17.070 0.011
2661.60242 17.043 0.009
2661.65621 17.057 0.009
2661.85537 17.056 0.013
2662.61226 17.075 0.011
2662.64112 17.069 0.011
2662.77674 17.080 0.013
2663.65571 17.037 0.010
2664.61984 17.085 0.011
2664.70343 17.128 0.015
2665.68631 17.038 0.010
2665.82329 17.049 0.011
2666.64553 17.066 0.010
2666.68327 17.075 0.009
2666.76334 17.087 0.010
2667.68051 17.052 0.011
2667.84120 17.055 0.016
2668.66680 17.049 0.013
2668.75486 17.097 0.010
2670.63291 17.071 0.011
2671.69045 17.100 0.013
2672.66757 17.063 0.015
2672.74220 17.061 0.010
2674.64057 17.052 0.010
2674.67248 17.036 0.010
2674.79456 16.922 0.010
2675.65119 17.038 0.010
2675.75802 17.059 0.010
2676.62716 17.063 0.011
2676.65728 17.057 0.011
2676.73803 17.060 0.011
2677.65794 17.068 0.013
2677.71667 17.047 0.010
2678.63103 17.089 0.011
2678.71484 17.054 0.011
2678.76271 17.046 0.011
2679.65151 17.047 0.011
2679.78743 17.086 0.015
2680.62551 17.075 0.013
2680.77345 17.045 0.010
2681.61176 17.049 0.013
2681.72328 17.065 0.011
2682.58918 17.063 0.011
2683.62429 17.058 0.014
2687.54937 17.062 0.014
2696.54251 17.057 0.013
2701.52466 17.046 0.013
2707.52211 17.068 0.013
2714.52102 17.054 0.015
2840.91018 17.049 0.013
2867.92234 17.065 0.011
2888.92133 17.051 0.015
2894.85165 17.087 0.011
2899.85322 17.068 0.010
2905.84221 17.064 0.013
2908.90525 17.055 0.015
2911.80152 17.055 0.010
2916.85176 17.061 0.010
2922.83557 17.062 0.013
2926.77463 17.056 0.010
2930.83672 17.072 0.011
2934.73852 17.064 0.011
2940.71861 17.070 0.010
2942.84006 17.046 0.010
2947.73256 17.050 0.013
2949.82274 17.047 0.011
2953.68946 17.045 0.011
2956.71527 17.083 0.010
2958.74155 17.090 0.013
2962.75343 17.091 0.010
2965.77282 17.055 0.010
2968.71638 17.056 0.010
2973.85644 17.053 0.011
2975.84561 17.057 0.011
2976.84087 17.064 0.011
2978.86049 17.030 0.016
2982.69256 17.051 0.011
2984.74014 17.056 0.011
2986.82271 17.085 0.013
2988.79315 17.053 0.010
2989.81048 17.059 0.011
2991.64362 17.101 0.011
2993.63105 17.095 0.010
2995.73185 17.060 0.010
2997.70963 17.080 0.011
2999.73225 17.094 0.011
3001.76851 17.061 0.010
3003.73915 17.039 0.010
3005.64443 17.047 0.013
3007.67749 17.029 0.011
3009.74381 17.048 0.011
3011.71950 17.056 0.013
3013.72395 17.057 0.011
3017.72544 17.042 0.011
3019.65340 17.036 0.011
3021.77219 17.046 0.010
3023.63397 17.024 0.009
3024.83507 17.051 0.010
3026.83178 17.047 0.009
3029.63611 17.033 0.010
3031.70609 17.056 0.010
3033.76960 17.047 0.009
3035.77665 17.035 0.009
3038.75414 17.095 0.013
3042.66870 17.065 0.011
3044.60264 17.029 0.011
3045.69160 17.056 0.011
3047.64530 17.072 0.011
3049.65103 17.049 0.009
3051.61921 17.059 0.011
3055.61273 17.036 0.010
3057.63816 17.056 0.010
3059.58205 17.063 0.009
3061.57507 17.060 0.013
3068.51642 17.045 0.013
3070.58507 17.060 0.014
3073.58586 17.057 0.014
3075.68581 17.068 0.013
3078.61780 17.063 0.011
3082.59532 17.062 0.010
3084.67238 17.057 0.010
3087.63508 17.062 0.013
3090.59846 17.059 0.011
3096.51619 17.118 0.015
3099.58649 17.050 0.014
3102.56524 17.097 0.013
3105.59803 17.051 0.013
3108.57595 17.061 0.011
3112.55325 17.068 0.013
3116.53462 17.069 0.011
3127.50202 17.069 0.010
3140.49129 17.054 0.014
3223.89087 17.058 0.013
3241.87707 17.053 0.011
3248.84050 17.046 0.013
3257.86832 17.066 0.010
3263.91431 17.044 0.014
3270.85731 17.046 0.010
3277.84134 17.053 0.010
3281.88508 17.061 0.009
3287.74615 17.072 0.009
3295.69838 17.060 0.009
3301.75888 17.037 0.011
3304.81916 17.022 0.010
3307.68964 17.047 0.014
3309.72502 17.077 0.010
3311.72289 17.055 0.009
3320.76566 17.069 0.009
3323.70049 17.100 0.010
3327.73724 17.044 0.009
3330.69610 17.099 0.011
3334.79528 17.078 0.013
3338.84177 17.055 0.010
3340.85688 17.044 0.013
3350.67532 17.046 0.008
3354.72295 17.053 0.010
3358.80332 17.046 0.009
3361.83549 17.066 0.009
3365.73788 17.058 0.010
3372.75422 17.035 0.009
3378.66691 17.054 0.010
3391.73465 17.034 0.010
3394.74618 17.082 0.010
3396.62618 17.089 0.010
3399.70344 17.060 0.010
3403.69073 17.061 0.010
3408.60013 17.035 0.009
3417.57276 17.058 0.010
3425.58101 17.053 0.013
3431.56321 17.064 0.009
3445.54986 17.046 0.010
3460.49818 17.076 0.010
3477.49288 17.088 0.011
3583.93502 17.037 0.011
3593.93327 17.076 0.014
3601.87021 17.071 0.011
3618.90424 17.035 0.009
3629.88551 17.050 0.010
3634.85205 17.073 0.009
3639.84540 17.053 0.008
3644.80017 17.064 0.009
3650.88901 17.057 0.010
3654.79060 17.077 0.009
3657.87049 17.064 0.009
3660.80493 17.076 0.013
3664.84004 17.042 0.009
3668.79795 17.067 0.011
3672.78617 17.052 0.010
3675.86583 17.053 0.009
3684.77397 17.051 0.009
3687.77961 17.066 0.010
3690.69948 17.104 0.011
3693.73343 17.039 0.010
3695.75496 17.059 0.009
3698.74775 17.114 0.011
3700.77654 17.102 0.009
3702.86420 17.069 0.011
3705.77098 17.072 0.009
3708.72957 17.072 0.011
3712.71641 17.057 0.010
3714.72680 17.068 0.009
3717.64285 17.073 0.009
3719.82007 17.042 0.011
3725.81394 17.069 0.011
3727.78641 17.081 0.010
3730.68175 17.057 0.009
3732.70650 17.078 0.009
3734.80454 17.073 0.009
3736.82082 17.034 0.010
3737.70918 17.042 0.009
3739.80828 17.064 0.009
3742.69418 17.069 0.013
3745.76986 17.047 0.009
3747.77254 17.091 0.014
3749.66424 17.070 0.013
3750.74920 17.042 0.011
3752.75991 17.055 0.011
3754.77766 17.065 0.010
3756.60118 17.080 0.009
3758.77406 17.042 0.013
3761.78647 17.041 0.008
3764.74093 17.081 0.009
3767.60073 17.046 0.010
3770.61844 17.068 0.009
3773.62129 17.018 0.011
3776.62071 17.053 0.010
3779.61027 17.044 0.013
3782.66098 17.046 0.009
3787.58599 17.062 0.009
3792.53776 17.067 0.011
3800.51518 17.032 0.010
3809.52701 17.115 0.014
3822.51281 17.064 0.011
3934.93127 17.064 0.010
3935.92565 17.050 0.009
3936.93045 17.047 0.010
3937.93196 17.080 0.011
3944.92896 17.048 0.011
3945.94201 17.045 0.010
3946.90928 17.062 0.013
3950.93384 17.052 0.009
3959.90160 17.092 0.011
3960.90392 17.041 0.009
3961.91566 17.081 0.011
3963.93785 17.067 0.016
3964.86596 17.057 0.009
3964.90226 17.043 0.008
3965.89471 17.067 0.009
3967.90772 17.081 0.009
3968.89813 17.049 0.010
3969.83274 17.093 0.011
3969.89007 17.061 0.010
3970.85716 17.038 0.009
3975.84244 17.054 0.010
3979.91885 17.069 0.011
3980.91352 17.028 0.009
3981.86482 17.044 0.010
3982.80795 17.052 0.010
3983.91517 17.045 0.009
3986.84673 17.045 0.010
3987.80478 17.039 0.010
3988.86234 17.067 0.010
3989.89186 17.050 0.010
3999.80001 17.054 0.009
4001.86850 17.044 0.008
4005.84614 17.039 0.009
4007.85035 17.057 0.009
4011.85061 17.053 0.010
4011.88644 17.091 0.010
4018.84215 17.049 0.009
4023.87428 17.066 0.009
4026.78279 17.057 0.008
4029.72403 17.083 0.013
4031.80436 17.062 0.009
4038.71342 17.056 0.009
4041.67461 17.072 0.011
4043.67892 17.089 0.013
4046.77108 17.032 0.011
4048.86059 17.062 0.011
4052.70353 17.050 0.009
4056.74751 17.079 0.010
4058.78063 17.047 0.008
4063.67937 17.058 0.009
4066.73666 17.091 0.009
4068.82417 17.067 0.009
4070.66655 17.092 0.010
4073.82602 17.031 0.010
4076.79412 17.059 0.011
4078.85801 17.042 0.014
4079.75648 17.068 0.010
4083.67324 17.054 0.011
4085.73875 17.051 0.009
4092.85720 17.046 0.009
4102.83376 17.091 0.010
4105.69268 17.058 0.010
4109.76585 17.077 0.008
4113.72158 17.066 0.008
4120.75195 17.093 0.009
4122.70841 17.091 0.008
4125.75964 17.062 0.010
4131.61298 17.077 0.008
4142.64965 17.044 0.013
4156.53631 17.036 0.011
4166.57758 17.037 0.013
4196.52708 17.076 0.015
4341.90293 17.073 0.013
4347.85284 17.072 0.011
4357.91067 17.067 0.016
4362.81273 17.118 0.015
4365.83139 17.092 0.016
4369.81303 17.054 0.013
4371.85933 17.045 0.010
4377.79513 17.040 0.011
4380.81165 17.047 0.011
4386.78729 17.047 0.011
4390.74922 17.055 0.011
4393.86331 17.060 0.011
4398.87461 17.047 0.013
4404.72143 17.057 0.013
4412.86203 17.093 0.015
4418.79420 17.061 0.010
4422.86029 17.077 0.013
4426.73859 17.082 0.014
4429.84458 17.057 0.015
4432.72543 17.084 0.010
4436.76481 17.062 0.011
4439.83038 17.068 0.014
4443.69661 17.084 0.013
4449.68137 17.053 0.010
4451.69091 17.053 0.011
4454.70742 17.047 0.010
4455.68969 17.077 0.013
4458.74814 17.075 0.011
4461.66498 17.090 0.010
4465.74814 17.069 0.010
4468.71669 17.050 0.009
4473.68952 17.066 0.010
4477.74767 17.047 0.011
4481.68528 17.087 0.010
4485.73334 17.030 0.011
4489.71681 17.050 0.015
4493.70662 17.060 0.013
4498.68295 17.089 0.011
4501.68031 17.059 0.011
4506.61426 17.044 0.011
4508.63146 17.042 0.011
4510.70487 17.062 0.010
4521.61499 17.048 0.013
4523.63079 17.057 0.011
4525.55022 17.063 0.010
4531.57225 17.082 0.011
4533.57462 17.092 0.011
4537.62465 17.096 0.011
4539.54364 17.051 0.013
4541.59590 17.056 0.014
4545.51630 17.074 0.013
4549.59984 17.047 0.014
4560.54249 17.044 0.013
4567.58810 17.034 0.011
4571.53298 17.062 0.013
4610.48154 17.087 0.014
4683.90539 17.062 0.010
4694.92383 17.111 0.016
4697.86208 17.076 0.015
4707.91279 17.057 0.010
4720.77805 17.082 0.011
4724.83131 17.092 0.011
4728.81879 17.084 0.011
4733.82851 17.046 0.010
4743.89722 17.026 0.014
4748.83449 17.058 0.009
4752.86754 17.069 0.013
4756.87685 17.036 0.010
4760.75994 17.063 0.009
4763.81873 17.076 0.011
4768.86141 17.052 0.011
4772.70774 17.047 0.011
4775.73706 17.085 0.011
4777.75183 17.051 0.011
4781.74834 17.024 0.010
4784.70193 17.055 0.015
4788.79890 17.044 0.010
4791.80935 17.058 0.009
4794.78086 17.063 0.010
4797.80010 17.078 0.011
4800.77695 17.090 0.009
4802.84393 17.093 0.011
4805.67039 17.064 0.010
4806.85727 17.094 0.014
4807.72448 17.044 0.010
4809.70506 17.068 0.010
4811.70141 17.071 0.014
4813.72317 17.068 0.013
4814.74199 17.069 0.013
4816.73891 17.069 0.013
4818.73804 17.083 0.010
4820.65744 17.057 0.009
4820.79768 17.063 0.010
4822.69398 17.061 0.010
4824.68281 17.059 0.010
4826.68721 17.056 0.010
4833.68515 17.082 0.009
4835.73754 17.090 0.011
4838.74215 17.057 0.010
4840.72643 17.053 0.011
4842.71041 17.059 0.010
4844.70962 17.063 0.011
4847.77659 17.066 0.011
4850.76969 17.047 0.010
4853.74617 17.050 0.010
4855.76162 17.061 0.013
4857.73976 17.043 0.011
4863.70104 17.049 0.013
4865.60128 17.062 0.010
4868.70484 17.107 0.011
4869.65013 17.053 0.011
4872.67935 17.071 0.015
4874.57252 17.078 0.011
4876.59616 17.076 0.010
4878.62105 17.075 0.009
4882.69414 17.050 0.010
4885.55233 17.060 0.010
4888.61955 17.043 0.009
4900.62336 17.078 0.013
4905.58852 17.100 0.016
4908.54712 17.055 0.011
4916.56348 17.080 0.011
4920.59381 17.035 0.010
4926.54993 17.023 0.013
4930.54652 17.052 0.014
4934.54336 17.075 0.013
4937.53508 17.020 0.010
4940.55108 17.065 0.010
4946.54468 17.054 0.011
4951.52447 17.049 0.014
