2165.90781 18.718 0.070
2166.82639 18.675 0.043
2172.87516 18.692 0.044
2189.83242 18.869 0.068
2191.86676 18.678 0.038
2200.86778 18.714 0.059
2212.78174 18.895 0.052
2217.76665 18.638 0.054
2223.78693 18.757 0.048
2226.76177 18.633 0.048
2228.80529 18.698 0.049
2232.73892 18.698 0.041
2234.73269 18.741 0.048
2238.68353 18.722 0.051
2240.81245 18.696 0.049
2242.81825 18.663 0.065
2244.86487 18.699 0.105
2249.75148 18.674 0.042
2251.78397 18.668 0.040
2253.74440 18.699 0.040
2255.85416 18.600 0.050
2258.66107 18.653 0.037
2261.64668 18.658 0.045
2265.74871 18.754 0.047
2271.66182 18.632 0.043
2273.65753 18.616 0.046
2275.76778 18.739 0.055
2277.76255 18.621 0.042
2279.76765 18.680 0.043
2281.78152 18.639 0.036
2283.78464 18.710 0.036
2289.71377 18.644 0.041
2291.72123 18.638 0.055
2293.69334 18.668 0.051
2295.72011 18.789 0.042
2297.71097 18.713 0.054
2299.73336 18.690 0.044
2302.58061 18.743 0.051
2317.63015 18.619 0.037
2326.54894 18.681 0.045
2338.51662 18.622 0.056
2344.50940 18.682 0.047
2354.51119 18.643 0.076
2368.49521 18.712 0.076
2401.49721 18.686 0.057
2520.90608 18.663 0.050
2521.88540 18.702 0.045
2537.83878 18.682 0.075
2539.81387 18.639 0.055
2542.80625 18.697 0.045
2545.78791 18.633 0.054
2551.85236 18.684 0.042
2555.87643 18.673 0.045
2559.78533 18.690 0.051
2563.83554 18.689 0.050
2577.82538 18.642 0.049
2580.85482 18.644 0.037
2589.76163 18.647 0.042
2599.82219 18.697 0.046
2609.63466 18.617 0.060
2620.75892 18.667 0.037
2623.70321 18.645 0.045
2627.59943 18.935 0.084
2629.62433 18.701 0.056
2631.67359 18.626 0.061
2634.66847 18.663 0.035
2637.69448 18.712 0.049
2639.80927 18.641 0.036
2641.63191 18.687 0.041
2643.64295 18.693 0.037
2645.63567 18.665 0.040
2646.66309 18.618 0.043
2650.71939 18.607 0.051
2652.70958 18.604 0.047
2654.81413 18.678 0.049
2657.72867 18.645 0.050
2659.69765 18.839 0.049
2661.79735 18.646 0.048
2665.76732 18.606 0.040
2667.78748 18.775 0.054
2673.67649 18.740 0.048
2675.70341 18.696 0.038
2677.73807 18.641 0.059
2679.72879 18.864 0.051
2681.76064 18.605 0.049
2686.55395 18.617 0.071
2690.63220 18.768 0.068
2695.56280 18.740 0.045
2700.51384 18.779 0.063
2705.58573 18.680 0.041
2712.54819 18.909 0.067
2734.49789 18.753 0.066
2869.87918 18.682 0.061
2884.84123 18.786 0.049
2890.80902 18.666 0.064
2895.84472 18.745 0.049
2900.80037 18.670 0.043
2906.83134 18.694 0.042
2910.86481 18.690 0.037
2915.86098 18.698 0.036
2921.86328 18.698 0.047
2925.82451 18.669 0.042
2925.83937 18.672 0.043
2929.84371 18.640 0.045
2933.79033 18.660 0.036
2939.79887 18.642 0.047
2942.77429 18.652 0.038
2946.79472 18.804 0.058
2948.83981 18.610 0.037
2952.77909 18.693 0.049
2955.83613 18.583 0.061
2957.76367 18.850 0.055
2961.74702 18.745 0.045
2963.80525 18.634 0.051
2966.74466 18.687 0.032
2970.67121 18.690 0.037
2974.67339 18.718 0.042
2975.79852 18.654 0.042
2979.83502 18.618 0.038
2981.84224 18.695 0.089
2983.74302 18.658 0.044
2986.72549 18.613 0.042
2988.69238 18.709 0.042
2990.71702 18.635 0.038
2992.71385 18.644 0.040
2994.80461 18.671 0.036
2996.68012 18.706 0.036
2998.66339 18.725 0.046
3000.68021 18.751 0.045
3002.66742 18.652 0.038
3004.66716 18.657 0.037
3006.61286 18.651 0.034
3010.68743 18.841 0.062
3012.78287 18.643 0.069
3016.70158 18.687 0.045
3018.69144 18.657 0.042
3020.76678 18.789 0.056
3022.79321 18.715 0.045
3024.74182 18.691 0.038
3026.71087 18.673 0.034
3028.74660 18.659 0.030
3030.75165 18.935 0.050
3033.67357 18.730 0.030
3035.67974 18.728 0.043
3038.66340 18.748 0.057
3041.56054 18.635 0.052
3043.59035 18.606 0.055
3045.62939 18.621 0.041
3047.58354 18.796 0.054
3049.58925 18.644 0.035
3050.55988 18.643 0.033
3052.55417 18.664 0.041
3054.55584 18.717 0.040
3056.55498 18.669 0.037
3058.54801 18.680 0.040
3060.56911 18.701 0.038
3069.58937 18.685 0.044
3072.63747 18.817 0.065
3075.59205 18.812 0.047
3078.51332 18.693 0.044
3081.66682 18.702 0.044
3084.57902 18.738 0.035
3087.53997 18.741 0.048
3089.64263 18.636 0.045
3092.58141 18.543 0.060
3098.58437 18.608 0.045
3101.54468 18.681 0.056
3104.51611 18.725 0.050
3110.52445 18.634 0.062
3113.50809 18.866 0.064
3125.50554 18.637 0.060
3135.47146 18.648 0.061
3229.88560 18.668 0.038
3239.89950 18.650 0.044
3247.87041 18.697 0.042
3256.84185 18.674 0.046
3268.83925 18.812 0.037
3273.79813 18.635 0.047
3276.88361 18.797 0.052
3281.79381 18.706 0.035
3283.89362 18.658 0.047
3289.80751 18.798 0.044
3294.80545 18.778 0.040
3296.81088 18.662 0.033
3298.84145 18.814 0.044
3301.66172 18.956 0.069
3303.81319 18.540 0.058
3306.80560 18.698 0.043
3308.82238 18.705 0.049
3310.85472 18.845 0.045
3314.82224 18.637 0.043
3321.70103 18.721 0.035
3325.75893 18.527 0.028
3329.79415 18.626 0.026
3334.69029 18.684 0.056
3338.74633 18.702 0.041
3349.71848 18.616 0.036
3352.63300 18.676 0.038
3355.65486 18.678 0.052
3359.71385 18.692 0.035
3363.69176 18.863 0.050
3369.75391 18.669 0.044
3372.66379 18.681 0.036
3377.69794 18.659 0.036
3381.80849 18.642 0.037
3386.78058 18.664 0.028
3391.57135 18.764 0.055
3395.62611 18.569 0.040
3398.68288 18.693 0.041
3400.66926 18.753 0.066
3403.65804 18.711 0.049
3406.59199 18.639 0.033
3410.60973 18.699 0.032
3415.56531 18.705 0.041
3421.56977 18.715 0.036
3428.56876 18.551 0.048
3436.56307 18.702 0.037
3443.50579 18.472 0.041
3452.52561 18.666 0.033
3574.91622 18.681 0.051
3585.93905 18.699 0.055
3588.90656 18.747 0.051
3590.90844 18.634 0.033
3614.89775 18.621 0.041
3629.79311 18.619 0.044
3634.75123 18.740 0.053
3640.74760 18.530 0.031
3644.88989 18.650 0.041
3650.79968 18.734 0.034
3653.82757 18.698 0.042
3656.88353 18.721 0.045
3661.78993 18.618 0.045
3666.78711 18.628 0.040
3671.78550 18.640 0.034
3675.79992 18.739 0.037
3683.82308 18.661 0.032
3687.68492 18.679 0.043
3689.78851 18.644 0.034
3692.70905 18.581 0.035
3694.84131 18.659 0.033
3696.66184 18.703 0.040
3699.67411 18.675 0.033
3701.72527 18.657 0.034
3704.74655 18.809 0.034
3706.74506 18.689 0.030
3711.63685 18.727 0.045
3713.65046 18.684 0.036
3716.68393 18.671 0.045
3719.66118 18.667 0.051
3725.74450 18.606 0.047
3727.69245 18.661 0.048
3730.62079 18.633 0.028
3733.60947 18.684 0.034
3734.71230 18.639 0.033
3736.73128 18.680 0.033
3738.65318 18.653 0.034
3740.68817 18.681 0.037
3743.65366 18.655 0.040
3746.72758 18.884 0.055
3748.68019 18.722 0.047
3750.57247 18.702 0.053
3752.69371 18.661 0.036
3754.68211 18.648 0.042
3758.70299 18.696 0.049
3762.66106 18.618 0.032
3765.65166 18.646 0.025
3769.72363 18.671 0.029
3772.69177 18.687 0.044
3775.66376 18.703 0.057
3778.66221 18.671 0.042
3781.72326 18.742 0.058
3786.54630 18.714 0.041
3791.54191 18.660 0.034
3798.54226 18.666 0.041
3805.52745 18.563 0.045
3819.50630 18.687 0.038
3937.94655 18.679 0.070
3961.90113 18.804 0.062
3968.88366 18.700 0.047
3974.86923 18.507 0.043
3981.77673 18.660 0.043
3987.90075 18.599 0.041
3995.80837 18.641 0.045
4002.80776 18.739 0.032
4004.82898 18.750 0.035
4007.76162 18.729 0.034
4011.74231 18.701 0.050
4018.78170 18.655 0.044
4023.77611 18.744 0.036
4026.69209 18.700 0.040
4028.82809 18.664 0.033
4031.71584 18.697 0.038
4037.81619 18.769 0.036
4040.79151 18.682 0.038
4042.80699 18.636 0.036
4046.68176 18.803 0.058
4048.77112 18.792 0.043
4051.76077 18.750 0.043
4053.81208 18.618 0.032
4056.63193 18.780 0.059
4059.64296 18.611 0.041
4064.66563 18.702 0.032
4067.66610 18.653 0.034
4069.65420 18.781 0.043
4072.69136 18.735 0.042
4076.76180 18.663 0.042
4079.63672 18.603 0.038
4082.65739 18.680 0.045
4084.73782 18.698 0.040
4087.65759 18.671 0.034
4093.80593 18.631 0.041
4102.61220 18.735 0.052
4104.78089 18.734 0.058
4109.63775 18.702 0.045
4113.66101 18.722 0.034
4118.56793 18.691 0.049
4120.65404 18.867 0.034
4124.68478 18.666 0.032
4127.63868 18.673 0.029
4132.61670 18.652 0.046
4142.55164 18.855 0.055
4150.52873 18.681 0.045
4153.60331 18.681 0.042
4165.53371 18.716 0.058
4180.52360 18.732 0.065
4341.83816 18.700 0.057
4345.89729 18.844 0.053
4350.87173 18.621 0.058
4355.87932 18.678 0.056
4361.84008 18.702 0.064
4364.84691 18.649 0.051
4367.75940 18.806 0.068
4370.79627 18.659 0.054
4376.83138 18.847 0.060
4379.83772 18.639 0.042
4383.84198 18.656 0.048
4388.78185 18.887 0.053
4392.83611 18.621 0.037
4398.78493 18.763 0.048
4403.72473 18.681 0.049
4410.85189 18.658 0.042
4417.73981 18.641 0.034
4421.71582 18.734 0.043
4421.77174 18.718 0.037
4425.73580 18.702 0.047
4429.69999 18.657 0.063
4431.83982 18.621 0.068
4435.85864 18.634 0.071
4439.71236 18.701 0.051
4442.68961 18.689 0.050
4448.74305 18.608 0.052
4450.74992 18.683 0.057
4453.72558 18.739 0.040
4456.73894 18.611 0.050
4458.68658 18.713 0.046
4461.63663 18.684 0.036
4465.65746 18.702 0.038
4468.68825 18.701 0.031
4473.62453 18.684 0.043
4477.71206 18.763 0.049
4479.73366 18.623 0.036
4483.69357 18.797 0.053
4486.69202 18.660 0.050
4490.69026 18.690 0.052
4493.76107 18.748 0.063
4498.62566 18.660 0.038
4501.61871 18.713 0.045
4503.61519 18.767 0.051
4508.56251 18.702 0.051
4510.64430 18.791 0.048
4516.52500 18.848 0.085
4520.61500 18.783 0.069
4523.59854 18.742 0.048
4530.54197 18.702 0.053
4532.51398 18.810 0.071
4535.59307 18.745 0.060
4538.61370 18.682 0.057
4540.58296 18.725 0.061
4544.54883 18.624 0.053
4546.60084 18.695 0.067
4559.52949 18.617 0.059
4566.55182 18.848 0.053
4574.51023 18.807 0.088
4591.47373 18.672 0.061
4681.90187 18.708 0.041
4691.86739 18.759 0.063
4704.89815 18.623 0.051
4717.86398 18.569 0.028
4722.88363 18.657 0.036
4726.82454 18.636 0.044
4730.84640 18.701 0.042
4747.81759 18.648 0.034
4750.89090 18.563 0.069
4756.78835 18.690 0.046
4759.83551 18.698 0.035
4762.79521 18.736 0.042
4768.77324 18.686 0.043
4771.81517 18.925 0.054
4774.79589 18.689 0.040
4776.84959 18.645 0.055
4780.78259 18.668 0.050
4783.78052 18.678 0.044
4788.70705 18.701 0.049
4791.68349 18.700 0.045
4794.65328 18.650 0.038
4797.67060 18.644 0.043
4800.71668 18.621 0.033
4802.74836 18.672 0.043
4805.71772 18.711 0.042
4807.68032 18.662 0.047
4809.67307 18.653 0.042
4812.66067 18.733 0.069
4814.64872 18.937 0.066
4816.65036 18.705 0.046
4818.67251 18.660 0.038
4820.67944 18.645 0.035
4823.68305 18.673 0.048
4825.77182 18.709 0.050
4831.81375 18.686 0.050
4834.74697 18.777 0.058
4836.74935 18.619 0.034
4838.69995 18.718 0.046
4841.71650 18.692 0.051
4843.71580 18.717 0.063
4846.68171 18.822 0.048
4848.70758 18.672 0.045
4850.69968 18.738 0.043
4852.69386 18.720 0.044
4854.69698 18.664 0.041
4856.69342 18.686 0.050
4859.66598 18.750 0.053
4865.71267 18.979 0.064
4867.64893 18.618 0.033
4870.63440 18.670 0.046
4873.65689 18.697 0.050
4875.61485 18.703 0.050
4877.64022 18.936 0.050
4879.56866 18.720 0.044
4882.66176 18.660 0.052
4884.59927 18.659 0.056
4887.63565 18.777 0.040
4901.63884 18.564 0.064
4908.58630 18.854 0.053
4916.53131 18.761 0.048
4920.56286 18.624 0.049
4926.51964 18.713 0.069
4931.55647 18.628 0.060
4935.52310 18.700 0.047
4939.53006 18.615 0.058
4943.52977 18.594 0.051
4948.50650 18.656 0.065
4955.48973 18.759 0.051
