2187.78771 18.275 0.046
2190.88352 18.141 0.028
2193.85417 18.155 0.023
2202.85392 18.144 0.029
2215.80673 18.172 0.034
2222.80654 18.146 0.041
2224.85418 18.140 0.035
2227.76504 18.103 0.032
2229.77078 18.191 0.035
2231.73932 18.181 0.035
2233.70751 18.129 0.028
2237.62674 18.184 0.041
2239.68778 18.160 0.031
2241.77942 18.131 0.029
2243.84969 18.104 0.043
2248.70919 18.165 0.028
2250.74068 18.145 0.028
2252.83775 18.114 0.035
2254.75951 18.151 0.025
2257.77708 18.316 0.026
2260.79236 17.892 0.031
2265.73037 18.140 0.029
2266.80127 18.194 0.035
2270.83277 18.180 0.029
2272.68494 18.254 0.035
2274.81125 18.352 0.043
2276.86661 18.227 0.041
2278.82563 18.033 0.034
2280.80532 18.179 0.029
2282.80913 18.205 0.037
2290.69484 18.156 0.031
2293.80993 18.115 0.046
2295.83383 18.119 0.028
2297.82059 18.148 0.034
2299.83702 18.134 0.035
2301.73113 18.031 0.034
2302.80634 18.179 0.044
2303.72910 18.009 0.037
2328.59066 18.061 0.032
2340.58040 18.194 0.038
2346.52109 18.072 0.034
2360.51602 18.162 0.040
2391.51696 18.124 0.040
2540.89479 18.168 0.043
2548.83170 18.167 0.035
2553.79838 18.101 0.044
2557.86380 18.127 0.032
2561.86647 18.235 0.034
2565.85578 18.173 0.041
2574.81291 18.157 0.035
2574.82593 18.156 0.032
2578.86943 18.215 0.040
2586.78236 18.137 0.031
2590.85567 18.123 0.031
2596.86336 18.140 0.038
2606.75899 18.120 0.028
2610.66100 18.349 0.044
2614.83004 18.108 0.032
2619.70636 18.136 0.026
2621.83366 18.136 0.026
2624.73077 18.104 0.029
2627.83921 18.095 0.046
2630.60891 18.167 0.040
2632.75979 18.090 0.025
2636.70962 18.148 0.026
2638.75388 18.146 0.034
2641.80228 18.110 0.029
2643.81093 18.143 0.029
2645.79740 18.112 0.038
2649.68432 18.140 0.025
2651.76405 18.178 0.032
2653.74672 18.122 0.035
2655.78118 18.066 0.029
2657.76524 18.144 0.035
2659.82636 18.050 0.038
2661.62652 18.210 0.026
2666.61042 18.071 0.026
2668.83877 18.161 0.038
2673.78420 18.088 0.037
2676.76450 18.159 0.031
2678.81043 18.271 0.031
2680.70263 18.144 0.028
2684.59613 18.107 0.032
2688.56978 18.148 0.037
2692.54426 18.138 0.035
2697.55920 18.111 0.028
2702.56075 18.198 0.041
2709.51148 18.143 0.032
2725.52008 18.348 0.040
2875.88879 18.170 0.041
2884.91086 18.267 0.040
2892.91968 18.293 0.106
2896.88766 18.080 0.034
2902.81666 18.152 0.026
2912.82060 18.110 0.025
2917.82883 18.096 0.029
2923.83151 18.161 0.035
2926.88397 18.101 0.029
2931.81792 18.177 0.032
2934.85290 18.128 0.029
2940.83313 18.142 0.026
2943.83796 18.089 0.025
2947.84611 18.135 0.029
2950.76251 18.295 0.035
2954.78838 18.076 0.040
2956.82867 18.156 0.031
2961.76196 18.193 0.032
2963.76460 18.100 0.040
2966.78885 18.115 0.022
2968.75353 18.104 0.026
2971.81549 18.117 0.032
2974.83855 18.157 0.028
2976.69852 18.110 0.028
2979.68238 18.169 0.034
2981.70295 17.990 0.053
2983.83480 18.109 0.034
2985.80188 18.138 0.028
2987.75841 18.106 0.029
2989.69863 18.130 0.025
2991.77247 18.152 0.031
2993.77862 18.172 0.029
2995.85388 18.161 0.031
2997.82503 18.173 0.034
2998.77048 18.153 0.031
3000.77905 18.149 0.031
3002.77060 18.090 0.026
3004.76352 18.124 0.026
3006.75671 18.154 0.026
3008.71631 18.155 0.038
3010.81747 18.168 0.031
3016.76741 18.262 0.035
3018.79807 18.262 0.034
3020.86167 18.286 0.052
3022.63977 18.105 0.028
3023.74794 18.163 0.031
3025.75115 18.179 0.025
3027.76968 18.094 0.034
3029.75411 18.163 0.032
3031.82607 18.191 0.034
3034.65119 18.122 0.022
3036.68145 18.187 0.031
3039.62343 18.114 0.029
3041.70632 18.136 0.037
3042.73139 18.125 0.037
3044.67042 18.152 0.035
3046.65655 18.173 0.037
3048.68977 18.273 0.028
3050.68653 18.209 0.026
3052.68297 18.166 0.026
3054.68851 18.272 0.040
3056.67629 18.147 0.026
3058.66960 18.100 0.029
3066.60674 18.131 0.038
3068.63500 18.240 0.038
3071.53326 18.127 0.035
3074.53294 18.137 0.035
3076.65202 18.049 0.040
3079.64937 18.109 0.026
3083.51644 18.121 0.029
3085.62022 18.095 0.028
3088.57644 18.027 0.040
3091.58073 18.025 0.032
3097.49782 18.066 0.049
3100.53896 18.121 0.046
3103.54656 18.168 0.031
3106.57897 18.107 0.028
3113.58109 18.092 0.038
3127.53897 18.109 0.032
3133.55465 18.395 0.049
3230.92938 18.135 0.035
3242.90374 18.060 0.034
3249.87072 18.148 0.035
3260.86265 18.130 0.035
3264.90462 18.146 0.023
3271.85306 18.209 0.034
3274.85635 18.175 0.041
3279.80996 18.144 0.035
3282.87558 18.134 0.029
3295.81897 18.135 0.020
3305.78072 18.215 0.034
3307.80555 18.086 0.046
3309.84201 18.121 0.028
3321.74210 18.145 0.025
3324.85003 18.253 0.028
3327.85624 18.167 0.031
3333.83985 18.026 0.037
3336.68178 18.137 0.031
3340.83392 18.115 0.029
3353.76526 18.133 0.034
3357.79290 18.130 0.028
3360.77074 18.118 0.025
3363.84531 18.107 0.028
3370.80255 18.104 0.034
3376.75462 18.214 0.031
3378.77977 18.170 0.028
3394.66867 18.189 0.029
3396.68969 18.090 0.029
3399.82012 18.208 0.049
3402.72695 18.133 0.026
3404.65854 18.050 0.031
3409.57530 18.095 0.025
3413.57397 18.096 0.026
3413.61847 18.151 0.029
3418.57044 18.139 0.029
3426.56731 18.155 0.029
3432.54777 18.096 0.025
3439.52387 18.163 0.034
3447.54931 18.227 0.037
3457.52627 18.113 0.037
3603.88030 18.068 0.028
3620.91659 18.161 0.032
3630.82768 18.170 0.040
3637.77019 18.171 0.041
3640.82426 18.106 0.023
3651.85675 18.176 0.031
3655.77305 18.136 0.026
3658.86893 18.168 0.034
3660.86624 18.386 0.043
3664.87584 18.142 0.025
3668.85972 18.131 0.038
3672.84842 18.146 0.029
3676.73519 18.138 0.031
3685.80502 18.107 0.023
3688.73917 18.138 0.025
3690.81394 18.127 0.031
3693.71563 18.086 0.028
3696.75806 18.065 0.025
3699.77099 18.143 0.023
3701.82414 18.147 0.029
3703.82278 18.116 0.026
3706.69838 18.138 0.022
3711.73357 18.287 0.031
3713.82150 18.180 0.029
3715.79795 18.155 0.025
3718.76689 18.102 0.028
3722.66184 18.128 0.029
3726.74399 18.204 0.035
3728.80628 18.332 0.029
3730.77603 18.188 0.025
3732.85157 18.095 0.025
3734.84441 18.175 0.026
3735.69278 18.092 0.022
3737.85130 18.107 0.022
3740.78943 18.124 0.023
3741.62366 18.317 0.041
3743.78020 18.236 0.032
3746.82256 18.002 0.025
3748.80129 18.069 0.041
3750.81610 18.164 0.040
3753.68917 18.131 0.028
3755.77075 18.078 0.031
3757.79023 18.147 0.026
3760.76985 18.226 0.034
3763.72283 18.194 0.020
3766.73956 18.059 0.032
3770.76701 18.241 0.037
3774.64050 18.119 0.032
3777.59894 18.249 0.035
3779.72328 18.308 0.049
3781.76611 18.117 0.035
3786.61567 18.165 0.035
3793.56534 18.106 0.026
3801.55531 18.158 0.028
3812.51259 18.129 0.029
3829.48729 18.129 0.037
3960.93659 18.146 0.040
3965.89040 18.162 0.023
3970.91056 18.205 0.032
3982.86109 18.107 0.031
4002.87461 18.158 0.023
4004.89289 18.143 0.022
4006.80244 18.172 0.025
4008.82343 18.146 0.025
4013.83507 18.112 0.034
4019.83788 18.114 0.025
4024.82936 18.198 0.028
4027.73156 18.156 0.031
4029.84437 18.196 0.028
4032.87912 18.245 0.056
4039.71129 18.103 0.032
4041.78506 18.125 0.028
4045.65136 18.090 0.050
4047.64550 18.399 0.050
4049.75328 18.255 0.025
4052.81483 18.161 0.023
4056.86011 18.097 0.034
4060.72311 18.131 0.022
4065.75042 18.136 0.022
4066.82494 18.294 0.032
4068.85978 18.322 0.037
4070.78222 18.205 0.035
4074.82097 18.172 0.032
4078.73885 17.987 0.028
4080.74953 18.100 0.034
4083.73623 18.294 0.041
4085.79978 18.192 0.040
4095.66115 18.101 0.023
4103.79161 18.230 0.041
4106.62234 18.108 0.037
4112.79667 18.243 0.032
4117.77922 18.229 0.046
4121.79554 18.133 0.034
4126.77067 18.158 0.038
4129.80425 18.156 0.029
4143.58127 18.137 0.029
4157.58795 18.216 0.046
4169.53750 18.132 0.032
4199.50556 18.097 0.032
4343.89803 18.092 0.029
4348.87077 18.124 0.028
4353.89834 18.197 0.035
4358.85046 18.084 0.044
4363.86730 18.109 0.040
4367.85556 18.076 0.031
4371.80499 18.152 0.032
4378.74437 18.103 0.037
4381.77999 18.192 0.041
4387.72243 18.217 0.029
4390.85954 18.129 0.029
4400.71116 18.179 0.034
4408.73893 18.114 0.040
4412.82233 18.181 0.034
4427.77392 18.169 0.034
4430.77720 18.167 0.037
4433.79468 18.147 0.040
4437.72127 18.115 0.037
4440.74090 18.098 0.029
4443.85851 18.193 0.058
4449.80032 18.096 0.038
4451.83585 18.130 0.043
4455.80555 18.357 0.040
4458.78422 18.208 0.032
4462.77825 18.112 0.026
4464.82383 18.125 0.028
4467.79495 18.154 0.028
4472.71085 18.338 0.029
4476.79792 18.135 0.029
4480.74829 18.171 0.026
4484.82775 18.120 0.025
4488.74862 18.128 0.038
4492.76787 18.157 0.035
4497.77118 18.187 0.032
4500.64422 18.112 0.026
4502.75408 18.216 0.050
4507.75812 18.108 0.037
4509.70880 18.061 0.032
4512.75817 18.164 0.028
4518.70702 18.178 0.049
4521.74445 18.273 0.052
4524.64407 18.248 0.035
4530.67017 18.112 0.031
4534.63868 18.122 0.035
4538.65404 18.144 0.037
4542.56625 18.171 0.041
4545.64496 18.185 0.034
4551.53635 18.208 0.040
4558.59723 18.087 0.028
4565.55062 18.135 0.035
4573.55348 18.168 0.037
4588.52181 18.180 0.041
4618.48874 18.082 0.062
4685.92788 18.122 0.031
4699.89107 18.179 0.032
4709.84208 18.059 0.029
4720.88878 18.149 0.025
4725.82942 18.298 0.037
4729.80898 18.125 0.034
4734.90353 18.098 0.058
4740.81936 18.168 0.037
4749.73576 18.134 0.035
4754.81907 18.125 0.034
4757.86921 18.136 0.031
4761.76019 18.172 0.029
4766.69548 18.183 0.050
4769.80007 18.172 0.032
4772.83217 18.087 0.031
4775.84974 18.174 0.032
4777.86328 18.166 0.034
4782.71360 18.131 0.026
4786.76435 18.138 0.032
4789.72541 18.098 0.026
4792.84291 18.131 0.035
4795.79659 18.226 0.032
4798.75599 18.118 0.041
4799.78039 18.152 0.029
4801.71312 18.120 0.023
4804.65373 18.123 0.034
4806.70675 18.154 0.032
4808.76896 18.211 0.029
4810.84196 18.237 0.026
4813.80953 18.165 0.040
4815.79331 18.199 0.038
4817.79075 18.177 0.034
4819.80565 18.150 0.035
4822.77965 18.153 0.022
4824.79758 18.194 0.028
4831.63923 18.151 0.035
4834.81974 18.148 0.035
4836.79469 18.118 0.025
4838.80335 18.091 0.023
4841.84459 18.198 0.038
4843.83861 18.206 0.047
4846.82852 18.321 0.031
4850.80544 18.144 0.029
4852.81494 18.127 0.032
4854.81668 18.180 0.032
4856.82266 18.127 0.031
4857.80107 18.203 0.037
4861.77795 18.215 0.038
4867.75808 18.158 0.028
4869.71056 18.121 0.026
4871.72638 18.115 0.049
4874.65948 18.084 0.038
4876.70260 18.362 0.037
4878.73817 18.287 0.034
4885.71784 18.161 0.031
4890.57963 18.193 0.031
4900.68477 18.118 0.041
4903.62413 18.052 0.044
4914.59705 18.165 0.038
4918.59519 18.138 0.035
4924.61245 18.121 0.028
4928.60220 18.203 0.041
4930.60708 18.082 0.035
4933.56917 18.142 0.031
4937.56877 18.104 0.026
4941.58179 18.096 0.034
4950.55703 18.128 0.044
