2161.87033 18.433 0.048
2173.88352 18.525 0.032
2192.85259 18.580 0.037
2201.83900 18.562 0.033
2214.82054 18.522 0.045
2221.76344 18.445 0.044
2224.77615 18.499 0.036
2227.67876 18.530 0.034
2229.69223 18.999 0.061
2232.85600 18.490 0.045
2234.85075 18.514 0.032
2237.77120 18.731 0.044
2241.69645 18.778 0.050
2243.75028 18.510 0.042
2247.83215 18.469 0.036
2248.83476 18.528 0.033
2250.82286 18.530 0.034
2252.68185 18.570 0.036
2254.67291 18.530 0.034
2257.67958 18.458 0.032
2260.68630 18.457 0.032
2266.67779 18.516 0.038
2270.68549 18.528 0.034
2271.82583 18.458 0.028
2272.83379 18.490 0.045
2274.67547 18.546 0.044
2276.78142 18.502 0.038
2277.83472 18.811 0.044
2279.85232 18.564 0.034
2280.82585 18.549 0.038
2282.72273 18.467 0.033
2288.78409 18.542 0.053
2290.82137 18.500 0.041
2292.79442 18.464 0.041
2296.79058 18.689 0.079
2298.74701 18.525 0.042
2300.75360 18.503 0.053
2302.73026 18.490 0.053
2315.66144 18.564 0.030
2327.59241 18.601 0.046
2333.60243 18.445 0.053
2345.53989 18.479 0.041
2351.51807 18.487 0.037
2369.51654 18.502 0.040
2385.50133 18.520 0.049
2529.84684 18.524 0.040
2539.84929 18.676 0.048
2545.81822 18.582 0.049
2552.87246 18.583 0.045
2556.86382 18.520 0.034
2560.77291 18.509 0.037
2564.88047 18.570 0.046
2578.80093 18.530 0.041
2583.85533 18.642 0.050
2590.76211 18.419 0.041
2596.77473 18.498 0.040
2605.80467 18.497 0.036
2609.77409 18.545 0.048
2614.73231 18.539 0.046
2618.78721 18.567 0.045
2621.71234 18.532 0.032
2624.61829 18.480 0.044
2627.71636 18.537 0.053
2629.73933 18.547 0.040
2632.66526 18.528 0.034
2635.71250 18.562 0.033
2638.68347 18.510 0.033
2640.78038 18.514 0.036
2642.73705 18.442 0.052
2644.73980 18.490 0.036
2646.69351 18.531 0.040
2650.74956 18.524 0.042
2652.81122 18.514 0.034
2654.77190 18.524 0.044
2656.67730 18.551 0.049
2658.63908 18.710 0.045
2660.65739 18.542 0.040
2662.66836 18.554 0.037
2664.64842 18.581 0.042
2666.71181 18.543 0.032
2668.69792 18.510 0.037
2670.66435 18.633 0.052
2672.79881 18.489 0.038
2674.69957 18.512 0.041
2676.68869 18.447 0.040
2678.74195 18.520 0.034
2680.65269 18.484 0.037
2682.69924 18.533 0.048
2687.57904 18.510 0.049
2693.53829 18.536 0.036
2696.57501 18.495 0.041
2701.56575 18.576 0.050
2707.56339 18.581 0.041
2714.55060 18.514 0.048
2839.92726 18.532 0.042
2867.89822 18.486 0.037
2885.87588 18.574 0.037
2892.90439 18.491 0.050
2897.87328 18.419 0.038
2907.79351 18.533 0.033
2911.83086 18.521 0.029
2916.88127 18.433 0.030
2922.86494 18.538 0.046
2926.79662 18.506 0.037
2930.86634 18.531 0.036
2934.76836 18.527 0.033
2940.74910 18.702 0.040
2943.75337 18.461 0.038
2947.76204 18.495 0.034
2949.85201 18.521 0.032
2953.71916 18.540 0.054
2956.74448 18.764 0.040
2958.77080 18.601 0.050
2962.78333 18.504 0.030
2965.80636 18.520 0.033
2968.67366 18.670 0.050
2973.79714 18.506 0.030
2976.80957 18.700 0.038
2978.71723 18.482 0.041
2980.72968 18.700 0.042
2982.72238 18.540 0.038
2984.76949 18.727 0.042
2986.85216 18.476 0.050
2988.82253 18.793 0.044
2989.77784 18.526 0.032
2991.67296 18.536 0.034
2993.69342 18.582 0.040
2995.76657 18.519 0.030
2997.73894 18.552 0.042
2999.70311 18.533 0.032
3001.79796 18.533 0.036
3003.76866 18.500 0.037
3005.73049 18.482 0.034
3007.65190 18.543 0.034
3009.65524 18.504 0.036
3011.74931 18.469 0.044
3017.75480 18.513 0.033
3019.68286 18.484 0.034
3021.80146 18.532 0.037
3023.66322 18.507 0.029
3025.63113 18.496 0.026
3027.68052 18.528 0.033
3029.66556 18.461 0.033
3031.73545 18.532 0.038
3033.79911 18.469 0.030
3035.80595 18.504 0.033
3038.78355 18.501 0.042
3041.62409 18.468 0.053
3043.65815 18.530 0.050
3045.72107 18.496 0.038
3047.67480 18.548 0.041
3048.60359 18.503 0.028
3050.62308 18.544 0.029
3052.62431 18.543 0.032
3054.62450 18.544 0.041
3056.61699 18.506 0.032
3058.61096 18.554 0.037
3060.66054 18.544 0.037
3068.54649 18.584 0.048
3070.60747 18.486 0.063
3073.63862 18.549 0.057
3076.56251 18.508 0.048
3078.64763 18.513 0.041
3082.62547 18.530 0.029
3085.52656 18.546 0.042
3087.66478 18.607 0.049
3090.63093 18.477 0.038
3096.54683 18.556 0.049
3099.61658 18.580 0.073
3102.59517 18.565 0.045
3104.58192 18.525 0.042
3110.56369 18.597 0.053
3113.54162 18.462 0.045
3128.51413 18.563 0.052
3140.52116 18.530 0.041
3216.88537 18.571 0.056
3241.92823 18.522 0.040
3248.87043 18.477 0.044
3257.89875 18.526 0.030
3264.82007 18.533 0.029
3270.88687 18.519 0.034
3274.77247 18.503 0.042
3277.89451 18.483 0.038
3287.77616 18.530 0.033
3295.73453 18.550 0.028
3301.78808 18.567 0.049
3304.84842 18.542 0.038
3307.72192 18.494 0.049
3309.75415 18.570 0.036
3311.75212 18.512 0.034
3320.79510 18.567 0.034
3323.74121 18.485 0.032
3327.76708 18.513 0.036
3330.72568 18.573 0.050
3334.82460 18.521 0.053
3339.77239 18.556 0.037
3354.78828 18.552 0.038
3358.83700 18.562 0.029
3365.76707 18.499 0.034
3372.78345 18.493 0.041
3378.69613 18.535 0.033
3391.76387 18.524 0.040
3395.72646 18.494 0.050
3399.73267 18.462 0.040
3403.72005 18.499 0.036
3406.68955 18.491 0.028
3410.64244 18.492 0.028
3415.63966 18.552 0.032
3420.62943 18.576 0.042
3427.60343 18.481 0.037
3433.62603 18.645 0.040
3438.55529 18.576 0.033
3446.51245 18.519 0.041
3461.52985 18.508 0.034
3473.48922 18.567 0.052
3575.94788 18.626 0.091
3601.91039 18.824 0.059
3601.91768 18.587 0.041
3619.84159 18.557 0.037
3629.91507 18.472 0.068
3633.88007 18.495 0.040
3639.79255 18.554 0.030
3644.82914 18.541 0.030
3651.77228 18.483 0.032
3654.81982 18.560 0.030
3658.78382 18.542 0.038
3661.85452 18.471 0.042
3668.82728 18.593 0.041
3672.81549 18.529 0.030
3676.77230 18.467 0.036
3684.83425 18.498 0.026
3687.80865 18.536 0.030
3690.72852 18.554 0.044
3693.76253 18.583 0.040
3695.79532 18.496 0.028
3698.77705 18.499 0.034
3700.80563 18.492 0.028
3703.73649 18.588 0.030
3705.80368 18.458 0.028
3708.79160 18.554 0.044
3712.74921 18.942 0.038
3714.81947 18.513 0.029
3717.68192 18.471 0.034
3719.85446 18.587 0.049
3721.81538 18.538 0.034
3726.71122 18.511 0.036
3730.74348 18.507 0.026
3732.73556 18.823 0.030
3735.63496 18.547 0.026
3737.76738 18.513 0.025
3739.83730 18.556 0.036
3741.85025 18.495 0.040
3743.74742 18.573 0.029
3746.78992 18.691 0.053
3748.74310 18.649 0.048
3749.74874 18.479 0.045
3751.76006 18.527 0.040
3753.71156 18.527 0.032
3755.71258 18.506 0.034
3757.70244 18.578 0.037
3759.76720 18.548 0.028
3762.78874 18.506 0.041
3765.77581 18.507 0.028
3770.64832 18.480 0.034
3773.71442 18.535 0.037
3776.68475 18.506 0.041
3779.63930 18.547 0.056
3782.75294 18.575 0.044
3787.61617 18.508 0.032
3792.56689 18.514 0.034
3800.54885 18.511 0.036
3810.50648 18.739 0.060
3823.51628 18.529 0.040
3950.90014 18.577 0.037
3964.89478 18.466 0.026
3969.92560 18.481 0.040
3981.89335 18.536 0.041
3998.88564 18.680 0.036
3999.84814 18.527 0.032
4001.89713 18.503 0.028
4004.86112 18.472 0.026
4005.87507 18.536 0.030
4008.74133 18.590 0.028
4013.77805 18.509 0.038
4018.87097 18.760 0.040
4024.73839 18.542 0.028
4026.81148 18.639 0.028
4029.76069 18.446 0.036
4032.77596 18.634 0.050
4038.74203 18.657 0.038
4041.70330 18.524 0.034
4043.70816 18.567 0.037
4046.79983 18.749 0.060
4049.67079 18.566 0.034
4052.73217 18.517 0.030
4056.77703 18.529 0.032
4058.80937 18.515 0.032
4063.70792 18.527 0.030
4066.76527 18.551 0.033
4068.67160 18.525 0.030
4070.69521 18.541 0.038
4074.76285 18.526 0.038
4077.81142 18.568 0.038
4079.85629 18.675 0.048
4083.70185 18.654 0.052
4085.76756 18.497 0.040
4093.75211 18.558 0.029
4102.86461 18.509 0.042
4105.82464 18.542 0.045
4109.79453 18.436 0.029
4113.75039 18.551 0.026
4120.78060 18.557 0.030
4122.73709 18.537 0.029
4125.79131 18.570 0.042
4132.67909 18.586 0.046
4142.73023 18.595 0.053
4156.56527 18.502 0.032
4168.51994 18.515 0.041
4197.49926 18.538 0.041
4347.88319 18.568 0.041
4353.81650 18.518 0.037
4364.87921 18.501 0.041
4367.90367 18.457 0.057
4371.76897 18.443 0.044
4377.82532 18.505 0.044
4380.84022 18.492 0.033
4386.81592 18.525 0.048
4390.77785 18.485 0.037
4394.73395 18.566 0.034
4399.75195 18.640 0.057
4407.71496 18.753 0.050
4412.73038 18.552 0.042
4418.82377 18.513 0.029
4426.76747 18.481 0.044
4430.69488 18.512 0.048
4432.75407 18.513 0.033
4436.79397 18.502 0.044
4439.85907 18.613 0.078
4443.74711 18.801 0.071
4449.70998 18.531 0.030
4451.71968 18.812 0.069
4455.71883 18.813 0.054
4457.74925 18.546 0.045
4460.82092 18.541 0.053
4463.73920 18.735 0.040
4466.72820 18.537 0.029
4470.67568 18.472 0.048
4473.71839 18.581 0.045
4477.77687 18.325 0.033
4482.78067 18.550 0.060
4486.75850 18.456 0.042
4492.65367 18.497 0.034
4494.67744 18.577 0.050
4498.70980 18.574 0.041
4501.70712 18.611 0.044
4506.64119 18.552 0.045
4508.66803 18.535 0.040
4510.73419 18.530 0.037
4517.68100 18.524 0.050
4521.64895 18.530 0.037
4524.61169 18.610 0.040
4530.63768 18.542 0.036
4532.66341 18.534 0.040
4536.63567 18.482 0.034
4539.51765 18.608 0.042
4541.62681 18.646 0.052
4545.55691 18.532 0.041
4556.59291 18.501 0.042
4561.58396 18.543 0.034
4568.53866 18.492 0.038
4588.48964 18.530 0.053
4607.48649 18.497 0.064
4683.93425 18.573 0.046
4697.89093 18.660 0.067
4708.86847 18.569 0.034
4720.80694 18.537 0.032
4724.86025 18.520 0.038
4728.85417 18.556 0.046
4733.85761 18.514 0.034
4748.81637 18.521 0.030
4753.82337 18.482 0.048
4757.78702 18.497 0.037
4760.78881 18.498 0.033
4763.84763 18.480 0.045
4769.71740 18.490 0.046
4772.73649 18.526 0.036
4775.76673 18.508 0.040
4777.78072 18.547 0.037
4781.81001 18.521 0.042
4784.73133 18.612 0.064
4788.82780 18.507 0.030
4791.83820 18.552 0.037
4792.69889 18.603 0.041
4794.80984 18.589 0.038
4796.68877 18.537 0.036
4797.82915 18.555 0.038
4800.80575 18.494 0.028
4803.65158 18.594 0.044
4805.74982 18.539 0.032
4807.85304 18.583 0.044
4809.73499 18.508 0.032
4812.77053 18.585 0.071
4814.77086 18.544 0.041
4816.76769 18.638 0.040
4818.79526 18.587 0.038
4820.77263 18.521 0.030
4823.79900 18.496 0.030
4826.71593 18.585 0.034
4833.72623 18.509 0.026
4835.71246 18.497 0.033
4837.76084 18.544 0.041
4839.81105 18.621 0.036
4841.78116 18.504 0.036
4843.78119 18.583 0.053
4846.74527 18.576 0.040
4848.75300 18.559 0.036
4853.77509 18.437 0.032
4855.79050 18.483 0.040
4857.76872 18.548 0.041
4859.75844 18.572 0.042
4865.74490 18.488 0.042
4868.73797 18.528 0.036
4871.66118 18.471 0.042
4874.60151 18.568 0.034
4876.57145 18.832 0.038
4878.67796 18.527 0.032
4879.65086 18.570 0.030
4885.58210 18.573 0.037
4888.66550 18.769 0.041
4901.67152 18.488 0.053
4908.61954 18.811 0.049
4917.56464 18.502 0.034
4921.58643 18.515 0.044
4927.57959 18.541 0.053
4931.58694 18.650 0.061
4935.55364 18.566 0.042
4939.56061 18.488 0.037
4943.55455 18.444 0.045
4948.54103 18.589 0.044
4953.53358 18.552 0.042
