2211.79713 18.878 0.060
2221.82925 19.009 0.087
2225.83515 18.829 0.042
2227.85850 18.866 0.047
2229.86414 18.901 0.067
2231.85535 18.943 0.058
2233.82300 18.891 0.046
2237.74645 18.891 0.047
2240.71331 18.923 0.054
2242.72445 18.960 0.067
2244.77505 18.877 0.064
2250.70994 18.888 0.050
2252.80699 18.953 0.051
2255.66008 18.783 0.054
2257.82611 18.840 0.032
2258.73391 18.882 0.045
2262.70307 18.822 0.046
2265.74111 18.819 0.047
2266.84274 18.909 0.049
2270.84364 19.048 0.046
2272.84966 18.888 0.058
2275.84861 18.886 0.059
2278.86782 18.943 0.084
2280.83993 19.096 0.078
2282.84783 18.868 0.056
2288.63227 18.841 0.044
2290.64006 18.963 0.053
2292.65169 19.109 0.069
2294.65428 18.819 0.052
2296.62860 18.933 0.067
2297.84149 18.825 0.041
2299.62858 18.931 0.048
2301.62598 19.063 0.063
2302.85463 18.752 0.062
2303.62657 19.035 0.056
2315.75098 18.813 0.046
2324.62129 18.847 0.042
2330.54748 18.781 0.064
2336.57381 18.946 0.058
2342.54788 18.816 0.046
2346.53429 18.832 0.061
2365.50557 18.847 0.064
2392.53677 19.018 0.106
2541.89516 18.889 0.047
2545.88403 18.830 0.055
2550.87298 18.817 0.061
2554.82948 18.890 0.059
2558.84929 18.801 0.046
2562.86498 18.838 0.057
2565.88295 18.870 0.330
2571.79674 18.894 0.068
2576.87049 18.873 0.052
2580.76416 18.859 0.058
2588.80027 18.844 0.051
2593.78942 19.055 0.062
2599.83905 18.870 0.044
2607.80323 18.831 0.045
2613.65160 18.897 0.078
2618.82987 18.814 0.050
2621.78443 18.790 0.047
2624.77122 19.001 0.052
2628.77956 18.900 0.066
2630.81924 18.791 0.066
2634.84893 18.822 0.055
2635.85579 18.843 0.058
2639.85590 18.830 0.039
2642.85584 18.914 0.055
2643.85171 18.834 0.046
2646.83463 18.843 0.047
2649.76186 18.871 0.037
2651.85917 19.071 0.061
2653.85605 18.816 0.059
2656.84659 18.810 0.054
2659.84919 18.905 0.084
2663.60450 18.824 0.062
2666.84999 18.846 0.050
2669.63973 18.938 0.066
2674.76965 18.814 0.044
2677.83460 18.891 0.058
2680.81810 18.972 0.046
2685.56297 18.985 0.063
2689.62900 18.908 0.070
2694.61278 18.918 0.049
2698.57742 18.838 0.041
2704.55910 18.966 0.049
2711.51530 18.805 0.052
2730.49253 18.997 0.064
2868.91678 18.932 0.063
2877.92075 18.907 0.058
2884.92247 18.820 0.088
2893.90183 18.778 0.055
2900.88553 18.842 0.052
2915.73488 18.824 0.052
2921.76463 18.935 0.056
2924.84392 18.860 0.050
2927.87327 18.884 0.055
2932.82118 18.856 0.049
2935.86187 18.838 0.048
2941.79699 18.883 0.042
2944.82818 18.874 0.057
2948.79131 18.781 0.051
2951.86011 18.836 0.049
2955.73575 18.802 0.058
2958.78553 18.847 0.055
2962.86488 18.848 0.090
2965.85874 18.912 0.051
2967.75733 18.830 0.053
2971.69647 18.824 0.046
2975.74865 18.786 0.044
2977.86238 18.833 0.066
2978.61800 18.951 0.057
2980.83134 18.888 0.059
2982.84977 18.940 0.054
2984.81074 18.819 0.046
2987.69262 18.935 0.050
2990.85227 18.920 0.048
2993.85385 18.911 0.050
2994.67985 18.963 0.045
2997.85428 18.820 0.050
2999.84553 18.845 0.054
3002.85125 18.886 0.046
3003.83934 19.047 0.061
3005.81070 18.885 0.038
3006.85440 18.913 0.048
3008.85062 18.821 0.049
3009.86597 18.820 0.056
3010.85798 18.951 0.060
3016.87082 18.764 0.058
3019.83429 18.814 0.045
3021.71776 18.877 0.039
3024.64612 18.830 0.043
3026.61229 18.872 0.039
3028.62063 18.871 0.039
3030.65712 18.860 0.041
3032.73474 18.932 0.044
3034.81037 18.928 0.044
3036.83659 18.894 0.045
3040.74353 18.898 0.058
3041.80723 18.800 0.059
3043.75864 18.922 0.087
3044.76953 18.842 0.068
3045.78747 18.874 0.072
3046.78052 18.840 0.066
3047.76658 18.852 0.051
3049.72508 18.847 0.045
3051.72306 18.924 0.054
3053.70325 18.868 0.038
3055.71584 18.793 0.042
3056.74181 18.840 0.037
3058.70981 18.861 0.038
3060.73063 18.930 0.044
3067.62721 18.897 0.061
3069.69654 18.812 0.043
3071.65514 18.764 0.079
3074.67772 19.013 0.067
3077.57848 18.935 0.056
3081.56977 18.848 0.036
3083.69026 19.109 0.046
3086.65372 18.830 0.051
3089.62442 18.854 0.051
3092.63693 18.940 0.066
3097.63660 18.822 0.057
3101.59724 18.841 0.074
3104.62877 18.899 0.053
3108.62580 18.950 0.054
3111.59863 19.044 0.084
3116.58771 18.952 0.071
3123.56592 18.973 0.088
3129.51301 18.904 0.069
3134.53226 19.024 0.060
3146.52277 18.934 0.070
3216.92546 18.738 0.065
3245.89078 18.928 0.053
3251.88520 18.858 0.043
3261.87782 18.834 0.048
3267.84752 19.004 0.047
3272.85169 18.945 0.060
3280.78216 18.866 0.051
3283.79648 18.927 0.042
3288.85464 18.853 0.039
3296.73207 18.960 0.041
3298.74499 18.827 0.039
3300.80137 18.860 0.048
3302.87931 18.992 0.103
3306.70627 18.948 0.078
3308.72682 19.022 0.061
3310.75972 18.882 0.049
3315.74809 18.939 0.045
3321.84100 18.866 0.047
3324.72703 18.874 0.054
3329.70928 18.824 0.036
3335.78299 19.134 0.104
3340.80022 18.925 0.047
3351.67274 18.846 0.039
3355.86092 19.205 0.084
3359.84637 18.828 0.041
3363.85691 18.787 0.049
3375.86231 18.943 0.045
3379.66890 18.923 0.057
3385.81383 18.770 0.039
3390.80673 18.850 0.035
3394.85384 18.734 0.050
3398.83293 18.805 0.046
3402.82185 18.867 0.058
3404.69938 18.989 0.047
3410.68256 18.876 0.036
3414.63786 18.870 0.055
3420.57387 18.808 0.046
3428.54203 18.835 0.042
3433.59980 18.896 0.050
3440.56190 18.975 0.054
3450.49862 18.887 0.060
3460.51700 18.864 0.039
3628.86231 18.852 0.054
3638.90304 19.239 0.094
3644.87085 18.926 0.045
3652.87959 18.874 0.044
3659.87289 18.834 0.053
3663.87478 18.879 0.063
3665.86805 18.875 0.057
3668.87078 18.912 0.061
3672.86119 18.915 0.073
3676.74643 18.977 0.053
3685.81616 18.886 0.036
3688.81793 18.812 0.039
3692.85134 18.897 0.044
3694.76435 18.898 0.047
3699.85768 18.864 0.049
3702.76479 18.883 0.037
3704.85110 18.851 0.036
3708.85764 18.917 0.065
3711.85597 18.878 0.046
3715.85642 18.857 0.052
3720.85861 18.702 0.056
3724.84089 18.871 0.041
3726.86291 18.875 0.056
3730.86315 18.918 0.069
3733.84212 18.834 0.036
3736.83948 19.042 0.044
3738.85313 18.786 0.050
3742.85281 18.902 0.067
3745.86936 18.985 0.062
3747.87185 18.794 0.062
3750.82017 18.964 0.063
3752.83261 18.936 0.072
3754.83868 18.935 0.056
3757.84737 18.836 0.041
3759.83354 18.908 0.052
3764.78468 18.851 0.033
3768.68105 18.768 0.038
3772.77833 18.830 0.046
3774.76484 18.922 0.042
3777.75527 18.841 0.047
3780.57690 18.868 0.055
3784.65582 18.790 0.043
3789.62291 18.931 0.036
3796.56155 18.887 0.047
3803.55536 18.870 0.042
3816.50011 18.979 0.062
3967.91837 18.866 0.037
3975.88163 18.932 0.068
3986.92030 18.947 0.115
4003.89034 18.834 0.037
4006.89335 18.743 0.044
4008.88723 18.937 0.041
4016.86159 18.773 0.050
4021.78407 18.952 0.061
4025.82094 18.923 0.042
4028.73069 18.968 0.054
4030.80226 19.079 0.051
4036.86141 18.810 0.041
4040.69729 18.826 0.049
4042.71338 18.836 0.059
4045.81297 18.925 0.067
4048.67303 18.883 0.063
4050.74943 18.966 0.050
4053.71800 18.839 0.062
4055.66863 18.982 0.081
4058.82363 18.868 0.039
4064.83601 18.827 0.031
4066.86497 18.864 0.076
4069.83803 18.941 0.041
4073.84376 18.844 0.051
4076.85693 18.944 0.061
4079.82964 18.827 0.061
4083.86420 18.854 0.084
4086.86295 19.047 0.086
4100.66660 18.881 0.053
4104.66743 18.786 0.049
4106.79348 18.980 0.054
4109.86883 18.909 0.053
4122.82513 18.878 0.038
4124.81860 18.948 0.035
4128.74823 19.017 0.059
4132.77550 18.942 0.056
4141.79069 18.895 0.043
4160.56388 18.834 0.059
4174.53429 18.821 0.050
4344.91201 18.859 0.052
4346.91525 18.787 0.053
4349.91118 19.012 0.058
4353.91369 18.887 0.070
4355.90050 18.775 0.054
4362.90607 18.803 0.102
4366.90038 18.788 0.052
4370.87465 18.885 0.055
4378.88470 18.862 0.045
4382.84184 18.968 0.065
4387.84315 18.878 0.050
4391.84879 18.863 0.043
4396.88285 18.831 0.090
4402.79891 18.860 0.064
4409.75506 18.897 0.049
4415.75276 18.848 0.060
4424.79981 18.881 0.045
4428.78603 18.881 0.060
4431.68220 19.123 0.087
4434.74015 18.923 0.038
4438.81541 18.861 0.051
4441.66381 18.859 0.045
4444.84398 18.944 0.074
4450.85382 18.758 0.056
4454.85801 18.968 0.064
4456.85042 18.925 0.044
4459.84878 18.901 0.055
4462.85470 18.810 0.047
4470.84243 18.837 0.043
4477.82974 18.824 0.062
4478.82902 18.984 0.047
4480.86922 18.908 0.062
4485.85271 18.911 0.060
4492.83647 18.828 0.061
4494.76729 18.913 0.051
4498.77468 19.094 0.051
4501.77176 18.786 0.055
4506.73658 18.879 0.068
4508.78327 18.921 0.070
4509.77179 18.962 0.047
4511.79124 18.880 0.048
4522.67043 18.806 0.066
4525.66824 18.827 0.045
4531.70222 18.825 0.037
4535.69788 18.861 0.054
4539.69781 18.825 0.042
4543.55982 18.904 0.072
4546.58353 18.896 0.071
4549.64674 19.021 0.062
4558.63781 19.029 0.048
4565.62220 18.820 0.043
4570.62862 18.884 0.066
4575.55848 18.853 0.059
4588.53314 18.956 0.065
4609.52410 18.964 0.091
4616.52057 18.820 0.069
4686.93929 18.866 0.063
4690.93773 18.911 0.128
4703.92174 18.844 0.061
4719.90528 18.942 0.050
4726.84574 18.918 0.060
4730.86813 18.951 0.043
4743.78196 18.953 0.043
4749.88367 18.813 0.037
4755.78934 18.874 0.052
4758.84614 18.805 0.037
4761.88072 19.191 0.084
4767.75931 18.822 0.043
4771.72134 18.818 0.050
4773.81358 18.733 0.050
4776.75423 18.870 0.070
4779.70880 18.817 0.051
4782.83468 18.848 0.046
4787.77628 18.948 0.091
4790.80465 19.006 0.046
4793.85677 18.875 0.055
4796.84323 18.876 0.053
4800.84876 18.814 0.038
4804.77486 19.010 0.060
4806.83199 18.799 0.042
4809.80622 18.863 0.038
4812.71563 18.823 0.071
4814.84751 18.889 0.061
4816.84236 18.890 0.052
4820.84070 18.910 0.045
4822.86040 18.830 0.052
4826.85903 18.898 0.048
4831.71862 18.776 0.044
4833.85862 18.844 0.041
4835.84410 18.869 0.036
4840.84647 18.916 0.044
4842.83856 18.868 0.068
4844.85197 18.891 0.052
4848.84109 18.886 0.054
4852.85473 18.858 0.051
4855.83618 18.819 0.053
4858.83552 18.905 0.051
4863.58384 18.798 0.035
4865.79285 18.826 0.048
4869.78643 18.946 0.055
4872.70266 18.983 0.086
4874.72529 18.818 0.072
4876.64253 18.908 0.042
4877.71215 18.797 0.045
4881.75995 18.936 0.055
4883.66181 18.966 0.048
4886.68470 18.861 0.042
4892.54974 18.954 0.062
4904.55985 18.894 0.064
4911.67508 18.860 0.052
4915.62737 18.772 0.052
4919.59901 19.044 0.047
4925.61081 18.989 0.051
4929.58378 18.814 0.064
4932.61320 18.818 0.056
4935.59113 18.902 0.063
4939.59813 18.957 0.056
4942.59206 18.872 0.049
4944.58688 18.857 0.050
4946.58631 18.761 0.042
4948.58169 18.982 0.052
4950.56751 18.955 0.075
4954.55236 18.950 0.069
4955.55749 18.888 0.062
