2166.83748 17.895 0.025
2172.88623 17.721 0.023
2189.84343 17.868 0.028
2212.79165 17.704 0.021
2217.77657 17.700 0.025
2223.79686 17.658 0.022
2226.77167 17.688 0.023
2228.81518 17.764 0.021
2232.74882 17.672 0.019
2234.74264 17.639 0.019
2238.69340 17.846 0.024
2240.82234 17.671 0.021
2242.82814 17.695 0.028
2249.76134 17.670 0.018
2251.79384 17.678 0.018
2253.75428 17.935 0.022
2256.72961 17.700 0.021
2258.67093 17.698 0.018
2261.65657 17.682 0.021
2265.75860 17.670 0.022
2271.70452 17.657 0.020
2273.67123 17.698 0.024
2275.77768 17.762 0.024
2277.77244 17.703 0.021
2279.77750 17.682 0.019
2281.79140 17.655 0.019
2283.79454 17.817 0.020
2289.72371 17.677 0.020
2291.73116 17.658 0.028
2293.70325 17.882 0.029
2295.73002 17.698 0.017
2297.72087 17.663 0.021
2299.74326 17.738 0.022
2302.59445 17.886 0.025
2317.64009 17.985 0.023
2326.55999 17.921 0.026
2338.52768 17.683 0.022
2344.52051 17.682 0.020
2354.52229 17.713 0.031
2368.50633 17.644 0.035
2401.50848 17.635 0.025
2520.91714 17.676 0.027
2521.89652 17.690 0.021
2537.84983 17.703 0.034
2539.82390 17.930 0.031
2542.81624 17.686 0.020
2545.79791 17.688 0.025
2551.86336 17.683 0.020
2555.88740 17.715 0.024
2559.79629 17.667 0.023
2563.84651 17.735 0.024
2577.83528 17.780 0.024
2580.86474 17.682 0.021
2589.77257 17.659 0.019
2594.78968 17.903 0.043
2599.83307 17.686 0.020
2609.64554 17.691 0.030
2617.80153 17.948 0.033
2620.76956 17.689 0.019
2623.71394 17.679 0.022
2627.61011 17.803 0.039
2629.63417 17.681 0.023
2631.68345 17.717 0.026
2634.67835 17.795 0.019
2637.70436 17.678 0.019
2639.81916 17.720 0.019
2641.64179 17.690 0.020
2643.65282 17.922 0.024
2645.64554 17.679 0.019
2646.67298 17.703 0.022
2650.73012 17.843 0.025
2652.72025 17.683 0.021
2654.82401 17.727 0.022
2657.74250 17.979 0.030
2659.70755 17.705 0.022
2661.80725 17.699 0.024
2665.77723 17.734 0.020
2667.81113 17.658 0.026
2671.72300 17.691 0.025
2673.68642 17.896 0.031
2675.71335 17.649 0.018
2677.74802 17.681 0.023
2679.73873 17.776 0.028
2681.75607 17.678 0.022
2686.56479 17.673 0.025
2690.64303 17.808 0.030
2695.57361 17.695 0.021
2700.52470 17.817 0.029
2712.55909 17.676 0.024
2735.48926 17.692 0.025
2884.85213 17.679 0.020
2890.81992 17.692 0.028
2895.85556 17.866 0.025
2900.81121 17.662 0.019
2906.84218 17.699 0.020
2910.87563 17.808 0.020
2915.87181 17.696 0.018
2921.87412 17.647 0.020
2925.81959 17.696 0.019
2929.86420 17.701 0.021
2933.80112 17.685 0.018
2939.80964 17.717 0.023
2942.78503 17.725 0.019
2946.80546 17.702 0.023
2948.85057 17.723 0.019
2952.78982 17.682 0.023
2955.84684 17.691 0.030
2957.77439 17.707 0.022
2961.75771 17.708 0.021
2963.81598 17.682 0.021
2966.75531 17.759 0.016
2970.76943 17.697 0.017
2974.68407 17.706 0.019
2975.80922 17.728 0.019
2979.84567 17.711 0.020
2983.75366 17.837 0.023
2986.73614 17.689 0.021
2988.70308 17.674 0.020
2990.72774 17.823 0.022
2992.72452 17.682 0.019
2994.81527 17.711 0.018
2996.69078 17.694 0.018
2998.68137 17.713 0.020
3000.69087 17.751 0.020
3002.67862 17.719 0.019
3004.67782 17.667 0.017
3006.62356 17.709 0.018
3010.69811 17.728 0.026
3012.79358 17.754 0.029
3016.71227 17.725 0.022
3018.70212 17.703 0.020
3020.77749 17.775 0.022
3022.80392 17.713 0.021
3024.75257 17.702 0.020
3026.72167 17.676 0.018
3028.75735 17.785 0.016
3030.76235 17.733 0.019
3033.68881 17.691 0.016
3035.69051 17.708 0.019
3038.67415 17.937 0.028
3041.57130 17.711 0.025
3043.60115 17.640 0.023
3045.64016 17.710 0.020
3047.59434 17.974 0.026
3049.60003 17.694 0.017
3050.57063 17.686 0.017
3052.56497 17.675 0.018
3054.56660 17.679 0.019
3056.56578 17.815 0.020
3058.55882 17.705 0.020
3060.57993 17.687 0.018
3067.64162 17.679 0.020
3069.60016 17.767 0.022
3073.51014 17.754 0.027
3075.60287 17.683 0.021
3078.52501 17.730 0.021
3081.67770 17.713 0.020
3084.58994 17.679 0.017
3087.55172 17.862 0.024
3089.65514 17.681 0.022
3092.59315 17.775 0.033
3098.59529 17.680 0.028
3101.55561 17.738 0.028
3104.52703 17.685 0.021
3110.53540 17.995 0.038
3113.51905 17.718 0.025
3125.51654 17.743 0.030
3135.48243 17.756 0.035
3229.89656 17.781 0.019
3239.91042 17.662 0.019
3247.88130 17.686 0.018
3256.85796 17.683 0.020
3268.85013 17.894 0.018
3273.80892 17.704 0.023
3276.89442 17.708 0.021
3281.80461 17.688 0.016
3289.81829 17.750 0.018
3294.81623 17.710 0.016
3296.82162 17.640 0.015
3298.85221 17.807 0.018
3301.67247 17.839 0.027
3303.84156 17.720 0.024
3306.81630 17.757 0.021
3308.83315 17.717 0.023
3310.86546 17.665 0.018
3314.83297 17.895 0.025
3329.80481 17.683 0.016
3334.70094 17.747 0.028
3338.75700 17.758 0.018
3352.64367 17.697 0.018
3355.66553 17.727 0.021
3359.72451 17.681 0.016
3363.70248 17.897 0.023
3369.76939 17.798 0.020
3372.67450 17.853 0.018
3377.70863 17.657 0.021
3386.79126 17.744 0.014
3391.58205 17.671 0.022
3395.63681 17.879 0.024
3398.69364 17.708 0.020
3403.66875 17.834 0.023
3406.60276 17.718 0.016
3410.62036 17.723 0.015
3415.59210 17.675 0.018
3421.58049 17.688 0.018
3428.57948 17.802 0.023
3436.57381 17.833 0.022
3443.51655 17.790 0.023
3452.53640 17.826 0.020
3574.92713 17.659 0.021
3588.91748 17.715 0.020
3590.91936 17.688 0.017
3614.90854 17.687 0.020
3629.80389 17.642 0.022
3634.76201 17.915 0.023
3640.75832 17.725 0.018
3644.90067 17.675 0.026
3650.81034 17.681 0.016
3653.83825 17.690 0.017
3657.78888 17.899 0.021
3661.80058 17.693 0.023
3666.79773 17.719 0.020
3671.79611 17.735 0.018
3675.81053 17.671 0.016
3683.83368 17.691 0.016
3687.69548 17.660 0.018
3689.79908 17.700 0.019
3692.71966 17.680 0.019
3694.85194 17.839 0.019
3696.67242 17.673 0.017
3699.68469 17.676 0.015
3701.73581 17.697 0.016
3704.75719 17.933 0.019
3706.75623 17.701 0.016
3711.64744 17.730 0.018
3713.66103 17.880 0.024
3716.69449 17.682 0.023
3719.67175 17.683 0.021
3725.75511 17.706 0.022
3727.70307 17.724 0.019
3730.63130 17.767 0.016
3733.62006 17.680 0.016
3734.72290 17.698 0.016
3736.74183 17.763 0.018
3738.66378 17.700 0.019
3740.69875 17.658 0.016
3743.66427 17.724 0.019
3746.73822 17.701 0.022
3748.69151 17.655 0.022
3750.58305 17.744 0.023
3752.70435 17.758 0.018
3754.69276 17.683 0.020
3758.71362 17.723 0.022
3762.67174 17.694 0.017
3765.66228 17.643 0.013
3769.73428 17.686 0.016
3772.70243 17.643 0.016
3778.67291 17.702 0.019
3781.73392 17.759 0.025
3786.55702 17.712 0.018
3791.55265 17.709 0.018
3798.55296 17.690 0.019
3805.53818 17.716 0.022
3819.51713 17.663 0.018
3938.93494 17.645 0.024
3961.91187 17.637 0.022
3968.89435 17.675 0.021
3974.87994 17.840 0.024
3981.78737 17.707 0.021
3987.91136 17.712 0.020
3995.81896 17.719 0.018
4002.81834 17.686 0.015
4004.83956 17.757 0.018
4007.77218 17.814 0.018
4011.75290 17.628 0.019
4018.79225 17.727 0.020
4023.78666 17.693 0.016
4026.70261 17.672 0.017
4028.83859 17.863 0.018
4031.72633 17.852 0.021
4037.83526 17.829 0.018
4040.80199 17.673 0.018
4042.81747 17.688 0.017
4046.69226 17.832 0.025
4048.78165 17.662 0.017
4051.77127 17.626 0.020
4053.82255 17.751 0.018
4056.64241 17.682 0.024
4059.65340 17.716 0.020
4064.67608 17.686 0.015
4067.67653 17.660 0.017
4069.66466 17.710 0.018
4072.70181 17.645 0.018
4076.77226 17.914 0.023
4079.64714 17.793 0.020
4082.66778 17.651 0.020
4084.74823 17.902 0.022
4087.66804 17.700 0.016
4093.81639 17.707 0.018
4102.62266 17.989 0.026
4104.79137 17.770 0.026
4109.65264 17.916 0.020
4113.67151 17.699 0.015
4118.57843 17.872 0.030
4120.66456 17.675 0.014
4124.69528 17.937 0.019
4127.64924 17.681 0.014
4132.62724 17.777 0.023
4142.56227 17.942 0.037
4150.53933 17.925 0.022
4154.51775 17.685 0.028
4165.54574 17.873 0.029
4183.50211 17.696 0.027
4341.84888 17.669 0.031
4345.90798 17.898 0.029
4350.88238 17.666 0.023
4355.88996 17.693 0.022
4361.85070 17.779 0.033
4364.85751 17.711 0.023
4367.76999 17.665 0.025
4370.80688 17.881 0.028
4376.84194 17.731 0.026
4379.84828 17.720 0.023
4383.85254 17.731 0.024
4388.79243 17.728 0.024
4392.84668 17.764 0.020
4398.79546 17.651 0.020
4403.73524 17.831 0.028
4410.86233 17.730 0.024
4417.75029 17.821 0.021
4421.72627 17.699 0.018
4421.78217 17.687 0.017
4425.74630 17.829 0.023
4429.71045 17.664 0.026
4431.85028 17.801 0.037
4436.71470 17.659 0.020
4439.72276 17.682 0.024
4442.70008 17.930 0.026
4448.75352 17.793 0.023
4450.76040 17.684 0.024
4453.73604 17.667 0.018
4456.74940 17.865 0.028
4458.69703 17.869 0.025
4461.64710 17.693 0.018
4465.66793 17.800 0.018
4468.69869 17.691 0.016
4473.63501 17.737 0.020
4477.72255 17.658 0.019
4479.74417 17.728 0.018
4483.70407 17.671 0.022
4486.70251 17.684 0.025
4490.70075 17.666 0.022
4493.77158 17.668 0.027
4498.63551 17.771 0.020
4501.62863 17.681 0.019
4505.59917 17.903 0.028
4508.57668 17.675 0.020
4510.65490 17.746 0.020
4516.53559 17.748 0.031
4520.62560 17.822 0.030
4523.60915 17.666 0.021
4530.55256 17.926 0.033
4532.54627 17.719 0.026
4535.60374 17.717 0.025
4538.62430 17.692 0.025
4540.59362 17.692 0.025
4544.55953 17.721 0.025
4546.61151 17.701 0.030
4559.54016 17.648 0.026
4566.56254 17.694 0.021
4574.52097 17.645 0.024
4591.48450 17.677 0.025
4681.91261 17.701 0.020
4691.87813 17.694 0.024
4704.90887 17.718 0.026
4717.87467 17.724 0.016
4722.89427 17.682 0.017
4726.83514 17.816 0.023
4730.85704 17.663 0.018
4747.82818 17.685 0.018
4752.80705 17.703 0.023
4756.79890 17.699 0.022
4759.84601 17.665 0.017
4762.80574 17.697 0.018
4768.78376 17.713 0.020
4771.82564 17.712 0.020
4774.80639 17.848 0.023
4776.86007 17.711 0.023
4780.79310 17.732 0.027
4783.79099 17.696 0.019
4788.71754 17.701 0.022
4791.69395 17.925 0.021
4794.66376 17.696 0.018
4797.68105 17.721 0.021
4800.72713 17.687 0.017
4802.75881 17.748 0.020
4805.72820 17.730 0.018
4807.69078 17.839 0.027
4809.68355 17.665 0.020
4812.67115 17.674 0.025
4814.65915 17.796 0.027
4816.66082 17.701 0.021
4818.68294 17.692 0.019
4820.68989 17.697 0.017
4823.70303 17.710 0.020
4825.78230 17.683 0.023
4831.82424 17.724 0.023
4834.75745 17.637 0.023
4836.75981 17.891 0.022
4838.71038 17.755 0.021
4841.72699 17.680 0.021
4843.72627 17.717 0.025
4846.69221 17.780 0.021
4848.71810 17.666 0.019
4850.71020 17.682 0.020
4852.70440 17.781 0.021
4854.70777 17.717 0.021
4856.70395 17.664 0.023
4865.72321 17.702 0.022
4867.65947 17.692 0.019
4870.64496 17.781 0.024
4873.66743 17.659 0.021
4875.62543 17.723 0.023
4877.65078 17.961 0.022
4879.57924 17.741 0.020
4882.67236 17.693 0.021
4884.52218 17.729 0.027
4884.60990 17.733 0.021
4884.65813 17.825 0.028
4885.52304 17.685 0.024
4885.61472 17.872 0.021
4885.65517 17.884 0.024
4886.52185 17.786 0.021
4886.61977 17.783 0.021
4886.66446 17.694 0.018
4886.69604 17.717 0.020
4887.52144 17.911 0.023
4887.58855 17.716 0.016
4887.64625 17.666 0.018
4887.65382 17.669 0.015
4888.51857 17.733 0.025
4888.59044 17.708 0.016
4888.63437 17.620 0.017
4889.52339 17.728 0.025
4889.58817 17.699 0.020
4889.65377 17.666 0.021
4890.51627 17.723 0.022
4890.62455 17.659 0.018
4890.66511 17.655 0.019
4891.53292 17.660 0.021
4891.59398 17.704 0.020
4891.65407 17.689 0.018
4892.52085 17.677 0.021
4892.59306 17.687 0.020
4892.66164 17.896 0.023
4893.53533 17.719 0.022
4893.59979 17.893 0.027
4894.55377 17.931 0.024
4894.61881 17.766 0.023
4894.65032 17.708 0.021
4895.51920 17.875 0.027
4895.60235 17.692 0.020
4895.66405 17.680 0.021
4896.50765 17.691 0.018
4896.57507 17.686 0.018
4897.50946 17.685 0.023
4897.56614 17.721 0.023
4897.61463 17.682 0.022
4898.53129 17.669 0.024
4898.58348 17.645 0.022
4899.51011 17.675 0.024
4899.60640 17.685 0.023
4900.50894 17.698 0.027
4900.55003 17.667 0.025
4900.59417 17.761 0.024
4901.51150 17.705 0.033
4901.64944 17.723 0.034
4902.55457 17.787 0.035
4903.50684 17.877 0.031
4904.51543 17.665 0.026
4904.57109 17.712 0.026
4904.64520 17.652 0.025
4905.50033 17.700 0.030
4907.56199 17.668 0.025
4908.49878 17.697 0.023
4908.59700 17.786 0.023
4909.59620 17.866 0.023
4911.55889 17.676 0.024
4913.49803 17.666 0.025
4914.55151 17.692 0.024
4916.50936 17.675 0.021
4916.54198 17.690 0.020
4917.49430 17.674 0.022
4918.49430 17.920 0.028
4919.49373 17.859 0.023
4920.53251 17.670 0.022
4920.57286 17.673 0.020
4921.49205 17.663 0.022
4924.49084 17.693 0.022
4925.48946 17.666 0.023
4926.52968 17.841 0.036
4928.51671 17.670 0.023
4931.51201 17.752 0.028
4931.56649 17.668 0.027
4934.48890 17.929 0.027
4935.53317 17.712 0.022
4937.48366 17.679 0.017
4939.54012 17.697 0.021
4940.49709 17.695 0.019
4943.47743 17.707 0.024
4946.49959 17.711 0.025
4948.51663 17.748 0.026
4949.49193 17.852 0.022
4955.49984 17.723 0.022
