2187.82451 18.216 0.036
2194.79015 18.335 0.035
2206.79858 18.191 0.039
2215.84381 18.213 0.033
2222.84179 18.188 0.035
2225.72480 18.196 0.032
2227.79930 18.361 0.032
2229.80523 18.170 0.035
2231.77363 18.187 0.033
2233.74174 18.178 0.029
2237.66134 18.140 0.035
2239.72215 18.163 0.029
2241.83054 18.250 0.030
2244.69355 18.167 0.035
2249.80584 18.196 0.030
2251.65832 18.157 0.030
2253.82464 18.278 0.032
2257.84268 18.179 0.023
2260.82957 18.257 0.033
2262.78413 18.200 0.027
2265.82846 18.134 0.029
2266.71282 18.328 0.035
2270.74443 18.209 0.029
2272.76643 18.167 0.033
2274.82171 18.218 0.041
2276.66013 18.211 0.042
2279.65116 18.451 0.030
2281.82640 18.176 0.026
2283.67059 18.155 0.026
2288.82633 18.150 0.030
2290.83447 18.205 0.038
2292.84269 18.136 0.038
2294.81080 18.157 0.045
2298.84746 18.111 0.036
2301.78648 18.144 0.042
2303.77767 18.243 0.045
2315.76149 18.160 0.030
2329.52122 18.183 0.050
2335.53809 18.141 0.039
2341.53692 18.237 0.033
2349.49599 18.229 0.047
2391.55786 18.195 0.045
2548.87472 18.130 0.036
2553.83837 18.256 0.039
2558.75874 18.318 0.038
2562.77025 18.134 0.032
2566.80659 18.149 0.062
2576.78895 18.216 0.038
2579.78767 18.201 0.030
2586.82376 18.209 0.030
2591.79445 18.365 0.033
2598.77171 18.143 0.032
2606.80090 18.149 0.027
2610.69870 18.147 0.039
2615.73529 18.177 0.029
2619.74163 18.187 0.026
2622.69424 18.188 0.035
2625.67896 18.157 0.030
2628.67183 18.203 0.035
2630.68285 18.345 0.035
2632.83033 18.159 0.030
2636.78025 18.200 0.030
2639.69660 18.213 0.027
2642.77436 18.224 0.036
2644.76986 18.200 0.029
2646.75836 18.203 0.030
2649.77630 18.175 0.029
2651.80107 18.177 0.026
2653.82880 18.261 0.039
2655.85445 18.206 0.033
2658.73138 18.173 0.048
2660.79272 18.412 0.041
2662.79088 18.176 0.032
2664.78254 18.258 0.050
2667.58769 18.220 0.030
2672.63359 18.150 0.033
2675.77217 18.164 0.023
2677.80736 18.114 0.045
2679.82589 18.264 0.044
2683.63970 18.254 0.038
2688.61888 18.200 0.032
2693.61350 18.191 0.024
2697.59648 18.209 0.033
2703.50456 18.280 0.057
2709.54912 18.178 0.032
2727.49831 18.175 0.038
2877.86275 18.199 0.033
2885.91653 18.190 0.030
2894.86627 18.198 0.032
2899.86799 18.179 0.029
2905.77567 18.237 0.038
2908.83418 18.208 0.033
2912.85708 18.209 0.026
2917.87304 18.200 0.027
2923.87535 18.198 0.033
2927.77720 18.178 0.038
2931.85602 18.180 0.030
2935.74953 18.182 0.035
2941.70996 18.188 0.029
2944.74101 18.177 0.033
2948.70429 18.213 0.036
2951.75966 18.199 0.033
2954.82688 18.195 0.039
2956.87055 18.333 0.066
2957.77901 18.174 0.036
2964.75013 18.208 0.042
2966.82934 18.170 0.021
2968.79048 18.214 0.027
2971.73886 18.190 0.029
2975.68072 18.231 0.035
2977.80206 18.245 0.032
2979.72115 18.206 0.029
2980.84467 18.188 0.038
2981.71081 18.182 0.060
2983.84265 18.190 0.032
2985.75443 18.187 0.026
2987.79722 18.197 0.036
2989.73796 18.201 0.024
2991.81062 18.221 0.029
2992.79916 18.183 0.027
2994.82317 18.226 0.027
2997.83268 18.181 0.029
2999.81321 18.261 0.047
3001.81264 18.346 0.030
3003.78106 18.236 0.030
3005.74240 18.183 0.027
3007.76482 18.191 0.026
3009.75874 18.171 0.027
3011.81328 18.264 0.041
3013.78470 18.198 0.032
3016.80655 18.206 0.030
3017.79221 18.226 0.032
3019.74593 18.203 0.027
3020.86974 18.146 0.042
3023.78480 18.176 0.027
3025.78773 18.176 0.021
3027.80840 18.172 0.033
3029.79108 18.187 0.030
3032.63982 18.187 0.029
3034.72188 18.262 0.026
3036.71792 18.165 0.027
3039.65986 18.198 0.033
3041.74936 18.201 0.038
3043.69553 18.200 0.038
3045.75816 18.178 0.035
3046.69336 18.123 0.033
3047.73736 18.487 0.036
3048.72629 18.207 0.027
3050.72344 18.302 0.029
3052.71952 18.208 0.023
3054.72571 18.177 0.030
3057.67890 18.205 0.024
3059.65238 18.179 0.024
3062.55435 18.196 0.032
3066.64307 18.250 0.029
3069.63838 18.172 0.026
3071.57154 18.158 0.038
3074.58483 18.217 0.032
3076.68903 18.201 0.030
3079.68931 18.193 0.026
3083.55937 18.162 0.035
3085.65731 18.191 0.030
3088.61515 18.213 0.030
3091.61905 18.212 0.030
3097.54312 18.282 0.038
3100.58061 18.179 0.036
3103.59085 18.190 0.039
3106.61748 18.159 0.033
3109.60067 18.367 0.036
3110.57501 18.252 0.039
3114.53355 18.275 0.033
3125.52464 18.366 0.048
3132.50403 18.283 0.051
3224.91230 18.226 0.035
3244.88652 18.227 0.036
3245.91721 18.159 0.033
3250.84755 18.191 0.027
3260.89946 18.228 0.030
3265.89747 18.219 0.029
3271.88959 18.200 0.029
3274.89269 18.267 0.036
3279.84624 18.223 0.032
3283.70786 18.311 0.026
3295.85550 18.196 0.021
3300.71120 18.272 0.033
3302.73362 18.312 0.042
3305.81710 18.203 0.027
3307.84195 18.134 0.039
3310.65967 18.212 0.036
3310.66841 18.175 0.035
3315.75984 18.182 0.027
3321.77920 18.173 0.024
3324.76945 18.210 0.035
3329.61929 18.318 0.036
3335.66507 18.234 0.053
3340.71072 18.189 0.027
3350.84095 18.202 0.021
3352.85178 18.173 0.023
3356.84037 18.219 0.023
3359.73280 18.198 0.023
3366.77316 18.256 0.035
3375.81084 18.346 0.032
3378.82361 18.210 0.030
3384.74174 18.172 0.026
3388.76335 18.134 0.029
3394.76146 18.206 0.032
3402.79271 18.301 0.030
3405.53727 18.181 0.027
3410.65368 18.183 0.023
3416.56061 18.169 0.032
3425.52676 18.258 0.036
3432.55649 18.237 0.023
3438.51551 18.223 0.030
3448.54726 18.269 0.036
3458.51663 18.167 0.030
3607.91474 18.168 0.024
3625.86857 18.201 0.035
3630.86543 18.178 0.035
3637.81645 18.162 0.032
3640.86644 18.160 0.027
3652.77069 18.232 0.030
3655.81013 18.223 0.024
3659.79391 18.252 0.036
3660.87674 18.183 0.033
3663.75729 18.202 0.032
3670.83415 18.209 0.030
3673.73030 18.175 0.029
3681.79806 18.253 0.032
3685.85733 18.205 0.026
3688.78922 18.213 0.026
3690.85031 18.222 0.039
3693.85786 18.176 0.030
3696.79443 18.178 0.024
3699.80720 18.163 0.021
3701.86226 18.238 0.038
3704.76488 18.173 0.023
3706.83863 18.114 0.024
3711.82721 18.181 0.023
3713.85780 18.236 0.038
3717.77809 18.199 0.030
3722.83326 18.217 0.030
3726.78521 18.285 0.030
3730.78392 18.163 0.026
3733.74956 18.222 0.023
3735.79250 18.193 0.024
3738.76529 18.166 0.027
3740.82885 18.191 0.033
3743.78873 18.225 0.029
3747.59537 18.135 0.032
3749.81542 18.230 0.047
3751.83068 18.217 0.045
3753.79468 18.205 0.030
3755.80751 18.161 0.032
3758.78945 18.225 0.044
3761.80435 18.263 0.029
3764.75583 18.196 0.024
3766.77591 18.231 0.038
3771.68526 18.181 0.024
3774.67672 18.168 0.027
3777.63635 18.228 0.027
3780.64536 18.202 0.035
3784.56936 18.230 0.035
3789.53554 18.187 0.026
3795.53763 18.154 0.030
3802.53594 18.197 0.032
3813.50860 18.238 0.033
3831.48464 18.217 0.036
3959.90892 18.225 0.042
3966.84305 18.220 0.030
3973.85237 18.139 0.030
3982.89912 18.208 0.030
3990.84371 18.206 0.029
4002.88184 18.437 0.027
4003.78855 18.195 0.023
4006.83805 18.167 0.026
4008.85885 18.202 0.024
4013.87097 18.198 0.033
4019.88784 18.258 0.030
4024.86529 18.192 0.027
4027.76966 18.281 0.032
4029.88192 18.267 0.053
4036.75885 18.224 0.023
4039.74694 18.233 0.030
4041.82072 18.218 0.027
4045.72744 18.194 0.047
4047.70371 18.229 0.042
4050.66126 18.175 0.027
4052.85030 18.205 0.024
4057.76241 18.183 0.030
4060.70180 18.241 0.026
4065.78589 18.234 0.024
4068.75595 18.201 0.020
4070.80166 18.219 0.027
4074.85691 18.471 0.044
4078.80834 18.133 0.027
4082.73933 18.184 0.029
4084.80943 18.453 0.041
4086.83458 18.224 0.036
4096.66917 18.233 0.029
4103.83341 18.207 0.036
4106.68027 18.265 0.033
4112.83692 18.295 0.036
4120.80400 18.480 0.029
4124.78977 18.193 0.021
4128.66781 18.204 0.030
4141.70580 18.183 0.027
4158.54454 18.201 0.032
4170.50312 18.191 0.039
4343.90544 18.190 0.033
4348.90661 18.220 0.032
4354.83462 18.205 0.036
4361.86196 18.217 0.044
4365.85560 18.182 0.041
4369.82706 18.203 0.042
4372.81507 18.209 0.030
4378.79870 18.169 0.027
4382.75613 18.221 0.033
4387.75804 18.153 0.024
4391.75945 18.179 0.030
4396.79590 18.184 0.033
4400.80392 18.173 0.044
4408.81550 18.217 0.038
4415.82523 18.181 0.027
4423.84529 18.192 0.033
4428.70034 18.340 0.047
4430.81307 18.157 0.032
4433.84407 18.227 0.035
4437.77160 18.168 0.039
4440.77664 18.188 0.030
4444.72173 18.208 0.041
4449.83631 18.180 0.032
4452.79877 18.169 0.033
4455.81365 18.126 0.026
4458.82085 18.338 0.035
4462.82630 18.214 0.033
4465.83787 18.156 0.030
4467.80288 18.200 0.026
4472.75100 18.176 0.023
4479.78579 18.156 0.026
4483.84777 18.184 0.035
4487.84391 18.190 0.045
4493.60422 18.146 0.030
4497.80556 18.254 0.035
4500.67848 18.228 0.027
4502.78815 18.158 0.044
4506.74761 18.220 0.045
4508.70238 18.180 0.032
4510.74561 18.245 0.033
4519.71271 18.155 0.035
4522.57495 18.210 0.035
4524.68387 18.212 0.032
4525.72502 18.195 0.027
4531.64520 18.183 0.024
4534.67475 18.187 0.027
4536.67580 18.229 0.030
4539.60911 18.181 0.030
4542.61213 18.179 0.033
4545.65262 18.166 0.033
4551.57199 18.178 0.030
4560.56299 18.182 0.032
4568.58241 18.232 0.033
4576.48133 18.131 0.045
4591.49226 18.186 0.035
4686.91048 18.154 0.023
4700.87853 18.206 0.032
4709.88067 18.137 0.030
4721.84385 18.212 0.032
4725.86501 18.179 0.030
4729.84947 18.148 0.026
4740.86344 18.270 0.035
4741.77741 18.217 0.024
4743.86887 18.234 0.030
4747.77265 18.198 0.026
4748.78957 18.187 0.027
4749.79790 18.244 0.032
4754.82648 18.145 0.044
4758.76100 18.189 0.030
4761.79574 18.174 0.027
4766.82883 18.202 0.030
4769.83557 18.185 0.030
4772.87195 18.265 0.044
4776.66873 18.232 0.053
4778.75708 18.150 0.032
4782.74925 18.225 0.027
4786.80020 18.449 0.038
4789.73361 18.311 0.030
4790.67216 18.181 0.026
4790.85097 18.185 0.024
4791.67059 18.174 0.024
4791.84914 18.168 0.026
4792.66420 18.191 0.035
4793.75466 18.197 0.032
4795.83476 18.240 0.029
4796.85457 18.428 0.042
4799.78832 18.494 0.039
4801.72093 18.184 0.023
4804.68949 18.221 0.036
4806.74248 18.175 0.029
4808.82256 18.226 0.030
4811.66175 18.258 0.038
4813.84522 18.228 0.047
4814.85874 18.191 0.045
4815.82930 18.152 0.036
4817.83237 18.215 0.030
4819.84167 18.302 0.032
4820.81212 18.219 0.026
4822.80364 18.480 0.029
4824.83326 18.187 0.030
4831.68995 18.207 0.026
4833.87005 18.258 0.062
4835.81556 18.243 0.027
4837.80216 18.214 0.045
4838.68042 18.295 0.030
4838.81580 18.237 0.024
4839.66497 18.221 0.032
4839.83730 18.210 0.026
4840.66726 18.267 0.035
4840.83563 18.243 0.030
4841.85016 18.240 0.038
4842.78154 18.259 0.044
4846.83625 18.168 0.027
4850.81320 18.125 0.027
4853.82760 18.191 0.029
4862.62405 18.183 0.021
4865.76436 18.273 0.045
4868.77413 18.324 0.032
4870.74678 18.179 0.044
4874.69681 18.240 0.038
4876.71020 18.203 0.030
4877.75119 18.201 0.029
4882.74607 18.218 0.039
4883.57311 18.214 0.029
4886.56606 18.203 0.032
4890.64019 18.159 0.026
4901.55267 18.207 0.042
4904.61995 18.252 0.041
4915.59873 18.199 0.033
4920.63459 18.461 0.036
4927.58999 18.144 0.044
4931.50084 18.256 0.042
4931.59729 18.152 0.044
4933.49088 18.293 0.033
4934.47783 18.240 0.036
4934.56091 18.229 0.038
4935.47476 18.220 0.041
4936.47326 18.306 0.039
4938.54882 18.206 0.041
4941.53839 18.188 0.030
4945.55525 18.162 0.027
4949.55342 18.291 0.029
4955.53049 18.193 0.030
