2166.88503 19.386 0.078
2167.82311 19.221 0.067
2173.80483 19.440 0.074
2189.87690 19.330 0.087
2192.78047 19.488 0.069
2201.79316 19.280 0.050
2212.82484 19.261 0.077
2217.80976 19.311 0.088
2223.82962 19.222 0.066
2226.80961 19.192 0.067
2228.84663 19.396 0.080
2232.77993 19.318 0.080
2234.77410 19.193 0.056
2240.85397 19.326 0.095
2242.85990 19.315 0.113
2248.74207 19.248 0.057
2251.70942 19.263 0.064
2253.79351 19.216 0.056
2255.66846 19.264 0.075
2261.68872 19.186 0.062
2269.80315 19.300 0.077
2271.74571 19.307 0.064
2273.83562 19.759 0.134
2274.61822 19.203 0.092
2276.69164 19.434 0.088
2278.62592 19.213 0.064
2280.61181 19.158 0.070
2282.63267 19.370 0.085
2291.77441 19.198 0.081
2293.74019 19.005 0.066
2295.76207 19.227 0.060
2297.75534 19.107 0.067
2299.78452 19.336 0.080
2301.69002 19.366 0.102
2303.68620 19.364 0.107
2327.51416 19.082 0.095
2332.54705 19.297 0.102
2333.51112 19.334 0.123
2339.49924 19.290 0.184
2347.49393 19.088 0.119
2402.48771 19.293 0.109
2524.88364 19.126 0.077
2537.88363 19.230 0.102
2551.89685 19.346 0.107
2556.78659 19.271 0.070
2559.83479 19.220 0.073
2563.88005 19.520 0.113
2564.80276 19.144 0.063
2577.86943 19.537 0.107
2583.76525 19.223 0.073
2589.80703 19.221 0.060
2596.69532 19.145 0.107
2605.69656 19.581 0.096
2609.68731 19.426 0.109
2614.61987 19.497 0.082
2618.67994 19.295 0.070
2620.80794 19.209 0.055
2623.77882 19.305 0.071
2627.64433 19.380 0.130
2629.66784 19.217 0.063
2631.68780 19.286 0.081
2634.71515 19.301 0.069
2635.58802 19.174 0.053
2637.78707 19.272 0.078
2639.61295 19.234 0.055
2641.67771 19.229 0.064
2643.68648 19.306 0.080
2645.67663 19.265 0.057
2647.63435 19.232 0.073
2650.84900 19.244 0.069
2653.61592 19.288 0.073
2655.72475 19.280 0.081
2657.58189 19.221 0.073
2659.59688 19.277 0.077
2661.81484 19.138 0.078
2665.83384 19.279 0.114
2668.58291 19.259 0.074
2670.58893 19.317 0.081
2672.57477 19.281 0.101
2674.59689 19.299 0.069
2676.58335 19.300 0.062
2678.65060 19.245 0.062
2680.58133 19.233 0.074
2682.62992 19.254 0.084
2686.62447 19.189 0.084
2695.60679 19.159 0.080
2700.55996 19.228 0.077
2706.57968 19.294 0.101
2713.54361 19.410 0.116
2840.92233 19.251 0.092
2868.86213 19.293 0.080
2885.82715 19.273 0.057
2892.85677 19.158 0.082
2897.82613 19.281 0.110
2903.87190 19.289 0.060
2906.87507 19.210 0.053
2911.75493 19.206 0.056
2916.79899 19.242 0.059
2922.78892 19.210 0.098
2925.87743 19.180 0.069
2930.79003 19.266 0.071
2933.83438 19.497 0.070
2939.84275 19.276 0.077
2944.83676 19.277 0.070
2946.83868 19.150 0.059
2948.85512 19.255 0.064
2952.82919 19.423 0.078
2956.66850 19.378 0.071
2958.69520 19.174 0.069
2962.70608 19.227 0.060
2965.72517 19.174 0.056
2967.82399 19.213 0.052
2970.79008 19.182 0.046
2974.72786 19.271 0.060
2976.76261 19.238 0.057
2978.72639 19.285 0.075
2980.68269 19.568 0.095
2982.64215 19.291 0.092
2984.68315 19.153 0.060
2986.77079 19.199 0.063
2988.74007 19.298 0.073
2990.61228 19.155 0.063
2992.76165 19.270 0.057
2994.60906 19.611 0.101
2995.61861 19.210 0.044
2997.62761 19.214 0.052
2999.74578 19.362 0.069
3001.71483 19.277 0.066
3003.68106 19.167 0.070
3005.68243 19.216 0.087
3007.68886 19.396 0.092
3009.69218 19.307 0.066
3011.66520 19.401 0.089
3013.66845 19.497 0.085
3019.60646 19.175 0.055
3021.72558 19.215 0.053
3022.83731 19.185 0.064
3026.78307 19.294 0.055
3028.79528 19.330 0.062
3031.65879 19.192 0.049
3033.72273 19.218 0.045
3035.72908 19.168 0.053
3038.70747 19.190 0.063
3041.57560 19.227 0.081
3043.61102 19.059 0.070
3045.64462 19.191 0.066
3047.59871 19.225 0.066
3049.60434 19.301 0.055
3051.57162 19.387 0.070
3053.56673 19.287 0.066
3055.56586 19.293 0.066
3057.59069 19.256 0.063
3060.61315 19.242 0.060
3064.61746 19.296 0.077
3067.67448 19.231 0.070
3070.52283 19.365 0.101
3073.58946 19.240 0.089
3075.63870 19.372 0.082
3078.55876 19.280 0.087
3082.54815 19.245 0.074
3084.62422 19.302 0.053
3087.58673 19.325 0.078
3090.54275 18.995 0.074
3093.54918 19.238 0.110
3099.48460 19.291 0.078
3102.51115 19.319 0.087
3105.55069 19.012 0.071
3108.52910 19.110 0.066
3112.49927 19.327 0.087
3116.48775 19.245 0.092
3126.49345 19.285 0.064
3144.50876 19.295 0.094
3247.91394 19.220 0.064
3256.89248 19.254 0.066
3263.86744 19.233 0.045
3268.88297 19.322 0.050
3273.85607 19.167 0.064
3281.83762 19.212 0.044
3287.69918 19.115 0.063
3289.85134 19.252 0.066
3296.85460 19.197 0.052
3301.70562 19.389 0.098
3303.87459 19.300 0.082
3306.84925 19.276 0.073
3308.86607 19.414 0.081
3311.67643 19.264 0.073
3320.71917 19.269 0.060
3327.68826 19.278 0.063
3329.83883 19.306 0.057
3334.74477 19.154 0.075
3338.79491 19.180 0.055
3349.86064 19.054 0.063
3350.62121 19.542 0.074
3354.62694 19.194 0.078
3358.68041 19.273 0.056
3361.78066 19.250 0.057
3363.73563 19.299 0.067
3367.68938 19.349 0.074
3372.70790 19.312 0.056
3378.62055 19.199 0.064
3382.59877 19.189 0.077
3391.68345 19.264 0.067
3395.67951 19.323 0.078
3399.65297 19.237 0.073
3402.67245 19.248 0.053
3404.60302 19.247 0.060
3408.55360 19.283 0.064
3412.59911 19.158 0.057
3416.58256 19.168 0.053
3424.58562 19.209 0.082
3430.55994 19.075 0.055
3436.57803 19.157 0.060
3445.49831 19.359 0.107
3453.52462 19.252 0.067
3462.49983 19.314 0.081
3589.91313 19.239 0.055
3617.89864 19.604 0.099
3634.80377 19.087 0.064
3639.85664 19.280 0.046
3650.84295 19.357 0.056
3683.84077 19.209 0.052
3689.83191 19.362 0.067
3694.77276 19.218 0.055
3696.71520 19.286 0.062
3699.71778 19.259 0.055
3701.76889 19.287 0.055
3703.85603 19.322 0.064
3706.80663 19.192 0.055
3711.68034 19.320 0.066
3713.69399 19.254 0.056
3716.79317 19.221 0.062
3719.77408 19.206 0.088
3725.76575 19.393 0.087
3727.74054 19.258 0.066
3730.63580 19.483 0.055
3732.66034 19.225 0.053
3734.75832 19.177 0.045
3736.77467 19.251 0.060
3737.66329 19.218 0.048
3739.76232 19.273 0.052
3742.58522 19.347 0.096
3745.69671 19.376 0.057
3747.72628 19.375 0.120
3749.60914 19.440 0.117
3751.71328 19.263 0.063
3753.58482 19.120 0.071
3755.62239 19.102 0.070
3757.65526 19.082 0.056
3759.71947 19.402 0.067
3762.70776 19.227 0.059
3765.72633 19.192 0.037
3770.56782 19.362 0.066
3773.57518 19.323 0.069
3776.57425 19.217 0.060
3779.56423 19.176 0.077
3782.61394 19.247 0.064
3787.53880 19.200 0.060
3791.58602 19.370 0.066
3799.51055 19.170 0.082
3806.51551 19.225 0.102
3820.51837 19.341 0.078
3945.91296 19.349 0.063
3963.88950 19.020 0.082
3969.83681 19.198 0.067
3975.88982 19.292 0.077
3981.81910 19.229 0.078
3988.91295 19.227 0.080
3995.86955 19.144 0.059
4001.82274 19.361 0.062
4007.80466 19.334 0.067
4018.79629 19.286 0.074
4023.82841 19.201 0.059
4026.73482 19.198 0.053
4037.86787 19.329 0.062
4040.83480 19.248 0.066
4046.72554 19.156 0.071
4048.81509 19.325 0.091
4052.65724 19.170 0.049
4058.63982 19.267 0.070
4063.63146 19.513 0.081
4066.63166 19.241 0.071
4069.69730 19.200 0.055
4071.62589 19.354 0.082
4076.69817 19.198 0.080
4083.62779 19.357 0.081
4085.64369 18.991 0.062
4092.81038 19.445 0.067
4098.59781 19.296 0.074
4104.82996 19.339 0.126
4106.81774 19.612 0.117
4112.68186 19.291 0.050
4121.64671 19.217 0.069
4124.72955 19.111 0.050
4129.74209 19.424 0.077
4142.60103 19.216 0.069
4150.58383 19.297 0.048
4154.59579 19.323 0.096
4166.53159 19.316 0.112
4184.52372 19.139 0.080
4196.48103 19.281 0.101
4357.86106 19.273 0.106
4363.78962 19.189 0.085
4366.84017 19.205 0.091
4369.87814 19.093 0.069
4371.90059 19.269 0.112
4372.78363 19.176 0.063
4376.87405 19.205 0.071
4379.88046 19.422 0.088
4383.88465 19.210 0.077
4386.74162 19.250 0.063
4388.87956 19.285 0.091
4393.75256 19.469 0.081
4398.82884 19.276 0.063
4411.76424 19.142 0.053
4411.82592 19.263 0.063
4418.71509 19.221 0.049
4422.81168 19.243 0.053
4425.85439 19.227 0.067
4432.67983 19.222 0.060
4436.71924 19.261 0.074
4443.65467 19.267 0.084
4448.80864 19.267 0.059
4451.64888 19.291 0.071
4455.64768 19.216 0.080
4457.70316 19.491 0.084
4464.69591 19.477 0.064
4467.68846 19.254 0.048
4471.69015 19.433 0.062
4476.65716 19.273 0.053
4480.65695 19.159 0.069
4488.65845 19.244 0.089
4493.66058 19.221 0.075
4498.63957 19.264 0.057
4501.63262 19.326 0.067
4506.57070 19.169 0.074
4508.58070 19.311 0.070
4510.65922 19.505 0.084
4516.60895 19.039 0.087
4519.66928 19.189 0.070
4521.52410 19.093 0.070
4524.50930 19.338 0.148
4530.58872 19.328 0.095
4532.61697 19.189 0.062
4537.57860 19.393 0.081
4544.58376 19.156 0.088
4547.52630 19.267 0.082
4556.54198 19.305 0.085
4561.51943 19.406 0.085
4568.47411 19.134 0.088
4575.49694 19.393 0.091
4592.49416 19.265 0.117
4600.47765 19.172 0.088
4691.90993 19.364 0.089
4719.83798 19.249 0.089
4724.78420 19.210 0.074
4727.87263 19.305 0.088
4731.90140 19.138 0.075
4747.86276 19.549 0.075
4752.82203 19.245 0.089
4760.70929 19.220 0.057
4768.81587 19.107 0.056
4775.69159 19.448 0.094
4777.70615 19.217 0.060
4781.66955 19.190 0.073
4788.75333 19.239 0.073
4791.76379 19.182 0.053
4794.73525 19.567 0.085
4797.71643 19.169 0.063
4802.79122 19.220 0.059
4804.81566 19.407 0.070
4805.83845 19.296 0.059
4807.79345 19.133 0.053
4809.83125 19.232 0.059
4812.68028 19.170 0.094
4814.69640 19.274 0.092
4816.69326 19.353 0.098
4818.74926 19.377 0.069
4820.72682 19.261 0.057
4823.75321 19.246 0.052
4835.65678 19.309 0.082
4837.71458 19.266 0.089
4840.68020 19.424 0.092
4842.66498 19.153 0.062
4844.66408 19.268 0.057
4847.73110 19.197 0.060
4849.72793 19.099 0.075
4852.73683 19.168 0.064
4854.71240 19.171 0.060
4856.70822 19.273 0.092
4867.66376 19.352 0.070
4877.60154 19.266 0.062
4884.67066 19.406 0.085
4888.55827 19.263 0.062
4919.53802 19.151 0.069
4925.54879 19.196 0.092
4929.52016 19.348 0.126
4936.51953 19.395 0.114
4938.51811 19.243 0.092
4942.53436 19.279 0.074
4949.50265 19.177 0.063
