2167.84210 18.612 0.048
2173.84945 18.611 0.039
2190.78721 18.643 0.043
2192.82172 18.716 0.048
2214.78907 18.563 0.046
2224.74585 18.566 0.036
2226.84999 18.675 0.060
2229.66192 18.538 0.043
2232.82048 18.592 0.045
2234.81490 18.572 0.033
2239.59986 18.764 0.063
2241.66140 18.588 0.051
2243.71999 18.515 0.043
2248.79660 18.576 0.035
2250.84628 18.607 0.038
2252.65163 18.620 0.041
2254.64255 18.574 0.040
2257.64643 18.736 0.041
2261.76077 18.586 0.034
2266.64408 18.568 0.045
2270.64019 18.558 0.040
2271.79100 18.541 0.031
2273.72748 18.636 0.047
2275.82790 18.619 0.044
2277.64954 18.562 0.034
2279.82189 18.602 0.042
2281.80872 18.562 0.034
2283.84294 18.644 0.033
2288.74907 18.640 0.037
2290.78746 18.584 0.037
2292.76398 18.586 0.050
2296.74943 18.458 0.050
2298.76883 18.563 0.045
2300.72186 18.641 0.059
2302.69966 18.668 0.055
2327.55888 18.575 0.045
2333.56807 18.597 0.058
2339.54453 18.621 0.061
2395.51674 18.585 0.059
2526.90888 18.547 0.037
2542.88757 18.600 0.040
2552.83892 18.628 0.047
2556.83044 18.610 0.041
2559.88101 18.627 0.045
2564.84693 18.532 0.043
2578.77042 18.554 0.046
2583.82488 18.501 0.044
2589.85777 18.544 0.039
2596.74113 18.564 0.050
2605.74414 18.594 0.038
2609.74038 18.624 0.059
2614.70651 18.583 0.043
2618.73078 18.573 0.043
2621.64019 18.535 0.031
2623.82197 18.533 0.037
2627.68528 18.603 0.057
2629.70831 18.514 0.050
2634.76299 18.540 0.037
2635.68212 18.689 0.037
2638.65320 18.578 0.037
2639.65332 18.609 0.030
2641.72112 18.597 0.039
2643.72981 18.582 0.041
2645.71734 18.610 0.036
2647.67514 18.777 0.050
2650.83682 18.624 0.036
2652.73791 18.548 0.043
2654.67274 18.574 0.048
2656.64568 18.487 0.043
2658.60869 18.532 0.052
2660.62612 18.541 0.039
2662.60897 18.665 0.044
2664.61653 18.601 0.040
2666.67473 18.607 0.031
2668.66349 18.474 0.050
2670.62961 18.486 0.044
2672.73889 18.609 0.041
2674.63727 18.548 0.042
2676.62384 18.513 0.036
2678.71152 18.672 0.046
2680.62219 18.671 0.046
2682.67330 18.575 0.051
2687.54583 18.561 0.061
2696.53896 18.595 0.054
2701.52111 18.633 0.052
2707.51852 18.631 0.054
2714.51745 18.582 0.068
2840.90657 18.641 0.056
2867.91898 18.609 0.042
2888.91302 18.522 0.034
2894.84807 18.697 0.044
2899.84965 18.580 0.039
2905.83865 18.481 0.049
2908.89970 18.563 0.047
2911.79798 18.581 0.034
2916.84818 18.532 0.032
2922.83204 18.568 0.050
2926.75945 18.612 0.037
2930.83318 18.679 0.042
2933.87759 18.545 0.044
2940.71514 18.567 0.039
2947.72904 18.582 0.043
2949.81919 18.536 0.039
2953.68594 18.578 0.044
2956.71174 18.571 0.037
2958.73804 18.524 0.042
2962.74989 18.535 0.038
2965.76931 18.573 0.033
2968.71288 18.585 0.037
2973.85293 18.534 0.037
2975.84208 18.643 0.045
2976.83737 18.567 0.043
2978.85698 18.601 0.055
2982.68907 18.547 0.043
2984.73662 18.668 0.045
2986.81922 18.545 0.047
2988.78381 18.600 0.037
2989.80697 18.546 0.043
2991.64013 18.607 0.044
2993.62755 18.531 0.031
2995.72784 18.601 0.035
2997.70612 18.630 0.041
2999.72874 18.588 0.040
3001.76499 18.630 0.039
3003.73565 18.572 0.035
3005.64092 18.515 0.041
3007.67400 18.529 0.041
3009.74028 18.601 0.044
3011.71598 18.538 0.050
3013.72044 18.621 0.047
3017.72191 18.609 0.042
3019.64987 18.548 0.043
3021.76865 18.581 0.035
3023.63044 18.585 0.033
3024.83157 18.567 0.042
3026.82826 18.547 0.027
3029.63259 18.621 0.036
3031.70257 18.643 0.037
3033.76606 18.611 0.034
3035.77311 18.519 0.031
3038.75060 18.772 0.058
3040.72125 18.574 0.050
3044.59906 18.543 0.043
3045.68806 18.515 0.045
3047.64177 18.520 0.041
3049.64749 18.732 0.035
3051.61569 18.489 0.040
3055.60914 18.577 0.041
3057.63462 18.525 0.037
3059.57848 18.643 0.033
3061.57152 18.549 0.050
3068.51288 18.605 0.051
3070.56855 18.521 0.043
3073.56925 18.566 0.057
3075.68223 18.521 0.050
3078.61422 18.564 0.045
3082.59175 18.555 0.040
3084.66878 18.577 0.033
3087.63148 18.606 0.053
3090.59487 18.638 0.046
3099.58291 18.563 0.052
3102.56167 18.435 0.046
3105.59440 18.606 0.051
3108.57235 18.563 0.043
3112.54964 18.733 0.052
3116.53102 18.513 0.043
3127.49841 18.606 0.037
3140.48705 18.538 0.044
3223.88727 18.504 0.048
3241.87350 18.563 0.051
3248.83692 18.525 0.050
3257.86477 18.546 0.036
3263.91076 18.697 0.049
3270.85373 18.613 0.041
3273.90175 18.507 0.056
3277.83778 18.541 0.038
3281.88153 18.752 0.038
3287.74260 18.636 0.032
3295.69485 18.489 0.026
3301.75536 18.478 0.044
3304.81127 18.551 0.042
3307.68612 18.445 0.055
3309.72150 18.561 0.035
3311.71936 18.576 0.034
3320.76215 18.590 0.031
3323.69696 18.585 0.040
3327.73371 18.549 0.033
3330.69256 18.616 0.047
3334.79180 18.621 0.058
3338.83828 18.551 0.037
3340.85336 18.602 0.046
3350.67179 18.509 0.027
3354.71821 18.645 0.035
3358.79979 18.586 0.028
3361.83197 18.606 0.034
3365.73437 18.543 0.041
3372.75069 18.581 0.031
3378.66340 18.498 0.032
3391.73111 18.562 0.042
3394.74267 18.595 0.041
3396.62266 18.591 0.042
3399.69990 18.552 0.039
3403.68717 18.604 0.043
3408.59659 18.657 0.037
3412.64180 18.483 0.045
3417.56923 18.614 0.043
3425.57748 18.640 0.056
3431.53918 18.650 0.037
3437.54096 18.504 0.034
3445.56090 18.656 0.039
3460.49461 18.686 0.043
3477.48933 18.671 0.051
3583.93144 18.623 0.044
3593.92968 18.489 0.042
3601.86664 18.583 0.045
3618.90071 18.560 0.035
3629.88196 18.446 0.031
3634.84854 18.615 0.036
3639.84187 18.507 0.028
3644.79665 18.571 0.032
3650.88549 18.649 0.037
3654.78641 18.599 0.033
3657.86697 18.511 0.031
3660.80143 18.548 0.044
3664.83652 18.579 0.033
3668.79446 18.582 0.043
3672.78267 18.561 0.037
3675.86234 18.589 0.033
3684.77048 18.558 0.031
3687.77612 18.471 0.033
3690.69598 18.478 0.047
3693.72995 18.486 0.034
3695.75148 18.562 0.033
3698.74425 18.584 0.042
3700.77308 18.605 0.033
3702.86072 18.638 0.038
3705.76750 18.549 0.030
3708.72607 18.611 0.046
3712.71295 18.609 0.038
3714.72330 18.577 0.032
3717.63939 18.570 0.034
3719.81657 18.527 0.040
3725.81046 18.515 0.054
3727.78288 18.516 0.036
3730.67829 18.554 0.028
3732.70303 18.618 0.031
3734.80107 18.519 0.034
3736.81733 18.609 0.037
3737.70570 18.636 0.034
3739.80479 18.608 0.031
3742.69068 18.659 0.048
3745.76633 18.596 0.035
3747.76899 18.463 0.053
3749.66076 18.689 0.060
3750.74573 18.542 0.041
3752.75643 18.574 0.041
3754.77416 18.493 0.035
3756.59767 18.581 0.035
3758.77055 18.714 0.059
3761.78296 18.564 0.029
3764.73741 18.554 0.033
3767.59723 18.670 0.042
3770.61494 18.523 0.033
3773.61777 18.641 0.044
3776.61720 18.613 0.038
3779.60676 18.542 0.051
3782.65747 18.546 0.036
3787.58245 18.690 0.037
3792.53421 18.582 0.050
3809.52346 18.551 0.056
3822.50926 18.577 0.050
3946.90560 18.588 0.044
3964.86237 18.554 0.032
3969.88648 18.515 0.036
3981.86125 18.561 0.043
3989.88827 18.579 0.039
3995.91194 18.629 0.085
4001.86497 18.664 0.033
4005.84259 18.631 0.031
4007.84679 18.561 0.035
4011.84705 18.523 0.036
4018.83862 18.569 0.034
4023.87075 18.689 0.041
4026.77922 18.597 0.027
4029.72048 18.632 0.058
4031.80082 18.585 0.031
4038.70991 18.445 0.031
4041.67106 18.586 0.042
4043.67543 18.544 0.045
4046.76752 18.534 0.046
4048.85704 18.552 0.043
4052.69997 18.549 0.031
4056.74396 18.555 0.042
4058.77708 18.576 0.028
4063.67583 18.464 0.030
4066.73310 18.630 0.034
4068.82062 18.578 0.031
4070.66307 18.564 0.036
4073.82244 18.766 0.051
4076.79057 18.569 0.046
4079.75295 18.569 0.041
4083.66974 18.586 0.047
4085.73526 18.588 0.041
4092.85371 18.539 0.035
4102.83024 18.538 0.041
4105.68915 18.510 0.037
4109.76230 18.545 0.029
4113.71803 18.677 0.030
4120.74843 18.620 0.037
4122.70488 18.578 0.029
4125.75611 18.518 0.036
4131.60945 18.640 0.031
4142.64609 18.535 0.050
4156.53278 18.607 0.041
4166.57400 18.565 0.050
4196.52349 18.477 0.053
4340.88883 18.588 0.037
4341.89938 18.576 0.047
4343.81836 18.662 0.053
4344.87322 18.568 0.042
4345.91179 18.608 0.051
4346.84073 18.522 0.053
4347.84928 18.551 0.041
4348.84243 18.528 0.035
4349.84267 18.558 0.046
4350.92002 18.499 0.060
4353.90325 18.592 0.043
4354.88699 18.582 0.048
4357.89321 18.589 0.056
4358.89322 18.563 0.043
4361.85470 18.665 0.063
4362.80921 18.504 0.045
4363.87230 18.554 0.050
4366.83629 18.558 0.052
4367.77387 18.540 0.053
4368.88753 18.565 0.058
4369.80950 18.558 0.059
4370.81063 18.568 0.048
4371.85578 18.602 0.038
4373.78127 18.573 0.036
4377.79163 18.590 0.045
4380.80812 18.546 0.039
4386.78375 18.567 0.041
4390.74574 18.718 0.046
4393.85983 18.587 0.042
4398.87111 18.574 0.047
4403.87805 18.552 0.100
4411.86956 18.523 0.059
4418.79071 18.532 0.032
4422.85678 18.598 0.043
4426.73512 18.556 0.049
4429.84110 18.640 0.069
4432.72195 18.561 0.036
4436.76134 18.577 0.042
4439.82691 18.502 0.051
4440.86315 18.438 0.108
4441.65288 18.565 0.041
4442.67487 18.531 0.047
4443.65039 18.497 0.049
4444.82951 18.618 0.061
4448.69507 18.544 0.043
4449.74257 18.557 0.038
4450.70540 18.517 0.050
4451.64044 18.553 0.038
4451.78230 18.628 0.042
4452.85345 18.528 0.045
4453.62932 18.714 0.046
4454.65323 18.578 0.044
4454.81614 18.556 0.037
4455.63979 18.609 0.043
4455.77685 18.594 0.051
4456.72045 18.540 0.044
4456.81069 18.587 0.050
4456.85814 18.561 0.049
4457.69528 18.600 0.044
4457.84503 18.533 0.048
4458.61771 18.579 0.043
4459.60194 18.545 0.042
4459.74640 18.592 0.044
4459.80854 18.615 0.050
4461.57252 18.509 0.039
4462.63270 18.618 0.049
4462.78237 18.653 0.043
4463.62613 18.587 0.037
4464.62379 18.583 0.037
4464.76580 18.603 0.046
4465.64302 18.536 0.032
4466.63614 18.535 0.038
4466.73635 18.582 0.036
4467.60362 18.527 0.048
4467.67235 18.613 0.035
4468.63641 18.579 0.031
4469.62083 18.513 0.038
4470.60860 18.659 0.043
4470.79863 18.526 0.040
4471.59865 18.662 0.034
4471.76477 18.536 0.044
4472.59938 18.557 0.031
4472.77208 18.606 0.037
4473.68604 18.545 0.036
4477.74419 18.557 0.045
4481.68174 18.505 0.036
4485.72982 18.530 0.047
4489.71331 18.682 0.068
4493.70314 18.551 0.049
4498.67964 18.658 0.043
4501.67697 18.500 0.039
4506.61091 18.546 0.044
4508.62813 18.601 0.046
4510.70133 18.574 0.044
4521.61145 18.567 0.053
4523.62728 18.635 0.046
4525.54669 18.754 0.051
4531.56873 18.564 0.043
4533.57108 18.664 0.050
4537.62112 18.573 0.044
4539.54008 18.581 0.056
4541.59235 18.448 0.052
4543.65319 18.768 0.081
4545.51145 18.806 0.060
4549.59629 18.517 0.049
4560.53892 18.614 0.049
4566.51885 18.541 0.042
4567.54397 18.499 0.045
4568.50266 18.581 0.050
4569.52841 18.305 0.050
4570.50005 18.631 0.056
4570.55554 18.665 0.052
4571.51006 18.567 0.056
4571.55908 18.603 0.070
4572.54813 18.724 0.062
4573.52241 18.466 0.048
4574.55832 18.608 0.063
4581.50983 18.775 0.065
4610.47791 18.636 0.070
4683.90181 18.627 0.041
4694.92026 18.549 0.062
4697.85843 18.522 0.055
4707.90921 18.591 0.037
4720.77449 18.556 0.045
4724.82775 18.563 0.043
4728.81527 18.556 0.043
4731.88979 18.652 0.038
4733.82497 18.604 0.037
4734.80183 18.553 0.038
4737.79847 18.568 0.037
4740.79071 18.576 0.046
4741.80909 18.625 0.037
4743.89365 18.543 0.043
4747.74034 18.649 0.042
4748.83096 18.640 0.032
4749.69875 18.594 0.049
4750.78694 18.646 0.050
4750.85109 18.590 0.039
4751.87021 18.576 0.033
4752.79931 18.599 0.050
4752.86401 18.501 0.037
4753.73832 18.528 0.054
4754.77119 18.659 0.054
4755.76583 18.564 0.041
4756.76919 18.511 0.043
4756.87336 18.536 0.038
4760.75646 18.567 0.033
4763.81522 18.619 0.048
4768.85790 18.552 0.044
4772.70421 18.578 0.040
4775.73357 18.684 0.054
4777.74835 18.649 0.044
4781.74481 18.550 0.039
4784.69841 18.522 0.061
4787.73685 18.534 0.053
4788.68127 18.547 0.043
4788.79541 18.536 0.037
4788.85046 18.564 0.036
4789.65759 18.588 0.037
4791.80588 18.564 0.033
4794.77737 18.591 0.041
4797.79658 18.601 0.042
4800.77346 18.574 0.032
4802.84049 18.717 0.043
4804.85769 18.514 0.049
4806.85382 18.596 0.047
4807.72102 18.572 0.040
4808.65385 18.509 0.039
4808.77313 18.556 0.035
4809.70160 18.586 0.053
4809.81407 18.513 0.034
4809.85942 18.565 0.050
4810.66437 18.576 0.032
4811.69792 18.532 0.056
4813.71967 18.533 0.054
4814.73850 18.606 0.050
4816.73538 18.633 0.048
4818.73458 18.618 0.037
4820.65394 18.600 0.030
4820.79421 18.663 0.041
4822.69046 18.834 0.044
4824.67936 18.519 0.036
4826.68372 18.555 0.037
4833.68166 18.535 0.035
4835.73405 18.551 0.039
4838.73866 18.535 0.037
4840.72291 18.738 0.047
4842.70689 18.588 0.040
4844.70613 18.560 0.037
4847.77312 18.710 0.051
4850.76621 18.603 0.042
4853.74268 18.558 0.043
4855.75815 18.764 0.063
4857.73628 18.609 0.043
4863.69756 18.540 0.057
4865.59777 18.590 0.037
4866.60048 18.505 0.036
4866.70532 18.520 0.040
4867.59735 18.597 0.039
4867.71696 18.645 0.038
4868.61679 18.630 0.039
4868.70133 18.643 0.045
4869.64659 18.607 0.047
4869.71869 18.608 0.038
4870.59133 18.589 0.037
4871.58135 18.631 0.047
4872.67584 18.677 0.074
4874.56901 18.602 0.040
4876.59264 18.619 0.036
4878.61750 18.617 0.034
4882.69061 18.628 0.043
4885.54881 18.605 0.043
4888.61602 18.547 0.032
4890.53617 18.591 0.035
4891.55338 18.619 0.042
4892.60465 18.515 0.037
4892.64948 18.592 0.043
4893.54708 18.655 0.044
4893.61557 18.573 0.055
4894.56626 18.614 0.051
4894.63033 18.570 0.043
4895.53902 18.684 0.065
4896.53382 18.670 0.036
4897.52145 18.490 0.043
4900.61983 18.535 0.052
4905.58492 18.522 0.065
4908.54355 18.604 0.045
4916.55994 18.517 0.042
4919.50542 18.551 0.044
4920.54508 18.562 0.044
4920.59040 18.628 0.042
4921.50344 18.537 0.037
4924.50188 18.571 0.038
4925.50053 18.584 0.047
4926.54656 18.412 0.048
4927.49274 18.580 0.053
4930.54314 18.613 0.055
4934.53994 18.512 0.048
4937.47240 18.642 0.047
4937.53167 18.542 0.038
4940.54768 18.579 0.039
4946.54128 18.545 0.047
4951.52104 18.649 0.067
