2177.77538 19.235 0.081
2187.88257 19.458 0.135
2188.82673 19.303 0.124
2194.85640 19.243 0.067
2211.76968 19.399 0.095
2221.80509 19.261 0.106
2225.81109 19.280 0.065
2228.70630 19.363 0.083
2231.83128 19.771 0.109
2233.79927 19.283 0.080
2237.72276 19.262 0.073
2240.68954 19.334 0.087
2242.68474 19.381 0.108
2244.75131 19.469 0.117
2250.68523 19.262 0.069
2252.78231 19.217 0.065
2254.84142 19.372 0.067
2256.81461 19.293 0.077
2258.75169 19.258 0.067
2262.72026 19.300 0.070
2269.68319 19.383 0.099
2271.68675 19.393 0.092
2273.69353 19.447 0.105
2278.73323 19.350 0.083
2280.69035 19.386 0.075
2282.67699 19.515 0.097
2288.65556 19.304 0.064
2290.65727 19.374 0.080
2292.67280 19.281 0.081
2294.84717 19.568 0.152
2296.65315 19.215 0.093
2298.64365 19.357 0.079
2302.61005 19.352 0.092
2304.58573 19.243 0.099
2315.72707 19.300 0.086
2324.59524 19.320 0.069
2329.58713 19.753 0.212
2330.52136 19.389 0.126
2342.52191 19.586 0.142
2356.51738 19.267 0.110
2371.50359 19.315 0.104
2392.50672 19.430 0.142
2550.84097 19.553 0.131
2554.80222 19.496 0.104
2558.82251 19.268 0.089
2562.83617 19.348 0.098
2571.77286 19.454 0.138
2576.84679 19.385 0.091
2579.86804 19.230 0.097
2588.77030 19.429 0.093
2593.75713 19.327 0.094
2598.83654 19.294 0.089
2610.79610 19.265 0.080
2615.68234 19.299 0.082
2619.81781 19.378 0.070
2622.61311 19.389 0.110
2625.76704 19.401 0.069
2628.75553 19.604 0.152
2630.76887 19.385 0.103
2631.81134 19.356 0.101
2635.75575 19.514 0.077
2637.85031 19.317 0.061
2639.75420 19.391 0.059
2642.83204 19.345 0.106
2644.83335 19.277 0.078
2646.82033 19.419 0.079
2649.84380 19.308 0.070
2652.83300 19.451 0.074
2654.86200 19.334 0.073
2656.82179 19.453 0.109
2660.85123 19.423 0.103
2662.84935 19.428 0.109
2665.62454 19.649 0.074
2668.86283 19.330 0.098
2672.69181 19.390 0.073
2675.82651 19.269 0.069
2678.59880 19.316 0.070
2684.64902 19.326 0.070
2689.60334 19.468 0.105
2694.58708 19.285 0.081
2698.55164 19.175 0.063
2704.53189 19.327 0.072
2710.54471 19.446 0.115
2729.50050 19.480 0.122
2897.91090 19.292 0.103
2902.83321 19.530 0.085
2908.78306 19.440 0.121
2915.75336 19.350 0.076
2918.87217 19.423 0.101
2924.81809 19.344 0.085
2927.84525 19.410 0.108
2932.79347 19.446 0.092
2935.81706 19.288 0.081
2941.77150 19.454 0.073
2944.80262 19.333 0.085
2948.76571 19.237 0.085
2951.83443 19.367 0.088
2955.70958 19.339 0.115
2957.84577 19.268 0.082
2964.81661 19.317 0.066
2967.73159 19.392 0.094
2971.71560 19.834 0.106
2975.72222 19.393 0.080
2977.83613 19.281 0.070
2979.69861 19.135 0.073
2981.74400 19.253 0.127
2984.82982 19.352 0.080
2985.68051 19.315 0.101
2987.85882 19.433 0.121
2988.84228 19.781 0.108
2990.82674 19.233 0.072
2992.83245 19.330 0.062
2994.85707 19.325 0.078
2996.83537 19.428 0.069
2998.84954 19.322 0.071
3000.85628 19.363 0.087
3003.81364 19.408 0.079
3005.77790 19.793 0.095
3007.79794 19.335 0.056
3008.86930 19.495 0.167
3013.86638 19.414 0.113
3017.85372 19.453 0.124
3019.80744 19.350 0.077
3021.69222 19.340 0.061
3023.84793 19.213 0.080
3025.84912 19.257 0.065
3027.86999 19.415 0.113
3030.63151 19.308 0.061
3032.70137 19.333 0.061
3034.78430 19.369 0.060
3036.81093 19.347 0.067
3040.63431 19.251 0.092
3042.77915 19.219 0.092
3044.71461 19.312 0.086
3046.75487 19.280 0.101
3049.69932 19.271 0.056
3051.69752 19.394 0.079
3053.67307 19.302 0.054
3055.69003 19.321 0.070
3057.74037 19.234 0.056
3059.73099 19.333 0.061
3066.70436 19.390 0.072
3068.68691 19.433 0.098
3071.62925 19.149 0.102
3074.65207 19.271 0.088
3077.55127 19.199 0.069
3081.54003 19.502 0.083
3083.65916 19.381 0.064
3086.61816 19.511 0.083
3089.59797 19.405 0.097
3092.61049 19.443 0.129
3097.60944 19.465 0.119
3100.64522 19.394 0.121
3104.60320 19.250 0.074
3111.57269 19.359 0.127
3114.59735 19.283 0.065
3123.54015 19.146 0.104
3129.53220 19.568 0.129
3134.55109 19.259 0.093
3245.87761 19.435 0.096
3251.85923 19.374 0.080
3261.85214 19.493 0.098
3267.82180 19.238 0.059
3272.82611 19.269 0.082
3275.77652 19.435 0.133
3280.82118 19.200 0.070
3283.77103 19.382 0.063
3288.82905 19.331 0.058
3296.75473 19.227 0.056
3298.71950 19.420 0.056
3300.77592 19.154 0.071
3302.85298 19.505 0.096
3305.87829 19.506 0.139
3308.70142 19.265 0.093
3310.72969 19.385 0.085
3315.72258 19.417 0.074
3321.85965 19.300 0.064
3324.70115 19.328 0.104
3329.68987 19.322 0.064
3335.75687 19.575 0.161
3340.77440 19.426 0.076
3351.64583 19.354 0.072
3358.85994 19.603 0.090
3360.84460 19.413 0.069
3375.84388 19.527 0.078
3380.71158 19.312 0.094
3385.76607 19.343 0.065
3389.69810 19.401 0.098
3394.82804 19.448 0.136
3396.83442 19.384 0.085
3399.83583 19.544 0.126
3403.78135 19.369 0.073
3409.65713 19.164 0.051
3414.55688 19.481 0.098
3419.61248 19.401 0.075
3427.51860 19.337 0.081
3433.53897 19.360 0.065
3439.58275 19.631 0.086
3449.53724 19.475 0.079
3459.52216 19.308 0.069
3631.82345 19.460 0.134
3638.87791 19.336 0.062
3641.88781 19.455 0.085
3652.83485 19.518 0.070
3655.87080 19.399 0.057
3659.85489 19.350 0.079
3663.82324 19.350 0.091
3671.81077 19.388 0.075
3673.85144 19.313 0.054
3681.86761 19.510 0.120
3686.75925 19.317 0.062
3688.86686 19.342 0.093
3692.82573 19.274 0.061
3694.73487 19.964 0.127
3696.85666 19.277 0.073
3700.66243 19.109 0.077
3702.73950 19.212 0.049
3704.82585 19.379 0.057
3711.80548 19.911 0.092
3714.69070 19.274 0.062
3718.81482 19.372 0.079
3724.81556 19.305 0.061
3728.85007 19.734 0.091
3731.85904 19.254 0.073
3733.81578 19.368 0.063
3735.85339 19.259 0.056
3738.82620 19.240 0.066
3741.63870 19.641 0.125
3747.61688 19.461 0.111
3749.84789 19.712 0.200
3752.80737 19.304 0.098
3753.84223 19.584 0.139
3756.84367 19.527 0.137
3760.79600 19.251 0.076
3763.80421 19.234 0.076
3768.69940 19.361 0.069
3771.74648 19.349 0.072
3774.73845 19.227 0.065
3777.72788 19.347 0.074
3780.59518 19.332 0.076
3784.63043 19.268 0.061
3789.59743 19.364 0.055
3796.53629 19.368 0.082
3803.52784 19.264 0.064
3814.52430 19.307 0.064
3966.87919 19.756 0.123
3975.85664 19.482 0.107
3986.86088 19.283 0.095
3993.90894 19.386 0.091
4003.84873 19.367 0.058
4007.87152 19.497 0.075
4009.85897 19.377 0.085
4016.76429 19.284 0.098
4021.75869 19.426 0.081
4025.79427 19.261 0.058
4028.69219 19.319 0.087
4030.77727 19.369 0.097
4036.83649 19.327 0.065
4040.67227 19.381 0.098
4042.68815 19.170 0.095
4045.78796 19.248 0.096
4048.64788 19.376 0.111
4050.72107 19.612 0.102
4053.69296 19.457 0.082
4055.64198 19.140 0.082
4057.85171 19.443 0.091
4064.81098 19.487 0.056
4066.84016 19.334 0.069
4069.81137 19.517 0.071
4070.86154 19.068 0.111
4072.84345 19.392 0.069
4076.81562 19.454 0.092
4079.80313 19.331 0.075
4082.85115 19.553 0.113
4085.84262 20.288 0.212
4096.76134 19.363 0.058
4098.81736 19.596 0.071
4104.64015 19.689 0.135
4109.84380 19.419 0.079
4117.84566 19.266 0.099
4122.80001 19.443 0.060
4125.59146 19.399 0.072
4128.79025 19.192 0.061
4141.76564 19.334 0.060
4160.52953 19.242 0.086
4174.50919 19.505 0.113
4349.86104 19.590 0.108
4354.90092 19.475 0.122
4362.87342 19.483 0.134
4366.87884 19.582 0.090
4370.84969 19.459 0.097
4378.85973 19.244 0.073
4382.81689 19.320 0.093
4387.81829 19.469 0.075
4391.82375 19.247 0.062
4396.85625 19.287 0.072
4400.86485 19.595 0.086
4409.72912 19.474 0.089
4415.77131 19.396 0.078
4424.77442 19.333 0.089
4428.76080 19.361 0.117
4431.65716 19.412 0.124
4434.71390 19.750 0.104
4438.69772 19.281 0.074
4441.77929 19.275 0.082
4444.80416 19.241 0.090
4450.83547 19.284 0.078
4454.83303 19.349 0.064
4456.82525 19.357 0.072
4459.82381 19.339 0.083
4464.83882 19.279 0.066
4467.83470 19.359 0.070
4471.79261 19.378 0.069
4479.84697 19.384 0.087
4482.86260 19.604 0.091
4488.82266 19.188 0.101
4492.81135 19.630 0.125
4494.79360 19.449 0.087
4498.75097 19.437 0.073
4501.74816 19.457 0.088
4506.71302 19.430 0.103
4508.75959 19.361 0.085
4511.76623 19.336 0.067
4519.74488 19.676 0.136
4522.64061 19.367 0.112
4525.68643 19.260 0.070
4532.59944 19.503 0.105
4536.65414 19.500 0.091
4539.67265 19.261 0.071
4542.67313 19.403 0.107
4546.55843 19.246 0.097
4551.63274 19.391 0.099
4558.61249 19.319 0.059
4565.59268 19.321 0.078
4570.60356 19.402 0.097
4579.51133 19.472 0.120
4592.53370 19.409 0.113
4616.49560 19.335 0.119
4690.89032 19.414 0.087
4701.91581 19.262 0.072
4719.86572 19.421 0.096
4725.89704 19.413 0.089
4730.80835 19.354 0.060
4741.87860 19.458 0.069
4749.85817 19.409 0.062
4755.79686 19.457 0.090
4758.82117 19.408 0.079
4761.85559 19.356 0.067
4767.73421 19.375 0.072
4771.69605 19.423 0.082
4773.78836 19.383 0.072
4776.72900 19.351 0.114
4778.84598 19.228 0.083
4782.80971 19.215 0.062
4787.75160 19.334 0.124
4790.74623 19.271 0.060
4793.83155 19.203 0.069
4796.81820 19.254 0.078
4799.84857 19.294 0.062
4801.84363 19.304 0.063
4804.74968 19.434 0.087
4806.80701 19.351 0.070
4809.78128 19.238 0.064
4812.73379 19.281 0.117
4814.82257 19.315 0.102
4816.81702 19.456 0.098
4818.84151 19.217 0.077
4821.81251 19.423 0.059
4826.80557 19.472 0.070
4832.86027 19.405 0.095
4833.83342 19.311 0.061
4836.85042 19.365 0.059
4839.76054 19.336 0.081
4842.81355 19.316 0.111
4844.82676 19.537 0.120
4847.86393 19.289 0.082
4851.86109 19.273 0.075
4854.83923 19.338 0.081
4856.85088 19.337 0.067
4862.65819 19.258 0.074
4863.77991 19.379 0.083
4868.80603 19.399 0.066
4870.77859 19.427 0.125
4873.78959 19.547 0.134
4875.77187 19.231 0.075
4876.77014 19.438 0.090
4878.75286 19.381 0.077
4883.63629 19.291 0.073
4886.64250 19.499 0.083
4891.61703 19.364 0.070
4901.58575 19.492 0.110
4908.66783 19.270 0.090
4914.61212 19.443 0.113
4915.64635 19.496 0.106
4919.61707 19.896 0.117
4924.62628 19.297 0.063
4927.62033 19.611 0.139
4929.60057 19.403 0.110
4931.62765 19.329 0.148
4934.59125 19.375 0.112
4938.57913 19.322 0.103
4943.57168 19.332 0.078
4947.57050 19.292 0.075
4951.54191 19.582 0.174
