2167.89381 19.711 0.140
2193.81645 19.519 0.084
2202.81579 19.495 0.094
2214.86348 19.437 0.124
2215.76899 19.468 0.111
2224.81711 19.508 0.097
2227.72793 19.621 0.123
2229.73370 19.754 0.141
2231.70196 19.567 0.103
2233.67022 19.892 0.134
2237.58963 19.281 0.135
2239.65063 19.500 0.115
2241.74231 19.632 0.101
2243.80731 19.693 0.127
2248.66639 19.752 0.107
2250.75440 19.681 0.144
2252.72763 19.602 0.093
2254.71868 19.649 0.090
2257.72272 19.611 0.090
2265.77702 19.489 0.101
2266.74805 19.474 0.086
2270.79366 19.571 0.084
2272.64320 19.587 0.111
2274.77055 19.975 0.194
2276.82849 19.723 0.127
2278.78534 19.832 0.168
2280.76808 19.777 0.107
2282.76531 19.563 0.081
2289.82775 19.547 0.084
2291.81379 19.417 0.091
2293.78268 19.431 0.121
2295.80656 19.948 0.120
2297.79262 19.695 0.117
2300.81764 19.833 0.201
2302.77888 19.342 0.113
2315.70265 19.614 0.104
2324.56429 19.704 0.121
2328.54993 19.749 0.154
2334.54312 19.740 0.137
2340.53977 19.661 0.125
2347.53707 19.615 0.117
2373.49226 19.408 0.142
2385.55539 19.583 0.181
2534.88796 19.416 0.117
2539.89513 19.656 0.131
2545.86324 19.694 0.135
2553.75513 19.704 0.161
2557.82317 19.767 0.148
2561.82122 19.592 0.111
2565.82358 19.670 0.142
2574.78580 19.810 0.137
2578.84219 19.681 0.113
2584.73799 20.304 0.268
2590.81471 19.581 0.110
2596.82113 19.620 0.138
2606.71766 19.745 0.114
2609.82623 19.549 0.144
2614.79301 19.630 0.137
2619.66906 19.593 0.087
2621.79703 20.037 0.167
2624.69405 19.538 0.098
2629.81236 19.547 0.120
2632.70645 19.469 0.083
2635.80699 19.679 0.151
2638.80015 19.515 0.128
2641.76834 19.640 0.105
2643.77433 19.562 0.090
2645.77028 19.489 0.091
2647.69929 19.594 0.097
2650.78079 19.551 0.111
2653.65314 19.940 0.172
2655.70618 19.491 0.094
2657.64464 19.633 0.125
2659.79844 19.380 0.152
2660.70490 19.684 0.127
2662.71468 19.522 0.110
2664.73011 19.365 0.132
2666.78396 19.619 0.093
2668.77550 20.254 0.202
2675.80256 19.362 0.081
2677.78956 19.491 0.134
2679.80820 19.544 0.147
2682.73022 19.519 0.154
2687.62960 19.468 0.135
2692.57241 19.535 0.104
2697.51878 19.309 0.100
2702.51760 19.432 0.150
2708.54636 19.506 0.124
2724.51619 19.558 0.108
2871.92310 19.429 0.090
2884.86732 19.597 0.125
2890.88933 19.449 0.154
2896.84200 19.741 0.142
2902.77665 19.668 0.093
2911.88518 19.602 0.077
2917.78872 19.597 0.098
2923.78809 19.640 0.118
2926.84399 19.554 0.100
2931.77246 19.566 0.086
2934.81289 19.519 0.087
2940.79327 19.523 0.088
2943.79746 19.576 0.098
2947.80603 19.644 0.091
2950.71998 19.385 0.093
2954.74324 19.662 0.137
2956.78879 19.444 0.086
2958.83338 19.850 0.188
2962.82762 20.056 0.131
2964.84605 19.472 0.080
2967.77657 19.711 0.120
2970.83056 19.490 0.073
2974.76858 19.671 0.091
2976.65806 19.630 0.104
2979.64149 20.072 0.179
2981.66283 19.482 0.216
2983.76964 19.576 0.104
2985.81736 19.614 0.095
2987.71611 19.561 0.108
2989.65877 19.734 0.088
2991.73102 19.708 0.104
2993.73876 19.660 0.123
2995.81398 19.653 0.094
2997.78287 19.554 0.095
2998.73041 19.453 0.086
3000.73292 19.487 0.095
3002.72028 19.603 0.101
3004.72374 19.641 0.084
3006.71666 19.490 0.074
3008.73111 19.537 0.090
3010.77757 19.737 0.159
3011.79389 19.728 0.155
3016.72753 19.705 0.103
3018.75793 19.654 0.118
3020.82169 19.496 0.093
3021.84662 19.463 0.104
3023.70761 19.703 0.100
3025.67925 19.609 0.067
3027.72469 19.592 0.078
3029.70955 19.531 0.078
3031.77988 19.895 0.154
3034.61124 19.606 0.073
3036.64160 19.741 0.098
3039.58352 19.595 0.103
3042.69103 19.656 0.132
3044.63047 19.568 0.117
3046.61643 19.537 0.105
3047.71878 19.477 0.114
3048.64989 19.618 0.090
3049.67343 19.501 0.066
3051.64276 19.496 0.098
3053.61798 19.873 0.103
3055.63502 19.483 0.098
3057.66015 19.519 0.087
3059.60480 19.642 0.083
3061.59709 19.565 0.110
3066.56666 19.671 0.167
3068.59449 19.861 0.169
3070.66486 19.562 0.212
3073.68314 19.952 0.184
3076.60687 19.945 0.204
3079.58591 19.525 0.073
3082.67517 19.522 0.076
3085.57569 19.910 0.141
3088.53594 19.762 0.145
3091.51829 19.290 0.101
3096.56735 19.604 0.138
3099.63501 19.753 0.221
3100.49492 19.622 0.157
3103.51656 19.623 0.108
3106.53783 19.513 0.095
3109.52343 19.461 0.087
3112.57526 19.584 0.132
3116.55695 19.448 0.120
3127.55410 20.021 0.148
3133.51457 19.327 0.117
3223.91288 19.952 0.205
3242.86376 19.659 0.108
3248.91771 19.700 0.132
3258.89848 19.483 0.100
3264.86473 19.605 0.076
3271.81252 20.052 0.211
3274.81650 19.826 0.184
3278.88949 19.548 0.115
3282.78169 19.445 0.088
3287.82063 19.532 0.073
3295.77841 19.653 0.073
3301.83194 19.468 0.095
3305.74093 19.504 0.088
3307.76581 19.806 0.172
3309.80223 19.573 0.078
3311.79584 19.616 0.103
3320.85927 19.579 0.097
3327.81171 19.675 0.091
3330.78777 20.177 0.189
3336.64017 19.536 0.118
3339.81866 19.527 0.111
3350.75618 19.695 0.083
3353.81239 19.554 0.086
3357.75304 19.615 0.088
3360.72979 19.595 0.077
3365.84920 19.525 0.097
3373.81327 19.285 0.111
3378.74006 19.582 0.093
3394.62320 20.353 0.278
3395.79596 19.810 0.178
3399.77693 20.008 0.205
3403.76402 19.435 0.084
3408.68719 19.605 0.086
3413.53345 19.692 0.110
3417.62735 19.634 0.117
3427.56333 19.435 0.100
3434.51518 19.833 0.125
3440.53930 19.789 0.123
3447.50851 19.962 0.188
3456.53407 19.471 0.115
3469.48894 19.669 0.123
3478.48143 19.519 0.103
3601.89190 19.572 0.117
3619.89465 19.524 0.088
3630.77603 19.578 0.162
3636.83348 19.613 0.117
3640.78340 19.522 0.083
3651.81728 19.593 0.108
3654.86348 19.688 0.087
3658.82715 19.729 0.123
3661.87290 19.905 0.168
3665.84610 19.585 0.111
3670.81571 19.560 0.108
3673.82600 19.570 0.076
3676.82616 19.847 0.103
3685.76551 19.515 0.078
3687.85223 19.464 0.077
3690.77418 19.674 0.120
3693.80984 19.975 0.140
3695.84093 19.636 0.093
3698.83056 19.969 0.140
3701.69953 19.384 0.074
3703.78331 20.019 0.125
3705.84751 19.735 0.091
3708.83524 20.218 0.224
3712.79278 19.564 0.081
3715.75846 19.724 0.101
3718.69427 19.509 0.111
3720.84406 19.554 0.117
3724.76166 19.509 0.076
3728.73970 19.723 0.093
3731.80278 19.598 0.078
3733.66553 19.526 0.070
3735.65337 19.922 0.087
3737.81189 19.593 0.061
3740.77524 20.118 0.123
3742.78580 19.387 0.125
3745.81781 19.896 0.134
3747.82054 19.435 0.144
3749.76785 19.618 0.155
3751.78169 19.466 0.108
3753.73108 19.497 0.084
3755.73117 19.643 0.113
3757.72090 19.471 0.080
3759.81120 19.423 0.078
3763.68320 19.639 0.063
3766.69980 19.605 0.100
3770.72735 19.765 0.118
3773.75860 19.491 0.091
3776.73294 19.626 0.138
3779.68371 19.704 0.164
3783.60021 19.623 0.088
3788.57439 19.657 0.084
3793.57995 19.425 0.078
3801.51572 19.484 0.090
3810.55057 19.686 0.124
3826.49142 19.774 0.137
3958.88150 19.581 0.165
3965.85132 20.010 0.113
3970.87144 19.594 0.094
3982.82223 19.735 0.125
3993.77491 19.222 0.091
3999.86642 19.853 0.123
4003.74235 19.762 0.088
4006.76350 19.666 0.080
4008.78441 19.668 0.081
4013.79602 19.747 0.138
4019.79718 19.665 0.090
4024.79025 19.713 0.100
4026.85923 19.638 0.115
4029.80359 19.927 0.125
4032.84018 19.433 0.115
4038.78624 19.589 0.104
4041.74613 19.445 0.084
4043.75117 19.512 0.107
4046.84430 19.755 0.154
4049.71442 19.672 0.091
4052.77577 19.717 0.094
4056.82105 19.551 0.084
4059.71581 19.730 0.113
4064.78346 19.533 0.066
4066.78343 19.868 0.121
4069.73650 19.541 0.087
4071.66445 19.649 0.117
4076.73667 20.117 0.189
4079.77815 19.630 0.123
4082.82607 19.473 0.091
4084.79132 19.474 0.098
4086.81634 19.945 0.155
4103.64098 20.365 0.215
4106.57279 19.938 0.179
4111.79511 19.590 0.087
4117.73573 19.619 0.105
4121.71366 19.680 0.157
4127.66433 19.500 0.074
4132.75326 19.682 0.132
4143.54049 19.502 0.084
4157.53273 19.634 0.110
4168.57350 19.554 0.083
4198.52607 19.449 0.115
4343.85899 19.835 0.164
4348.82789 19.539 0.090
4353.85926 19.659 0.114
4358.81128 19.579 0.141
4364.89765 19.511 0.118
4367.87148 19.587 0.098
4370.89316 19.776 0.140
4373.84918 19.511 0.093
4378.75260 19.612 0.128
4381.74078 19.413 0.124
4386.85866 19.500 0.104
4390.82065 19.632 0.100
4394.86724 19.609 0.088
4399.79496 19.672 0.128
4412.78237 19.783 0.120
4423.73272 19.495 0.086
4427.73480 19.665 0.101
4430.73810 19.660 0.140
4433.75565 19.684 0.117
4437.75361 19.998 0.199
4440.69785 19.809 0.132
4443.79033 19.410 0.105
4444.83318 19.738 0.178
4448.69883 19.456 0.104
4449.74629 19.944 0.137
4449.76126 20.090 0.172
4450.70919 19.538 0.128
4451.64436 19.571 0.107
4451.79687 19.609 0.124
4452.85714 19.447 0.108
4453.63323 19.447 0.107
4454.65681 19.633 0.125
4455.64357 19.613 0.115
4455.76226 19.742 0.150
4456.72431 19.453 0.103
4457.69906 19.632 0.113
4457.79348 19.620 0.152
4458.62146 19.873 0.138
4459.60572 19.766 0.137
4459.76070 19.674 0.114
4461.61908 19.776 0.105
4461.76401 19.587 0.161
4462.63643 19.705 0.142
4462.78618 19.564 0.100
4463.62998 19.706 0.097
4463.75744 19.623 0.093
4464.63233 19.503 0.081
4464.76176 19.512 0.101
4465.63922 19.622 0.083
4465.77419 19.593 0.093
4466.64882 19.830 0.124
4466.74017 19.767 0.098
4467.60771 19.765 0.158
4467.68454 19.581 0.080
4468.64028 19.662 0.084
4468.73844 19.511 0.084
4469.62461 19.638 0.101
4470.62132 19.561 0.103
4470.69399 19.544 0.095
4471.60692 19.993 0.117
4471.76879 19.441 0.107
4472.60315 19.615 0.081
4472.77579 19.690 0.094
4473.73714 19.685 0.147
4476.75810 19.732 0.105
4482.79898 19.406 0.111
4485.78930 19.525 0.124
4490.63654 19.585 0.108
4494.70260 19.744 0.150
4498.72699 19.771 0.123
4501.72433 19.661 0.140
4506.65834 19.721 0.145
4508.68520 19.724 0.134
4509.74931 19.585 0.108
4512.71884 19.610 0.111
4518.65903 19.955 0.242
4521.69958 19.703 0.135
4523.67859 20.080 0.211
4525.64320 19.655 0.115
4531.62691 19.699 0.111
4534.55580 19.531 0.125
4537.67158 19.776 0.130
4539.59085 19.569 0.118
4542.50823 19.685 0.159
4545.60557 20.195 0.215
4547.57363 19.350 0.120
4552.54818 19.528 0.157
4559.59102 19.400 0.100
4568.55919 19.531 0.121
4575.53613 19.340 0.110
4589.49838 19.553 0.175
4616.47025 19.352 0.123
4685.88894 19.817 0.131
4699.85208 19.712 0.132
4708.91143 19.616 0.105
4720.84971 19.600 0.091
4725.79023 19.523 0.108
4728.90139 19.519 0.095
4749.74722 19.505 0.101
4753.81587 19.687 0.165
4757.83015 19.545 0.107
4760.83167 19.682 0.086
4765.86501 19.362 0.115
4769.76107 19.727 0.127
4772.79316 19.657 0.101
4775.81080 19.760 0.108
4777.82430 19.465 0.090
4782.67423 19.522 0.111
4784.77425 19.830 0.144
4789.68309 19.680 0.087
4792.85959 19.569 0.145
4796.73593 19.513 0.078
4798.68324 19.539 0.108
4801.64911 19.500 0.097
4803.69470 19.684 0.115
4805.79507 19.617 0.090
4808.72958 19.704 0.115
4810.78958 19.592 0.084
4813.77041 19.469 0.138
4815.75415 19.610 0.138
4817.75166 20.045 0.142
4819.76071 19.805 0.107
4822.74053 19.887 0.100
4824.75857 19.616 0.090
4826.77144 19.739 0.094
4833.77420 19.703 0.095
4835.78475 19.567 0.091
4837.78387 19.527 0.144
4839.73520 19.708 0.115
4841.79953 19.472 0.094
4843.79933 19.402 0.124
4846.78925 19.440 0.101
4848.81914 19.570 0.111
4852.77561 19.337 0.100
4854.77695 19.772 0.123
4856.78368 19.494 0.103
4861.73873 19.684 0.124
4867.70266 19.605 0.115
4869.67168 19.695 0.134
4871.67930 19.468 0.125
4875.66524 19.617 0.110
4877.69034 19.565 0.095
4879.69705 19.956 0.168
4882.71575 19.449 0.105
4885.67761 19.607 0.097
4889.63566 19.564 0.114
4902.63393 19.658 0.172
4911.65271 19.417 0.084
4915.57188 19.690 0.138
4919.57711 19.625 0.105
4925.59034 19.656 0.103
4929.55754 19.580 0.141
4932.59268 19.741 0.165
4935.57055 19.647 0.117
4939.57740 19.666 0.104
4944.54289 19.681 0.104
4949.53650 19.420 0.076
4954.53514 19.542 0.152
