2166.90333 18.974 0.060
2173.82374 19.106 0.068
2192.79707 18.935 0.047
2201.80985 18.903 0.041
2212.84151 19.378 0.119
2223.84615 18.825 0.050
2226.82611 18.928 0.062
2229.63805 18.887 0.064
2232.79638 18.893 0.054
2234.79057 19.097 0.054
2238.76257 18.909 0.048
2241.63760 18.824 0.056
2243.69603 18.957 0.064
2248.76843 18.915 0.046
2251.72586 18.862 0.043
2253.80995 18.939 0.052
2255.68493 18.970 0.060
2261.70519 18.853 0.050
2269.81964 18.838 0.051
2271.76707 18.872 0.043
2273.85209 19.123 0.075
2274.63676 18.988 0.075
2276.74387 18.869 0.059
2278.64240 18.973 0.056
2280.64059 18.865 0.052
2282.64916 19.158 0.076
2289.78281 18.834 0.051
2291.79091 18.885 0.065
2293.75664 19.015 0.085
2295.77858 19.218 0.063
2297.77191 18.809 0.051
2299.81245 18.840 0.065
2301.70658 18.817 0.067
2303.70276 18.876 0.071
2327.53239 18.961 0.073
2332.56527 18.787 0.080
2333.52934 19.202 0.110
2339.51756 18.894 0.063
2347.51223 18.900 0.058
2402.50628 18.752 0.072
2524.90196 18.915 0.058
2542.86381 19.081 0.059
2552.81317 18.999 0.063
2556.80478 18.944 0.052
2559.85293 18.975 0.064
2564.82091 19.264 0.084
2578.74624 18.928 0.073
2583.78172 18.918 0.060
2589.82510 18.873 0.047
2596.71333 18.866 0.073
2605.71460 18.963 0.051
2609.70531 18.929 0.064
2614.64001 18.915 0.054
2618.69759 18.915 0.060
2620.82562 18.891 0.046
2623.79652 18.900 0.050
2627.66075 19.271 0.124
2629.68427 18.914 0.082
2631.70428 18.858 0.067
2634.73288 18.851 0.050
2635.60448 18.806 0.041
2637.80352 18.869 0.048
2639.62942 19.268 0.052
2641.69546 18.856 0.050
2643.70422 18.950 0.058
2645.69310 18.822 0.035
2647.65084 18.827 0.047
2651.60577 18.945 0.065
2653.63241 18.865 0.064
2655.75336 18.864 0.052
2657.59837 18.935 0.055
2659.61338 18.958 0.064
2661.83138 18.978 0.080
2663.84544 18.942 0.093
2665.85136 18.898 0.084
2668.60119 18.871 0.067
2670.60549 18.871 0.062
2672.59210 18.861 0.060
2674.61346 18.945 0.055
2676.59995 18.953 0.055
2678.67272 18.858 0.056
2680.59848 18.838 0.042
2682.64778 18.857 0.064
2686.64232 18.906 0.071
2691.58891 18.892 0.077
2695.62474 18.868 0.056
2700.58023 19.372 0.097
2706.59766 18.847 0.071
2713.56280 18.790 0.068
2840.94313 18.845 0.080
2885.84521 18.818 0.047
2892.87477 19.298 0.098
2897.84409 18.893 0.068
2903.88987 18.815 0.035
2906.89301 18.821 0.043
2911.77285 19.237 0.062
2916.82256 19.043 0.045
2922.80677 18.896 0.065
2926.73334 18.888 0.055
2930.80789 18.949 0.052
2933.85223 18.982 0.050
2939.86051 18.911 0.059
2942.81110 18.880 0.047
2944.85455 18.889 0.059
2946.85645 18.889 0.056
2949.77089 18.879 0.048
2952.84778 18.900 0.054
2956.68621 18.842 0.047
2958.71289 18.898 0.056
2962.72462 19.000 0.058
2965.74284 18.920 0.042
2967.84240 18.907 0.042
2970.80776 19.136 0.047
2974.74557 18.927 0.059
2976.78028 18.895 0.051
2978.76036 18.913 0.058
2980.70042 18.899 0.050
2982.66319 18.910 0.051
2984.71036 19.172 0.067
2986.79365 18.970 0.067
2988.75771 18.822 0.055
2990.62989 18.864 0.051
2992.78047 19.043 0.052
2994.62675 18.909 0.050
2995.63632 18.828 0.038
2997.64631 18.925 0.043
2999.76503 19.297 0.076
3001.73707 18.918 0.051
3003.71034 18.880 0.046
3005.70109 18.858 0.050
3007.71551 18.924 0.056
3009.71360 18.917 0.054
3011.68295 19.542 0.114
3013.68614 18.903 0.052
3017.69655 18.911 0.063
3019.62416 18.904 0.054
3021.74329 19.402 0.071
3023.60525 19.182 0.048
3024.80628 18.898 0.046
3026.80255 19.211 0.048
3028.81457 18.924 0.051
3031.67655 19.016 0.046
3033.74047 19.014 0.045
3035.74786 18.849 0.043
3038.72523 19.327 0.092
3041.59341 18.804 0.071
3043.62880 18.745 0.060
3045.66251 19.195 0.076
3047.61656 18.929 0.065
3049.62217 18.902 0.039
3051.58945 18.908 0.052
3053.58457 18.851 0.047
3055.58373 18.833 0.047
3057.60855 19.220 0.067
3060.63106 18.934 0.051
3064.63971 18.856 0.067
3067.69387 19.023 0.060
3070.54073 18.911 0.062
3073.60907 18.962 0.086
3075.65665 18.919 0.064
3078.57678 18.920 0.062
3082.56613 18.806 0.059
3084.64306 19.100 0.054
3087.60617 18.885 0.047
3090.56846 18.910 0.063
3099.50466 18.920 0.067
3102.53495 18.879 0.065
3105.56873 18.849 0.055
3108.54721 18.987 0.055
3112.51858 18.883 0.064
3116.50584 18.874 0.058
3126.51159 18.891 0.060
3146.47409 19.036 0.090
3241.89908 18.880 0.055
3256.91046 18.940 0.058
3263.88529 18.893 0.038
3268.90089 18.884 0.054
3273.87613 18.964 0.058
3277.86535 18.859 0.048
3281.85543 18.894 0.039
3289.86913 18.890 0.045
3294.86459 18.870 0.041
3296.87234 18.905 0.051
3301.72330 18.851 0.055
3304.78600 18.875 0.058
3306.86699 18.966 0.055
3309.69634 18.878 0.046
3311.69409 18.920 0.047
3320.73687 18.888 0.045
3327.70590 18.849 0.045
3329.85651 18.839 0.043
3334.76245 19.482 0.124
3338.81258 18.928 0.047
3350.64439 18.931 0.043
3354.64459 18.946 0.058
3358.69805 18.983 0.045
3361.80348 19.206 0.058
3363.75327 18.899 0.052
3367.70706 18.910 0.073
3372.72550 18.885 0.043
3378.63822 18.962 0.062
3391.70578 18.902 0.054
3395.69722 19.174 0.084
3399.67332 19.011 0.056
3402.69018 19.000 0.047
3404.62074 18.911 0.052
3408.57137 18.868 0.047
3412.61674 18.994 0.059
3416.60015 18.996 0.054
3424.60325 19.088 0.069
3431.50489 19.030 0.058
3437.51591 18.849 0.048
3445.52066 18.959 0.060
3453.54238 19.473 0.108
3462.51768 18.862 0.056
3582.92430 18.720 0.047
3589.93105 19.421 0.068
3617.91647 18.953 0.072
3629.85610 18.888 0.059
3634.82145 18.819 0.046
3639.87436 18.841 0.037
3641.86526 18.884 0.051
3650.86056 19.065 0.048
3653.88845 18.904 0.058
3657.84163 19.217 0.056
3661.82552 18.955 0.063
3666.82173 18.906 0.067
3671.85456 18.786 0.043
3675.83712 18.930 0.046
3683.85826 18.828 0.047
3687.75097 18.939 0.045
3689.85143 19.381 0.072
3692.77528 18.838 0.051
3694.79021 18.944 0.050
3696.73268 18.989 0.050
3699.73524 18.856 0.035
3701.78821 19.256 0.058
3704.69530 18.938 0.043
3706.82408 19.430 0.067
3711.69773 18.976 0.050
3713.71149 19.096 0.055
3716.81062 18.913 0.041
3719.79153 18.928 0.068
3725.78322 18.900 0.060
3727.75798 18.856 0.046
3730.65334 18.832 0.033
3732.67783 18.935 0.039
3734.77580 18.936 0.042
3736.79221 18.867 0.047
3737.68073 18.988 0.046
3739.77976 18.911 0.038
3742.60281 19.098 0.064
3745.71551 18.864 0.041
3747.74382 19.197 0.112
3749.62662 19.316 0.125
3751.73078 19.028 0.065
3753.60240 18.915 0.059
3755.63993 18.977 0.071
3757.67338 18.982 0.054
3759.73807 18.994 0.041
3762.72536 18.928 0.054
3765.74393 18.851 0.032
3770.58545 18.752 0.047
3773.59281 18.758 0.048
3776.59184 19.384 0.072
3779.58191 18.878 0.067
3782.63161 18.819 0.046
3787.55744 18.848 0.050
3791.60370 18.930 0.051
3799.52824 18.948 0.067
3806.53325 18.943 0.089
3821.50628 18.825 0.041
3945.93097 18.921 0.038
3963.92703 19.139 0.073
3969.85747 18.904 0.063
3975.90751 18.976 0.051
3981.83672 18.964 0.060
3995.88710 18.956 0.064
4001.84019 19.008 0.050
4005.81802 18.942 0.042
4007.82206 19.003 0.046
4011.82221 18.918 0.063
4018.81375 18.779 0.042
4023.84585 18.841 0.046
4026.75220 19.433 0.067
4029.69554 19.144 0.078
4031.77608 19.258 0.068
4038.68529 19.590 0.081
4040.85208 18.888 0.059
4042.86784 18.984 0.058
4046.74281 19.133 0.069
4048.83231 18.951 0.062
4052.67449 18.947 0.046
4056.71904 19.025 0.068
4058.65708 18.974 0.055
4063.65110 18.756 0.038
4066.64890 18.889 0.041
4069.71451 18.972 0.054
4071.64313 18.956 0.060
4076.71537 18.867 0.052
4079.72808 18.705 0.059
4083.64499 18.741 0.052
4085.71031 18.938 0.052
4092.82763 18.921 0.043
4112.69915 18.914 0.037
4117.68800 18.843 0.052
4121.66401 19.764 0.115
4124.74690 19.134 0.051
4129.75945 19.106 0.069
4142.61849 18.851 0.054
4150.62432 19.046 0.050
4155.52029 18.853 0.048
4166.54917 18.958 0.080
4196.49867 18.984 0.071
4341.87470 18.924 0.064
4347.82460 18.846 0.056
4351.87051 19.004 0.063
4357.88246 18.892 0.064
4363.80706 18.954 0.068
4366.85768 19.004 0.068
4369.89818 19.139 0.078
4372.80110 18.929 0.054
4376.89152 18.983 0.086
4379.89791 18.871 0.097
4386.75905 18.949 0.047
4393.76998 19.223 0.072
4398.84619 19.342 0.075
4403.85261 19.160 0.097
4411.78157 18.844 0.043
4411.84325 18.836 0.048
4418.73238 18.900 0.041
4422.82897 18.893 0.047
4429.77149 18.896 0.111
4432.69713 18.845 0.056
4436.73652 18.921 0.055
4439.80220 19.037 0.084
4443.67192 18.903 0.073
4448.82591 18.859 0.052
4451.66611 19.193 0.069
4455.66489 18.830 0.058
4457.72042 18.903 0.073
4460.75052 18.842 0.075
4464.71317 18.883 0.045
4467.70568 18.867 0.045
4471.75195 19.230 0.090
4476.67447 18.930 0.045
4480.67427 18.875 0.054
4484.75327 19.014 0.076
4488.67582 19.207 0.102
4493.67796 18.847 0.067
4498.65599 18.945 0.046
4501.64903 18.878 0.054
4506.58714 18.887 0.064
4508.59714 18.769 0.051
4510.67667 19.049 0.067
4516.62643 18.901 0.090
4519.69795 18.802 0.068
4521.54161 18.888 0.067
4524.58212 19.035 0.069
4530.60625 18.901 0.064
4532.63454 18.919 0.058
4537.59618 18.897 0.056
4540.64733 18.837 0.067
4544.60133 19.012 0.085
4547.54393 18.901 0.069
4556.55959 19.083 0.072
4561.53708 19.038 0.069
4568.49177 18.973 0.063
4575.51469 19.000 0.081
4592.51194 18.989 0.097
4600.49547 18.818 0.072
4682.91927 19.328 0.078
4691.92760 18.858 0.058
4719.85551 18.850 0.054
4724.80172 18.857 0.056
4727.89227 18.847 0.059
4733.89851 18.997 0.059
4747.88016 18.773 0.056
4752.83940 18.892 0.062
4756.84864 18.849 0.048
4760.73152 18.861 0.039
4762.85528 18.975 0.048
4768.83318 18.858 0.050
4771.87552 18.887 0.111
4775.70889 18.786 0.055
4777.72345 18.911 0.047
4781.68679 18.986 0.052
4783.84104 18.887 0.055
4788.77061 18.803 0.048
4791.78110 18.858 0.037
4794.75250 18.985 0.052
4797.73369 18.919 0.058
4800.69518 18.857 0.043
4802.80850 18.838 0.038
4804.83292 18.993 0.062
4805.85570 18.812 0.056
4807.81076 18.863 0.045
4809.84854 19.119 0.064
4812.69758 18.955 0.084
4814.71361 18.803 0.056
4816.71053 18.843 0.054
4818.76653 18.950 0.055
4820.74408 18.912 0.048
4823.77041 19.007 0.068
4825.84397 18.966 0.056
4833.65693 18.896 0.046
4835.67410 19.474 0.093
4837.73190 18.882 0.071
4840.69750 19.345 0.090
4842.68220 18.991 0.055
4844.68138 18.919 0.054
4847.74835 18.881 0.055
4849.74531 18.698 0.065
4852.75412 18.897 0.051
4854.73027 18.854 0.058
4856.72555 18.916 0.063
4865.69141 18.874 0.051
4867.68120 19.096 0.054
4870.69439 18.930 0.062
4873.72516 18.943 0.069
4875.69693 18.944 0.052
4877.61902 18.899 0.051
4879.67568 19.407 0.094
4884.68811 19.347 0.072
4888.57578 18.889 0.051
4902.61210 18.877 0.077
4911.62145 18.888 0.052
4919.55568 18.858 0.056
4925.56550 19.067 0.064
4929.53685 18.926 0.086
4932.57225 18.998 0.084
4936.53630 18.932 0.075
4938.53488 18.836 0.068
4942.54790 19.151 0.076
4949.51618 18.826 0.048
