2168.86801 19.631 0.144
2187.80969 19.577 0.143
2193.87506 19.853 0.099
2194.76885 19.383 0.109
2202.87513 19.488 0.094
2206.78415 19.625 0.135
2215.82802 19.536 0.116
2222.82753 19.560 0.126
2225.71038 19.511 0.099
2227.78543 19.808 0.134
2229.79127 19.730 0.134
2231.75965 19.981 0.158
2233.72796 19.535 0.092
2237.64730 19.668 0.144
2239.70824 19.825 0.127
2241.79999 19.671 0.099
2244.67963 19.562 0.115
2249.78951 19.632 0.105
2251.69780 19.614 0.099
2254.78450 19.693 0.097
2257.80799 19.547 0.066
2260.81537 19.774 0.174
2262.83304 20.412 0.208
2265.80764 19.565 0.105
2269.75767 20.605 0.292
2272.73797 19.501 0.103
2274.70640 19.744 0.129
2276.72660 19.858 0.139
2278.84609 19.809 0.149
2280.66883 19.662 0.132
2282.83017 19.721 0.121
2288.81208 19.590 0.096
2291.84560 19.700 0.134
2293.84678 20.492 0.382
2296.84069 19.120 0.115
2298.83368 19.688 0.135
2301.76443 19.457 0.135
2328.61301 19.656 0.140
2335.52288 19.675 0.147
2341.52024 19.785 0.157
2358.51264 19.534 0.105
2391.53928 20.168 0.273
2548.85365 20.442 0.311
2553.82108 19.453 0.126
2557.88592 19.587 0.123
2561.88856 19.677 0.154
2566.79226 19.603 0.229
2574.86785 19.456 0.103
2579.76772 20.150 0.198
2586.80484 19.687 0.104
2591.77377 19.668 0.113
2598.75664 19.429 0.098
2606.78549 19.420 0.087
2610.68339 19.740 0.151
2615.81059 19.680 0.110
2619.65403 19.542 0.086
2622.76908 19.719 0.139
2625.63437 19.571 0.117
2628.63198 19.536 0.121
2630.66893 19.444 0.096
2632.79014 19.515 0.087
2636.74010 19.493 0.103
2638.85720 19.404 0.132
2641.83260 20.368 0.197
2643.83285 19.673 0.116
2645.83188 19.563 0.103
2649.74304 19.578 0.085
2651.78588 19.730 0.118
2653.81310 19.589 0.129
2655.83995 19.478 0.107
2657.83197 19.652 0.147
2658.82414 19.784 0.224
2660.77873 19.751 0.138
2662.75220 19.715 0.130
2664.76866 19.785 0.240
2669.62172 19.691 0.150
2672.61963 19.477 0.124
2674.82185 19.928 0.175
2676.79908 19.683 0.143
2678.84083 19.546 0.091
2680.74918 19.692 0.110
2684.62629 19.558 0.097
2688.60380 19.779 0.138
2693.56545 19.993 0.141
2697.58152 19.584 0.112
2702.58806 19.461 0.135
2709.53352 19.549 0.120
2726.49971 19.656 0.138
2875.91077 19.729 0.157
2885.90137 19.496 0.100
2893.88202 19.583 0.143
2897.89865 19.604 0.111
2908.81932 19.468 0.097
2912.84250 19.710 0.109
2917.85067 19.592 0.087
2923.85340 19.597 0.103
2927.76178 20.142 0.279
2931.83992 19.740 0.122
2934.87479 19.589 0.124
2935.73434 19.573 0.125
2940.85484 19.573 0.083
2943.85963 19.573 0.089
2947.86803 19.747 0.124
2951.74498 19.675 0.120
2954.81212 19.510 0.146
2956.85552 19.541 0.098
2961.78683 19.713 0.116
2963.83780 19.650 0.102
2964.73518 19.653 0.135
2966.81446 19.540 0.070
2968.77532 19.628 0.097
2971.77855 19.559 0.103
2974.86092 19.455 0.130
2978.68756 19.713 0.126
2980.78185 19.464 0.104
2982.83090 19.980 0.132
2985.73357 19.550 0.089
2987.78122 19.708 0.150
2989.72222 19.992 0.123
2991.79570 19.727 0.107
2993.80911 19.539 0.096
2996.77933 19.807 0.104
2998.79211 19.594 0.103
3000.80323 19.496 0.112
3002.79355 19.694 0.109
3004.81929 19.638 0.100
3006.80584 19.616 0.088
3008.76847 19.690 0.105
3010.83915 19.711 0.124
3013.76489 19.868 0.149
3016.78919 19.687 0.150
3020.62950 19.523 0.087
3022.66179 19.663 0.092
3023.76978 19.559 0.089
3025.77292 19.555 0.066
3027.79156 19.576 0.141
3029.77622 19.657 0.109
3032.62504 19.638 0.111
3034.67308 19.808 0.075
3036.70319 19.668 0.096
3039.64515 19.789 0.140
3041.73033 19.547 0.120
3042.75341 19.677 0.166
3044.69223 19.685 0.122
3046.67836 19.649 0.156
3048.71154 19.605 0.083
3050.70851 19.564 0.080
3052.70477 19.684 0.085
3054.71087 19.762 0.131
3056.69796 19.633 0.085
3058.69128 20.157 0.135
3059.63751 19.637 0.087
3061.65454 19.879 0.212
3066.62851 19.769 0.133
3068.65672 19.571 0.123
3071.55514 19.523 0.122
3074.55998 19.779 0.150
3076.67439 19.627 0.133
3079.67399 19.640 0.098
3083.54415 19.920 0.247
3085.64238 19.585 0.100
3088.59973 19.808 0.141
3091.60325 19.805 0.130
3097.52773 19.585 0.144
3100.56526 19.662 0.174
3103.57338 19.706 0.143
3106.60273 19.532 0.102
3109.58586 19.721 0.119
3126.54084 19.714 0.162
3132.54386 19.584 0.156
3147.48567 19.741 0.225
3242.92540 19.511 0.155
3249.90293 19.554 0.127
3260.88450 19.514 0.126
3271.87482 19.404 0.090
3274.87803 19.583 0.133
3279.83153 19.507 0.109
3282.89737 20.008 0.199
3295.84070 19.667 0.073
3300.69611 19.535 0.120
3302.69082 19.561 0.166
3305.80241 19.512 0.092
3307.82723 19.688 0.178
3309.86359 19.837 0.124
3311.85718 19.730 0.154
3315.79956 19.473 0.082
3321.76395 19.486 0.080
3324.81337 19.803 0.117
3328.86221 19.666 0.114
3335.81105 19.548 0.154
3340.69486 19.609 0.096
3350.82612 19.833 0.099
3353.78696 19.591 0.092
3357.81457 19.753 0.099
3360.79417 19.637 0.122
3366.75822 19.688 0.100
3373.84583 19.674 0.146
3378.80150 19.722 0.116
3385.59142 19.777 0.178
3394.69049 19.675 0.109
3395.83334 19.955 0.191
3402.74878 19.535 0.086
3404.68044 19.877 0.158
3410.53826 19.694 0.097
3416.54584 19.802 0.134
3425.55221 19.361 0.144
3430.54897 19.481 0.104
3436.59984 19.507 0.090
3448.53146 19.463 0.115
3458.50155 19.571 0.117
3603.90193 19.818 0.105
3621.87965 19.514 0.081
3624.90343 19.737 0.121
3630.85056 19.929 0.204
3637.80166 19.423 0.106
3640.84583 20.006 0.119
3651.87827 19.777 0.120
3655.79548 19.611 0.083
3659.77883 19.496 0.116
3663.74279 19.621 0.127
3669.83791 19.585 0.098
3673.71530 19.625 0.100
3681.76214 19.242 0.120
3685.84224 19.602 0.084
3688.76110 19.676 0.090
3690.83567 19.668 0.182
3693.84200 19.809 0.115
3696.77964 19.407 0.068
3699.79252 19.669 0.081
3701.84749 19.578 0.098
3703.84428 19.647 0.086
3706.71953 19.741 0.082
3711.75506 19.635 0.090
3713.84308 19.794 0.130
3715.81938 19.478 0.081
3718.85050 19.758 0.123
3724.79382 19.790 0.100
3728.82810 19.695 0.100
3731.83528 19.833 0.102
3733.73462 19.553 0.078
3735.71463 19.704 0.075
3738.74817 19.578 0.089
3740.81307 20.133 0.138
3742.83252 19.642 0.155
3745.84999 19.876 0.157
3747.85298 19.862 0.143
3749.80023 19.609 0.161
3751.81410 19.558 0.132
3753.76421 19.748 0.111
3755.79239 19.560 0.109
3757.81232 19.572 0.081
3760.62396 19.761 0.118
3763.74467 19.603 0.066
3766.76123 19.588 0.149
3771.67066 19.734 0.101
3774.66217 19.780 0.113
3777.62050 19.519 0.099
3780.68462 19.733 0.145
3784.53258 19.637 0.143
3788.61097 19.732 0.095
3794.58051 19.740 0.125
3802.52133 19.726 0.137
3812.53415 19.714 0.102
3830.48753 20.405 0.269
3959.89005 19.696 0.175
3965.91596 19.489 0.075
3973.82990 19.552 0.129
3982.88225 19.639 0.115
3990.82914 19.449 0.097
3999.89846 19.617 0.114
4003.77425 19.588 0.074
4006.82358 19.724 0.106
4008.84460 19.776 0.092
4013.85648 19.986 0.181
4019.86109 20.011 0.137
4024.85065 19.604 0.100
4027.75520 19.719 0.110
4029.86583 19.673 0.105
4036.74435 19.482 0.090
4039.73250 19.566 0.108
4041.80626 19.588 0.087
4045.67456 19.891 0.240
4047.67094 19.389 0.114
4050.64671 19.794 0.119
4052.83596 19.842 0.095
4057.74785 20.256 0.214
4060.68728 19.805 0.109
4065.77131 19.434 0.071
4067.72748 19.711 0.088
4070.78618 19.764 0.150
4074.84227 19.910 0.150
4078.76019 19.395 0.096
4080.77157 19.513 0.109
4083.84623 19.608 0.144
4085.82104 19.812 0.158
4096.65433 19.594 0.088
4103.81357 19.567 0.127
4106.64493 19.401 0.098
4112.82178 19.928 0.122
4122.74986 19.466 0.066
4128.61946 19.775 0.116
4145.65952 19.674 0.137
4158.52970 19.563 0.096
4169.55905 19.472 0.086
4344.86178 19.575 0.110
4348.89204 19.636 0.116
4354.82035 19.654 0.133
4358.88195 19.671 0.127
4363.89735 19.625 0.141
4367.81962 20.046 0.150
4371.83037 19.697 0.116
4378.78426 19.615 0.125
4381.80117 19.509 0.133
4387.74369 19.560 0.093
4390.88076 19.545 0.131
4396.78147 19.663 0.130
4400.78940 19.568 0.130
4408.80110 19.639 0.145
4415.86669 19.616 0.159
4423.82879 19.499 0.097
4427.79518 19.641 0.123
4430.79843 19.872 0.171
4433.81588 19.519 0.117
4437.74237 19.672 0.160
4440.76218 19.666 0.113
4444.70717 19.721 0.150
4449.82171 19.647 0.119
4451.85727 19.550 0.191
4454.79699 19.545 0.087
4456.79936 19.731 0.140
4458.80608 19.574 0.107
4463.78948 19.626 0.104
4465.80625 19.694 0.113
4470.72622 19.696 0.103
4473.76926 19.437 0.144
4478.81072 19.746 0.110
4481.85285 19.567 0.119
4486.85064 19.632 0.164
4490.66874 19.497 0.119
4493.73934 19.731 0.162
4497.79151 19.773 0.124
4500.66450 19.780 0.135
4502.77435 19.406 0.124
4507.76545 19.778 0.162
4509.72913 19.634 0.111
4518.72851 19.542 0.185
4522.52884 19.779 0.156
4524.66923 19.726 0.123
4530.69364 19.865 0.131
4534.66029 19.699 0.128
4538.67559 19.723 0.137
4540.67564 19.670 0.145
4542.59281 19.745 0.135
4549.62836 19.690 0.129
4556.62211 19.611 0.122
4565.57081 19.744 0.129
4570.58189 19.793 0.159
4579.48962 19.653 0.142
4686.89603 19.586 0.080
4699.91235 19.478 0.117
4709.86612 19.510 0.103
4720.91010 19.712 0.104
4725.85067 19.590 0.106
4729.83239 19.689 0.118
4740.84698 19.397 0.098
4749.77895 19.507 0.101
4754.80062 19.577 0.144
4758.74649 19.831 0.135
4761.78138 19.658 0.115
4766.74999 19.746 0.158
4769.82121 19.568 0.115
4772.85327 19.606 0.134
4775.87081 19.487 0.122
4778.70979 19.765 0.153
4782.73483 19.743 0.107
4786.78566 19.638 0.119
4789.81571 19.570 0.090
4792.80720 19.567 0.118
4795.81767 19.646 0.092
4796.76787 19.660 0.096
4800.83059 19.674 0.090
4804.67505 19.890 0.180
4806.72800 19.570 0.103
4808.80708 20.459 0.257
4811.64723 19.457 0.109
4813.83074 19.568 0.151
4815.81470 20.171 0.230
4817.81618 19.648 0.105
4819.82718 19.600 0.105
4822.84227 19.781 0.107
4824.81874 19.574 0.086
4831.67501 19.482 0.088
4834.84476 19.705 0.129
4836.82865 19.670 0.097
4838.84134 19.756 0.102
4840.77904 19.662 0.121
4842.76699 19.853 0.168
4844.76337 19.588 0.105
4847.81325 19.695 0.118
4851.83912 20.001 0.155
4855.81726 19.764 0.150
4858.81707 19.698 0.107
4861.79936 19.770 0.147
4863.72960 19.523 0.128
4867.77955 19.639 0.111
4869.74001 19.479 0.097
4874.68068 19.685 0.152
4876.66716 19.440 0.077
4878.70289 19.731 0.112
4886.55130 19.555 0.102
4890.60092 19.648 0.099
4902.68315 19.520 0.145
4908.64476 20.030 0.162
4916.60035 19.776 0.115
4920.62099 19.673 0.101
4926.57761 19.861 0.170
4930.57374 19.887 0.179
4933.58937 19.833 0.186
4937.58895 19.542 0.088
4942.57508 19.596 0.125
4947.55340 19.881 0.157
