 726.81781 14.505 0.006
 728.88164 14.494 0.006
 739.85162 14.499 0.006
 744.75994 14.494 0.006
 745.84456 14.505 0.006
 746.83044 14.496 0.006
 747.72588 14.504 0.006
 748.67792 14.482 0.006
 750.79085 14.462 0.006
 751.79162 14.463 0.006
 752.84945 14.440 0.006
 754.79570 14.479 0.006
 755.77366 14.458 0.006
 759.69953 14.441 0.006
 761.78072 14.444 0.006
 766.83042 14.476 0.006
 773.78597 14.524 0.006
 776.81116 14.563 0.006
 778.84057 14.593 0.006
 780.77152 14.598 0.006
 782.80015 14.593 0.006
 788.82758 14.607 0.006
 792.73762 14.559 0.006
 795.82294 14.539 0.006
 798.74723 14.530 0.006
 817.74546 14.463 0.006
 819.82212 14.462 0.006
 824.69280 14.458 0.006
 826.78545 14.455 0.006
 827.68221 14.459 0.006
 828.74187 14.463 0.006
 829.68948 14.486 0.006
 830.74760 14.484 0.006
 831.58484 14.512 0.006
 832.56746 14.492 0.006
 832.75446 14.495 0.006
 833.57403 14.491 0.006
 834.70868 14.500 0.006
 835.79577 14.498 0.006
 837.65767 14.497 0.006
 839.65609 14.509 0.006
 841.74511 14.490 0.006
 842.73507 14.491 0.006
 844.58996 14.501 0.006
 846.76189 14.482 0.006
 850.75272 14.460 0.006
 854.76993 14.479 0.006
 855.69962 14.505 0.006
 856.66161 14.469 0.006
 857.72028 14.477 0.006
 858.68345 14.480 0.006
 859.75018 14.468 0.006
 860.64313 14.486 0.006
 865.56042 14.539 0.006
 867.61554 14.535 0.006
 874.67920 14.568 0.006
 876.59526 14.568 0.006
 876.69773 14.560 0.006
 878.68528 14.565 0.006
 880.61958 14.580 0.006
 885.57870 14.599 0.006
 887.66381 14.609 0.006
 890.68743 14.648 0.006
 892.53419 14.575 0.006
 893.70043 14.617 0.006
 896.50214 14.619 0.006
 900.55562 14.587 0.006
 919.55751 14.439 0.006
 925.51058 14.447 0.006
 931.56859 14.446 0.006
 934.51739 14.449 0.006
 950.51061 14.530 0.006
 951.50412 14.536 0.006
1072.89374 14.598 0.006
1079.80213 14.584 0.006
1080.80571 14.575 0.006
1083.81625 14.559 0.006
1084.81169 14.562 0.006
1086.83971 14.557 0.006
1090.76738 14.561 0.006
1091.87519 14.552 0.006
1092.81777 14.546 0.006
1093.82984 14.538 0.006
1106.75876 14.497 0.006
1108.77976 14.506 0.006
1114.78919 14.511 0.006
1119.83243 14.534 0.006
1120.73697 14.570 0.006
1126.75677 14.605 0.006
1129.82106 14.610 0.006
1131.82702 14.628 0.006
1132.81661 14.610 0.006
1137.79878 14.615 0.006
1138.84009 14.601 0.006
1142.76676 14.595 0.006
1152.72436 14.572 0.006
1154.73989 14.565 0.006
1155.69612 14.566 0.006
1157.75000 14.555 0.006
1159.75568 14.556 0.006
1161.81969 14.552 0.006
1163.82158 14.555 0.006
1164.83649 14.560 0.006
1166.75397 14.530 0.006
1167.78019 14.558 0.006
1168.76283 14.551 0.006
1171.73173 14.528 0.006
1175.72909 14.530 0.006
1179.77848 14.523 0.006
1181.74197 14.517 0.006
1183.82687 14.525 0.006
1185.82424 14.524 0.006
1187.77955 14.537 0.006
1189.71598 14.532 0.006
1191.75467 14.538 0.006
1192.81346 14.534 0.006
1193.80538 14.533 0.006
1194.68102 14.529 0.006
1201.76951 14.525 0.006
1202.76363 14.532 0.006
1204.68523 14.546 0.006
1206.78541 14.541 0.006
1207.69564 14.543 0.006
1211.67215 14.542 0.006
1213.63558 14.526 0.006
1214.71433 14.523 0.006
1215.54041 14.528 0.006
1216.60849 14.518 0.006
1217.67610 14.530 0.006
1219.61334 14.520 0.006
1221.58397 14.526 0.006
1223.67412 14.522 0.006
1224.55379 14.514 0.006
1226.56204 14.502 0.006
1227.56910 14.510 0.006
1232.65870 14.498 0.006
1235.55986 14.513 0.006
1237.54379 14.539 0.006
1238.64580 14.526 0.006
1241.54603 14.551 0.006
1242.61703 14.578 0.006
1243.56314 14.593 0.006
1245.53170 14.618 0.006
1247.66607 14.630 0.006
1248.63379 14.660 0.006
1251.58835 14.709 0.006
1254.54222 14.704 0.006
1255.57522 14.703 0.006
1257.60688 14.689 0.006
1260.59294 14.673 0.006
1264.58335 14.644 0.006
1266.58509 14.618 0.006
1267.60121 14.593 0.006
1274.58424 14.532 0.006
1275.52361 14.512 0.006
1278.50625 14.499 0.006
1281.51432 14.491 0.006
1290.48405 14.475 0.006
1296.57492 14.499 0.006
1300.52104 14.520 0.006
1305.49947 14.551 0.006
1308.53046 14.562 0.006
1315.48967 14.575 0.006
1318.47235 14.579 0.006
1329.45799 14.540 0.006
1331.47699 14.525 0.006
1431.82034 14.552 0.006
1433.81690 14.566 0.006
1435.86480 14.576 0.006
1437.85752 14.567 0.006
1440.89649 14.549 0.006
1443.78782 14.542 0.006
1447.76157 14.516 0.006
1448.85234 14.498 0.006
1453.77236 14.528 0.006
1454.88838 14.491 0.006
1455.77051 14.530 0.006
1458.75648 14.484 0.006
1459.87804 14.474 0.006
1460.75866 14.489 0.006
1461.72439 14.478 0.006
1471.73485 14.557 0.006
1475.82927 14.555 0.006
1478.75398 14.557 0.006
1481.81619 14.550 0.006
1484.82050 14.526 0.006
1487.81329 14.534 0.006
1488.86135 14.533 0.006
1491.75204 14.532 0.006
1493.69395 14.520 0.006
1495.73738 14.508 0.006
1498.65855 14.510 0.006
1500.79908 14.501 0.006
1503.68938 14.490 0.006
1505.79622 14.483 0.006
1507.69222 14.475 0.006
1508.80886 14.481 0.006
1509.67035 14.491 0.006
1510.63588 14.489 0.006
1511.71854 14.489 0.006
1512.75254 14.491 0.006
1514.76701 14.489 0.006
1516.81280 14.486 0.006
1517.84471 14.497 0.006
1518.68465 14.487 0.006
1520.70996 14.509 0.006
1522.71065 14.510 0.006
1523.71082 14.527 0.006
1525.68676 14.549 0.006
1527.75210 14.546 0.006
1528.67803 14.556 0.006
1529.80348 14.568 0.006
1531.69542 14.582 0.006
1538.65256 14.598 0.006
1541.60838 14.588 0.006
1542.76273 14.592 0.006
1544.66505 14.584 0.006
1546.67427 14.553 0.006
1546.68974 14.573 0.006
1547.69133 14.548 0.006
1548.66849 14.538 0.006
1551.69785 14.506 0.006
1552.63079 14.501 0.006
1553.65450 14.489 0.006
1554.63310 14.485 0.006
1555.65754 14.480 0.006
1556.63170 14.487 0.006
1560.62344 14.453 0.006
1564.54256 14.462 0.006
1568.61926 14.480 0.006
1571.62892 14.472 0.006
1575.64331 14.492 0.006
1578.68361 14.507 0.006
1580.69441 14.508 0.006
1582.62892 14.511 0.006
1585.61971 14.531 0.006
1588.62294 14.536 0.006
1591.58678 14.558 0.006
1595.58002 14.519 0.006
1599.64603 14.510 0.006
1600.59892 14.511 0.006
1601.60604 14.527 0.006
1602.67251 14.505 0.006
1604.60410 14.497 0.006
1606.56108 14.492 0.006
1609.51730 14.501 0.006
1610.53220 14.504 0.006
1611.59234 14.492 0.006
1613.57268 14.489 0.006
1614.64375 14.480 0.006
1616.50137 14.459 0.006
1618.64690 14.478 0.006
1619.54062 14.476 0.006
1621.53678 14.481 0.006
1623.63394 14.479 0.006
1625.61500 14.480 0.006
1627.58525 14.522 0.006
1628.52514 14.517 0.006
1630.49684 14.553 0.006
1631.49463 14.537 0.006
1633.61006 14.534 0.006
1635.49307 14.562 0.006
1643.56906 14.599 0.006
1644.49606 14.590 0.006
1645.50216 14.601 0.006
1653.48747 14.601 0.006
1655.53144 14.601 0.006
1657.54089 14.599 0.006
1660.51575 14.591 0.006
1662.52310 14.585 0.006
1664.54616 14.579 0.006
1669.51609 14.572 0.006
1672.48874 14.576 0.006
1687.48643 14.538 0.006
1695.47179 14.524 0.006
1766.86454 14.600 0.006
1768.85019 14.584 0.006
1773.90854 14.528 0.006
1782.83975 14.478 0.006
1788.84817 14.487 0.006
1804.84344 14.516 0.006
1811.86400 14.493 0.006
1815.84016 14.490 0.006
1818.88248 14.487 0.006
1822.72186 14.513 0.006
1829.87112 14.539 0.006
1844.77895 14.568 0.006
1850.76032 14.569 0.006
1854.81735 14.543 0.006
1858.76443 14.545 0.006
1860.80680 14.532 0.006
1863.77991 14.506 0.006
1866.73061 14.495 0.006
1868.71171 14.504 0.006
1870.83276 14.479 0.006
1872.84857 14.455 0.006
1874.75350 14.421 0.006
2166.85603 14.574 0.006
2183.89928 14.512 0.006
2189.86169 14.518 0.006
2192.76512 14.519 0.006
2201.77532 14.540 0.006
2212.80960 14.569 0.006
2217.79400 14.583 0.006
2223.81457 14.595 0.006
2226.78894 14.590 0.006
2228.83237 14.583 0.006
2232.76604 14.564 0.006
2234.75998 14.563 0.006
2238.71065 14.545 0.006
2240.83957 14.543 0.006
2242.84532 14.541 0.006
2248.72657 14.533 0.006
2251.75620 14.528 0.006
2253.77380 14.522 0.006
2255.70212 14.524 0.006
2258.70157 14.516 0.006
2269.78308 14.522 0.006
2271.73138 14.522 0.006
2273.82172 14.537 0.006
2275.79519 14.541 0.006
2277.79798 14.545 0.006
2279.79480 14.543 0.006
2281.75763 14.548 0.006
2283.81483 14.536 0.006
2289.75169 14.549 0.006
2291.75780 14.540 0.006
2293.72615 14.546 0.006
2295.74721 14.536 0.006
2297.73813 14.545 0.006
2299.77055 14.537 0.006
2303.67136 14.557 0.006
2326.58006 14.572 0.006
2332.52346 14.564 0.006
2338.54603 14.524 0.006
2387.50181 14.579 0.006
2524.86659 14.556 0.006
2542.83342 14.420 0.006
2544.89157 14.425 0.006
2551.88179 14.460 0.006
2559.81971 14.530 0.006
2563.86494 14.560 0.006
2577.85446 14.504 0.006
2583.75090 14.464 0.006
2589.79143 14.453 0.006
2594.80826 14.480 0.006
2599.86307 14.533 0.006
2609.66930 14.608 0.006
2611.67318 14.615 0.006
2617.81982 14.651 0.006
2620.78884 14.636 0.006
2623.76207 14.646 0.006
2626.68715 14.618 0.006
2627.62896 14.588 0.006
2628.85428 14.588 0.006
2630.84300 14.565 0.006
2632.63371 14.528 0.006
2635.62855 14.481 0.006
2637.76871 14.452 0.006
2639.78496 14.435 0.006
2641.65923 14.421 0.006
2643.67113 14.411 0.006
2645.66274 14.409 0.006
2647.58948 14.397 0.006
2651.65775 14.405 0.006
2653.68248 14.407 0.006
2655.66680 14.413 0.006
2657.80052 14.426 0.006
2659.66856 14.434 0.006
2661.69244 14.456 0.006
2665.79432 14.502 0.006
2671.80025 14.571 0.006
2675.73071 14.608 0.006
2677.76561 14.614 0.006
2679.75614 14.637 0.006
2686.60786 14.674 0.006
2691.53462 14.659 0.006
2695.59196 14.635 0.006
2700.54296 14.602 0.006
2713.52806 14.564 0.006
2841.93229 14.439 0.006
2868.89484 14.548 0.006
2890.83797 14.665 0.006
2895.87369 14.660 0.006
2900.82936 14.628 0.006
2906.86035 14.562 0.006
2910.89370 14.506 0.006
2915.89384 14.454 0.006
2922.77399 14.444 0.006
2925.86239 14.441 0.006
2930.77496 14.474 0.006
2933.81939 14.477 0.006
2939.82779 14.493 0.006
2941.84585 14.504 0.006
2943.72065 14.507 0.006
2946.82369 14.510 0.006
2948.81400 14.508 0.006
2952.81004 14.528 0.006
2956.65345 14.554 0.006
2958.68024 14.560 0.006
2962.69116 14.578 0.006
2965.70820 14.577 0.006
2967.80754 14.568 0.006
2970.77316 14.559 0.006
2974.71272 14.586 0.006
2976.74657 14.597 0.006
2978.64111 14.605 0.006
2980.66754 14.626 0.006
2982.62670 14.637 0.006
2984.66783 14.652 0.006
2986.75567 14.654 0.006
2988.72364 14.660 0.006
2990.65706 14.672 0.006
2992.74668 14.674 0.006
2994.65446 14.690 0.006
2996.74478 14.696 0.006
2998.69950 14.694 0.006
2999.79153 14.691 0.006
3001.67025 14.675 0.006
3003.66591 14.669 0.006
3005.62290 14.660 0.006
3007.74138 14.639 0.006
3009.67720 14.631 0.006
3011.62277 14.626 0.006
3013.65343 14.605 0.006
3017.62873 14.580 0.006
3018.72056 14.575 0.006
3020.79577 14.561 0.006
3022.82226 14.545 0.006
3024.77083 14.539 0.006
3026.76814 14.530 0.006
3028.77561 14.535 0.006
3030.78048 14.537 0.006
3033.70778 14.532 0.006
3035.71407 14.527 0.006
3038.69244 14.515 0.006
3040.69207 14.511 0.006
3042.63561 14.507 0.006
3044.56952 14.512 0.006
3046.58501 14.518 0.006
3048.56996 14.513 0.006
3050.58882 14.520 0.006
3052.58585 14.527 0.006
3054.58670 14.539 0.006
3056.58389 14.541 0.006
3058.57764 14.541 0.006
3060.59812 14.546 0.006
3064.60266 14.568 0.006
3067.65963 14.578 0.006
3069.61973 14.596 0.006
3073.53451 14.628 0.006
3075.62386 14.645 0.006
3078.54370 14.682 0.006
3082.53269 14.721 0.006
3084.60863 14.735 0.006
3087.57091 14.767 0.006
3090.52586 14.809 0.006
3093.50719 14.824 0.006
3098.61612 14.857 0.006
3101.57380 14.847 0.006
3104.54703 14.805 0.006
3111.52055 14.691 0.006
3114.51449 14.633 0.006
3115.53883 14.616 0.006
3126.47895 14.475 0.006
3144.49424 14.447 0.006
3224.89441 14.431 0.006
3239.92839 14.277 0.006
3247.89934 14.350 0.006
3256.87762 14.485 0.006
3263.85244 14.581 0.006
3268.86819 14.623 0.006
3273.83980 14.681 0.006
3276.85787 14.687 0.006
3281.82281 14.718 0.006
3289.83626 14.724 0.006
3294.83441 14.706 0.006
3296.83976 14.688 0.006
3298.87030 14.690 0.006
3301.69067 14.685 0.006
3303.85970 14.664 0.006
3306.83430 14.628 0.006
3308.85131 14.612 0.006
3311.66143 14.584 0.006
3320.69457 14.467 0.006
3323.64754 14.439 0.006
3329.82359 14.400 0.006
3334.72342 14.368 0.006
3338.77916 14.371 0.006
3349.79543 14.409 0.006
3351.78025 14.423 0.006
3354.74839 14.438 0.006
3358.63470 14.459 0.006
3361.73051 14.473 0.006
3363.72064 14.482 0.006
3372.69294 14.546 0.006
3377.72913 14.606 0.006
3386.75491 14.744 0.006
3391.60024 14.770 0.006
3395.66433 14.775 0.006
3398.71203 14.726 0.006
3402.65731 14.646 0.006
3404.58514 14.593 0.006
3408.53859 14.532 0.006
3412.58388 14.453 0.006
3414.61543 14.437 0.006
3419.58627 14.421 0.006
3426.52178 14.440 0.006
3433.57297 14.424 0.006
3443.54356 14.421 0.006
3453.50992 14.456 0.006
3575.91504 14.650 0.006
3589.88650 14.665 0.006
3617.88345 14.518 0.006
3629.82294 14.554 0.006
3634.78906 14.576 0.006
3639.89930 14.578 0.006
3641.83294 14.583 0.006
3650.82828 14.560 0.006
3653.85629 14.549 0.006
3657.80679 14.532 0.006
3660.77250 14.516 0.006
3664.80795 14.517 0.006
3668.74426 14.505 0.006
3672.75379 14.505 0.006
3676.85520 14.516 0.006
3684.79940 14.560 0.006
3687.71841 14.581 0.006
3689.81701 14.585 0.006
3692.74143 14.604 0.006
3694.81541 14.617 0.006
3696.69067 14.623 0.006
3699.70289 14.635 0.006
3701.75378 14.624 0.006
3704.72029 14.594 0.006
3706.77450 14.572 0.006
3711.66549 14.482 0.006
3713.67915 14.452 0.006
3716.72821 14.419 0.006
3719.75596 14.385 0.006
3722.81417 14.368 0.006
3726.67840 14.377 0.006
3728.65116 14.376 0.006
3731.75173 14.395 0.006
3733.63789 14.396 0.006
3734.74087 14.418 0.006
3736.75974 14.439 0.006
3737.64838 14.450 0.006
3739.71048 14.462 0.006
3741.81675 14.485 0.006
3743.71464 14.492 0.006
3746.75703 14.506 0.006
3748.70965 14.509 0.006
3750.71584 14.529 0.006
3752.72390 14.500 0.006
3754.74520 14.509 0.006
3755.66495 14.501 0.006
3757.63905 14.500 0.006
3759.60469 14.495 0.006
3762.68957 14.472 0.006
3765.71149 14.464 0.006
3769.75209 14.456 0.006
3772.72040 14.463 0.006
3775.71235 14.482 0.006
3778.69084 14.499 0.006
3782.59896 14.532 0.006
3786.57503 14.580 0.006
3791.57135 14.621 0.006
3798.57104 14.636 0.006
3805.55825 14.576 0.006
3820.50359 14.382 0.006
3944.93718 14.515 0.006
3961.93382 14.607 0.006
3968.91590 14.570 0.006
3974.91186 14.557 0.006
3981.80487 14.553 0.006
3988.88677 14.563 0.006
3995.83979 14.530 0.006
4002.83592 14.486 0.006
4005.78595 14.453 0.006
4007.79015 14.422 0.006
4011.77058 14.386 0.006
4018.75615 14.341 0.006
4023.80965 14.308 0.006
4026.72027 14.297 0.006
4028.85634 14.292 0.006
4031.74407 14.296 0.006
4037.85294 14.317 0.006
4040.82029 14.350 0.006
4042.83507 14.360 0.006
4046.71089 14.417 0.006
4048.79982 14.444 0.006
4052.64272 14.510 0.006
4053.84042 14.521 0.006
4056.68396 14.553 0.006
4059.67118 14.586 0.006
4064.63570 14.646 0.006
4066.61526 14.658 0.006
4069.68265 14.673 0.006
4071.60771 14.686 0.006
4076.67949 14.690 0.006
4079.69607 14.671 0.006
4082.68643 14.647 0.006
4084.76629 14.624 0.006
4087.68574 14.574 0.006
4093.77473 14.471 0.006
4102.66298 14.418 0.006
4104.80976 14.397 0.006
4109.67063 14.412 0.006
4113.68923 14.441 0.006
4119.62746 14.477 0.006
4122.67632 14.484 0.006
4125.72371 14.468 0.006
4129.72315 14.438 0.006
4142.58138 14.381 0.006
4150.55790 14.447 0.006
4154.55284 14.510 0.006
4166.51621 14.713 0.006
4184.50575 14.814 0.006
4340.90636 14.370 0.006
4346.89446 14.434 0.006
4350.91303 14.501 0.006
4357.84665 14.588 0.006
4363.77509 14.624 0.006
4365.79873 14.643 0.006
4369.79431 14.640 0.006
4372.76899 14.645 0.006
4376.85956 14.646 0.006
4379.86611 14.637 0.006
4383.87017 14.625 0.006
4388.86416 14.624 0.006
4393.73804 14.608 0.006
4398.81323 14.578 0.006
4403.75385 14.557 0.006
4411.74903 14.509 0.006
4417.83186 14.485 0.006
4421.74427 14.489 0.006
4425.81749 14.480 0.006
4429.72824 14.460 0.006
4432.76980 14.431 0.006
4436.69631 14.426 0.006
4439.74045 14.422 0.006
4442.71785 14.422 0.006
4448.77353 14.429 0.006
4450.77821 14.441 0.006
4453.75404 14.460 0.006
4456.76737 14.481 0.006
4459.67739 14.497 0.006
4462.67940 14.525 0.006
4465.71963 14.543 0.006
4469.67275 14.556 0.006
4474.67479 14.582 0.006
4478.77756 14.611 0.006
4481.77634 14.629 0.006
4484.68607 14.646 0.006
4487.74844 14.669 0.006
4492.70101 14.660 0.006
4494.73545 14.665 0.006
4499.61693 14.644 0.006
4502.68978 14.603 0.006
4507.64852 14.508 0.006
4509.64579 14.468 0.006
4522.55334 14.336 0.006
4524.56735 14.336 0.006
4530.57253 14.362 0.006
4532.56459 14.386 0.006
4537.56265 14.431 0.006
4540.61139 14.466 0.006
4549.56779 14.561 0.006
4560.50634 14.531 0.006
4567.51790 14.472 0.006
4574.53894 14.455 0.006
4592.47660 14.506 0.006
4681.92998 14.576 0.006
4691.89567 14.486 0.006
4702.90760 14.426 0.006
4719.82313 14.488 0.006
4722.91191 14.501 0.006
4726.89753 14.516 0.006
4731.87386 14.519 0.006
4747.84624 14.554 0.006
4751.89253 14.578 0.006
4756.81659 14.617 0.006
4759.86364 14.631 0.006
4762.82342 14.660 0.006
4768.80136 14.676 0.006
4771.84351 14.697 0.006
4774.85290 14.709 0.006
4777.69031 14.705 0.006
4780.83925 14.692 0.006
4783.80917 14.671 0.006
4788.73856 14.597 0.006
4791.71597 14.550 0.006
4794.72026 14.516 0.006
4797.70169 14.478 0.006
4800.74493 14.450 0.006
4802.77657 14.440 0.006
4804.80070 14.443 0.006
4805.82379 14.439 0.006
4807.77465 14.440 0.006
4810.73259 14.448 0.006
4812.79218 14.470 0.006
4814.68178 14.475 0.006
4816.67859 14.480 0.006
4818.70074 14.496 0.006
4820.70755 14.506 0.006
4823.72117 14.523 0.006
4825.80835 14.540 0.006
4831.85071 14.583 0.006
4832.81094 14.586 0.006
4834.78003 14.584 0.006
4837.68005 14.582 0.006
4839.70857 14.570 0.006
4841.74490 14.580 0.006
4843.74413 14.579 0.006
4846.71007 14.580 0.006
4850.72811 14.588 0.006
4852.72214 14.591 0.006
4855.72956 14.614 0.006
4857.70773 14.618 0.006
4866.67487 14.675 0.006
4868.67294 14.692 0.006
4870.66239 14.706 0.006
4873.69304 14.727 0.006
4875.59007 14.741 0.006
4876.62073 14.741 0.006
4878.64564 14.751 0.006
4882.56491 14.771 0.006
4884.62731 14.783 0.006
4888.54375 14.784 0.006
4900.57538 14.639 0.006
4904.60111 14.564 0.006
4913.57893 14.456 0.006
4918.55556 14.443 0.006
4924.57517 14.446 0.006
4928.56497 14.450 0.006
4930.51620 14.446 0.006
4934.51302 14.473 0.006
4938.50428 14.491 0.006
4942.52085 14.527 0.006
4947.51422 14.568 0.006
