2166.81545 13.962 0.006
2172.86425 13.930 0.006
2183.87557 13.886 0.006
2189.82153 13.871 0.006
2191.85072 13.887 0.006
2212.77181 13.890 0.006
2217.75676 13.912 0.006
2223.77700 13.925 0.006
2226.75187 13.925 0.006
2228.79540 13.919 0.006
2232.72905 13.925 0.006
2234.72281 13.922 0.006
2238.67367 13.942 0.006
2240.80258 13.950 0.006
2242.80837 13.947 0.006
2244.85501 13.952 0.006
2249.73544 13.946 0.006
2251.77027 13.951 0.006
2253.72017 13.984 0.006
2255.84426 13.962 0.006
2258.65121 14.011 0.006
2261.63679 14.015 0.006
2265.67896 14.030 0.006
2271.65194 14.032 0.006
2273.64763 14.030 0.006
2275.75789 14.018 0.006
2277.75269 14.014 0.006
2279.75778 14.009 0.006
2281.77165 14.001 0.006
2283.77476 14.002 0.006
2289.70391 13.983 0.006
2291.71132 13.983 0.006
2293.68344 13.973 0.006
2295.71019 13.977 0.006
2297.70106 13.974 0.006
2299.69983 13.963 0.006
2302.57015 13.944 0.006
2317.62017 13.863 0.006
2326.53805 13.850 0.006
2331.57321 13.822 0.006
2338.50568 13.807 0.006
2344.49848 13.802 0.006
2354.50022 13.860 0.006
2368.48422 13.962 0.006
2401.48611 14.208 0.006
2520.89513 13.999 0.006
2521.87446 14.004 0.006
2539.80385 14.045 0.006
2542.79626 14.026 0.006
2545.77795 14.028 0.006
2551.84151 14.056 0.006
2555.86557 14.062 0.006
2563.82469 14.049 0.006
2577.81548 13.970 0.006
2580.84493 13.979 0.006
2589.75087 13.979 0.006
2594.76572 14.004 0.006
2599.81142 14.021 0.006
2607.81173 14.048 0.006
2609.61583 14.065 0.006
2613.71555 14.101 0.006
2617.78024 14.130 0.006
2620.74832 14.140 0.006
2623.69266 14.151 0.006
2627.58884 14.166 0.006
2629.61447 14.183 0.006
2634.65859 14.224 0.006
2637.68460 14.256 0.006
2639.79942 14.259 0.006
2641.62205 14.293 0.006
2643.63307 14.309 0.006
2645.62580 14.317 0.006
2646.65320 14.327 0.006
2650.70873 14.322 0.006
2652.69558 14.330 0.006
2654.80424 14.334 0.006
2657.71878 14.332 0.006
2659.68774 14.325 0.006
2661.78747 14.319 0.006
2665.75739 14.307 0.006
2667.77755 14.325 0.006
2671.70312 14.294 0.006
2673.66566 14.252 0.006
2677.72814 14.212 0.006
2679.71885 14.180 0.006
2681.73460 14.141 0.006
2686.54325 14.083 0.006
2690.62151 14.043 0.006
2695.55206 14.005 0.006
2700.50309 13.972 0.006
2705.57499 13.945 0.006
2712.53741 13.902 0.006
2734.48707 13.776 0.006
2869.86908 13.935 0.006
2883.91834 14.068 0.006
2890.79822 14.141 0.006
2895.83398 14.184 0.006
2900.78961 14.208 0.006
2906.82063 14.239 0.006
2910.85407 14.239 0.006
2915.85034 14.208 0.006
2921.85260 14.180 0.006
2925.79812 14.145 0.006
2929.83307 14.084 0.006
2933.77968 14.018 0.006
2939.78824 13.931 0.006
2942.76365 13.882 0.006
2946.78409 13.850 0.006
2948.82922 13.838 0.006
2952.76844 13.795 0.006
2955.82553 13.773 0.006
2957.75311 13.769 0.006
2961.73643 13.753 0.006
2963.79467 13.761 0.006
2966.73411 13.748 0.006
2970.66068 13.732 0.006
2974.66281 13.720 0.006
2975.78800 13.717 0.006
2979.82445 13.697 0.006
2981.83171 13.689 0.006
2983.73249 13.693 0.006
2986.71495 13.686 0.006
2988.68179 13.685 0.006
2990.70236 13.679 0.006
2992.70327 13.682 0.006
2994.79403 13.674 0.006
2996.66953 13.702 0.006
2998.65284 13.707 0.006
3000.66963 13.708 0.006
3002.65680 13.729 0.006
3004.65659 13.742 0.006
3006.60229 13.744 0.006
3008.66534 13.773 0.006
3010.67684 13.783 0.006
3012.77229 13.792 0.006
3016.69099 13.846 0.006
3018.68087 13.875 0.006
3020.75617 13.893 0.006
3022.78266 13.918 0.006
3024.73121 13.934 0.006
3026.70025 13.963 0.006
3028.73602 13.973 0.006
3030.74098 14.003 0.006
3033.66296 14.027 0.006
3035.66912 14.038 0.006
3038.65278 14.068 0.006
3041.54995 14.102 0.006
3043.57972 14.117 0.006
3045.61872 14.125 0.006
3047.57293 14.140 0.006
3049.57862 14.145 0.006
3050.54925 14.145 0.006
3052.54352 14.165 0.006
3054.54513 14.161 0.006
3056.54427 14.166 0.006
3058.53731 14.182 0.006
3060.55846 14.160 0.006
3062.60576 14.148 0.006
3067.59379 14.144 0.006
3069.57861 14.117 0.006
3072.62673 14.105 0.006
3075.58130 14.089 0.006
3077.66416 14.070 0.006
3081.65609 14.065 0.006
3084.56434 14.034 0.006
3087.52832 14.019 0.006
3089.63185 13.998 0.006
3098.57355 13.950 0.006
3101.53385 13.937 0.006
3104.50529 13.915 0.006
3110.51360 13.917 0.006
3113.49728 13.913 0.006
3125.49466 13.893 0.006
3135.46059 13.886 0.006
3229.87474 13.857 0.006
3239.88876 13.925 0.006
3247.85965 13.990 0.006
3256.83110 14.074 0.006
3262.90682 14.117 0.006
3268.82857 14.141 0.006
3273.78742 14.166 0.006
3276.87297 14.156 0.006
3281.78318 14.213 0.006
3283.88295 14.214 0.006
3289.79687 14.232 0.006
3294.79483 14.225 0.006
3296.80023 14.231 0.006
3298.83077 14.235 0.006
3301.65111 14.243 0.006
3303.80255 14.253 0.006
3306.79499 14.247 0.006
3310.84413 14.249 0.006
3314.81166 14.252 0.006
3321.69044 14.236 0.006
3325.74834 14.205 0.006
3329.78361 14.166 0.006
3334.67970 14.123 0.006
3338.73574 14.083 0.006
3349.70792 13.987 0.006
3352.62241 13.976 0.006
3355.64431 13.965 0.006
3359.70108 13.945 0.006
3363.68118 13.930 0.006
3369.73783 13.925 0.006
3372.65321 13.910 0.006
3377.68736 13.903 0.006
3381.79307 13.886 0.006
3386.76997 13.865 0.006
3391.56073 13.884 0.006
3395.61167 13.874 0.006
3398.67228 13.883 0.006
3400.65868 13.885 0.006
3403.64738 13.894 0.006
3406.58137 13.918 0.006
3410.59918 13.934 0.006
3415.55474 13.963 0.006
3421.54360 13.994 0.006
3428.54930 14.004 0.006
3436.55244 14.019 0.006
3442.53171 13.989 0.006
3452.51492 13.926 0.006
3574.90548 13.966 0.006
3585.92829 13.941 0.006
3588.89582 13.928 0.006
3590.89773 13.934 0.006
3614.88706 13.890 0.006
3629.78248 13.944 0.006
3634.74066 13.972 0.006
3640.73596 14.006 0.006
3644.87930 14.018 0.006
3650.78907 14.054 0.006
3653.81700 14.079 0.006
3656.87296 14.083 0.006
3661.77940 14.127 0.006
3666.77659 14.134 0.006
3671.77500 14.151 0.006
3675.78942 14.156 0.006
3683.81255 14.142 0.006
3686.86020 14.116 0.006
3689.77805 14.109 0.006
3692.69858 14.109 0.006
3694.83082 14.078 0.006
3696.65139 14.073 0.006
3699.66365 14.068 0.006
3701.71479 14.045 0.006
3704.73606 14.024 0.006
3706.73461 14.026 0.006
3711.62638 14.033 0.006
3713.63999 14.035 0.006
3716.67347 14.030 0.006
3719.65072 14.041 0.006
3725.73406 14.052 0.006
3727.68198 14.046 0.006
3730.61030 14.055 0.006
3733.59900 14.055 0.006
3734.70181 14.053 0.006
3736.72078 14.050 0.006
3738.64269 14.059 0.006
3740.67775 14.062 0.006
3743.64320 14.060 0.006
3746.71051 14.061 0.006
3748.66970 14.070 0.006
3750.56200 14.076 0.006
3752.68320 14.073 0.006
3754.67104 14.086 0.006
3756.76639 14.094 0.006
3758.69245 14.109 0.006
3760.77413 14.112 0.006
3762.65053 14.109 0.006
3765.64116 14.114 0.006
3769.71305 14.129 0.006
3772.68124 14.136 0.006
3775.65266 14.137 0.006
3778.65167 14.146 0.006
3781.71271 14.151 0.006
3786.53572 14.140 0.006
3791.53130 14.126 0.006
3798.53164 14.126 0.006
3805.51679 14.128 0.006
3819.49562 14.096 0.006
3937.93578 14.099 0.006
3961.89056 14.068 0.006
3968.87311 14.033 0.006
3981.76622 13.947 0.006
3987.89023 13.919 0.006
3995.79785 13.909 0.006
4002.79732 13.905 0.006
4004.81846 13.919 0.006
4007.75116 13.932 0.006
4011.73184 13.937 0.006
4018.77129 13.970 0.006
4023.76569 13.987 0.006
4026.68168 14.013 0.006
4028.81770 14.018 0.006
4031.70544 14.029 0.006
4037.80582 14.049 0.006
4040.78111 14.047 0.006
4042.79660 14.047 0.006
4046.67141 14.057 0.006
4048.76077 14.056 0.006
4051.75040 14.036 0.006
4053.80174 14.027 0.006
4056.62159 14.022 0.006
4059.63262 13.991 0.006
4064.65528 13.956 0.006
4067.65579 13.936 0.006
4069.64387 13.923 0.006
4072.68107 13.908 0.006
4076.75146 13.891 0.006
4079.62641 13.878 0.006
4082.64705 13.866 0.006
4084.72752 13.872 0.006
4087.64724 13.866 0.006
4093.79559 13.842 0.006
4102.60184 13.818 0.006
4104.77052 13.822 0.006
4109.62734 13.835 0.006
4113.65063 13.840 0.006
4118.55762 13.857 0.006
4120.64359 13.872 0.006
4123.71775 13.893 0.006
4124.67442 13.895 0.006
4127.62831 13.908 0.006
4132.60631 13.937 0.006
4142.54118 14.008 0.006
4150.51827 14.056 0.006
4153.59282 14.068 0.006
4165.51504 14.171 0.006
4180.51303 14.295 0.006
4341.82757 13.973 0.006
4345.88675 13.985 0.006
4350.86123 13.999 0.006
4355.86880 13.986 0.006
4361.82962 14.008 0.006
4364.83644 14.023 0.006
4367.74892 14.024 0.006
4370.78580 14.031 0.006
4376.82096 14.047 0.006
4379.82727 14.050 0.006
4383.83154 14.077 0.006
4388.77143 14.118 0.006
4392.82567 14.143 0.006
4397.87467 14.184 0.006
4403.71434 14.243 0.006
4410.84156 14.295 0.006
4417.72949 14.370 0.006
4421.70543 14.398 0.006
4421.76137 14.404 0.006
4425.72548 14.430 0.006
4429.68968 14.466 0.006
4431.82948 14.488 0.006
4435.84829 14.495 0.006
4439.70199 14.508 0.006
4442.67923 14.508 0.006
4448.72830 14.520 0.006
4450.73961 14.521 0.006
4453.71520 14.523 0.006
4456.72860 14.502 0.006
4458.67620 14.485 0.006
4461.62633 14.476 0.006
4465.64711 14.436 0.006
4468.67787 14.392 0.006
4473.61419 14.304 0.006
4477.70167 14.235 0.006
4479.72326 14.196 0.006
4483.68316 14.136 0.006
4486.68164 14.083 0.006
4490.67989 14.041 0.006
4493.75064 14.007 0.006
4498.61580 13.966 0.006
4501.60885 13.953 0.006
4503.60533 13.945 0.006
4508.55263 13.951 0.006
4510.63384 13.956 0.006
4516.51453 13.964 0.006
4520.60456 13.949 0.006
4523.58806 13.950 0.006
4530.53146 13.944 0.006
4532.50349 13.938 0.006
4535.56179 13.943 0.006
4538.60317 13.929 0.006
4540.57241 13.930 0.006
4544.53829 13.917 0.006
4546.59030 13.924 0.006
4559.51891 13.896 0.006
4566.54123 13.834 0.006
4574.49962 13.786 0.006
4591.46305 13.741 0.006
4677.93614 14.189 0.006
4681.89123 14.149 0.006
4691.85680 14.077 0.006
4704.88760 13.909 0.006
4717.84904 13.796 0.006
4722.87314 13.766 0.006
4726.81402 13.748 0.006
4730.83591 13.713 0.006
4747.80717 13.673 0.006
4750.88050 13.683 0.006
4756.77793 13.693 0.006
4759.82511 13.705 0.006
4762.78481 13.706 0.006
4768.76287 13.746 0.006
4771.80480 13.779 0.006
4774.78553 13.809 0.006
4776.83923 13.838 0.006
4780.77223 13.862 0.006
4783.77017 13.888 0.006
4788.69666 13.932 0.006
4790.86031 13.957 0.006
4794.64294 13.960 0.006
4797.66024 13.963 0.006
4800.70635 13.967 0.006
4802.73806 13.963 0.006
4805.70738 13.958 0.006
4807.66994 13.960 0.006
4809.66272 13.950 0.006
4812.65032 13.954 0.006
4814.63835 13.937 0.006
4816.64004 13.941 0.006
4818.66219 13.922 0.006
4820.66910 13.920 0.006
4823.67267 13.901 0.006
4825.76149 13.892 0.006
4831.80688 13.867 0.006
4834.73658 13.842 0.006
4836.73901 13.836 0.006
4838.68958 13.824 0.006
4841.70610 13.811 0.006
4843.70545 13.804 0.006
4846.67136 13.791 0.006
4848.69720 13.803 0.006
4850.68926 13.796 0.006
4852.68352 13.796 0.006
4854.68636 13.804 0.006
4856.68299 13.807 0.006
4859.65557 13.823 0.006
4865.70223 13.871 0.006
4867.63852 13.887 0.006
4870.62397 13.910 0.006
4873.64644 13.947 0.006
4875.60440 13.974 0.006
4877.62978 14.008 0.006
4879.55821 14.029 0.006
4882.65130 14.065 0.006
4884.58879 14.082 0.006
4887.62516 14.130 0.006
4901.62829 14.301 0.006
4908.57578 14.415 0.006
4916.52077 14.492 0.006
4920.55285 14.526 0.006
4926.50961 14.569 0.006
4931.54643 14.556 0.006
4935.51305 14.545 0.006
4939.52002 14.509 0.006
4943.51967 14.509 0.006
4948.49643 14.432 0.006
4955.48293 14.355 0.006
