2165.90781 15.191 0.006
2166.82639 15.172 0.006
2166.85243 15.178 0.006
2172.87516 15.169 0.006
2172.90243 15.193 0.006
2183.89570 15.244 0.006
2189.83242 15.246 0.006
2189.85811 15.259 0.006
2191.86676 15.252 0.006
2192.76180 15.237 0.006
2200.86778 15.181 0.006
2201.77173 15.168 0.006
2212.78174 15.120 0.006
2212.80630 15.115 0.006
2217.76665 15.151 0.006
2217.79070 15.149 0.006
2223.78693 15.172 0.006
2223.81128 15.181 0.006
2226.76177 15.198 0.006
2226.78564 15.197 0.006
2228.80529 15.208 0.006
2228.82907 15.208 0.006
2232.73892 15.222 0.006
2232.76274 15.217 0.006
2234.73269 15.225 0.006
2234.75669 15.225 0.006
2238.68353 15.256 0.006
2238.70735 15.234 0.006
2240.81245 15.246 0.006
2240.83629 15.239 0.006
2242.81825 15.239 0.006
2242.84203 15.238 0.006
2244.86487 15.235 0.007
2248.72329 15.213 0.006
2249.75148 15.209 0.006
2251.75292 15.205 0.006
2251.78397 15.188 0.006
2253.74440 15.182 0.006
2253.77052 15.194 0.006
2255.69883 15.189 0.006
2255.85416 15.155 0.006
2258.66107 15.168 0.006
2258.69829 15.169 0.006
2261.64668 15.158 0.006
2265.74871 15.157 0.006
2269.77979 15.167 0.006
2271.66182 15.165 0.006
2271.72327 15.156 0.006
2273.65753 15.156 0.006
2273.81842 15.161 0.006
2275.79191 15.154 0.006
2277.76255 15.146 0.006
2277.79467 15.155 0.006
2279.76765 15.126 0.006
2279.79152 15.163 0.006
2281.75434 15.162 0.006
2283.81153 15.178 0.006
2289.71377 15.197 0.006
2291.72123 15.189 0.006
2291.75449 15.207 0.006
2293.69334 15.190 0.006
2295.74391 15.196 0.006
2297.73483 15.193 0.006
2299.76725 15.190 0.006
2301.67267 15.187 0.006
2302.58061 15.162 0.006
2303.66804 15.183 0.006
2326.54894 15.141 0.006
2326.57647 15.161 0.006
2332.51987 15.187 0.006
2338.54243 15.201 0.006
2355.50784 15.195 0.006
2368.49521 15.222 0.006
2387.49816 15.148 0.006
2520.90608 15.185 0.006
2521.88540 15.184 0.006
2521.91793 15.192 0.006
2537.83878 15.192 0.006
2539.81387 15.183 0.006
2542.80625 15.188 0.006
2542.83008 15.183 0.006
2544.88798 15.174 0.006
2545.78791 15.169 0.006
2551.85236 15.139 0.006
2551.87821 15.140 0.006
2555.87643 15.132 0.006
2559.78533 15.120 0.006
2559.81612 15.135 0.006
2563.83554 15.163 0.006
2563.86136 15.153 0.006
2577.82538 15.201 0.006
2577.85114 15.202 0.006
2580.85482 15.193 0.006
2583.74762 15.177 0.006
2589.76163 15.182 0.006
2589.78788 15.176 0.006
2594.80471 15.196 0.006
2599.82219 15.233 0.006
2599.85951 15.210 0.006
2609.63466 15.231 0.006
2609.66576 15.219 0.006
2611.66969 15.207 0.006
2617.81636 15.175 0.006
2620.75892 15.165 0.006
2620.78536 15.167 0.006
2623.70321 15.160 0.006
2623.75858 15.159 0.006
2626.68368 15.161 0.006
2627.62546 15.162 0.006
2628.85077 15.178 0.006
2630.83952 15.187 0.006
2631.67359 15.192 0.006
2632.63025 15.184 0.006
2634.66847 15.176 0.006
2635.62525 15.195 0.006
2637.69448 15.199 0.006
2639.78166 15.204 0.006
2639.80927 15.219 0.006
2641.63191 15.213 0.006
2641.65595 15.203 0.006
2643.64295 15.210 0.006
2643.66764 15.200 0.006
2645.63567 15.194 0.006
2645.65943 15.189 0.006
2646.66309 15.196 0.006
2647.58618 15.168 0.006
2650.71939 15.144 0.006
2651.65425 15.160 0.006
2652.70958 15.158 0.006
2653.67846 15.153 0.006
2654.81413 15.155 0.006
2655.66349 15.152 0.006
2657.72867 15.155 0.006
2657.79724 15.152 0.006
2659.66443 15.171 0.006
2659.69765 15.177 0.006
2661.68910 15.187 0.006
2661.79735 15.187 0.006
2665.76732 15.222 0.006
2665.79103 15.212 0.006
2667.78748 15.230 0.006
2671.79696 15.219 0.006
2673.67649 15.227 0.006
2673.72989 15.222 0.006
2675.70341 15.213 0.006
2675.72739 15.211 0.006
2677.73807 15.192 0.006
2679.72879 15.178 0.006
2679.75284 15.179 0.006
2682.61117 15.158 0.006
2686.58562 15.146 0.006
2690.63220 15.139 0.006
2691.53109 15.157 0.006
2695.58845 15.160 0.006
2700.53944 15.188 0.006
2705.58573 15.178 0.006
2706.52086 15.206 0.006
2713.52449 15.185 0.006
2734.49789 15.263 0.006
2841.92868 15.216 0.006
2869.87918 15.137 0.006
2884.84123 15.128 0.006
2890.80902 15.174 0.006
2890.83442 15.175 0.006
2895.84472 15.203 0.006
2895.87016 15.201 0.006
2900.80037 15.201 0.006
2900.82580 15.222 0.006
2906.83134 15.228 0.006
2906.85681 15.230 0.006
2910.86481 15.233 0.006
2910.89015 15.230 0.006
2915.86098 15.240 0.006
2915.89032 15.241 0.006
2921.86328 15.247 0.006
2921.88904 15.245 0.006
2925.82451 15.230 0.006
2925.83937 15.232 0.006
2925.85887 15.235 0.006
2929.84371 15.190 0.006
2930.77145 15.192 0.006
2933.79033 15.181 0.006
2933.81586 15.187 0.006
2939.79887 15.175 0.006
2939.82428 15.182 0.006
2941.84237 15.179 0.006
2943.71714 15.175 0.006
2946.79472 15.192 0.006
2946.82019 15.190 0.006
2948.81049 15.200 0.006
2948.83981 15.208 0.006
2952.77909 15.230 0.006
2952.80653 15.216 0.006
2955.83613 15.247 0.006
2955.86143 15.234 0.006
2957.76367 15.250 0.006
2958.67671 15.251 0.006
2961.74702 15.271 0.006
2962.68767 15.249 0.006
2963.80525 15.269 0.006
2965.70470 15.259 0.006
2966.74466 15.253 0.006
2967.80407 15.261 0.006
2970.67121 15.242 0.006
2970.71726 15.244 0.006
2974.67339 15.231 0.006
2974.70924 15.236 0.006
2975.79852 15.242 0.006
2976.74308 15.228 0.006
2978.63762 15.223 0.006
2979.83502 15.203 0.006
2980.66403 15.219 0.006
2981.84224 15.231 0.007
2982.62321 15.206 0.006
2983.74302 15.201 0.006
2984.66437 15.199 0.006
2986.72549 15.200 0.006
2986.75219 15.193 0.006
2988.69238 15.179 0.006
2988.72017 15.195 0.006
2990.65356 15.193 0.006
2990.71702 15.187 0.006
2992.71385 15.189 0.006
2992.74008 15.195 0.006
2994.65094 15.195 0.006
2994.80461 15.184 0.006
2996.68012 15.196 0.006
2996.74125 15.210 0.006
2998.66339 15.201 0.006
2998.69603 15.203 0.006
2999.78805 15.211 0.006
3000.68021 15.198 0.006
3001.66679 15.211 0.006
3002.66742 15.217 0.006
3003.66244 15.225 0.006
3004.66716 15.221 0.006
3005.61941 15.226 0.006
3006.61286 15.217 0.006
3007.73787 15.220 0.006
3009.67371 15.228 0.006
3010.68743 15.226 0.006
3011.61927 15.224 0.006
3012.78287 15.210 0.006
3013.64994 15.214 0.006
3016.70158 15.194 0.006
3017.62523 15.188 0.006
3018.69144 15.180 0.006
3018.71707 15.186 0.006
3020.79227 15.183 0.006
3022.81879 15.181 0.006
3024.76732 15.184 0.006
3026.71087 15.157 0.006
3026.76465 15.173 0.006
3028.77213 15.172 0.006
3030.77700 15.175 0.006
3033.67357 15.169 0.006
3033.70429 15.178 0.006
3035.67974 15.172 0.006
3035.71058 15.204 0.006
3038.68892 15.205 0.006
3040.68855 15.215 0.006
3041.56054 15.205 0.006
3042.63209 15.217 0.006
3043.59035 15.201 0.006
3044.56602 15.212 0.006
3045.62939 15.196 0.006
3046.58150 15.213 0.006
3048.56644 15.218 0.006
3049.58925 15.194 0.006
3050.55988 15.192 0.006
3050.58532 15.208 0.006
3052.55417 15.175 0.006
3052.58234 15.201 0.006
3054.55584 15.182 0.006
3054.58317 15.191 0.006
3056.55498 15.160 0.006
3056.58038 15.185 0.006
3060.59462 15.179 0.006
3064.59248 15.185 0.006
3067.65611 15.194 0.006
3069.61620 15.190 0.006
3073.52559 15.199 0.006
3075.62030 15.195 0.006
3078.54017 15.193 0.006
3082.52915 15.188 0.006
3084.60509 15.187 0.006
3087.53997 15.149 0.006
3087.56664 15.178 0.006
3090.52229 15.197 0.006
3093.50363 15.186 0.006
3098.61256 15.182 0.006
3101.57025 15.189 0.006
3104.54347 15.184 0.006
3111.51695 15.212 0.006
3114.51093 15.210 0.006
3115.53524 15.198 0.006
3126.47537 15.156 0.006
3144.49066 15.167 0.006
3224.89084 15.205 0.006
3239.92483 15.229 0.006
3247.89578 15.228 0.006
3256.87408 15.229 0.006
3263.84102 15.248 0.006
3268.83925 15.246 0.006
3268.86468 15.240 0.006
3273.79813 15.212 0.006
3273.83630 15.219 0.006
3276.85436 15.195 0.006
3276.88361 15.214 0.006
3281.79381 15.176 0.006
3281.81929 15.183 0.006
3283.89362 15.193 0.006
3289.80751 15.227 0.006
3289.83275 15.226 0.006
3294.80545 15.272 0.006
3294.83092 15.252 0.006
3296.81088 15.257 0.006
3296.83625 15.260 0.006
3298.84145 15.260 0.006
3298.86679 15.269 0.006
3301.66172 15.256 0.006
3301.68717 15.259 0.006
3303.81319 15.264 0.006
3303.85619 15.259 0.006
3306.80560 15.238 0.006
3306.83080 15.225 0.006
3308.82238 15.228 0.006
3308.84782 15.214 0.006
3310.85472 15.200 0.006
3311.65796 15.195 0.006
3314.82224 15.193 0.006
3320.69107 15.166 0.006
3321.70103 15.179 0.006
3323.64405 15.174 0.006
3325.75893 15.170 0.006
3329.79415 15.174 0.006
3329.82011 15.171 0.006
3334.69029 15.160 0.006
3334.71994 15.162 0.006
3338.74633 15.154 0.006
3338.77568 15.161 0.006
3349.71848 15.156 0.006
3349.79197 15.157 0.006
3351.77677 15.169 0.006
3352.63300 15.150 0.006
3354.74493 15.191 0.006
3355.65486 15.193 0.006
3358.63123 15.210 0.006
3359.71385 15.199 0.006
3361.72701 15.228 0.006
3363.69176 15.204 0.006
3363.71716 15.234 0.006
3367.67068 15.220 0.006
3369.75391 15.216 0.006
3372.66379 15.172 0.006
3372.68946 15.201 0.006
3377.69794 15.149 0.006
3377.72562 15.173 0.006
3380.74126 15.156 0.006
3386.75142 15.160 0.006
3391.57135 15.158 0.006
3391.59674 15.157 0.006
3395.66081 15.182 0.006
3398.68288 15.182 0.006
3398.70850 15.188 0.006
3400.66926 15.185 0.006
3402.65380 15.196 0.006
3403.65804 15.187 0.006
3404.58162 15.197 0.006
3406.59199 15.195 0.006
3408.53507 15.194 0.006
3410.60973 15.185 0.006
3412.58041 15.210 0.006
3414.61197 15.209 0.006
3419.57919 15.214 0.006
3426.51831 15.244 0.006
3433.56944 15.245 0.006
3436.56307 15.212 0.006
3443.54003 15.175 0.006
3452.52561 15.114 0.006
3453.50640 15.150 0.006
3574.91622 15.213 0.006
3574.94128 15.214 0.006
3585.93905 15.163 0.006
3588.90656 15.158 0.006
3588.93195 15.153 0.006
3589.88298 15.160 0.006
3590.90844 15.155 0.006
3614.89775 15.204 0.006
3614.92326 15.203 0.006
3617.87994 15.206 0.006
3629.79311 15.227 0.006
3629.81943 15.217 0.006
3634.75123 15.210 0.006
3634.78555 15.224 0.006
3639.89581 15.211 0.006
3640.74760 15.201 0.006
3641.82945 15.212 0.006
3644.88989 15.204 0.006
3650.79968 15.167 0.006
3650.82481 15.161 0.006
3653.82757 15.158 0.006
3653.85276 15.148 0.006
3656.88353 15.144 0.006
3657.80330 15.151 0.006
3660.76904 15.149 0.006
3661.78993 15.155 0.006
3664.80449 15.162 0.006
3666.78711 15.160 0.006
3668.74079 15.183 0.006
3671.78550 15.193 0.006
3671.87635 15.194 0.006
3675.79992 15.202 0.006
3676.85174 15.216 0.006
3683.82308 15.230 0.006
3684.79592 15.228 0.006
3687.71498 15.215 0.006
3689.78851 15.202 0.006
3689.81356 15.207 0.006
3692.70905 15.193 0.006
3692.73796 15.186 0.006
3694.81188 15.181 0.006
3694.84131 15.190 0.006
3696.66184 15.188 0.006
3696.68720 15.181 0.006
3699.67411 15.184 0.006
3699.69946 15.187 0.006
3701.72527 15.186 0.006
3701.75031 15.180 0.006
3704.71686 15.185 0.006
3704.74655 15.180 0.006
3706.74506 15.189 0.006
3706.77105 15.181 0.006
3711.63685 15.195 0.006
3711.66204 15.192 0.006
3713.65046 15.193 0.006
3713.67571 15.194 0.006
3716.68393 15.190 0.006
3716.72476 15.185 0.006
3719.66118 15.188 0.006
3719.75251 15.187 0.006
3722.81072 15.187 0.006
3725.74450 15.183 0.006
3726.67498 15.183 0.006
3727.69245 15.191 0.006
3728.64773 15.184 0.006
3730.62079 15.203 0.006
3731.74829 15.205 0.006
3733.60947 15.222 0.006
3733.63444 15.202 0.006
3734.71230 15.219 0.006
3734.73741 15.205 0.006
3736.73128 15.220 0.006
3736.75630 15.210 0.006
3737.64489 15.211 0.006
3738.65318 15.227 0.006
3739.70703 15.219 0.006
3740.68817 15.236 0.006
3743.65366 15.237 0.006
3743.71119 15.226 0.006
3746.72758 15.231 0.006
3746.75358 15.222 0.006
3748.68019 15.224 0.006
3748.70620 15.230 0.006
3750.57247 15.235 0.006
3750.71237 15.229 0.006
3752.69371 15.220 0.006
3752.72044 15.214 0.006
3754.68211 15.214 0.006
3754.74170 15.215 0.006
3755.66149 15.199 0.006
3757.63560 15.203 0.006
3758.70299 15.199 0.006
3759.60122 15.187 0.006
3762.66106 15.184 0.006
3762.68609 15.179 0.006
3765.65166 15.187 0.006
3765.70802 15.172 0.006
3769.72363 15.177 0.006
3769.74861 15.167 0.006
3772.69177 15.168 0.006
3772.71691 15.166 0.006
3775.66376 15.170 0.006
3775.70885 15.178 0.006
3778.66221 15.188 0.006
3778.68736 15.180 0.006
3781.72326 15.195 0.006
3782.59548 15.187 0.006
3786.54630 15.199 0.006
3786.57153 15.193 0.006
3791.54191 15.211 0.006
3791.56787 15.200 0.006
3798.54226 15.207 0.006
3798.56754 15.200 0.006
3805.52745 15.224 0.006
3805.55472 15.220 0.006
3819.50630 15.189 0.006
3820.50005 15.185 0.006
3937.94655 15.127 0.006
3944.93363 15.157 0.006
3961.90113 15.226 0.006
3961.93035 15.213 0.006
3968.88366 15.206 0.006
3968.91241 15.204 0.006
3974.86923 15.228 0.006
3974.90838 15.217 0.006
3981.77673 15.233 0.006
3981.80140 15.233 0.006
3987.90075 15.210 0.006
3988.87734 15.191 0.006
3995.80837 15.172 0.006
3995.83634 15.178 0.006
4002.80776 15.161 0.006
4002.83245 15.161 0.006
4004.82898 15.167 0.006
4005.78249 15.173 0.006
4007.76162 15.179 0.006
4007.78669 15.178 0.006
4011.74231 15.198 0.006
4011.76713 15.202 0.006
4018.75270 15.230 0.006
4018.78170 15.215 0.006
4023.77611 15.222 0.006
4023.80621 15.207 0.006
4026.69209 15.196 0.006
4026.71686 15.200 0.006
4028.82809 15.185 0.006
4028.85290 15.175 0.006
4031.71584 15.146 0.006
4031.74063 15.151 0.006
4037.81619 15.120 0.006
4037.84952 15.132 0.006
4040.79151 15.145 0.006
4040.81687 15.148 0.006
4042.80699 15.164 0.006
4042.83166 15.152 0.006
4046.68176 15.184 0.006
4046.70748 15.178 0.006
4048.77112 15.189 0.006
4048.79642 15.182 0.006
4051.76077 15.193 0.006
4052.63931 15.188 0.006
4053.81208 15.195 0.006
4053.83699 15.195 0.006
4056.63193 15.205 0.006
4059.64296 15.214 0.006
4059.66778 15.195 0.006
4064.63228 15.208 0.006
4064.66563 15.226 0.006
4066.61187 15.214 0.006
4067.66610 15.215 0.006
4069.65420 15.223 0.006
4069.67925 15.218 0.006
4071.60432 15.206 0.006
4072.69136 15.212 0.006
4076.65741 15.200 0.006
4076.76180 15.203 0.006
4079.63672 15.190 0.006
4079.69266 15.188 0.006
4082.65739 15.163 0.006
4082.68301 15.163 0.006
4084.73782 15.144 0.006
4084.76287 15.150 0.006
4087.65759 15.135 0.006
4087.68233 15.137 0.006
4093.77135 15.135 0.006
4093.80593 15.119 0.006
4102.61220 15.164 0.006
4102.65956 15.165 0.006
4104.78089 15.153 0.006
4104.80636 15.160 0.006
4109.63775 15.187 0.006
4109.66723 15.181 0.006
4113.66101 15.208 0.006
4113.68582 15.212 0.006
4118.56793 15.231 0.006
4119.62403 15.232 0.006
4120.65404 15.223 0.006
4122.67291 15.225 0.006
4124.68478 15.231 0.006
4125.72028 15.236 0.006
4127.63868 15.233 0.006
4129.71974 15.232 0.006
4132.61670 15.229 0.006
4142.55164 15.215 0.006
4142.57797 15.206 0.006
4150.52873 15.162 0.006
4150.55444 15.163 0.006
4153.60331 15.139 0.006
4154.53619 15.144 0.006
4165.53371 15.156 0.006
4165.58216 15.162 0.006
4180.52360 15.243 0.006
4184.50226 15.230 0.006
4340.90288 15.182 0.006
4341.83816 15.188 0.006
4345.89729 15.177 0.006
4346.89097 15.173 0.006
4350.87173 15.177 0.006
4350.90956 15.165 0.006
4355.87932 15.184 0.006
4357.84318 15.185 0.006
4361.84008 15.205 0.006
4363.77162 15.193 0.006
4364.84691 15.206 0.006
4365.79526 15.205 0.006
4367.75940 15.212 0.006
4369.79087 15.204 0.006
4370.79627 15.224 0.006
4372.76555 15.210 0.006
4376.83138 15.211 0.006
4376.85610 15.205 0.006
4379.83772 15.196 0.006
4379.86266 15.184 0.006
4383.84198 15.190 0.006
4383.86674 15.181 0.006
4388.78185 15.175 0.006
4388.86071 15.177 0.006
4392.83611 15.162 0.006
4393.73461 15.161 0.006
4398.78493 15.164 0.006
4398.80981 15.161 0.006
4403.72473 15.171 0.006
4403.75043 15.182 0.006
4410.85189 15.203 0.006
4411.74560 15.190 0.006
4417.73981 15.191 0.006
4417.82846 15.193 0.006
4421.71582 15.167 0.006
4421.74085 15.163 0.006
4421.77174 15.164 0.006
4425.73580 15.152 0.006
4425.81407 15.146 0.006
4429.69999 15.148 0.006
4429.72482 15.141 0.006
4431.83982 15.148 0.006
4432.76637 15.135 0.006
4435.85864 15.150 0.006
4436.69288 15.137 0.006
4439.71236 15.148 0.006
4439.73706 15.147 0.006
4442.68961 15.174 0.006
4442.71444 15.165 0.006
4448.74305 15.219 0.006
4448.77012 15.209 0.006
4450.74992 15.223 0.006
4450.77481 15.215 0.006
4453.72558 15.213 0.006
4453.75062 15.207 0.006
4456.73894 15.188 0.006
4456.76396 15.176 0.006
4458.68658 15.170 0.006
4459.67398 15.160 0.006
4461.63663 15.153 0.006
4462.67597 15.139 0.006
4465.65746 15.138 0.006
4465.71621 15.131 0.006
4468.68825 15.127 0.006
4469.66935 15.133 0.006
4473.62453 15.150 0.006
4474.67137 15.154 0.006
4477.71206 15.192 0.006
4478.77413 15.192 0.006
4479.73366 15.213 0.006
4481.77292 15.203 0.006
4483.69357 15.223 0.006
4484.68265 15.201 0.006
4486.69202 15.202 0.006
4487.74501 15.188 0.006
4490.69026 15.183 0.006
4492.69759 15.156 0.006
4493.76107 15.157 0.006
4494.73202 15.145 0.006
4498.62566 15.152 0.006
4499.61366 15.143 0.006
4501.61871 15.155 0.006
4502.68649 15.154 0.006
4503.61519 15.170 0.006
4507.64524 15.187 0.006
4508.56251 15.206 0.006
4509.64251 15.198 0.006
4510.64430 15.210 0.006
4516.52500 15.239 0.006
4520.61500 15.211 0.006
4522.54988 15.219 0.006
4523.59854 15.227 0.006
4524.56389 15.209 0.006
4530.54197 15.185 0.006
4530.56906 15.176 0.006
4532.51398 15.172 0.006
4532.56110 15.169 0.006
4535.59307 15.154 0.006
4537.55915 15.151 0.006
4538.61370 15.160 0.006
4540.58296 15.164 0.006
4540.60790 15.148 0.006
4544.54883 15.172 0.006
4546.60084 15.177 0.006
4559.52949 15.207 0.006
4566.55182 15.202 0.006
4574.51023 15.193 0.006
4591.47373 15.184 0.006
4681.90187 15.205 0.006
4691.86739 15.190 0.006
4704.89815 15.218 0.006
4717.86398 15.222 0.006
4722.88363 15.206 0.006
4726.82454 15.194 0.006
4730.84640 15.190 0.006
4747.81759 15.168 0.006
4750.89090 15.170 0.006
4756.78835 15.178 0.006
4759.83551 15.179 0.006
4762.79521 15.179 0.006
4768.77324 15.191 0.006
4771.81517 15.204 0.006
4774.79589 15.214 0.006
4776.84959 15.207 0.006
4780.78259 15.226 0.006
4783.78052 15.229 0.006
4788.70705 15.219 0.006
4791.68349 15.213 0.006
4794.65328 15.202 0.006
4797.67060 15.210 0.006
4800.71668 15.204 0.006
4802.74836 15.197 0.006
4805.71772 15.206 0.006
4807.68032 15.210 0.006
4809.67307 15.206 0.006
4812.66067 15.204 0.006
4814.64872 15.190 0.006
4816.65036 15.207 0.006
4818.67251 15.204 0.006
4820.67944 15.199 0.006
4823.68305 15.195 0.006
4825.77182 15.206 0.006
4831.81375 15.211 0.006
4834.74697 15.200 0.006
4836.74935 15.194 0.006
4838.69995 15.184 0.006
4841.71650 15.167 0.006
4843.71580 15.167 0.006
4846.68171 15.162 0.006
4848.70758 15.162 0.006
4850.69968 15.173 0.006
4852.69386 15.179 0.006
4854.69698 15.191 0.006
4856.69342 15.191 0.006
4859.66598 15.189 0.006
4865.71267 15.190 0.006
4867.64893 15.200 0.006
4870.63440 15.202 0.006
4873.65689 15.195 0.006
4875.61485 15.185 0.006
4877.64022 15.199 0.006
4879.56866 15.194 0.006
4882.66176 15.197 0.006
4884.59927 15.210 0.006
4887.63565 15.216 0.006
4901.63884 15.234 0.006
4908.58630 15.257 0.006
4916.53131 15.176 0.006
4920.56286 15.176 0.006
4926.51964 15.216 0.006
4931.55647 15.236 0.006
4935.52310 15.269 0.006
4939.53006 15.249 0.006
4943.52977 15.203 0.006
4948.50650 15.170 0.006
4955.48973 15.171 0.006
