2166.84169 13.829 0.006
2172.89172 13.863 0.006
2183.88499 13.965 0.006
2189.84743 13.996 0.006
2192.75185 13.994 0.006
2201.76105 13.981 0.006
2212.79639 13.860 0.006
2217.78083 13.807 0.006
2223.80137 13.759 0.006
2226.77573 13.743 0.006
2228.81920 13.741 0.006
2232.75285 13.726 0.006
2234.74682 13.725 0.006
2238.69745 13.731 0.006
2240.82642 13.738 0.006
2242.83214 13.739 0.006
2248.71340 13.772 0.006
2251.73866 13.787 0.006
2253.75895 13.795 0.006
2255.68893 13.797 0.006
2258.68841 13.830 0.006
2261.66121 13.855 0.006
2269.76990 13.898 0.006
2271.71337 13.896 0.006
2273.80853 13.902 0.006
2275.78202 13.900 0.006
2277.78480 13.907 0.006
2279.78165 13.905 0.006
2281.74446 13.909 0.006
2283.80165 13.908 0.006
2289.73847 13.883 0.006
2291.74459 13.868 0.006
2293.71293 13.865 0.006
2295.73399 13.851 0.006
2297.72493 13.840 0.006
2299.75733 13.830 0.006
2301.66273 13.821 0.006
2303.65812 13.824 0.006
2326.56576 13.793 0.006
2332.50915 13.797 0.006
2338.53172 13.785 0.006
2344.52473 13.773 0.006
2355.49705 13.812 0.006
2387.48726 13.878 0.006
2521.90714 14.139 0.006
2537.85395 14.116 0.006
2542.82007 14.133 0.006
2544.87723 14.140 0.006
2551.86748 14.144 0.006
2555.89148 14.138 0.006
2559.80543 14.170 0.006
2563.85070 14.150 0.006
2577.84122 14.229 0.006
2580.86918 14.243 0.006
2589.77726 14.267 0.006
2594.79409 14.263 0.006
2599.84892 14.259 0.006
2609.65408 14.275 0.006
2611.65927 14.293 0.006
2617.80596 14.303 0.006
2620.77493 14.291 0.006
2623.74821 14.281 0.006
2626.67330 14.281 0.006
2627.61510 14.290 0.006
2628.84035 14.280 0.006
2630.82909 14.287 0.006
2632.61989 14.283 0.006
2635.61539 14.282 0.006
2637.74108 14.279 0.006
2637.75556 14.288 0.006
2639.77177 14.277 0.006
2641.64605 14.277 0.006
2643.65723 14.271 0.006
2645.64957 14.272 0.006
2647.57630 14.266 0.006
2651.64381 14.272 0.006
2653.66744 14.253 0.006
2655.65360 14.259 0.006
2657.78733 14.246 0.006
2659.65451 14.236 0.006
2661.67515 14.228 0.006
2665.78109 14.211 0.006
2667.85180 14.224 0.006
2671.78538 14.191 0.006
2675.71746 14.177 0.006
2677.75184 14.167 0.006
2679.74288 14.166 0.006
2682.60063 14.168 0.006
2686.56984 14.174 0.006
2691.52055 14.177 0.006
2695.57791 14.156 0.006
2700.52891 14.156 0.006
2713.51392 14.120 0.006
2735.49399 14.051 0.006
2841.91386 14.142 0.006
2868.88066 13.961 0.006
2890.82381 13.859 0.006
2895.85959 13.870 0.006
2900.81524 13.880 0.006
2906.84628 13.880 0.006
2910.87958 13.900 0.006
2915.87977 13.914 0.006
2921.87853 13.937 0.006
2925.84838 13.932 0.006
2930.76099 13.922 0.006
2933.80538 13.912 0.006
2939.81384 13.896 0.006
2941.83196 13.899 0.006
2943.70669 13.887 0.006
2946.80973 13.875 0.006
2948.80005 13.885 0.006
2952.79613 13.861 0.006
2955.85103 13.853 0.006
2958.66634 13.862 0.006
2962.67731 13.841 0.006
2965.69435 13.839 0.006
2967.79369 13.836 0.006
2970.69990 13.818 0.006
2970.70688 13.820 0.006
2974.69888 13.821 0.006
2976.73272 13.819 0.006
2978.62724 13.807 0.006
2980.65364 13.810 0.006
2982.61285 13.789 0.006
2984.65400 13.804 0.006
2986.74179 13.800 0.006
2988.70982 13.797 0.006
2990.64317 13.815 0.006
2992.72971 13.806 0.006
2994.63995 13.804 0.006
2996.72659 13.816 0.006
2998.68565 13.808 0.006
2999.77764 13.800 0.006
3001.65639 13.807 0.006
3003.65206 13.818 0.006
3005.60880 13.812 0.006
3007.72749 13.815 0.006
3009.66333 13.822 0.006
3011.60888 13.827 0.006
3013.63956 13.844 0.006
3017.61481 13.829 0.006
3018.70664 13.841 0.006
3020.78183 13.838 0.006
3022.80837 13.843 0.006
3024.75689 13.843 0.006
3026.75424 13.858 0.006
3028.76169 13.862 0.006
3030.76655 13.869 0.006
3033.69383 13.857 0.006
3035.70013 13.857 0.006
3038.67846 13.873 0.006
3040.67807 13.864 0.006
3042.62162 13.870 0.006
3044.55556 13.874 0.006
3046.57102 13.861 0.006
3048.55599 13.858 0.006
3050.57481 13.858 0.006
3052.57186 13.859 0.006
3054.57270 13.860 0.006
3056.56986 13.862 0.006
3060.58409 13.853 0.006
3064.58200 13.847 0.006
3067.64558 13.824 0.006
3069.60564 13.814 0.006
3073.51502 13.796 0.006
3075.60977 13.782 0.006
3078.52958 13.781 0.006
3082.51856 13.756 0.006
3084.59452 13.747 0.006
3087.55603 13.729 0.006
3090.51168 13.723 0.006
3093.49155 13.720 0.006
3098.60193 13.696 0.006
3101.55964 13.690 0.006
3104.53277 13.683 0.006
3111.50630 13.688 0.006
3114.50028 13.696 0.006
3115.52461 13.701 0.006
3126.46469 13.735 0.006
3144.47924 13.779 0.006
3224.88016 13.671 0.006
3239.91421 13.692 0.006
3247.88518 13.705 0.006
3256.86355 13.753 0.006
3263.83046 13.763 0.006
3268.85416 13.757 0.006
3273.82580 13.760 0.006
3281.80876 13.767 0.006
3289.82231 13.771 0.006
3294.82044 13.774 0.006
3296.82580 13.755 0.006
3298.85633 13.755 0.006
3301.67674 13.749 0.006
3303.84578 13.745 0.006
3306.82037 13.731 0.006
3308.83740 13.719 0.006
3310.86965 13.711 0.006
3320.68064 13.677 0.006
3323.63364 13.676 0.006
3329.80973 13.674 0.006
3334.70954 13.688 0.006
3338.76532 13.710 0.006
3349.78158 13.758 0.006
3351.76640 13.767 0.006
3354.73454 13.780 0.006
3358.62089 13.786 0.006
3361.71664 13.798 0.006
3363.70677 13.802 0.006
3367.66030 13.818 0.006
3372.67908 13.821 0.006
3377.71528 13.829 0.006
3386.74100 13.841 0.006
3391.58632 13.845 0.006
3395.64107 13.844 0.006
3398.69807 13.840 0.006
3402.64335 13.838 0.006
3404.57117 13.837 0.006
3408.52458 13.831 0.006
3412.55452 13.833 0.006
3414.59180 13.828 0.006
3419.55290 13.818 0.006
3426.50791 13.807 0.006
3433.55901 13.815 0.006
3443.52954 13.856 0.006
3453.49588 13.903 0.006
3574.93067 14.275 0.006
3588.92140 14.255 0.006
3589.87242 14.247 0.006
3614.91278 14.227 0.006
3617.86945 14.233 0.006
3629.80902 14.225 0.006
3634.77509 14.241 0.006
3639.88537 14.229 0.006
3641.81905 14.227 0.006
3646.89953 14.210 0.006
3650.81442 14.200 0.006
3653.84239 14.189 0.006
3657.79288 14.161 0.006
3660.75871 14.157 0.006
3664.79413 14.148 0.006
3668.73041 14.145 0.006
3671.86601 14.124 0.006
3676.84141 14.118 0.006
3684.78558 14.115 0.006
3687.70464 14.122 0.006
3689.80327 14.126 0.006
3692.72768 14.126 0.006
3694.80156 14.121 0.006
3696.67688 14.127 0.006
3699.68916 14.114 0.006
3701.74001 14.133 0.006
3704.70655 14.125 0.006
3706.76079 14.123 0.006
3711.65175 14.103 0.006
3713.66545 14.102 0.006
3716.71450 14.096 0.006
3719.71902 14.077 0.006
3722.76180 14.073 0.006
3726.66475 14.056 0.006
3728.63745 14.055 0.006
3731.73797 14.058 0.006
3733.62417 14.058 0.006
3734.72711 14.055 0.006
3736.74603 14.047 0.006
3737.63459 14.052 0.006
3739.69671 14.044 0.006
3741.72410 14.048 0.006
3743.69905 14.044 0.006
3746.74327 14.035 0.006
3748.69587 14.016 0.006
3750.70205 14.018 0.006
3752.71013 14.013 0.006
3754.73139 14.014 0.006
3755.65116 14.014 0.006
3757.62529 14.018 0.006
3759.59088 14.006 0.006
3762.67580 13.997 0.006
3765.69765 13.990 0.006
3769.73830 13.982 0.006
3772.70652 13.973 0.006
3775.69844 13.969 0.006
3778.67695 13.950 0.006
3782.58333 13.939 0.006
3786.56112 13.929 0.006
3791.55741 13.918 0.006
3798.55708 13.904 0.006
3805.54425 13.927 0.006
3820.48954 13.941 0.006
3938.93865 13.785 0.006
3961.91994 13.754 0.006
3968.90203 13.771 0.006
3974.88419 13.794 0.006
3981.79102 13.824 0.006
3987.91507 13.804 0.006
3988.86701 13.799 0.006
3995.82606 13.780 0.006
4002.82216 13.765 0.006
4005.77225 13.762 0.006
4007.77642 13.753 0.006
4011.75685 13.749 0.006
4018.73854 13.765 0.006
4023.79093 13.771 0.006
4026.70664 13.781 0.006
4028.84268 13.788 0.006
4031.73041 13.800 0.006
4037.83935 13.818 0.006
4040.80670 13.822 0.006
4042.82150 13.816 0.006
4046.69728 13.818 0.006
4048.78624 13.820 0.006
4052.62913 13.804 0.006
4053.82682 13.806 0.006
4056.64753 13.776 0.006
4059.65765 13.786 0.006
4064.62216 13.780 0.006
4066.60174 13.778 0.006
4069.66908 13.772 0.006
4071.59342 13.768 0.006
4076.64726 13.754 0.006
4079.68249 13.756 0.006
4082.67288 13.759 0.006
4084.75274 13.752 0.006
4087.67222 13.748 0.006
4093.76117 13.742 0.006
4102.63115 13.746 0.006
4104.79620 13.745 0.006
4109.65705 13.754 0.006
4113.67565 13.761 0.006
4119.61388 13.782 0.006
4122.66276 13.792 0.006
4125.71015 13.809 0.006
4129.70953 13.807 0.006
4142.56769 13.812 0.006
4150.54416 13.814 0.006
4154.52590 13.817 0.006
4165.57182 13.800 0.006
4183.51809 13.819 0.006
4340.89255 14.286 0.006
4346.87909 14.298 0.006
4350.89922 14.307 0.006
4357.83284 14.329 0.006
4363.76136 14.337 0.006
4365.78494 14.337 0.006
4369.78056 14.341 0.006
4372.75523 14.352 0.006
4376.84583 14.364 0.006
4379.85239 14.364 0.006
4383.85646 14.363 0.006
4388.79653 14.341 0.006
4393.72433 14.325 0.006
4398.79956 14.303 0.006
4403.74026 14.298 0.006
4411.73542 14.254 0.006
4417.81828 14.245 0.006
4417.86398 14.245 0.006
4421.73069 14.234 0.006
4425.80388 14.224 0.006
4429.71468 14.217 0.006
4431.85572 14.218 0.006
4436.68271 14.213 0.006
4439.72691 14.219 0.006
4442.70429 14.215 0.006
4448.75997 14.214 0.006
4450.76465 14.214 0.006
4453.74045 14.222 0.006
4456.75379 14.213 0.006
4459.66387 14.190 0.006
4462.66584 14.182 0.006
4465.70606 14.180 0.006
4469.65921 14.173 0.006
4474.66116 14.160 0.006
4478.76399 14.155 0.006
4481.76272 14.170 0.006
4484.67248 14.158 0.006
4487.73484 14.161 0.006
4492.68741 14.163 0.006
4494.72184 14.157 0.006
4499.60383 14.185 0.006
4502.67666 14.185 0.006
4507.63537 14.211 0.006
4509.63263 14.232 0.006
4514.62166 14.262 0.006
4516.54062 14.268 0.006
4520.62961 14.270 0.006
4522.53959 14.291 0.006
4524.55360 14.296 0.006
4530.55875 14.317 0.006
4532.55079 14.325 0.006
4537.54883 14.306 0.006
4540.59754 14.310 0.006
4549.55396 14.267 0.006
4560.49244 14.211 0.006
4567.50396 14.125 0.006
4574.52497 14.067 0.006
4592.46257 13.955 0.006
4681.91602 13.930 0.006
4691.88174 13.908 0.006
4702.89373 13.887 0.006
4719.80936 13.895 0.006
4722.89813 13.900 0.006
4726.88373 13.909 0.006
4731.86011 13.921 0.006
4747.83253 13.971 0.006
4751.87889 13.988 0.006
4756.80290 14.008 0.006
4759.84996 14.012 0.006
4762.80975 14.021 0.006
4768.78775 14.008 0.006
4771.82987 14.002 0.006
4774.83928 13.990 0.006
4776.86425 13.984 0.006
4780.82565 13.945 0.006
4783.79557 13.929 0.006
4788.72497 13.905 0.006
4791.70236 13.892 0.006
4794.70668 13.869 0.006
4797.68816 13.874 0.006
4800.73139 13.863 0.006
4802.76297 13.860 0.006
4804.78714 13.852 0.006
4805.81018 13.845 0.006
4807.76109 13.844 0.006
4810.71905 13.828 0.006
4812.77864 13.834 0.006
4814.66814 13.814 0.006
4816.66502 13.817 0.006
4818.68718 13.817 0.006
4820.69402 13.820 0.006
4823.70763 13.819 0.006
4825.79478 13.815 0.006
4831.83717 13.819 0.006
4832.79736 13.822 0.006
4834.76648 13.823 0.006
4837.66646 13.828 0.006
4839.69499 13.828 0.006
4841.73131 13.817 0.006
4843.73054 13.829 0.006
4846.69650 13.845 0.006
4848.72772 13.859 0.006
4850.71450 13.860 0.006
4852.70853 13.861 0.006
4855.71593 13.873 0.006
4857.69408 13.885 0.006
4863.64813 13.923 0.006
4866.66120 13.921 0.006
4868.65928 13.931 0.006
4870.64874 13.938 0.006
4873.67932 13.952 0.006
4875.57638 13.975 0.006
4876.60700 13.982 0.006
4878.63192 13.991 0.006
4882.55117 14.016 0.006
4884.61361 14.015 0.006
4888.53000 14.020 0.006
4900.56160 13.974 0.006
4904.58729 13.949 0.006
4913.56505 13.878 0.006
4918.54164 13.828 0.006
4924.55620 13.790 0.006
4928.55160 13.784 0.006
4930.50285 13.790 0.006
4934.49961 13.770 0.006
4938.49088 13.769 0.006
4942.50740 13.756 0.006
4947.50075 13.751 0.006
4954.51349 13.774 0.006
