2166.85243 13.010 0.003
2172.90243 13.026 0.005
2183.89570 13.062 0.002
2189.85811 13.084 0.002
2192.76180 13.107 0.010
2201.77173 13.110 0.005
2212.80630 13.120 0.005
2217.79070 13.138 0.010
2223.81128 13.117 0.005
2226.78564 13.088 0.002
2228.82907 13.103 0.005
2230.74251 13.123 0.010
2232.76274 13.098 0.007
2234.75669 13.104 0.012
2238.70735 13.092 0.010
2240.83629 13.061 0.005
2242.84203 13.064 0.005
2248.72329 13.009 0.023
2251.75292 13.022 0.007
2253.77052 13.028 0.012
2255.69883 13.063 0.005
2258.69829 13.015 0.006
2264.80691 13.002 0.012
2269.77979 12.984 0.005
2271.72327 12.967 0.004
2273.81842 12.918 0.008
2275.79191 12.907 0.008
2277.79467 12.905 0.014
2279.79152 12.924 0.005
2281.75434 12.914 0.003
2283.81153 12.897 0.003
2291.75449 12.872 0.004
2295.74391 12.856 0.010
2297.73483 12.843 0.003
2299.76725 12.854 0.007
2303.66804 12.852 0.003
2326.57647 12.878 0.009
2332.51987 12.935 0.002
2338.54243 12.922 0.011
2355.50784 12.993 0.003
2387.49816 13.081 0.002
2521.91793 13.182 0.004
2542.83008 13.222 0.005
2544.88798 13.228 0.007
2551.87821 13.216 0.003
2559.81612 13.224 0.010
2563.86136 13.208 0.002
2573.78836 13.177 0.002
2577.85114 13.159 0.002
2583.74762 13.158 0.007
2594.80471 13.102 0.003
2599.85951 13.060 0.011
2609.66576 13.022 0.003
2611.66969 12.997 0.002
2617.81636 12.960 0.002
2620.78536 13.006 0.015
2623.75858 12.860 0.010
2626.68368 12.894 0.009
2627.62546 12.912 0.003
2628.85077 12.904 0.002
2630.83952 12.940 0.003
2632.63025 12.870 0.005
2635.62525 12.868 0.008
2641.65595 12.838 0.010
2643.66764 12.861 0.002
2645.65943 12.845 0.008
2647.58618 12.898 0.004
2653.67846 12.868 0.003
2655.66349 12.917 0.014
2657.79724 12.890 0.005
2661.68910 12.915 0.008
2665.79103 12.901 0.007
2671.79696 12.945 0.004
2673.72989 12.934 0.001
2675.72739 12.932 0.005
2679.75284 13.012 0.002
2682.61117 13.009 0.003
2686.58562 13.014 0.006
2691.53109 13.015 0.001
2695.58845 13.035 0.005
2700.53944 13.061 0.002
2706.52086 13.106 0.002
2713.52449 13.147 0.003
2841.92868 13.083 0.007
2890.83442 12.970 0.004
2895.87016 12.968 0.015
2900.82580 12.961 0.009
2906.85681 12.953 0.012
2921.88904 12.969 0.007
2925.85887 12.973 0.005
2933.81586 12.988 0.011
2939.82428 12.967 0.005
2943.71714 12.978 0.006
2946.82019 12.953 0.005
2948.81049 12.941 0.009
2955.86143 12.927 0.002
2958.67671 12.905 0.002
2962.68767 12.839 0.007
2965.70470 12.886 0.004
2967.80407 12.841 0.012
2970.71726 12.865 0.005
2978.63762 12.816 0.006
2980.66403 12.760 0.009
2982.62321 12.791 0.014
2984.66437 12.831 0.009
2986.75219 12.759 0.010
2988.72017 12.758 0.013
2990.65356 12.763 0.017
2992.74008 12.791 0.006
2994.65094 12.777 0.009
2996.74125 12.821 0.021
2998.69603 12.797 0.007
2999.78805 12.764 0.012
3001.66679 12.770 0.009
3003.66244 12.807 0.007
3005.61941 12.881 0.005
3007.73787 12.789 0.012
3011.61927 12.860 0.003
3013.64994 12.857 0.008
3017.62523 12.852 0.010
3018.71707 12.914 0.002
3020.79227 12.987 0.003
3022.81879 12.937 0.006
3024.76732 12.929 0.006
3026.76465 12.908 0.016
3028.77213 12.959 0.009
3030.77700 12.958 0.007
3035.71058 12.936 0.009
3038.68892 13.032 0.004
3040.68855 13.000 0.008
3042.63209 12.999 0.010
3044.56602 13.034 0.003
3046.58150 13.082 0.004
3048.56644 13.047 0.018
3050.58532 13.000 0.006
3052.58234 12.989 0.012
3054.58317 13.040 0.002
3056.58038 13.032 0.005
3060.59462 13.064 0.003
3064.59248 13.062 0.002
3067.65611 13.114 0.006
3069.61620 13.071 0.005
3073.52559 13.080 0.003
3075.62030 13.110 0.005
3078.54017 13.112 0.002
3082.52915 13.091 0.007
3084.60509 13.039 0.021
3087.56664 13.171 0.009
3090.52229 13.143 0.005
3093.50363 13.147 0.003
3101.57025 13.152 0.002
3104.54347 13.146 0.005
3107.52338 13.154 0.003
3111.51695 13.132 0.002
3114.51093 13.146 0.003
3115.53524 13.168 0.004
3126.47537 13.071 0.003
3144.49066 13.040 0.004
3224.89084 12.770 0.002
3239.92483 12.808 0.009
3247.89578 12.790 0.013
3256.87408 12.832 0.007
3263.84102 12.856 0.011
3268.86468 12.845 0.005
3273.83630 12.922 0.004
3276.85436 12.899 0.003
3281.81929 12.896 0.007
3289.83275 12.934 0.004
3294.83092 12.947 0.003
3296.83625 12.933 0.004
3298.86679 12.925 0.005
3301.68717 12.957 0.003
3303.85619 12.940 0.003
3306.83080 12.939 0.013
3308.84782 12.941 0.003
3311.65796 12.974 0.007
3320.69107 12.986 0.004
3323.64405 13.011 0.003
3329.82011 12.927 0.020
3334.71994 12.919 0.008
3338.77568 12.884 0.021
3349.79197 12.952 0.004
3351.77677 12.895 0.007
3354.74493 12.948 0.002
3358.63123 12.931 0.004
3361.72701 12.892 0.044
3363.71716 12.919 0.004
3367.67068 12.924 0.004
3372.68946 12.865 0.018
3377.72562 12.950 0.002
3380.74126 12.960 0.003
3386.75142 12.939 0.007
3391.59674 12.958 0.003
3395.66081 12.909 0.016
3398.70850 12.978 0.004
3402.65380 12.976 0.005
3404.58162 12.975 0.002
3408.53507 12.987 0.003
3412.58041 13.001 0.002
3414.61197 12.999 0.003
3426.51831 12.980 0.002
3433.56944 12.976 0.002
3443.54003 12.942 0.005
3453.50640 12.926 0.004
3574.94128 12.845 0.003
3588.93195 12.906 0.004
3589.88298 12.903 0.005
3614.92326 13.062 0.002
3617.87994 13.025 0.003
3629.81943 13.068 0.003
3634.78555 13.061 0.004
3639.89581 13.056 0.007
3641.82945 13.058 0.004
3650.82481 13.056 0.005
3653.85276 13.009 0.005
3657.80330 13.034 0.010
3660.76904 13.020 0.003
3664.80449 12.988 0.011
3668.74079 13.014 0.002
3671.87635 12.981 0.003
3676.85174 12.955 0.005
3684.79592 12.930 0.015
3687.71498 12.909 0.010
3689.81356 12.908 0.014
3692.73796 12.869 0.005
3694.81188 12.902 0.004
3696.68720 12.912 0.004
3699.69946 12.881 0.007
3701.75031 12.876 0.003
3704.71686 12.816 0.010
3706.77105 12.854 0.009
3711.66204 12.889 0.006
3713.67571 12.805 0.010
3716.72476 12.838 0.008
3719.75251 12.892 0.007
3722.81072 12.844 0.008
3726.67498 12.806 0.006
3728.64773 12.863 0.014
3733.63444 12.849 0.006
3734.73741 12.860 0.004
3737.64489 12.827 0.030
3739.70703 12.855 0.008
3743.71119 12.868 0.002
3746.75358 12.852 0.004
3752.72044 12.816 0.010
3754.74170 12.809 0.010
3755.66149 12.854 0.002
3757.63560 12.855 0.010
3759.60122 12.863 0.002
3762.68609 12.817 0.022
3769.74861 12.861 0.005
3772.71691 12.865 0.004
3775.70885 12.879 0.002
3778.68736 12.902 0.012
3782.59548 12.889 0.002
3786.57153 12.906 0.003
3791.56787 12.880 0.007
3798.56754 12.901 0.010
3805.55472 12.919 0.006
3820.50005 12.911 0.008
3944.93363 13.181 0.003
3961.93035 13.219 0.003
3968.91241 13.212 0.005
3974.90838 13.210 0.002
3981.80140 13.175 0.005
3988.87734 13.161 0.006
3995.83634 13.152 0.002
4002.83245 13.135 0.004
4005.78249 13.141 0.004
4007.78669 13.138 0.004
4011.76713 13.174 0.004
4018.75270 13.168 0.004
4023.80621 13.169 0.004
4026.71686 13.183 0.003
4028.85290 13.193 0.003
4031.74063 13.189 0.002
4037.84952 13.215 0.004
4040.81687 13.210 0.002
4042.83166 13.218 0.002
4048.79642 13.220 0.002
4052.63931 13.226 0.005
4053.83699 13.204 0.007
4059.66778 13.205 0.007
4064.63228 13.225 0.007
4066.61187 13.189 0.005
4069.67925 13.180 0.003
4071.60432 13.167 0.005
4076.65741 13.133 0.003
4079.69266 13.103 0.002
4082.68301 13.102 0.002
4084.76287 13.100 0.002
4087.68233 13.087 0.002
4102.65956 13.069 0.002
4104.80636 13.046 0.005
4109.66723 13.042 0.003
4113.68582 13.049 0.002
4119.62403 13.070 0.002
4122.67291 13.038 0.006
4125.72028 13.076 0.002
4129.71974 13.094 0.003
4142.57797 13.065 0.008
4150.55444 13.084 0.007
4154.53619 13.106 0.005
4165.58216 13.056 0.011
4184.50226 13.089 0.003
4340.90288 12.884 0.017
4346.89097 12.954 0.003
4350.90956 12.886 0.013
4357.84318 12.984 0.002
4363.77162 12.997 0.005
4365.79526 13.076 0.003
4369.79087 13.031 0.003
4372.76555 12.981 0.017
4376.85610 13.127 0.002
4379.86266 13.045 0.007
4383.86674 13.091 0.003
4388.86071 13.156 0.003
4393.73461 13.140 0.009
4398.80981 13.081 0.007
4403.75043 13.125 0.002
4411.74560 13.155 0.009
4417.82846 13.093 0.009
4425.81407 13.112 0.006
4429.72482 13.119 0.004
4432.76637 13.106 0.005
4436.69288 13.119 0.002
4439.73706 13.098 0.009
4442.71444 13.101 0.006
4448.77012 13.111 0.004
4450.77481 13.122 0.003
4453.75062 13.129 0.004
4456.76396 13.111 0.004
4459.67398 13.088 0.004
4462.67597 13.097 0.002
4465.71621 13.064 0.006
4469.66935 13.080 0.002
4474.67137 13.032 0.013
4478.77413 13.053 0.004
4481.77292 13.042 0.006
4484.68265 13.042 0.003
4487.74501 13.042 0.003
4492.69759 13.017 0.004
4494.73202 13.086 0.010
4499.61366 13.008 0.002
4507.64524 13.006 0.005
4509.64251 13.000 0.004
4522.54988 12.962 0.002
4524.56389 12.952 0.004
4530.56906 13.005 0.004
4532.56110 12.992 0.003
4537.55915 12.972 0.006
4540.60790 12.979 0.010
4549.56432 12.932 0.006
4560.50283 12.897 0.005
4567.51440 12.804 0.007
4574.53542 12.806 0.006
4592.47308 12.879 0.005
4681.92649 13.060 0.007
4691.89218 13.008 0.004
4702.90411 12.943 0.002
4719.81967 12.924 0.003
4722.90844 12.880 0.008
4726.89406 12.927 0.004
4731.87042 12.948 0.004
4747.84281 13.121 0.010
4751.88911 13.070 0.003
4756.81316 13.060 0.004
4759.86023 13.071 0.002
4762.82000 13.086 0.004
4768.79795 13.091 0.003
4771.84008 13.097 0.002
4774.84947 13.092 0.003
4777.68690 13.093 0.008
4780.83586 13.047 0.004
4783.80575 12.966 0.022
4788.73515 13.057 0.005
4791.71255 13.025 0.003
4794.71687 13.068 0.007
4797.69831 12.990 0.007
4800.74153 12.978 0.010
4802.77315 13.000 0.003
4804.79728 12.931 0.008
4805.82038 12.932 0.005
4807.77124 12.936 0.003
4810.72919 12.887 0.013
4812.78876 12.927 0.001
4814.67835 12.921 0.003
4816.67515 12.870 0.006
4818.69733 12.893 0.007
4820.70416 12.813 0.015
4823.71776 12.869 0.005
4825.80495 12.833 0.007
4831.84732 12.870 0.003
4832.80754 12.883 0.002
4834.77663 12.855 0.003
4837.67662 12.836 0.003
4839.70517 12.800 0.008
4841.74149 12.806 0.009
4843.74071 12.814 0.004
4846.70666 12.821 0.002
4850.72470 12.807 0.008
4852.71874 12.828 0.002
4855.72614 12.836 0.003
4857.70429 12.824 0.002
4866.67143 12.813 0.003
4868.66951 12.798 0.008
4873.68958 12.798 0.006
4875.58661 12.789 0.005
4878.64221 12.807 0.005
4882.56145 12.836 0.003
4884.62388 12.822 0.002
4888.54030 12.830 0.003
4900.57193 12.796 0.004
4904.59766 12.846 0.005
4913.57544 12.839 0.003
4918.55204 12.896 0.002
4924.56625 12.833 0.008
4928.56164 12.837 0.013
4930.51286 12.874 0.005
4934.50967 12.925 0.003
4938.50091 12.964 0.007
4942.51750 12.974 0.004
4947.51084 13.033 0.004
