2166.85961 14.042 0.005
2185.82550 14.143 0.005
2189.86524 14.161 0.005
2192.76843 14.165 0.005
2201.77885 14.158 0.005
2212.81291 14.070 0.005
2217.79730 14.045 0.005
2223.81787 14.000 0.005
2226.79223 13.977 0.005
2228.83565 13.962 0.005
2232.76932 13.932 0.005
2234.76327 13.915 0.005
2238.71395 13.893 0.005
2240.84287 13.884 0.005
2242.84860 13.869 0.005
2248.72986 13.839 0.005
2251.75951 13.819 0.005
2253.78287 13.819 0.005
2255.70541 13.805 0.005
2258.70486 13.812 0.005
2269.78637 13.769 0.005
2271.73468 13.771 0.005
2273.82502 13.759 0.005
2275.79848 13.752 0.005
2277.80126 13.750 0.005
2279.79809 13.747 0.005
2281.76094 13.748 0.005
2283.81813 13.747 0.005
2289.75499 13.753 0.005
2291.76111 13.736 0.005
2293.72947 13.740 0.005
2295.75051 13.734 0.005
2297.74144 13.728 0.005
2299.77384 13.728 0.005
2303.67467 13.728 0.005
2326.58363 13.747 0.005
2332.52706 13.775 0.005
2338.54960 13.782 0.005
2356.49276 13.840 0.005
2387.50545 13.940 0.005
2524.87020 13.961 0.005
2537.87189 13.907 0.005
2542.83676 13.887 0.005
2544.89515 13.882 0.005
2551.88535 13.854 0.005
2559.82327 13.817 0.005
2563.86848 13.805 0.005
2577.85776 13.751 0.005
2583.75419 13.768 0.005
2589.79498 13.786 0.005
2594.81177 13.827 0.005
2605.76248 13.859 0.005
2609.67284 13.882 0.005
2611.67665 13.889 0.005
2617.82328 13.922 0.005
2620.79230 13.931 0.005
2623.76551 13.944 0.005
2626.69061 13.969 0.005
2627.63239 13.984 0.005
2628.85773 13.987 0.005
2630.84647 13.994 0.005
2632.63716 14.011 0.005
2635.63181 14.018 0.005
2637.77201 14.030 0.005
2639.78826 14.047 0.005
2641.66253 14.045 0.005
2643.67461 14.057 0.005
2645.66603 14.058 0.005
2647.59279 14.071 0.005
2651.66122 14.065 0.005
2653.68578 14.086 0.005
2655.67087 14.084 0.005
2657.80383 14.088 0.005
2659.67184 14.081 0.005
2661.69573 14.082 0.005
2665.79762 14.084 0.005
2671.80354 14.077 0.005
2675.73402 14.031 0.005
2677.76893 14.036 0.005
2679.75947 14.015 0.005
2682.61820 14.003 0.005
2686.61134 13.984 0.005
2691.55665 13.974 0.005
2695.59548 13.960 0.005
2700.54648 13.946 0.005
2713.53159 13.937 0.005
2841.93586 13.797 0.005
2868.89838 13.781 0.005
2890.84148 13.882 0.005
2895.87718 13.903 0.005
2900.83287 13.943 0.005
2906.86384 13.985 0.005
2910.89719 14.027 0.005
2915.89734 14.058 0.005
2922.77751 14.130 0.005
2925.86588 14.153 0.005
2930.77847 14.199 0.005
2933.82287 14.208 0.005
2939.83126 14.260 0.005
2941.84930 14.261 0.005
2943.72413 14.289 0.005
2946.82717 14.304 0.005
2948.81749 14.305 0.005
2952.81352 14.313 0.005
2956.65690 14.314 0.005
2958.68371 14.321 0.005
2962.69460 14.292 0.005
2965.71165 14.271 0.005
2967.81101 14.233 0.005
2970.77661 14.205 0.005
2974.71617 14.155 0.005
2976.75004 14.128 0.005
2978.64456 14.117 0.005
2980.67100 14.082 0.005
2982.63013 14.072 0.005
2984.67128 14.042 0.005
2986.75914 14.026 0.005
2988.72710 14.010 0.005
2990.66050 13.987 0.005
2992.75015 13.968 0.005
2994.65792 13.956 0.005
2996.74823 13.937 0.005
2998.70295 13.913 0.005
2999.79609 13.910 0.005
3001.67370 13.891 0.005
3003.66937 13.888 0.005
3005.62638 13.879 0.005
3007.74482 13.863 0.005
3009.68065 13.857 0.005
3011.62624 13.872 0.005
3013.65690 13.869 0.005
3017.63219 13.867 0.005
3018.72405 13.880 0.005
3020.79927 13.898 0.005
3022.82574 13.897 0.005
3024.77428 13.909 0.005
3026.77161 13.905 0.005
3028.78367 13.914 0.005
3030.78393 13.933 0.005
3033.71125 13.932 0.005
3035.71753 13.955 0.005
3038.69592 13.962 0.005
3040.69554 13.976 0.005
3042.63911 13.988 0.005
3044.57301 14.012 0.005
3046.58848 14.027 0.005
3048.57344 14.025 0.005
3050.59230 14.038 0.005
3052.58935 14.045 0.005
3054.59019 14.061 0.005
3056.58739 14.068 0.005
3058.58116 14.071 0.005
3060.60161 14.069 0.005
3064.60616 14.085 0.005
3067.66313 14.081 0.005
3069.62322 14.075 0.005
3073.53801 14.071 0.005
3075.62736 14.056 0.005
3078.54722 14.048 0.005
3082.53622 14.036 0.005
3084.61215 14.032 0.005
3087.57445 14.020 0.005
3090.53043 14.012 0.005
3093.51073 14.018 0.005
3098.61965 13.998 0.005
3101.57732 13.971 0.005
3104.55056 13.952 0.005
3111.52409 13.912 0.005
3114.51807 13.892 0.005
3126.48249 13.788 0.005
3144.49779 13.711 0.005
3224.89797 14.333 0.005
3239.93193 14.401 0.005
3247.90288 14.355 0.005
3256.88113 14.261 0.005
3263.85595 14.172 0.005
3268.87170 14.107 0.005
3273.84328 14.023 0.005
3276.86139 13.986 0.005
3281.82631 13.899 0.005
3289.83974 13.775 0.005
3294.83789 13.695 0.005
3296.84323 13.669 0.005
3298.87379 13.645 0.005
3301.69415 13.631 0.005
3303.86318 13.615 0.005
3306.83780 13.605 0.005
3308.85478 13.600 0.005
3311.66489 13.608 0.005
3320.69803 13.632 0.005
3323.65099 13.657 0.005
3329.82706 13.702 0.005
3334.72686 13.749 0.005
3338.78264 13.793 0.005
3349.79885 13.874 0.005
3351.78371 13.887 0.005
3354.75184 13.895 0.005
3358.63818 13.928 0.005
3361.73395 13.940 0.005
3363.72410 13.956 0.005
3367.67764 13.978 0.005
3372.69641 14.012 0.005
3377.73258 14.070 0.005
3386.75837 14.104 0.005
3391.60372 14.129 0.005
3395.66779 14.115 0.005
3398.71551 14.107 0.005
3402.66077 14.105 0.005
3404.58863 14.092 0.005
3408.54205 14.072 0.005
3412.58734 14.041 0.005
3414.61890 14.020 0.005
3419.58976 13.975 0.005
3426.52524 13.897 0.005
3433.57644 13.817 0.005
3443.55819 13.694 0.005
3453.51340 13.593 0.005
3575.91858 13.628 0.005
3589.89001 13.566 0.005
3617.88693 13.715 0.005
3629.82641 13.811 0.005
3634.79255 13.865 0.005
3639.90277 13.899 0.005
3641.83640 13.929 0.005
3650.83174 14.010 0.005
3653.85974 14.025 0.005
3657.81024 14.038 0.005
3660.77593 14.082 0.005
3664.81141 14.108 0.005
3668.74770 14.138 0.005
3672.75722 14.136 0.005
3676.85865 14.161 0.005
3684.80285 14.166 0.005
3687.72185 14.155 0.005
3689.82042 14.147 0.005
3692.74483 14.134 0.005
3694.81882 14.109 0.005
3696.69410 14.102 0.005
3699.70631 14.087 0.005
3701.75724 14.045 0.005
3704.72372 14.009 0.005
3706.77791 13.971 0.005
3711.66891 13.897 0.005
3713.68257 13.854 0.005
3716.73164 13.807 0.005
3719.75940 13.755 0.005
3722.81861 13.712 0.005
3726.68184 13.670 0.005
3728.65459 13.652 0.005
3731.75513 13.633 0.005
3733.64132 13.631 0.005
3734.74428 13.622 0.005
3736.76317 13.619 0.005
3737.65182 13.617 0.005
3739.71392 13.623 0.005
3741.82018 13.628 0.005
3743.71805 13.611 0.005
3746.76045 13.607 0.005
3748.71309 13.613 0.005
3750.71926 13.617 0.005
3752.72733 13.623 0.005
3754.74863 13.624 0.005
3755.66839 13.632 0.005
3757.64250 13.638 0.005
3759.60815 13.652 0.005
3762.69300 13.665 0.005
3765.71494 13.689 0.005
3769.75553 13.704 0.005
3772.72384 13.742 0.005
3775.71579 13.765 0.005
3778.69428 13.799 0.005
3782.60243 13.835 0.005
3786.57848 13.869 0.005
3791.57481 13.916 0.005
3798.57453 13.983 0.005
3805.56171 14.054 0.005
3820.50707 14.126 0.005
3945.90201 13.918 0.005
3961.93727 13.945 0.005
3968.91936 13.937 0.005
3974.91529 13.916 0.005
3981.80832 13.889 0.005
3988.89020 13.847 0.005
3995.84325 13.801 0.005
4002.83935 13.735 0.005
4005.78937 13.708 0.005
4007.79357 13.702 0.005
4011.77400 13.665 0.005
4018.75956 13.634 0.005
4023.81307 13.599 0.005
4026.72367 13.609 0.005
4028.85973 13.586 0.005
4031.74746 13.579 0.005
4037.85636 13.560 0.005
4040.82366 13.561 0.005
4042.83845 13.557 0.005
4046.71430 13.568 0.005
4048.80323 13.577 0.005
4052.64610 13.593 0.005
4053.84383 13.599 0.005
4056.68734 13.635 0.005
4059.67456 13.645 0.005
4064.64269 13.694 0.005
4066.62044 13.709 0.005
4069.68603 13.730 0.005
4071.61395 13.753 0.005
4076.68287 13.796 0.005
4079.69945 13.825 0.005
4082.68979 13.838 0.005
4084.76966 13.861 0.005
4087.68910 13.882 0.005
4093.77812 13.927 0.005
4102.66637 14.003 0.005
4104.81315 14.019 0.005
4109.67402 14.040 0.005
4113.69261 14.057 0.005
4119.63085 14.073 0.005
4122.67969 14.063 0.005
4125.72709 14.059 0.005
4129.72655 14.044 0.005
4142.58934 13.909 0.005
4150.56135 13.820 0.005
4166.51966 13.682 0.005
4184.50923 13.631 0.005
4340.90980 13.798 0.005
4346.89792 13.840 0.005
4350.91648 13.861 0.005
4357.85007 13.924 0.005
4363.77852 13.971 0.005
4365.80215 13.988 0.005
4369.79775 14.003 0.005
4372.77244 14.010 0.005
4376.86298 14.043 0.005
4379.86952 14.046 0.005
4383.87358 14.056 0.005
4388.86754 14.074 0.005
4393.74143 14.057 0.005
4398.81663 14.049 0.005
4403.75726 14.029 0.005
4411.75245 13.978 0.005
4417.83526 13.944 0.005
4421.74766 13.917 0.005
4425.82086 13.885 0.005
4429.73161 13.869 0.005
4432.77320 13.838 0.005
4436.69968 13.802 0.005
4439.74383 13.783 0.005
4442.72123 13.758 0.005
4448.77691 13.730 0.005
4450.78160 13.716 0.005
4453.75741 13.711 0.005
4456.77075 13.700 0.005
4459.68077 13.695 0.005
4462.68280 13.694 0.005
4465.72302 13.686 0.005
4469.67614 13.688 0.005
4474.67817 13.683 0.005
4478.78095 13.693 0.005
4481.77972 13.708 0.005
4484.68945 13.721 0.005
4487.75183 13.742 0.005
4492.70443 13.789 0.005
4494.73888 13.807 0.005
4499.63586 13.876 0.005
4502.69308 13.902 0.005
4507.65183 13.946 0.005
4509.64907 13.966 0.005
4516.59773 14.015 0.005
4520.66968 14.027 0.005
4522.55677 14.038 0.005
4524.57079 14.048 0.005
4530.57599 14.051 0.005
4532.56800 14.049 0.005
4537.56608 14.019 0.005
4540.61481 14.014 0.005
4549.57124 13.960 0.005
4560.50981 13.882 0.005
4567.52138 13.817 0.005
4574.54242 13.774 0.005
4592.48008 13.738 0.005
4681.93344 14.114 0.005
4691.89912 14.040 0.005
4702.91104 13.884 0.005
4719.82659 13.700 0.005
4726.90096 13.678 0.005
4731.87729 13.680 0.005
4747.84968 13.742 0.005
4752.81084 13.774 0.005
4756.81998 13.797 0.005
4759.86704 13.816 0.005
4762.82681 13.836 0.005
4768.80477 13.882 0.005
4771.84691 13.901 0.005
4774.85628 13.916 0.005
4777.69369 13.951 0.005
4780.84265 13.969 0.005
4783.81259 13.994 0.005
4788.74194 14.033 0.005
4791.71934 14.051 0.005
4794.72367 14.054 0.005
4797.70506 14.075 0.005
4800.74833 14.081 0.005
4802.77994 14.090 0.005
4804.80408 14.095 0.005
4805.82715 14.096 0.005
4807.77804 14.095 0.005
4810.73597 14.108 0.005
4812.79555 14.118 0.005
4814.68516 14.118 0.005
4816.68199 14.115 0.005
4818.70412 14.118 0.005
4820.71095 14.118 0.005
4823.72454 14.125 0.005
4825.81173 14.121 0.005
4831.85409 14.108 0.005
4832.81434 14.100 0.005
4834.78341 14.089 0.005
4837.68341 14.065 0.005
4839.71196 14.041 0.005
4841.74828 14.032 0.005
4843.74752 14.007 0.005
4846.71345 13.977 0.005
4850.73152 13.933 0.005
4852.72552 13.900 0.005
4855.73296 13.866 0.005
4857.71112 13.843 0.005
4863.66735 13.784 0.005
4866.67826 13.756 0.005
4868.67635 13.739 0.005
4870.66582 13.728 0.005
4873.69645 13.710 0.005
4875.59348 13.707 0.005
4876.62416 13.705 0.005
4878.64908 13.702 0.005
4882.56832 13.703 0.005
4884.63071 13.706 0.005
4888.54718 13.714 0.005
4900.57883 13.766 0.005
4904.60457 13.800 0.005
4913.58240 13.873 0.005
4918.55901 13.913 0.005
4924.57851 13.955 0.005
4928.56831 13.983 0.005
4930.51954 13.985 0.005
4934.51636 14.027 0.005
4938.50764 14.040 0.005
4942.52420 14.056 0.005
4947.51758 14.072 0.005
