2171.86025 13.955 0.006
2183.81956 14.021 0.006
2184.81907 14.018 0.006
2188.86966 14.044 0.006
2191.78070 14.043 0.006
2200.80028 14.043 0.006
2206.73541 14.049 0.006
2216.86528 14.054 0.006
2223.72415 14.064 0.006
2226.70028 14.072 0.006
2228.74403 14.073 0.006
2230.65552 14.065 0.006
2232.67735 14.072 0.006
2234.67007 14.064 0.006
2238.61456 14.043 0.006
2240.74623 14.032 0.006
2242.75197 14.011 0.006
2244.80275 13.995 0.006
2249.67100 13.956 0.006
2252.63445 13.939 0.006
2253.65889 13.929 0.006
2256.66348 13.918 0.006
2259.65801 13.911 0.006
2262.66320 13.913 0.006
2269.72435 13.913 0.006
2272.62913 13.911 0.006
2276.63988 13.931 0.006
2279.63934 13.954 0.006
2281.68716 13.962 0.006
2283.71741 13.967 0.006
2288.70294 13.992 0.006
2290.74081 13.992 0.006
2292.71097 14.010 0.006
2294.68179 14.021 0.006
2296.70073 14.034 0.006
2298.72226 14.046 0.006
2300.67390 14.049 0.006
2302.64754 14.057 0.006
2304.65223 14.088 0.006
2315.57556 14.168 0.006
2322.55390 14.162 0.006
2325.56765 14.177 0.006
2330.57636 14.139 0.006
2337.52818 14.126 0.006
2343.52642 14.092 0.006
2353.52028 14.005 0.006
2370.52314 13.999 0.006
2519.88522 14.114 0.006
2526.85729 14.109 0.006
2540.86542 14.057 0.006
2544.78560 14.037 0.006
2550.90342 14.021 0.006
2554.87810 14.011 0.006
2558.87980 14.012 0.006
2577.76397 13.960 0.006
2580.79276 13.959 0.006
2588.83035 13.979 0.006
2593.81949 14.005 0.006
2599.73934 14.031 0.006
2607.70360 14.055 0.006
2620.63026 14.022 0.006
2622.80602 14.011 0.006
2624.80067 14.009 0.006
2626.61358 14.003 0.006
2629.61019 14.005 0.006
2634.56439 14.007 0.006
2640.64194 13.991 0.006
2642.64017 13.985 0.006
2644.63041 13.979 0.006
2649.65400 13.968 0.006
2651.70287 13.971 0.006
2654.65512 13.965 0.006
2656.73338 13.984 0.006
2658.72299 13.987 0.006
2661.73452 13.989 0.006
2663.63820 13.989 0.006
2665.66775 13.999 0.006
2667.62865 14.008 0.006
2669.67484 14.023 0.006
2671.60385 14.031 0.006
2673.60776 14.043 0.006
2675.60577 14.049 0.006
2677.60363 14.074 0.006
2679.63056 14.082 0.006
2681.65238 14.103 0.006
2685.59210 14.150 0.006
2690.54628 14.167 0.006
2694.54403 14.184 0.006
2698.60585 14.201 0.006
2704.58842 14.163 0.006
2711.54359 14.115 0.006
2731.49777 13.931 0.006
2879.89061 14.158 0.006
2884.83649 14.143 0.006
2888.86920 14.119 0.006
2893.86054 14.084 0.006
2897.82218 14.054 0.006
2903.86812 13.984 0.006
2906.81680 13.972 0.006
2910.78988 13.965 0.006
2915.79385 13.973 0.006
2921.79574 14.001 0.006
2924.88545 14.035 0.006
2929.88317 14.080 0.006
2932.85125 14.090 0.006
2941.82801 14.144 0.006
2943.70242 14.159 0.006
2946.72914 14.179 0.006
2949.71280 14.173 0.006
2952.70374 14.184 0.006
2955.76537 14.215 0.006
2957.69792 14.193 0.006
2963.70558 14.208 0.006
2966.67107 14.192 0.006
2968.83411 14.180 0.006
2971.84626 14.166 0.006
2975.64522 14.135 0.006
2979.76791 14.100 0.006
2983.67559 14.069 0.006
2985.85661 14.035 0.006
2988.62048 14.010 0.006
2990.81169 14.001 0.006
2994.73806 13.968 0.006
2997.62282 13.937 0.006
2999.64061 13.940 0.006
3001.61852 13.927 0.006
3003.64750 13.932 0.006
3005.67690 13.936 0.006
3007.62950 13.928 0.006
3009.62731 13.935 0.006
3011.65954 13.937 0.006
3013.63502 13.948 0.006
3016.63549 13.956 0.006
3018.62064 13.972 0.006
3020.66176 13.976 0.006
3022.69375 13.992 0.006
3024.67582 14.002 0.006
3026.64491 13.999 0.006
3028.65032 14.013 0.006
3030.68564 14.022 0.006
3032.78938 14.033 0.006
3035.61399 14.047 0.006
3037.62076 14.046 0.006
3040.61831 14.078 0.006
3042.58011 14.092 0.006
3045.58896 14.091 0.006
3047.54081 14.110 0.006
3049.54631 14.113 0.006
3051.53994 14.110 0.006
3053.53693 14.114 0.006
3055.53519 14.136 0.006
3057.53509 14.124 0.006
3059.53319 14.135 0.006
3060.52678 14.133 0.006
3061.52786 14.131 0.006
3064.54033 14.144 0.006
3067.53793 14.131 0.006
3069.52223 14.115 0.006
3072.51668 14.114 0.006
3075.52191 14.068 0.006
3077.60707 14.064 0.006
3081.59832 14.024 0.006
3083.60543 14.015 0.006
3086.54274 14.003 0.006
3089.52865 13.980 0.006
3092.51130 13.986 0.006
3098.50837 13.978 0.006
3101.52985 13.964 0.006
3104.50133 13.986 0.006
3108.49835 14.006 0.006
3112.49371 14.034 0.006
3115.52042 14.048 0.006
3123.49930 14.104 0.006
3133.47305 14.137 0.006
3230.87170 14.106 0.006
3246.88751 14.130 0.006
3254.87525 14.098 0.006
3261.90806 14.061 0.006
3272.88772 14.047 0.006
3275.88665 14.056 0.006
3280.88613 14.044 0.006
3283.82643 14.036 0.006
3289.73936 14.053 0.006
3294.74600 14.058 0.006
3296.69446 14.031 0.006
3298.77553 14.018 0.006
3300.83141 14.014 0.006
3303.73867 14.013 0.006
3306.74013 13.999 0.006
3308.75675 14.005 0.006
3310.78926 14.002 0.006
3314.71049 14.006 0.006
3321.63099 14.046 0.006
3328.84027 14.054 0.006
3335.85051 14.075 0.006
3340.82968 14.073 0.006
3349.65243 14.055 0.006
3353.64526 14.048 0.006
3356.63893 14.033 0.006
3360.65214 14.036 0.006
3369.67075 14.038 0.006
3377.63180 14.053 0.006
3381.63040 14.061 0.006
3386.64218 14.066 0.006
3390.64521 14.089 0.006
3395.75524 14.111 0.006
3398.62275 14.122 0.006
3400.60826 14.134 0.006
3403.61701 14.137 0.006
3406.54646 14.128 0.006
3410.56994 14.125 0.006
3415.55000 14.118 0.006
3421.61536 14.105 0.006
3429.56747 14.092 0.006
3434.55552 14.089 0.006
3442.52732 14.057 0.006
3450.52911 14.036 0.006
3569.93897 14.095 0.006
3592.89121 14.080 0.006
3608.89803 14.066 0.006
3614.88087 14.058 0.006
3621.91332 14.059 0.006
3628.89275 14.058 0.006
3633.76384 14.059 0.006
3639.76950 14.047 0.006
3641.76336 14.049 0.006
3646.82441 14.016 0.006
3652.87606 13.970 0.006
3656.81465 13.944 0.006
3665.75337 13.917 0.006
3683.75719 13.943 0.006
3686.80326 13.947 0.006
3689.72019 13.971 0.006
3692.64178 13.980 0.006
3695.70726 13.996 0.006
3698.65944 14.022 0.006
3700.70436 14.016 0.006
3702.79195 14.025 0.006
3705.69627 14.020 0.006
3707.67402 14.042 0.006
3713.63558 14.038 0.006
3716.71009 14.058 0.006
3720.65652 14.041 0.006
3724.71314 14.030 0.006
3727.62202 14.031 0.006
3736.63425 13.992 0.006
3739.60890 13.991 0.006
3742.65949 13.978 0.006
3745.74820 13.959 0.006
3748.60847 13.967 0.006
3750.63439 13.958 0.006
3752.58905 13.945 0.006
3755.60086 13.942 0.006
3758.60550 13.956 0.006
3760.74033 13.957 0.006
3762.61762 13.966 0.006
3766.59910 13.963 0.006
3769.60010 13.973 0.006
3772.62470 13.969 0.006
3775.59595 13.978 0.006
3778.59666 13.977 0.006
3781.60772 13.982 0.006
3785.58031 13.985 0.006
3790.54911 14.005 0.006
3796.58951 14.025 0.006
3804.52532 14.070 0.006
3816.53053 14.086 0.006
3935.92077 14.082 0.006
3960.87483 14.076 0.006
3967.90420 14.104 0.006
3973.89965 14.137 0.006
3979.88360 14.159 0.006
3987.82976 14.135 0.006
3994.88239 14.141 0.006
4004.76475 14.118 0.006
4008.71976 14.106 0.006
4011.88283 14.125 0.006
4016.89145 14.126 0.006
4021.83984 14.120 0.006
4025.85009 14.135 0.006
4028.76008 14.144 0.006
4030.83178 14.142 0.006
4037.73140 14.152 0.006
4040.72631 14.148 0.006
4042.74267 14.136 0.006
4045.84198 14.122 0.006
4048.70564 14.109 0.006
4050.77837 14.114 0.006
4053.74786 14.105 0.006
4055.69758 14.106 0.006
4057.67643 14.086 0.006
4060.61545 14.084 0.006
4065.63291 14.052 0.006
4068.64862 14.046 0.006
4070.64505 14.055 0.006
4073.80443 14.035 0.006
4077.65778 14.014 0.006
4080.64059 14.021 0.006
4084.67137 14.015 0.006
4092.74815 14.016 0.006
4100.80841 14.033 0.006
4104.71323 14.056 0.006
4107.65080 14.052 0.006
4117.61635 14.109 0.006
4121.61729 14.121 0.006
4123.59412 14.136 0.006
4125.70543 14.141 0.006
4129.67794 14.161 0.006
4144.55873 14.167 0.006
4153.53287 14.108 0.006
4161.57086 14.057 0.006
4176.51238 14.064 0.006
4345.83975 14.000 0.006
4349.90081 14.001 0.006
4361.80059 14.028 0.006
4364.78472 14.044 0.006
4368.88403 14.047 0.006
4371.74756 14.060 0.006
4376.76683 14.074 0.006
4379.77253 14.095 0.006
4383.77738 14.115 0.006
4391.87797 14.139 0.006
4397.74964 14.158 0.006
4402.82818 14.179 0.006
4406.77850 14.207 0.006
4409.84762 14.197 0.006
4416.71482 14.189 0.006
4420.82734 14.161 0.006
4424.84705 14.134 0.006
4428.82550 14.103 0.006
4431.75032 14.095 0.006
4435.72017 14.058 0.006
4438.84814 14.036 0.006
4441.81829 14.023 0.006
4444.66080 14.019 0.006
4450.67444 14.020 0.006
4453.65921 14.004 0.006
4456.66191 14.001 0.006
4458.64633 14.000 0.006
4462.66098 14.006 0.006
4467.64307 14.020 0.006
4471.63150 14.028 0.006
4474.81559 14.041 0.006
4478.67071 14.060 0.006
4482.69552 14.073 0.006
4485.67726 14.089 0.006
4487.67422 14.097 0.006
4492.73871 14.098 0.006
4497.66679 14.094 0.006
4499.68920 14.101 0.006
4502.60814 14.105 0.006
4507.58414 14.107 0.006
4509.57724 14.119 0.006
4515.54387 14.102 0.006
4520.53790 14.085 0.006
4523.55630 14.074 0.006
4525.52848 14.070 0.006
4531.52560 14.064 0.006
4537.51941 14.054 0.006
4540.51801 14.062 0.006
4543.60767 14.054 0.006
4547.51285 14.057 0.006
4556.51150 14.070 0.006
4561.51492 14.068 0.006
4570.49559 14.109 0.006
4581.49157 14.170 0.006
4690.87637 14.057 0.006
4702.89005 14.011 0.006
4715.86010 14.010 0.006
4721.83708 14.013 0.006
4726.75899 14.010 0.006
4730.89810 14.025 0.006
4743.81154 14.076 0.006
4750.81772 14.106 0.006
4755.83651 14.124 0.006
4758.87531 14.123 0.006
4762.73082 14.128 0.006
4768.70878 14.104 0.006
4771.75049 14.097 0.006
4776.78436 14.100 0.006
4779.75547 14.074 0.006
4783.68712 14.054 0.006
4787.70321 14.043 0.006
4789.84785 14.035 0.006
4792.72756 14.034 0.006
4795.67846 14.029 0.006
4799.67605 14.043 0.006
4802.68382 14.041 0.006
4805.63190 14.060 0.006
4807.66086 14.071 0.006
4810.64750 14.091 0.006
4813.64273 14.112 0.006
4815.65599 14.124 0.006
4817.66205 14.138 0.006
4819.65437 14.164 0.006
4821.69118 14.172 0.006
4825.70688 14.206 0.006
4831.75165 14.247 0.006
4834.67207 14.245 0.006
4836.68178 14.261 0.006
4838.67578 14.235 0.006
4841.66944 14.243 0.006
4843.67056 14.238 0.006
4845.68490 14.247 0.006
4847.70133 14.220 0.006
4849.69407 14.222 0.006
4853.69904 14.198 0.006
4855.68656 14.188 0.006
4867.63442 14.079 0.006
4869.57576 14.066 0.006
4871.61386 14.031 0.006
4873.60939 14.019 0.006
4875.54272 14.006 0.006
4879.60375 13.978 0.006
4882.59993 13.954 0.006
4883.68964 13.954 0.006
4887.55480 13.944 0.006
4903.59441 13.950 0.006
4913.55520 14.024 0.006
4917.54258 14.065 0.006
4921.53956 14.082 0.006
4927.53543 14.088 0.006
4931.54292 14.106 0.006
4935.50944 14.097 0.006
4939.51654 14.116 0.006
4944.52893 14.126 0.006
4950.50919 14.136 0.006
