 726.81789 14.127 0.006
 728.88172 14.113 0.006
 739.85170 14.008 0.006
 744.76002 13.964 0.006
 745.84464 13.953 0.006
 746.83053 13.945 0.006
 747.72596 13.941 0.006
 748.67800 13.934 0.006
 750.79093 13.919 0.006
 751.79170 13.924 0.006
 752.84953 13.903 0.006
 754.79578 13.897 0.006
 755.77374 13.887 0.006
 759.69961 13.876 0.006
 761.78080 13.870 0.006
 766.83050 13.862 0.006
 773.78605 13.859 0.006
 776.81124 13.864 0.006
 778.84065 13.873 0.006
 780.77160 13.885 0.006
 782.80023 13.888 0.006
 788.82766 13.930 0.006
 792.73770 13.950 0.006
 795.82302 13.967 0.006
 798.74731 13.981 0.006
 817.74555 14.070 0.006
 819.82220 14.082 0.006
 824.69288 14.104 0.006
 826.78553 14.117 0.006
 827.68229 14.111 0.006
 828.74195 14.116 0.006
 829.68956 14.118 0.006
 830.74768 14.109 0.006
 831.58492 14.127 0.006
 832.56754 14.135 0.006
 832.75454 14.134 0.006
 833.57411 14.135 0.006
 834.70876 14.138 0.006
 835.79585 14.132 0.006
 837.65775 14.125 0.006
 839.65617 14.117 0.006
 841.74519 14.102 0.006
 842.73515 14.102 0.006
 844.59004 14.087 0.006
 846.76197 14.074 0.006
 850.75280 14.056 0.006
 854.77001 14.016 0.006
 855.69970 14.006 0.006
 856.66169 13.997 0.006
 857.72036 13.990 0.006
 858.68353 13.979 0.006
 859.75026 13.964 0.006
 860.64321 13.955 0.006
 865.56050 13.929 0.006
 867.61562 13.913 0.006
 874.67928 13.890 0.006
 876.59534 13.894 0.006
 876.69781 13.897 0.006
 878.68536 13.888 0.006
 880.61966 13.882 0.006
 885.57878 13.883 0.006
 887.66389 13.892 0.006
 890.68751 13.899 0.006
 892.53427 13.904 0.006
 893.70051 13.924 0.006
 896.50222 13.935 0.006
 900.55570 13.956 0.006
 919.55759 14.123 0.006
 925.51066 14.165 0.006
 931.56867 14.199 0.006
 934.51747 14.206 0.006
 950.51069 14.133 0.006
 951.50420 14.127 0.006
1072.89382 14.169 0.006
1079.80221 14.146 0.006
1080.80579 14.148 0.006
1083.81633 14.141 0.006
1084.81177 14.139 0.006
1086.83979 14.122 0.006
1090.76746 14.115 0.006
1091.87527 14.109 0.006
1092.81785 14.104 0.006
1093.82992 14.101 0.006
1106.75884 14.057 0.006
1108.77984 14.041 0.006
1114.78927 14.020 0.006
1119.83251 13.988 0.006
1120.73705 13.994 0.006
1126.75685 13.963 0.006
1129.82115 13.958 0.006
1131.82710 13.950 0.006
1132.81669 13.940 0.006
1137.79886 13.931 0.006
1138.84017 13.927 0.006
1142.76684 13.918 0.006
1152.72445 13.906 0.006
1154.73997 13.912 0.006
1155.69620 13.915 0.006
1157.75008 13.914 0.006
1159.75576 13.918 0.006
1161.81977 13.918 0.006
1163.82166 13.916 0.006
1164.83657 13.927 0.006
1166.75405 13.931 0.006
1167.78027 13.925 0.006
1168.76291 13.923 0.006
1171.73181 13.945 0.006
1175.72917 13.959 0.006
1179.77856 13.975 0.006
1181.74205 13.984 0.006
1183.82695 13.992 0.006
1185.82432 13.992 0.006
1187.77963 14.000 0.006
1189.71606 14.013 0.006
1191.75475 14.018 0.006
1192.81354 14.019 0.006
1193.80546 14.022 0.006
1194.68110 14.027 0.006
1201.76959 14.035 0.006
1202.76371 14.036 0.006
1204.68531 14.037 0.006
1206.78549 14.040 0.006
1207.69572 14.034 0.006
1211.67223 14.021 0.006
1213.63566 14.019 0.006
1214.71441 14.018 0.006
1215.54050 14.008 0.006
1216.60857 14.005 0.006
1217.67619 13.994 0.006
1219.61342 13.986 0.006
1221.58405 13.985 0.006
1223.67420 13.988 0.006
1224.55387 13.981 0.006
1226.56212 13.983 0.006
1227.56918 13.978 0.006
1232.65878 13.976 0.006
1235.55994 13.979 0.006
1237.54387 13.975 0.006
1238.64588 13.972 0.006
1241.54611 13.978 0.006
1242.61711 13.987 0.006
1243.56322 13.989 0.006
1245.53178 13.999 0.006
1247.66615 14.008 0.006
1248.63387 14.007 0.006
1251.58844 14.017 0.006
1254.54230 14.040 0.006
1255.57530 14.042 0.006
1257.60696 14.059 0.006
1260.59302 14.071 0.006
1264.58343 14.095 0.006
1266.58517 14.100 0.006
1267.60129 14.102 0.006
1274.58432 14.108 0.006
1275.52369 14.112 0.006
1278.50633 14.115 0.006
1281.51440 14.119 0.006
1290.48413 14.121 0.006
1296.57500 14.128 0.006
1300.52112 14.108 0.006
1305.49955 14.095 0.006
1308.53054 14.082 0.006
1315.48975 14.058 0.006
1318.47243 14.043 0.006
1329.45807 14.002 0.006
1331.47707 14.001 0.006
1431.82042 14.021 0.006
1433.81698 14.013 0.006
1435.86488 14.019 0.006
1437.85760 14.016 0.006
1440.89657 14.020 0.006
1443.78790 14.025 0.006
1447.76165 14.024 0.006
1448.85242 14.021 0.006
1453.77244 14.017 0.006
1454.88846 14.022 0.006
1455.77059 14.030 0.006
1458.75656 14.032 0.006
1459.87812 14.029 0.006
1460.75874 14.035 0.006
1461.72447 14.042 0.006
1471.73493 14.063 0.006
1475.82935 14.081 0.006
1478.75406 14.088 0.006
1481.81627 14.107 0.006
1484.82058 14.111 0.006
1487.81337 14.135 0.006
1488.86143 14.133 0.006
1491.75212 14.154 0.006
1493.69403 14.159 0.006
1495.73746 14.164 0.006
1498.65863 14.182 0.006
1500.79916 14.170 0.006
1503.68946 14.184 0.006
1505.79630 14.183 0.006
1507.69230 14.190 0.006
1508.80894 14.189 0.006
1509.67043 14.190 0.006
1510.63596 14.189 0.006
1511.71862 14.192 0.006
1512.75262 14.186 0.006
1514.76709 14.188 0.006
1516.81288 14.179 0.006
1517.84479 14.181 0.006
1518.68473 14.172 0.006
1520.71004 14.167 0.006
1522.71073 14.169 0.006
1523.71090 14.157 0.006
1525.68684 14.154 0.006
1527.75218 14.138 0.006
1528.67811 14.127 0.006
1529.80356 14.121 0.006
1531.69550 14.106 0.006
1538.65264 14.059 0.006
1541.60846 14.036 0.006
1542.76281 14.024 0.006
1544.66513 14.006 0.006
1546.67435 13.991 0.006
1546.68982 13.988 0.006
1547.69141 13.986 0.006
1548.66857 13.982 0.006
1551.69793 13.966 0.006
1552.63087 13.960 0.006
1553.65458 13.950 0.006
1554.63318 13.942 0.006
1555.65762 13.938 0.006
1556.63178 13.927 0.006
1560.62352 13.910 0.006
1564.54264 13.882 0.006
1568.61934 13.866 0.006
1571.62900 13.850 0.006
1575.64339 13.832 0.006
1578.68369 13.821 0.006
1580.69449 13.817 0.006
1582.62900 13.815 0.006
1585.61979 13.806 0.006
1588.62302 13.806 0.006
1591.58686 13.820 0.006
1595.58010 13.812 0.006
1599.64611 13.829 0.006
1600.59900 13.821 0.006
1601.60612 13.837 0.006
1602.67259 13.831 0.006
1604.60418 13.847 0.006
1606.56116 13.853 0.006
1609.51738 13.872 0.006
1610.53228 13.879 0.006
1611.59242 13.885 0.006
1613.57276 13.892 0.006
1614.64383 13.901 0.006
1616.50145 13.921 0.006
1618.64698 13.937 0.006
1619.54070 13.948 0.006
1621.53686 13.970 0.006
1623.63402 13.987 0.006
1625.61508 14.005 0.006
1627.58533 14.014 0.006
1628.52522 14.029 0.006
1630.49692 14.048 0.006
1631.49471 14.050 0.006
1633.61014 14.072 0.006
1635.49315 14.076 0.006
1643.56915 14.087 0.006
1644.49614 14.088 0.006
1645.50224 14.092 0.006
1653.48755 14.055 0.006
1655.53152 14.042 0.006
1657.54097 14.042 0.006
1660.51583 14.025 0.006
1662.52318 14.016 0.006
1664.54624 14.004 0.006
1669.51617 13.982 0.006
1672.48882 13.966 0.006
1687.48651 13.932 0.006
1695.47187 13.943 0.006
1766.86462 14.069 0.006
1768.85027 14.049 0.006
1773.90862 13.982 0.006
1782.83984 13.885 0.006
1788.84825 13.851 0.006
1804.84352 13.780 0.006
1811.86408 13.794 0.006
1815.84024 13.809 0.006
1818.88256 13.826 0.006
1822.72194 13.862 0.006
1829.87121 13.928 0.006
1844.77903 14.069 0.006
1850.76040 14.118 0.006
1854.81743 14.139 0.006
1858.76451 14.159 0.006
1860.80688 14.164 0.006
1863.77999 14.176 0.006
1866.73070 14.182 0.006
1868.71179 14.179 0.006
1870.83284 14.182 0.006
1872.84865 14.182 0.006
1874.75358 14.175 0.006
2166.85603 13.919 0.006
2183.89928 13.883 0.006
2189.86169 13.887 0.006
2192.76512 13.893 0.006
2201.77532 13.929 0.006
2212.80960 13.925 0.006
2217.79400 13.907 0.006
2223.81457 13.880 0.006
2226.78894 13.868 0.006
2228.83237 13.864 0.006
2232.76604 13.830 0.006
2234.75998 13.818 0.006
2238.71065 13.786 0.006
2240.83957 13.795 0.006
2242.84532 13.785 0.006
2248.72657 13.787 0.006
2251.75620 13.790 0.006
2253.77380 13.814 0.006
2255.70212 13.828 0.006
2258.70157 13.848 0.006
2269.78308 13.948 0.006
2271.73138 13.980 0.006
2273.82172 13.993 0.006
2275.79519 14.021 0.006
2277.79798 14.032 0.006
2279.79480 14.052 0.006
2281.75763 14.075 0.006
2283.81483 14.101 0.006
2289.75169 14.176 0.006
2291.75780 14.209 0.006
2293.72615 14.241 0.006
2295.74721 14.247 0.006
2297.73813 14.292 0.006
2299.77055 14.295 0.006
2303.67136 14.339 0.006
2326.58006 14.420 0.006
2332.52346 14.404 0.006
2338.54603 14.375 0.006
2355.51150 14.156 0.006
2387.50181 13.921 0.006
2524.86659 14.099 0.006
2542.83342 14.346 0.006
2544.89157 14.379 0.006
2551.88179 14.415 0.006
2559.81971 14.438 0.006
2563.86494 14.441 0.006
2577.85446 14.294 0.006
2583.75090 14.177 0.006
2589.79143 14.074 0.006
2594.80826 14.003 0.006
2599.86307 13.925 0.006
2609.66930 13.812 0.006
2611.67318 13.811 0.006
2617.81982 13.791 0.006
2620.78884 13.789 0.006
2623.76207 13.793 0.006
2626.68715 13.805 0.006
2627.62896 13.810 0.006
2628.85428 13.800 0.006
2630.84300 13.814 0.006
2632.63371 13.823 0.006
2635.62855 13.838 0.006
2637.76871 13.851 0.006
2639.78496 13.857 0.006
2641.65923 13.894 0.006
2643.67113 13.904 0.006
2645.66274 13.927 0.006
2647.58948 13.939 0.006
2651.65775 13.976 0.006
2653.68248 13.996 0.006
2655.66680 13.992 0.006
2657.80052 14.001 0.006
2659.66856 14.005 0.006
2661.69244 14.011 0.006
2665.79432 14.012 0.006
2671.80025 13.986 0.006
2675.73071 13.946 0.006
2677.76561 13.944 0.006
2679.75614 13.919 0.006
2686.60786 13.867 0.006
2691.53462 13.835 0.006
2695.59196 13.784 0.006
2700.54296 13.749 0.006
2713.52806 13.769 0.006
2841.93229 13.785 0.006
2868.89484 13.766 0.006
2890.83797 13.849 0.006
2895.87369 13.865 0.006
2900.82936 13.874 0.006
2906.86035 13.878 0.006
2910.89370 13.884 0.006
2915.89384 13.872 0.006
2922.77399 13.862 0.006
2925.86239 13.863 0.006
2930.77496 13.861 0.006
2933.81939 13.868 0.006
2939.82779 13.886 0.006
2941.84585 13.895 0.006
2943.72065 13.888 0.006
2946.82369 13.909 0.006
2948.81400 13.918 0.006
2952.81004 13.933 0.006
2956.65345 13.958 0.006
2958.68024 13.983 0.006
2962.69116 14.019 0.006
2965.70820 14.043 0.006
2967.80754 14.062 0.006
2970.77316 14.094 0.006
2974.71272 14.134 0.006
2976.74657 14.155 0.006
2978.64111 14.187 0.006
2980.66754 14.194 0.006
2982.62670 14.224 0.006
2984.66783 14.245 0.006
2986.75567 14.276 0.006
2988.72364 14.288 0.006
2990.65706 14.310 0.006
2992.74668 14.316 0.006
2994.65446 14.330 0.006
2996.74478 14.343 0.006
2998.69950 14.345 0.006
2999.79153 14.358 0.006
3001.67025 14.347 0.006
3003.66591 14.361 0.006
3005.62290 14.369 0.006
3007.74138 14.367 0.006
3009.67720 14.356 0.006
3011.62277 14.361 0.006
3013.65343 14.350 0.006
3017.62873 14.326 0.006
3018.72056 14.349 0.006
3020.79577 14.345 0.006
3022.82226 14.337 0.006
3024.77083 14.310 0.006
3026.76814 14.300 0.006
3028.77561 14.272 0.006
3030.78048 14.261 0.006
3033.70778 14.214 0.006
3035.71407 14.193 0.006
3038.69244 14.160 0.006
3040.69207 14.135 0.006
3042.63561 14.106 0.006
3044.56952 14.092 0.006
3046.58501 14.067 0.006
3048.56996 14.038 0.006
3050.58882 14.009 0.006
3052.58585 13.991 0.006
3054.58670 13.964 0.006
3056.58389 13.944 0.006
3058.57764 13.935 0.006
3060.59812 13.916 0.006
3064.60266 13.880 0.006
3067.65963 13.855 0.006
3069.61973 13.832 0.006
3073.53451 13.825 0.006
3075.62386 13.810 0.006
3078.54370 13.802 0.006
3082.53269 13.791 0.006
3084.60863 13.805 0.006
3087.57091 13.797 0.006
3090.52586 13.798 0.006
3093.50719 13.821 0.006
3098.61612 13.815 0.006
3101.57380 13.814 0.006
3104.54703 13.812 0.006
3111.52055 13.835 0.006
3114.51449 13.849 0.006
3115.53883 13.839 0.006
3126.47895 13.864 0.006
3144.49424 13.866 0.006
3224.89441 14.356 0.006
3239.92839 14.267 0.006
3247.89934 14.202 0.006
3256.87762 14.172 0.006
3263.85244 14.120 0.006
3268.86819 14.073 0.006
3273.83980 14.024 0.006
3276.85787 14.011 0.006
3281.82281 13.935 0.006
3289.83626 13.878 0.006
3294.83441 13.861 0.006
3296.83976 13.856 0.006
3298.87030 13.827 0.006
3301.69067 13.872 0.006
3303.85970 13.883 0.006
3306.83430 13.879 0.006
3308.85131 13.882 0.006
3311.66143 13.878 0.006
3320.69457 13.883 0.006
3323.64754 13.879 0.006
3329.82359 13.853 0.006
3334.72342 13.831 0.006
3338.77916 13.846 0.006
3349.79543 13.862 0.006
3351.78025 13.870 0.006
3354.74839 13.873 0.006
3358.63470 13.868 0.006
3361.73051 13.878 0.006
3363.72064 13.870 0.006
3372.69294 13.894 0.006
3377.72913 13.916 0.006
3386.75491 13.950 0.006
3391.60024 13.978 0.006
3395.66433 14.007 0.006
3398.71203 14.021 0.006
3402.65731 14.047 0.006
3404.58514 14.064 0.006
3408.53859 14.105 0.006
3412.58388 14.141 0.006
3414.61543 14.158 0.006
3419.58627 14.181 0.006
3426.52178 14.212 0.006
3433.57297 14.268 0.006
3443.54356 14.325 0.006
3453.50992 14.353 0.006
3575.91504 13.759 0.006
3589.88650 13.832 0.006
3617.88345 13.879 0.006
3629.82294 13.942 0.006
3634.78906 13.989 0.006
3639.89930 14.014 0.006
3641.83294 14.025 0.006
3650.82828 14.126 0.006
3653.85629 14.154 0.006
3657.80679 14.195 0.006
3660.77250 14.220 0.006
3664.80795 14.270 0.006
3668.74426 14.304 0.006
3672.75379 14.304 0.006
3676.85520 14.316 0.006
3684.79940 14.307 0.006
3687.71841 14.320 0.006
3689.81701 14.283 0.006
3692.74143 14.272 0.006
3694.81541 14.245 0.006
3696.69067 14.223 0.006
3699.70289 14.187 0.006
3701.75378 14.179 0.006
3704.72029 14.141 0.006
3706.77450 14.120 0.006
3711.66549 14.060 0.006
3713.67915 14.026 0.006
3716.72821 13.981 0.006
3719.75596 13.923 0.006
3722.81417 13.856 0.006
3726.67840 13.817 0.006
3728.65116 13.774 0.006
3731.75173 13.739 0.006
3733.63789 13.719 0.006
3734.74087 13.710 0.006
3736.75974 13.688 0.006
3737.64838 13.692 0.006
3739.71048 13.677 0.006
3741.81675 13.678 0.006
3743.71464 13.670 0.006
3746.75703 13.667 0.006
3748.70965 13.665 0.006
3750.71584 13.672 0.006
3752.72390 13.663 0.006
3754.74520 13.677 0.006
3755.66495 13.683 0.006
3757.63905 13.688 0.006
3759.60469 13.704 0.006
3762.68957 13.738 0.006
3765.71149 13.755 0.006
3769.75209 13.777 0.006
3772.72040 13.805 0.006
3775.71235 13.826 0.006
3778.69084 13.852 0.006
3782.59896 13.907 0.006
3786.57503 13.953 0.006
3791.57135 13.984 0.006
3798.57104 14.038 0.006
3805.55825 14.084 0.006
3820.50359 14.100 0.006
3944.93718 13.844 0.006
3961.93382 13.790 0.006
3968.91590 13.783 0.006
3974.91186 13.765 0.006
3981.80487 13.778 0.006
3988.88677 13.793 0.006
3995.83979 13.810 0.006
4002.83592 13.829 0.006
4005.78595 13.865 0.006
4007.79015 13.858 0.006
4011.77058 13.890 0.006
4018.75615 13.925 0.006
4023.80965 13.953 0.006
4026.72027 13.984 0.006
4028.85634 13.968 0.006
4031.74407 13.998 0.006
4037.85294 14.034 0.006
4040.82029 14.025 0.006
4042.83507 14.035 0.006
4046.71089 14.073 0.006
4048.79982 14.056 0.006
4052.64272 14.100 0.006
4053.84042 14.092 0.006
4056.68396 14.121 0.006
4059.67118 14.130 0.006
4064.63570 14.154 0.006
4066.61526 14.174 0.006
4069.68265 14.158 0.006
4071.60771 14.178 0.006
4076.67949 14.206 0.006
4079.69607 14.185 0.006
4082.68643 14.194 0.006
4084.76629 14.201 0.006
4087.68574 14.192 0.006
4093.77473 14.180 0.006
4102.66298 14.174 0.006
4104.80976 14.153 0.006
4109.67063 14.115 0.006
4113.68923 14.081 0.006
4119.62746 14.041 0.006
4122.67632 14.010 0.006
4125.72371 14.001 0.006
4129.72315 13.970 0.006
4142.58138 13.929 0.006
4150.55790 13.932 0.006
4154.55284 13.936 0.006
4166.51621 13.924 0.006
4184.50575 13.904 0.006
4340.90636 13.960 0.006
4346.89446 13.923 0.006
4350.91303 13.899 0.006
4357.84665 13.879 0.006
4363.77509 13.865 0.006
4365.79873 13.860 0.006
4369.79431 13.871 0.006
4372.76899 13.866 0.006
4376.85956 13.857 0.006
4379.86611 13.864 0.006
4383.87017 13.875 0.006
4388.86416 13.892 0.006
4393.73804 13.896 0.006
4398.81323 13.918 0.006
4403.75385 13.933 0.006
4411.74903 13.935 0.006
4417.83186 13.933 0.006
4421.74427 13.916 0.006
4425.81749 13.905 0.006
4429.72824 13.879 0.006
4432.76980 13.855 0.006
4436.69631 13.819 0.006
4439.74045 13.803 0.006
4442.71785 13.787 0.006
4448.77353 13.764 0.006
4450.77821 13.771 0.006
4453.75404 13.781 0.006
4456.76737 13.785 0.006
4459.67739 13.785 0.006
4462.67940 13.794 0.006
4465.71963 13.807 0.006
4469.67275 13.833 0.006
4474.67479 13.860 0.006
4478.77756 13.884 0.006
4481.77634 13.918 0.006
4484.68607 13.947 0.006
4487.74844 13.978 0.006
4492.70101 14.018 0.006
4494.73545 14.044 0.006
4499.61693 14.108 0.006
4502.68978 14.131 0.006
4507.64852 14.193 0.006
4509.64579 14.197 0.006
4522.55334 14.275 0.006
4524.56735 14.276 0.006
4530.57253 14.270 0.006
4532.56459 14.271 0.006
4537.56265 14.214 0.006
4540.61139 14.196 0.006
4549.56779 14.137 0.006
4560.50634 14.029 0.006
4567.51790 13.983 0.006
4574.53894 13.963 0.006
4592.47660 13.913 0.006
4681.92998 13.874 0.006
4691.89567 13.922 0.006
4702.90760 13.992 0.006
4719.82313 14.115 0.006
4722.91191 14.124 0.006
4726.89753 14.132 0.006
4731.87386 14.159 0.006
4747.84624 14.186 0.006
4751.89253 14.194 0.006
4756.81659 14.197 0.006
4759.86364 14.194 0.006
4762.82342 14.196 0.006
4768.80136 14.192 0.006
4771.84351 14.199 0.006
4774.85290 14.191 0.006
4777.69031 14.179 0.006
4780.83925 14.165 0.006
4783.80917 14.160 0.006
4788.73856 14.134 0.006
4791.71597 14.115 0.006
4794.72026 14.090 0.006
4797.70169 14.056 0.006
4800.74493 14.027 0.006
4802.77657 14.017 0.006
4805.82379 13.998 0.006
4807.77465 13.978 0.006
4810.73259 13.957 0.006
4812.79218 13.967 0.006
4814.68178 13.932 0.006
4816.67859 13.920 0.006
4818.70074 13.909 0.006
4820.70755 13.908 0.006
4823.72117 13.898 0.006
4825.80835 13.888 0.006
4831.85071 13.880 0.006
4832.81094 13.876 0.006
4834.78003 13.881 0.006
4837.68005 13.863 0.006
4839.70857 13.857 0.006
4841.74490 13.849 0.006
4843.74413 13.846 0.006
4846.71007 13.842 0.006
4850.72811 13.838 0.006
4852.72214 13.842 0.006
4855.72956 13.840 0.006
4857.70773 13.832 0.006
4866.67487 13.814 0.006
4868.67294 13.805 0.006
4870.66239 13.799 0.006
4873.69304 13.769 0.006
4875.59007 13.779 0.006
4876.62073 13.778 0.006
4878.64564 13.768 0.006
4882.56491 13.772 0.006
4884.62731 13.770 0.006
4888.54375 13.777 0.006
4900.57538 13.833 0.006
4918.55556 13.985 0.006
4924.57517 14.028 0.006
4928.56497 14.066 0.006
4930.51620 14.086 0.006
4934.51302 14.124 0.006
4938.50428 14.156 0.006
4942.52085 14.197 0.006
4947.51422 14.255 0.006
