2162.87556 14.051 0.006
2171.84219 14.161 0.006
2183.80152 14.390 0.006
2184.80107 14.397 0.006
2188.85166 14.495 0.006
2200.78375 14.715 0.006
2206.71887 14.725 0.006
2216.84299 14.628 0.006
2223.70766 14.584 0.006
2226.68378 14.583 0.006
2228.72752 14.566 0.006
2230.63910 14.563 0.006
2232.66085 14.561 0.006
2238.59811 14.501 0.006
2240.72462 14.475 0.006
2242.73553 14.427 0.006
2244.78625 14.390 0.006
2249.65455 14.232 0.006
2251.85191 14.164 0.006
2253.63852 14.099 0.006
2256.64702 14.001 0.006
2259.64156 13.935 0.006
2262.64674 13.878 0.006
2272.61263 13.871 0.006
2276.62339 13.892 0.006
2279.61788 13.904 0.006
2281.66526 13.930 0.006
2283.70094 13.944 0.006
2288.68644 13.959 0.006
2290.72435 13.976 0.006
2292.69442 13.988 0.006
2294.66496 13.997 0.006
2296.68388 13.998 0.006
2298.70546 14.004 0.006
2300.65711 14.021 0.006
2302.63070 14.029 0.006
2304.63538 14.027 0.006
2315.55867 14.068 0.006
2322.52912 14.113 0.006
2325.54958 14.130 0.006
2330.55831 14.178 0.006
2337.51009 14.273 0.006
2343.50610 13.851 0.006
2353.50022 14.527 0.006
2370.50496 14.675 0.006
2403.48345 14.369 0.006
2518.90949 14.448 0.006
2526.83918 14.431 0.006
2540.84741 14.402 0.006
2544.76754 14.366 0.006
2550.88541 14.277 0.006
2554.85075 14.221 0.006
2558.86185 14.180 0.006
2562.87808 14.114 0.006
2571.80847 13.986 0.006
2577.74712 13.913 0.006
2580.77593 13.874 0.006
2588.81251 13.792 0.006
2593.80165 13.787 0.006
2599.72154 13.828 0.006
2607.67978 13.900 0.006
2617.66923 13.972 0.006
2620.61279 13.982 0.006
2622.78852 14.003 0.006
2624.78318 14.014 0.006
2626.59684 14.029 0.006
2629.59347 14.051 0.006
2631.77717 14.078 0.006
2634.54769 14.098 0.006
2637.58555 14.126 0.006
2640.62517 14.144 0.006
2642.62339 14.158 0.006
2644.61362 14.176 0.006
2649.63646 14.220 0.006
2651.68531 14.228 0.006
2654.63760 14.258 0.006
2656.71262 14.269 0.006
2658.69830 14.279 0.006
2661.71773 14.322 0.006
2663.62137 14.323 0.006
2665.64527 14.322 0.006
2667.61185 14.337 0.006
2669.65399 14.362 0.006
2671.58113 14.353 0.006
2673.58935 14.374 0.006
2675.58892 14.367 0.006
2677.58677 14.392 0.006
2679.61224 14.391 0.006
2681.63469 14.386 0.006
2685.57435 14.386 0.006
2690.52860 14.391 0.006
2694.52092 14.381 0.006
2698.58811 14.363 0.006
2704.57064 14.362 0.006
2711.52578 14.364 0.006
2730.50946 13.920 0.006
2872.88165 14.418 0.006
2879.87271 14.303 0.006
2884.81864 14.184 0.006
2888.85135 14.089 0.006
2893.84280 13.988 0.006
2897.80441 13.946 0.006
2903.85039 13.885 0.006
2906.79910 13.881 0.006
2910.77216 13.886 0.006
2915.77621 13.900 0.006
2921.77804 13.914 0.006
2924.86780 13.918 0.006
2927.88586 13.920 0.006
2941.80965 13.927 0.006
2943.68485 13.927 0.006
2946.71158 13.943 0.006
2949.69463 13.953 0.006
2952.68619 13.972 0.006
2955.74789 13.999 0.006
2957.68044 14.007 0.006
2960.70137 14.032 0.006
2963.68810 14.043 0.006
2966.65362 14.050 0.006
2968.81661 14.063 0.006
2971.82394 14.076 0.006
2975.62227 14.090 0.006
2977.71336 14.116 0.006
2979.75043 14.122 0.006
2983.65811 14.153 0.006
2985.83917 14.163 0.006
2988.60222 14.183 0.006
2990.79015 14.205 0.006
2992.61221 14.220 0.006
2994.72062 14.241 0.006
2997.60356 14.265 0.006
2999.62313 14.285 0.006
3001.60107 14.301 0.006
3003.63005 14.321 0.006
3005.65942 14.339 0.006
3007.61205 14.342 0.006
3009.60985 14.371 0.006
3011.64204 14.368 0.006
3013.61755 14.368 0.006
3016.61800 14.367 0.006
3018.60313 14.366 0.006
3020.64427 14.357 0.006
3022.67627 14.348 0.006
3024.65832 14.337 0.006
3026.62735 14.313 0.006
3028.63279 14.294 0.006
3030.66805 14.256 0.006
3032.77182 14.228 0.006
3034.82133 14.188 0.006
3037.59891 14.156 0.006
3040.57448 14.120 0.006
3042.55948 14.103 0.006
3045.57141 14.079 0.006
3047.52321 14.073 0.006
3049.52872 14.060 0.006
3051.52228 14.055 0.006
3053.51480 14.045 0.006
3055.51692 14.041 0.006
3057.51295 14.040 0.006
3059.51548 14.048 0.006
3060.50910 14.038 0.006
3061.51018 14.028 0.006
3064.51306 14.022 0.006
3067.52020 14.008 0.006
3069.50448 14.002 0.006
3071.66617 13.984 0.006
3074.68825 13.979 0.006
3077.58933 13.977 0.006
3081.58056 13.959 0.006
3083.58762 13.963 0.006
3086.52352 13.957 0.006
3089.51086 13.984 0.006
3092.49347 14.002 0.006
3098.49049 14.002 0.006
3101.51200 13.987 0.006
3104.48344 13.965 0.006
3108.48048 13.957 0.006
3112.47579 13.955 0.006
3115.50250 13.963 0.006
3123.48129 14.027 0.006
3132.47745 14.119 0.006
3230.85382 14.141 0.006
3238.85270 13.958 0.006
3246.86973 13.835 0.006
3251.90053 13.813 0.006
3254.85742 13.819 0.006
3261.89035 13.823 0.006
3272.87009 13.870 0.006
3275.86890 13.869 0.006
3280.86847 13.889 0.006
3283.80875 13.898 0.006
3289.72176 13.907 0.006
3294.72844 13.951 0.006
3296.67685 13.962 0.006
3298.75721 13.965 0.006
3300.81384 13.968 0.006
3303.72115 13.983 0.006
3306.72263 14.012 0.006
3308.73924 14.024 0.006
3310.77175 14.054 0.006
3314.69297 14.083 0.006
3321.61355 14.141 0.006
3328.82274 14.194 0.006
3335.82676 14.251 0.006
3336.69100 14.252 0.006
3340.81221 14.299 0.006
3349.63501 14.436 0.006
3353.62781 14.526 0.006
3356.62148 14.603 0.006
3360.63468 14.692 0.006
3369.65336 14.767 0.006
3377.61433 14.644 0.006
3381.61283 14.537 0.006
3386.62469 14.389 0.006
3390.62765 14.282 0.006
3395.73767 14.104 0.006
3398.60516 14.042 0.006
3400.59064 14.012 0.006
3403.59936 13.960 0.006
3406.52890 13.922 0.006
3410.55252 13.893 0.006
3415.52844 13.905 0.006
3421.59788 13.944 0.006
3429.54909 14.014 0.006
3434.53796 14.030 0.006
3442.50967 14.053 0.006
3450.51148 14.068 0.006
3568.94315 13.983 0.006
3592.87351 14.069 0.006
3608.88036 14.235 0.006
3614.86322 14.253 0.006
3621.89571 14.280 0.006
3628.87519 14.280 0.006
3633.74627 14.275 0.006
3639.75193 14.209 0.006
3641.74584 14.206 0.006
3646.80689 14.162 0.006
3652.85864 14.117 0.006
3656.79723 14.105 0.006
3661.73259 14.092 0.006
3665.73599 14.091 0.006
3671.70190 14.097 0.006
3673.87427 14.094 0.006
3683.73986 14.125 0.006
3686.78594 14.105 0.006
3689.70286 14.102 0.006
3692.62446 14.107 0.006
3695.68994 14.086 0.006
3697.72210 14.085 0.006
3700.68704 14.051 0.006
3702.77321 14.019 0.006
3704.86285 13.999 0.006
3707.64672 13.996 0.006
3712.86172 13.975 0.006
3716.65543 13.984 0.006
3720.63819 13.980 0.006
3724.66986 13.993 0.006
3727.60470 13.983 0.006
3731.60631 13.994 0.006
3736.61692 14.006 0.006
3739.59153 14.011 0.006
3742.64215 14.032 0.006
3745.73085 14.047 0.006
3748.59120 14.079 0.006
3750.61703 14.110 0.006
3752.57167 14.122 0.006
3755.58351 14.150 0.006
3758.58752 14.181 0.006
3760.72295 14.200 0.006
3762.60017 14.218 0.006
3766.58170 14.250 0.006
3769.58268 14.266 0.006
3772.60558 14.295 0.006
3775.57852 14.303 0.006
3778.57919 14.323 0.006
3781.59021 14.338 0.006
3785.56276 14.342 0.006
3790.53158 14.322 0.006
3796.57201 14.275 0.006
3804.50772 14.200 0.006
3816.51282 14.112 0.006
3934.93895 14.487 0.006
3960.85732 14.509 0.006
3967.88676 14.381 0.006
3973.88220 14.304 0.006
3979.83171 14.209 0.006
3987.81238 13.982 0.006
3994.86503 13.844 0.006
4001.74473 13.797 0.006
4004.74742 13.800 0.006
4008.70247 13.819 0.006
4011.86565 13.840 0.006
4016.87424 13.862 0.006
4021.82096 13.894 0.006
4025.83294 13.914 0.006
4028.74291 13.937 0.006
4030.81460 13.953 0.006
4036.87343 13.986 0.006
4040.70917 14.003 0.006
4042.72548 14.015 0.006
4045.82485 14.019 0.006
4048.68852 14.033 0.006
4050.76133 14.043 0.006
4053.73076 14.054 0.006
4057.65932 14.082 0.006
4060.59423 14.092 0.006
4065.61585 14.133 0.006
4068.63154 14.160 0.006
4070.62801 14.188 0.006
4073.78733 14.231 0.006
4077.64075 14.299 0.006
4080.62264 14.360 0.006
4084.65430 14.423 0.006
4092.73108 14.558 0.006
4100.79137 14.680 0.006
4104.69613 14.693 0.006
4107.63374 14.694 0.006
4117.59921 14.614 0.006
4121.60017 14.551 0.006
4123.56176 14.526 0.006
4125.68828 14.475 0.006
4129.66073 14.356 0.006
4144.53199 13.974 0.006
4153.51547 13.900 0.006
4160.57553 13.859 0.006
4174.54855 13.885 0.006
4310.93805 13.981 0.006
4345.82232 13.969 0.006
4349.88337 13.998 0.006
4355.79743 14.044 0.006
4361.78326 14.098 0.006
4368.86673 14.148 0.006
4371.73022 14.157 0.006
4376.74951 14.195 0.006
4378.89683 14.215 0.006
4379.75528 14.229 0.006
4383.76011 14.260 0.006
4387.85507 14.293 0.006
4391.86076 14.342 0.006
4397.73246 14.424 0.006
4402.81106 14.503 0.006
4406.76133 14.561 0.006
4409.83046 14.594 0.006
4416.69770 14.677 0.006
4420.81024 14.702 0.006
4424.82992 14.708 0.006
4428.79792 14.710 0.006
4431.73319 14.686 0.006
4435.69816 14.624 0.006
4438.82708 14.546 0.006
4441.80121 14.482 0.006
4444.64371 14.423 0.006
4450.65738 14.283 0.006
4453.64081 14.216 0.006
4456.64483 14.151 0.006
4458.62926 14.096 0.006
4462.64393 14.032 0.006
4467.62596 13.940 0.006
4471.61434 13.868 0.006
4474.79845 13.825 0.006
4478.65360 13.821 0.006
4482.67837 13.825 0.006
4485.66012 13.836 0.006
4487.65705 13.845 0.006
4492.71906 13.872 0.006
4497.61002 13.911 0.006
4499.66077 13.909 0.006
4502.59169 13.930 0.006
4507.56319 13.968 0.006
4509.56077 13.978 0.006
4515.52658 14.007 0.006
4520.51540 14.025 0.006
4523.53900 14.041 0.006
4525.51114 14.063 0.006
4531.50823 14.101 0.006
4537.50204 14.161 0.006
4543.57493 14.248 0.006
4547.49546 14.326 0.006
4556.49397 14.461 0.006
4561.49664 14.536 0.006
4570.47685 14.674 0.006
4581.47400 14.787 0.006
4675.91970 13.928 0.006
4690.85884 14.031 0.006
4702.87259 14.194 0.006
4715.84271 14.394 0.006
4721.80586 14.489 0.006
4726.74167 14.585 0.006
4730.88073 14.653 0.006
4743.79431 14.816 0.006
4750.80044 14.846 0.006
4755.81924 14.822 0.006
4758.85811 14.802 0.006
4762.71364 14.775 0.006
4767.85328 14.695 0.006
4771.73337 14.617 0.006
4773.82545 14.585 0.006
4776.76722 14.542 0.006
4779.73837 14.474 0.006
4782.85470 14.420 0.006
4787.68606 14.393 0.006
4789.83075 14.303 0.006
4792.71045 14.252 0.006
4795.66137 14.184 0.006
4799.65891 14.112 0.006
4802.66671 14.054 0.006
4805.61478 14.003 0.006
4807.64374 13.976 0.006
4810.63036 13.941 0.006
4813.62565 13.930 0.006
4815.63890 13.918 0.006
4817.64368 13.920 0.006
4819.63732 13.916 0.006
4821.67408 13.912 0.006
4825.68978 13.892 0.006
4831.73452 13.886 0.006
4834.65496 13.896 0.006
4836.66465 13.902 0.006
4838.65871 13.912 0.006
4841.65230 13.927 0.006
4843.65342 13.932 0.006
4845.66774 13.934 0.006
4847.68293 13.956 0.006
4849.67465 13.969 0.006
4851.70323 13.995 0.006
4853.68188 14.005 0.006
4855.66936 14.028 0.006
4857.64545 14.047 0.006
4863.59474 14.106 0.006
4866.62894 14.139 0.006
4867.61722 14.145 0.006
4869.55855 14.178 0.006
4871.59658 14.192 0.006
4873.59212 14.223 0.006
4875.52547 14.251 0.006
4877.57273 14.278 0.006
4877.58516 14.279 0.006
4879.58647 14.293 0.006
4882.58266 14.348 0.006
4883.67237 14.346 0.006
4887.53757 14.388 0.006
4899.62160 14.458 0.006
4903.57698 14.456 0.006
4913.53777 14.510 0.006
4917.52509 14.523 0.006
4921.52204 14.498 0.006
4927.51865 14.465 0.006
4931.52615 14.442 0.006
4935.49268 14.401 0.006
4939.49976 14.358 0.006
4944.51209 14.292 0.006
4950.49236 14.156 0.006
