3017.66663 16.295 0.006
3314.80275 16.509 0.007
3331.71029 16.385 0.007
3353.73488 16.374 0.006
3358.77036 16.386 0.006
3366.72971 16.425 0.007
3375.69986 16.457 0.006
3380.63518 16.481 0.005
3386.70680 16.508 0.006
3396.75565 16.508 0.010
3715.67554 16.178 0.006
3721.69468 16.138 0.006
3727.67728 16.136 0.005
3736.71609 16.173 0.005
3745.63768 16.190 0.005
3752.64515 16.161 0.006
3759.65115 16.153 0.005
3765.63275 16.138 0.005
3770.68029 16.156 0.005
4065.68712 16.331 0.005
4073.74649 16.345 0.007
4092.71544 16.330 0.005
4111.74184 16.313 0.006
4126.67706 16.289 0.006
4131.58608 16.299 0.006
4392.82118 16.121 0.006
4402.75381 16.116 0.007
4420.76516 16.230 0.006
4421.81644 16.243 0.006
4441.74204 16.340 0.006
4442.86161 16.355 0.008
4456.71580 16.293 0.007
4474.77389 16.225 0.006
4478.75397 16.212 0.006
4484.72535 16.198 0.006
4722.84022 16.312 0.006
4774.78103 16.316 0.006
4780.76763 16.338 0.006
4793.78817 16.338 0.006
4892.64509 16.311 0.006
