2167.89750 19.704 0.081
2167.90108 19.971 0.155
2193.81977 19.498 0.048
2193.82309 19.490 0.071
2202.81910 19.824 0.080
2202.82241 20.020 0.125
2215.77230 19.930 0.109
2221.85050 19.535 0.074
2221.85379 19.650 0.121
2224.82039 19.344 0.056
2224.82369 19.701 0.102
2227.73123 19.568 0.068
2229.73699 19.741 0.090
2229.74028 19.756 0.129
2231.70525 19.698 0.075
2233.67352 19.511 0.061
2233.67681 19.614 0.090
2239.65392 19.412 0.064
2239.65721 19.425 0.086
2241.74559 19.814 0.082
2241.74887 19.456 0.083
2243.81060 19.930 0.095
2248.67259 20.119 0.109
2248.67588 20.026 0.132
2250.76154 19.608 0.088
2252.73094 19.841 0.068
2254.72198 19.707 0.058
2257.72599 19.515 0.052
2257.72928 19.402 0.069
2265.78032 19.512 0.066
2265.78362 19.326 0.072
2266.77086 19.714 0.078
2266.77420 19.898 0.128
2270.79693 19.772 0.061
2270.80023 19.670 0.087
2272.64649 19.606 0.070
2272.64978 19.473 0.087
2274.77385 19.937 0.118
2274.77714 19.750 0.137
2276.83178 19.947 0.091
2278.78864 19.845 0.107
2278.79193 19.843 0.162
2280.77139 19.896 0.071
2280.77468 19.989 0.119
2282.76859 19.570 0.058
2282.77189 19.778 0.095
2289.83105 19.441 0.044
2291.81709 19.581 0.064
2293.78598 19.588 0.084
2295.80986 19.558 0.054
2297.79592 19.396 0.054
2300.82096 19.823 0.105
2302.78220 19.550 0.076
2315.70598 19.865 0.094
2324.57165 19.726 0.073
2328.55351 19.612 0.088
2334.54673 19.723 0.079
2340.54339 19.505 0.066
2373.49593 19.822 0.135
2385.55905 19.703 0.118
2534.89158 19.631 0.088
2539.89872 19.867 0.110
2539.90231 19.494 0.112
2545.86657 20.063 0.111
2553.75872 19.712 0.107
2557.82675 19.585 0.074
2561.82482 19.836 0.086
2561.82837 19.661 0.123
2565.82690 19.474 0.077
2565.83019 19.874 0.164
2574.78911 19.944 0.117
2578.84550 20.014 0.096
2578.84882 20.112 0.155
2584.74129 19.738 0.097
2590.81826 19.882 0.083
2590.82179 19.929 0.128
2596.82469 19.595 0.089
2596.82825 19.747 0.134
2606.72122 19.534 0.056
2609.82979 19.675 0.099
2610.63969 19.586 0.109
2611.65170 19.859 0.149
2613.63289 19.764 0.172
2614.68088 19.773 0.140
2614.79653 19.512 0.062
2619.67257 19.615 0.056
2619.73369 19.891 0.095
2619.85803 19.626 0.125
2621.69107 19.530 0.065
2621.80053 19.631 0.072
2622.65679 19.822 0.136
2622.73821 19.560 0.095
2622.85914 19.741 0.113
2624.69755 19.600 0.062
2625.72298 19.650 0.086
2627.78884 20.010 0.141
2629.81564 19.585 0.085
2632.70973 19.646 0.060
2635.81028 20.038 0.108
2636.77282 19.442 0.103
2638.80344 19.568 0.082
2638.80674 19.550 0.107
2638.83615 19.423 0.101
2639.84521 20.017 0.108
2640.75977 19.499 0.080
2641.75432 19.525 0.080
2641.77163 19.568 0.067
2641.77492 19.725 0.098
2641.86517 19.783 0.161
2643.76663 19.591 0.079
2643.77785 19.706 0.061
2645.75626 19.477 0.094
2645.77357 19.604 0.061
2645.77687 19.489 0.074
2646.75052 19.760 0.096
2647.62549 19.569 0.086
2647.70258 19.440 0.058
2647.70588 19.401 0.070
2647.73532 19.530 0.091
2650.78428 19.945 0.101
2653.65642 19.440 0.065
2653.78851 19.654 0.142
2655.71314 19.621 0.075
2657.64795 19.537 0.068
2659.80174 19.459 0.088
2660.71202 20.028 0.099
2662.71797 19.872 0.101
2663.66250 19.714 0.105
2664.71539 19.982 0.185
2664.73341 20.134 0.189
2664.73676 19.956 0.205
2665.70616 19.367 0.057
2665.83004 19.682 0.122
2666.65231 19.414 0.065
2666.77012 19.843 0.111
2666.78728 19.859 0.068
2667.68726 19.689 0.101
2668.76164 20.101 0.157
2668.77880 20.249 0.144
2671.69723 19.637 0.128
2672.67438 19.412 0.114
2674.67925 19.521 0.092
2674.80137 19.982 0.146
2675.66194 19.659 0.115
2675.76482 19.445 0.070
2675.80586 19.389 0.047
2675.80917 19.472 0.074
2676.66406 19.532 0.102
2676.74738 19.791 0.115
2677.66475 19.828 0.150
2677.72346 19.482 0.075
2678.63925 19.347 0.065
2679.65880 19.628 0.122
2679.79425 19.446 0.100
2679.81153 19.479 0.090
2679.81484 19.802 0.161
2681.61903 20.501 0.242
2682.73375 19.288 0.068
2687.63312 20.040 0.140
2692.57596 19.471 0.062
2697.52231 19.488 0.074
2702.52116 20.253 0.196
2708.54992 19.667 0.090
2724.51978 19.526 0.062
2871.91126 19.628 0.071
2884.87090 19.940 0.091
2884.87440 19.909 0.130
2890.89288 20.022 0.155
2890.89640 20.082 0.247
2896.84555 19.885 0.091
2896.84907 19.962 0.154
2902.78017 19.459 0.044
2911.88873 19.487 0.044
2911.89223 19.381 0.064
2917.79225 19.863 0.072
2923.79440 19.608 0.073
2926.84750 19.523 0.059
2931.77599 19.566 0.051
2934.81641 19.488 0.052
2940.79679 19.603 0.055
2940.80027 19.617 0.082
2943.80097 19.582 0.055
2943.80445 19.586 0.078
2947.80951 19.528 0.053
2947.81297 19.568 0.070
2950.72347 19.960 0.096
2954.74673 20.016 0.106
2956.79228 19.703 0.071
2956.79573 19.682 0.093
2958.83688 19.528 0.099
2958.84034 19.725 0.152
2962.83114 19.684 0.060
2962.83459 19.641 0.080
2965.84033 19.541 0.051
2967.78008 19.585 0.064
2970.83404 20.011 0.072
2974.77207 20.013 0.076
2976.66156 19.509 0.058
2979.64497 20.008 0.105
2981.66632 19.471 0.129
2983.77312 19.678 0.073
2985.82085 19.542 0.057
2987.71959 19.866 0.088
2989.66228 19.840 0.059
2991.73452 19.964 0.078
2993.74225 19.911 0.089
2995.81747 19.579 0.056
2997.78638 19.541 0.060
2998.73390 19.493 0.051
3000.73640 19.435 0.061
3002.72432 19.516 0.056
3004.72721 19.424 0.044
3004.73066 19.531 0.070
3006.72017 19.464 0.046
3008.73461 19.456 0.052
3008.73809 19.444 0.081
3010.78106 19.452 0.059
3011.79738 19.852 0.101
3016.73103 19.476 0.050
3018.76143 19.553 0.064
3020.82518 19.472 0.058
3023.71112 19.542 0.049
3025.68275 19.553 0.042
3027.72819 19.620 0.047
3029.71305 19.452 0.047
3031.78341 19.802 0.099
3034.61476 19.773 0.051
3036.64513 19.864 0.068
3039.58702 19.533 0.059
3042.69455 19.782 0.096
3044.63399 19.843 0.091
3046.61997 19.466 0.059
3047.72231 19.593 0.083
3048.65340 19.823 0.065
3049.67696 19.402 0.040
3051.64628 19.657 0.073
3053.62151 19.718 0.055
3055.63855 19.565 0.061
3057.66369 19.618 0.058
3059.60833 19.830 0.065
3061.60059 19.959 0.093
3066.57018 19.696 0.110
3068.59806 19.276 0.064
3070.66839 19.735 0.142
3073.68668 19.606 0.088
3076.61042 19.443 0.076
3079.58947 19.881 0.061
3082.67946 19.490 0.044
3085.57924 19.573 0.067
3088.53951 19.790 0.088
3091.52239 19.529 0.076
3096.57090 19.772 0.113
3100.50190 19.926 0.134
3103.52014 19.339 0.054
3106.54140 19.731 0.070
3109.52701 19.516 0.055
3112.58248 19.763 0.084
3116.56055 19.670 0.089
3127.55769 19.529 0.056
3133.51819 20.075 0.146
3223.91645 19.574 0.082
3223.92000 19.527 0.109
3242.86735 19.437 0.052
3249.91474 19.642 0.075
3249.91825 19.841 0.144
3264.86829 19.679 0.046
3264.87180 19.728 0.072
3271.81605 19.470 0.075
3274.82004 19.735 0.087
3278.89301 19.802 0.088
3282.78520 19.602 0.059
3287.82416 19.645 0.047
3287.82764 19.610 0.062
3295.78192 19.690 0.044
3295.78539 19.643 0.067
3301.83545 19.680 0.068
3301.83892 19.588 0.096
3305.74445 20.116 0.096
3307.76930 19.938 0.124
3307.77279 19.962 0.202
3309.80572 20.095 0.076
3309.80920 19.932 0.094
3311.79936 19.891 0.076
3311.80281 19.892 0.119
3320.86277 19.621 0.074
3327.81521 19.525 0.046
3327.81866 19.647 0.067
3330.79127 19.504 0.063
3330.79472 19.557 0.096
3336.64368 19.869 0.098
3339.82214 19.610 0.085
3350.75967 19.814 0.058
3353.81587 19.528 0.046
3357.75653 19.500 0.052
3360.73326 19.645 0.050
3365.85269 19.366 0.052
3373.81676 19.428 0.068
3378.74355 19.580 0.056
3394.62670 19.990 0.119
3395.79948 19.840 0.098
3399.78044 20.009 0.120
3403.76754 19.912 0.079
3408.69072 19.577 0.050
3413.53695 19.448 0.058
3417.63082 19.499 0.054
3427.58121 19.666 0.076
3434.51868 19.465 0.052
3440.54283 19.547 0.062
3447.51203 19.826 0.094
3456.53758 19.529 0.073
3469.49247 19.557 0.055
3478.48500 20.138 0.114
3601.89545 19.474 0.065
3601.89896 19.781 0.112
3619.89816 19.706 0.062
3619.90165 19.863 0.107
3630.77954 19.657 0.093
3636.83699 20.060 0.113
3636.84048 19.838 0.141
3640.78690 19.708 0.053
3640.79039 19.926 0.097
3651.82076 19.540 0.060
3654.86697 19.806 0.058
3654.87041 19.961 0.098
3658.83065 19.774 0.083
3661.87639 19.362 0.060
3665.84960 19.408 0.055
3670.81920 20.016 0.090
3670.82264 19.851 0.115
3673.82948 19.484 0.042
3676.82962 19.914 0.065
3676.83307 19.661 0.085
3685.76898 19.633 0.054
3687.85572 19.511 0.048
3690.77765 19.672 0.075
3690.78111 19.367 0.075
3693.81328 19.691 0.069
3693.81671 19.577 0.088
3695.84438 19.673 0.059
3695.84783 19.653 0.081
3698.83404 19.619 0.070
3698.83748 19.483 0.080
3701.70299 19.654 0.051
3703.78678 19.768 0.061
3705.85097 19.776 0.056
3705.85441 19.797 0.092
3708.83870 19.723 0.069
3708.84211 19.495 0.082
3712.79625 19.515 0.045
3712.79968 19.435 0.066
3715.76191 19.621 0.055
3718.69773 19.797 0.080
3718.70118 19.736 0.111
3720.84751 19.507 0.066
3720.85096 19.723 0.122
3724.76512 19.594 0.053
3728.74315 19.630 0.051
3728.74656 19.747 0.086
3731.80622 19.593 0.045
3731.80968 19.515 0.059
3733.66898 19.510 0.043
3733.67239 19.322 0.049
3735.65683 19.420 0.036
3737.81535 19.663 0.044
3737.81878 19.636 0.063
3740.77871 19.641 0.053
3740.78215 19.557 0.069
3742.78923 19.694 0.108
3742.79266 20.039 0.236
3745.82126 19.583 0.053
3745.82470 19.275 0.077
3747.82404 19.638 0.097
3747.82747 19.324 0.116
3749.77133 19.565 0.087
3749.77475 19.722 0.162
3751.78518 19.541 0.080
3751.78863 19.634 0.116
3753.73457 19.342 0.045
3753.73800 19.556 0.085
3755.73465 19.639 0.073
3755.73806 19.484 0.087
3757.72438 19.553 0.051
3757.72780 19.511 0.076
3759.81466 19.445 0.053
3759.81810 19.532 0.081
3763.68668 19.763 0.046
3763.69016 19.793 0.063
3766.70328 19.456 0.055
3766.70673 19.493 0.083
3770.73083 19.689 0.074
3770.73431 19.551 0.110
3773.76209 19.628 0.067
3773.76552 19.886 0.145
3776.73644 19.648 0.085
3783.60371 19.531 0.053
3788.57792 19.982 0.070
3788.58139 19.641 0.076
3793.58347 19.464 0.051
3801.51924 19.575 0.064
3811.50995 19.731 0.082
3826.49496 19.757 0.079
3958.88503 19.678 0.102
3958.89240 20.065 0.237
3965.85482 19.579 0.044
3965.85830 19.451 0.060
3970.87493 19.943 0.072
3970.87838 19.903 0.110
3982.82569 19.681 0.066
3982.82915 19.690 0.104
3999.86991 20.009 0.084
3999.87334 19.701 0.095
4003.74581 19.893 0.058
4006.76695 19.646 0.046
4006.77038 19.333 0.053
4008.79127 19.541 0.075
4013.79947 19.962 0.116
4024.79708 19.602 0.079
4026.86268 19.624 0.061
4026.86607 19.432 0.080
4029.81042 19.663 0.087
4039.67585 19.485 0.052
4041.74955 19.504 0.055
4041.75294 19.659 0.097
4046.84772 19.593 0.078
4049.71784 19.503 0.044
4049.72122 19.513 0.065
4052.77918 19.813 0.066
4056.82447 19.914 0.079
4056.82785 19.963 0.143
4059.71922 19.838 0.075
4059.72261 19.931 0.123
4064.78772 19.828 0.050
4064.79285 19.846 0.075
4066.78682 19.656 0.059
4066.79020 20.053 0.134
4069.73993 19.755 0.063
4071.66789 20.075 0.103
4071.67127 19.777 0.118
4076.74007 19.416 0.065
4076.74345 19.351 0.088
4079.78157 19.387 0.069
4079.78495 19.328 0.088
4082.82945 19.660 0.061
4084.79473 19.624 0.068
4084.79809 19.656 0.117
4086.81977 19.472 0.064
4086.82316 19.454 0.092
4103.65542 19.425 0.057
4103.65879 19.317 0.070
4106.57619 20.015 0.105
4106.57960 19.639 0.117
4111.79855 19.787 0.057
4111.80195 19.843 0.089
4121.71710 19.812 0.112
4121.72049 19.730 0.164
4127.66775 19.488 0.044
4127.67117 19.427 0.057
4132.75669 19.488 0.075
4132.76010 19.895 0.143
4143.54394 19.943 0.080
4143.54738 20.043 0.115
4157.54270 19.813 0.098
4157.54611 19.761 0.126
4169.50331 19.343 0.086
4198.52959 19.702 0.088
4198.53307 19.714 0.107
4343.86249 19.656 0.078
4343.86596 19.539 0.094
4348.83137 19.710 0.068
4353.86273 19.675 0.071
4353.86617 19.521 0.088
4358.81475 20.004 0.122
4358.81818 20.316 0.224
4364.90110 19.850 0.097
4364.90454 19.682 0.136
4367.87495 19.589 0.060
4367.87837 19.428 0.078
4370.89664 19.973 0.127
4370.90006 20.166 0.263
4373.85261 19.498 0.056
4373.85604 19.554 0.078
4378.75605 19.574 0.081
4378.75945 19.625 0.103
4381.74423 19.803 0.103
4381.74764 19.797 0.147
4386.86550 19.765 0.112
4399.79841 20.177 0.133
4399.80181 20.207 0.178
4408.70341 19.713 0.090
4423.73615 19.589 0.058
4423.73953 19.474 0.079
4427.73820 19.467 0.054
4427.74160 19.561 0.089
4433.75908 19.434 0.058
4440.70129 19.585 0.070
4440.70465 20.144 0.149
4443.79373 19.549 0.073
4443.79712 19.401 0.086
4451.80028 19.617 0.082
4451.80369 19.352 0.104
4455.76904 19.410 0.090
4459.76751 19.528 0.081
4463.76423 19.555 0.072
4465.77761 19.647 0.067
4465.78099 19.556 0.078
4468.74187 19.610 0.059
4468.74523 19.619 0.079
4470.69740 19.506 0.064
4470.70077 19.620 0.092
4473.74056 20.020 0.132
4473.74395 20.033 0.168
4476.76152 19.558 0.057
4476.76493 19.573 0.078
4485.79615 20.247 0.254
4490.63999 19.760 0.100
4498.73356 19.418 0.079
4501.73092 19.731 0.131
4508.69179 19.897 0.149
4509.75588 19.540 0.090
4512.72230 19.694 0.081
4518.66249 20.301 0.227
4521.70646 19.426 0.094
4525.64666 19.887 0.097
4525.65009 19.456 0.081
4534.55926 19.580 0.078
4542.51171 19.390 0.081
4575.53963 19.311 0.073
4589.50191 19.809 0.131
4616.47378 19.528 0.098
4685.89243 19.343 0.055
4685.89588 19.571 0.088
4699.85558 19.644 0.075
4708.91493 19.472 0.058
4708.91837 19.853 0.118
4720.85319 19.456 0.049
4720.85665 19.485 0.068
4725.79370 19.531 0.070
4725.79714 19.501 0.092
4728.90487 19.336 0.058
4728.90832 19.357 0.098
4734.86772 19.752 0.092
4734.87117 19.890 0.153
4741.81824 19.565 0.076
4743.85566 19.452 0.066
4747.76466 19.474 0.071
4748.88448 19.683 0.080
4749.75067 19.527 0.069
4749.75408 19.610 0.093
4753.83068 19.676 0.084
4753.83408 19.489 0.094
4765.86844 19.734 0.094
4765.87183 19.456 0.109
4769.76448 19.875 0.092
4769.76788 19.705 0.104
4772.79659 19.563 0.068
4772.79996 19.367 0.104
4775.81761 19.872 0.119
4777.82770 19.586 0.065
4782.67763 19.500 0.063
4782.68103 19.530 0.103
4784.77769 19.457 0.064
4784.78108 19.346 0.089
4789.68650 19.634 0.053
4789.68988 19.470 0.081
4796.74276 19.482 0.063
4798.68665 19.639 0.072
4798.69004 19.588 0.102
4801.65252 19.677 0.072
4801.65591 19.501 0.078
4803.69810 19.811 0.084
4803.70146 19.342 0.080
4813.77720 19.373 0.155
4822.74394 19.838 0.054
4823.82683 19.676 0.079
4824.69353 20.298 0.147
4824.76197 19.985 0.081
4825.66975 19.473 0.066
4826.77485 19.660 0.058
4826.77823 19.774 0.089
4833.64272 19.653 0.094
4833.77762 19.429 0.044
4833.78102 19.517 0.082
4839.73862 19.463 0.060
4839.74201 19.373 0.082
4848.82258 20.136 0.132
4861.74217 19.656 0.079
4867.70953 20.125 0.160
4871.68616 19.875 0.156
4877.69721 20.034 0.138
4919.58404 19.639 0.093
4925.59703 19.880 0.123
4929.56424 19.802 0.191
4932.59938 19.633 0.134
4935.57727 20.528 0.283
4940.48497 19.362 0.063
4941.47299 19.693 0.128
4942.48145 19.512 0.114
4942.48909 19.465 0.090
4944.47503 19.661 0.116
