2166.89956 17.416 0.017
2173.81998 17.426 0.019
2189.89136 17.411 0.020
2192.79375 17.458 0.015
2201.80654 17.395 0.015
2212.83820 17.417 0.016
2223.84281 17.417 0.019
2226.82280 17.439 0.019
2228.85981 17.429 0.019
2232.79308 17.411 0.019
2234.78727 17.431 0.016
2238.75098 17.397 0.017
2241.63430 17.391 0.019
2243.69273 17.405 0.019
2248.76063 17.435 0.016
2251.72256 17.429 0.016
2253.80666 17.422 0.016
2255.68162 17.473 0.020
2261.70187 17.382 0.016
2269.81635 17.434 0.017
2271.76374 17.420 0.013
2273.84879 17.421 0.019
2274.63345 17.421 0.021
2276.74058 17.382 0.017
2278.63909 17.464 0.019
2280.63730 17.500 0.017
2282.64586 17.430 0.017
2289.77951 17.439 0.017
2293.75335 17.456 0.021
2295.77527 17.424 0.016
2297.76860 17.441 0.019
2299.80916 17.428 0.021
2301.70327 17.444 0.021
2303.69947 17.483 0.027
2327.52864 17.412 0.020
2332.56153 17.438 0.025
2333.52559 17.393 0.024
2339.51379 17.461 0.020
2347.50846 17.434 0.021
2402.50247 17.420 0.025
2524.89819 17.419 0.020
2537.89815 17.499 0.024
2542.86048 17.431 0.017
2552.80779 17.466 0.020
2556.80103 17.434 0.017
2559.84920 17.403 0.017
2563.89447 17.471 0.033
2564.81717 17.436 0.020
2578.74295 17.394 0.021
2583.77842 17.458 0.020
2589.82139 17.414 0.016
2596.70963 17.392 0.024
2605.71088 17.451 0.019
2614.63639 17.439 0.017
2618.69412 17.447 0.019
2620.82200 17.465 0.016
2623.79288 17.484 0.017
2627.65745 17.509 0.029
2629.68099 17.491 0.021
2631.70096 17.471 0.024
2634.72923 17.441 0.017
2635.60118 17.440 0.016
2637.80023 17.471 0.023
2639.62614 17.410 0.015
2641.69181 17.428 0.017
2643.70058 17.468 0.019
2645.68981 17.450 0.015
2647.64754 17.474 0.019
2650.86314 17.423 0.019
2651.60211 17.454 0.020
2653.62912 17.490 0.020
2655.74240 17.432 0.017
2657.59509 17.482 0.019
2659.61008 17.454 0.020
2661.82808 17.416 0.023
2663.84215 17.481 0.027
2665.84805 17.437 0.024
2668.59704 17.480 0.023
2670.60218 17.487 0.021
2672.58876 17.472 0.020
2674.61015 17.434 0.019
2676.59663 17.439 0.019
2678.66939 17.502 0.024
2680.59512 17.471 0.016
2682.64410 17.472 0.023
2686.63864 17.411 0.021
2695.62102 17.448 0.020
2700.57515 17.454 0.019
2706.59396 17.404 0.023
2713.55904 17.472 0.024
2840.93682 17.495 0.023
2868.87654 17.460 0.020
2885.84151 17.499 0.017
2892.87107 17.430 0.023
2897.84039 17.444 0.021
2903.88620 17.405 0.015
2906.88933 17.446 0.017
2911.76914 17.430 0.016
2916.81318 17.427 0.016
2922.80307 17.427 0.021
2925.89160 17.421 0.029
2930.80421 17.479 0.019
2933.84857 17.446 0.016
2939.85686 17.419 0.019
2942.80646 17.436 0.017
2944.85089 17.391 0.020
2946.85280 17.471 0.020
2949.76744 17.386 0.019
2952.84332 17.379 0.017
2956.68254 17.419 0.016
2958.70925 17.434 0.017
2962.72012 17.421 0.017
2965.73920 17.453 0.015
2967.83876 17.418 0.015
2970.80410 17.457 0.016
2974.74194 17.446 0.019
2976.77661 17.431 0.017
2978.75671 17.453 0.020
2980.69677 17.485 0.019
2982.65616 17.442 0.017
2984.70675 17.424 0.019
2986.79003 17.475 0.020
2988.75408 17.422 0.019
2990.62624 17.464 0.017
2992.77684 17.410 0.016
2994.62311 17.449 0.019
2995.63267 17.475 0.015
2997.64165 17.431 0.016
2999.76136 17.396 0.017
3001.73316 17.454 0.017
3003.70670 17.449 0.016
3005.69746 17.475 0.019
3007.71188 17.430 0.017
3009.70994 17.445 0.017
3011.67926 17.420 0.021
3013.68248 17.464 0.019
3017.69291 17.418 0.021
3019.62047 17.406 0.017
3021.73963 17.472 0.016
3023.60160 17.433 0.016
3024.80263 17.426 0.015
3026.79893 17.501 0.016
3028.81091 17.399 0.017
3031.67288 17.469 0.015
3033.73681 17.453 0.015
3035.74317 17.391 0.016
3038.72155 17.450 0.020
3041.58973 17.436 0.023
3043.62513 17.478 0.023
3045.65881 17.479 0.020
3047.61289 17.426 0.019
3049.61850 17.420 0.015
3051.58578 17.458 0.017
3053.58090 17.455 0.017
3055.58005 17.465 0.019
3057.60487 17.437 0.017
3060.62738 17.468 0.019
3064.63170 17.420 0.020
3067.68869 17.398 0.019
3070.53704 17.461 0.021
3073.60455 17.491 0.027
3075.65295 17.420 0.020
3078.57307 17.453 0.023
3082.56244 17.411 0.019
3084.63936 17.414 0.016
3087.60102 17.406 0.016
3090.56480 17.455 0.020
3099.49965 17.401 0.024
3102.53126 17.431 0.020
3105.56506 17.472 0.021
3108.54352 17.462 0.017
3112.51488 17.412 0.020
3116.50217 17.417 0.020
3126.50789 17.458 0.020
3146.47041 17.438 0.021
3241.89543 17.448 0.020
3256.90680 17.446 0.017
3263.88165 17.493 0.015
3268.89723 17.470 0.017
3273.87249 17.504 0.019
3277.86169 17.455 0.017
3281.85180 17.442 0.015
3287.71335 17.484 0.017
3289.86552 17.395 0.016
3294.86098 17.432 0.015
3296.86873 17.463 0.017
3301.71972 17.415 0.019
3304.78236 17.398 0.017
3306.86337 17.389 0.017
3308.88016 17.437 0.031
3311.69048 17.425 0.016
3320.73326 17.467 0.015
3327.70228 17.465 0.017
3329.85289 17.431 0.015
3334.75886 17.442 0.020
3338.80898 17.436 0.015
3350.64080 17.451 0.015
3354.64096 17.385 0.021
3358.69444 17.469 0.015
3361.79990 17.449 0.016
3363.74966 17.457 0.019
3367.70345 17.412 0.020
3372.72188 17.431 0.015
3378.63462 17.526 0.020
3382.61281 17.452 0.023
3391.70218 17.435 0.017
3395.69360 17.405 0.019
3399.66970 17.431 0.016
3402.68655 17.423 0.015
3404.61712 17.430 0.017
3408.56773 17.476 0.016
3412.61316 17.418 0.017
3416.59656 17.439 0.016
3424.59964 17.472 0.020
3431.50128 17.396 0.023
3437.51229 17.490 0.019
3445.51702 17.446 0.019
3453.53876 17.484 0.020
3462.51404 17.487 0.020
3582.92064 17.434 0.019
3589.92743 17.401 0.015
3617.91283 17.425 0.020
3629.85249 17.456 0.019
3634.81785 17.360 0.015
3639.87075 17.428 0.015
3641.86165 17.473 0.019
3650.85697 17.444 0.015
3653.88483 17.426 0.017
3657.83807 17.448 0.016
3661.82193 17.472 0.020
3666.81814 17.528 0.020
3671.85100 17.491 0.016
3675.83358 17.423 0.015
3683.85468 17.414 0.016
3687.74740 17.428 0.015
3689.84788 17.416 0.016
3692.77174 17.434 0.017
3694.78665 17.403 0.016
3696.72911 17.468 0.016
3699.73167 17.409 0.013
3701.78467 17.457 0.015
3704.69173 17.426 0.016
3706.82053 17.492 0.017
3711.69418 17.450 0.017
3713.70793 17.434 0.016
3716.80707 17.489 0.015
3719.78797 17.422 0.021
3725.77965 17.452 0.017
3727.75444 17.471 0.015
3730.64976 17.461 0.013
3732.67426 17.416 0.015
3734.77223 17.437 0.015
3736.78863 17.486 0.016
3737.67718 17.400 0.013
3739.77619 17.387 0.013
3742.59918 17.436 0.019
3745.71066 17.407 0.015
3747.74024 17.400 0.025
3749.62305 17.382 0.023
3751.72719 17.461 0.017
3753.59883 17.442 0.017
3755.63638 17.460 0.020
3757.66982 17.439 0.017
3759.73347 17.395 0.015
3762.72180 17.431 0.019
3765.74033 17.402 0.013
3770.58185 17.465 0.017
3773.58921 17.450 0.017
3776.58825 17.417 0.016
3779.57829 17.397 0.019
3782.62802 17.390 0.016
3787.55289 17.423 0.017
3791.60009 17.453 0.016
3799.52460 17.414 0.021
3821.50264 17.432 0.016
3945.92731 17.419 0.015
3963.92344 17.493 0.019
3969.85388 17.416 0.017
3975.90392 17.465 0.016
3981.83314 17.430 0.019
3995.88353 17.398 0.017
4001.83662 17.434 0.016
4005.81447 17.407 0.013
4007.81852 17.393 0.015
4011.81867 17.438 0.020
4018.81020 17.443 0.017
4023.84229 17.470 0.016
4026.74864 17.502 0.017
4028.88479 17.407 0.025
4031.77256 17.409 0.023
4037.88166 17.415 0.024
4040.84855 17.416 0.017
4042.86429 17.454 0.017
4046.73927 17.426 0.019
4048.82882 17.447 0.017
4052.67097 17.445 0.016
4053.86861 17.471 0.029
4056.71550 17.455 0.019
4058.65356 17.452 0.017
4063.64759 17.488 0.016
4066.64538 17.464 0.016
4069.71101 17.457 0.016
4071.63962 17.387 0.017
4076.71188 17.438 0.017
4079.72459 17.463 0.020
4083.64150 17.466 0.020
4085.70678 17.483 0.019
4092.82410 17.492 0.017
4104.87092 17.518 0.035
4112.69561 17.457 0.015
4117.68446 17.430 0.017
4121.66051 17.461 0.019
4124.74335 17.499 0.016
4129.75593 17.446 0.020
4142.61494 17.406 0.019
4150.60341 17.427 0.016
4155.51674 17.412 0.017
4166.54560 17.459 0.023
4196.49509 17.452 0.021
4341.87111 17.481 0.021
4347.82102 17.427 0.020
4351.86695 17.487 0.023
4357.87887 17.437 0.021
4363.80351 17.518 0.024
4366.85409 17.480 0.023
4369.89463 17.416 0.019
4372.79756 17.408 0.019
4376.88794 17.459 0.024
4379.89436 17.448 0.024
4386.75550 17.488 0.017
4393.76644 17.444 0.017
4398.84267 17.429 0.017
4403.84909 17.406 0.023
4411.77803 17.467 0.017
4411.83973 17.477 0.019
4418.72885 17.423 0.015
4422.82544 17.490 0.017
4429.75668 17.477 0.031
4432.69361 17.413 0.017
4436.73301 17.487 0.020
4439.79870 17.450 0.023
4443.66839 17.448 0.023
4448.82239 17.407 0.016
4451.66260 17.514 0.021
4455.66139 17.439 0.021
4457.71692 17.426 0.023
4460.74699 17.449 0.021
4464.70967 17.441 0.016
4467.70218 17.431 0.016
4471.70390 17.470 0.017
4476.67094 17.475 0.016
4480.67072 17.445 0.017
4484.74976 17.423 0.021
4488.67228 17.465 0.023
4493.67441 17.453 0.021
4498.65269 17.443 0.016
4501.64573 17.445 0.019
4506.58384 17.504 0.020
4508.59383 17.448 0.019
4510.67312 17.452 0.020
4516.62286 17.523 0.028
4519.69439 17.397 0.021
4521.53803 17.500 0.021
4530.60267 17.428 0.019
4532.63096 17.474 0.019
4537.59260 17.445 0.019
4540.64377 17.417 0.021
4544.59775 17.429 0.023
4547.54033 17.420 0.020
4556.55600 17.513 0.020
4561.53348 17.491 0.019
4568.48816 17.450 0.020
4575.51108 17.424 0.019
4592.50832 17.534 0.027
4600.49182 17.442 0.021
4682.91567 17.437 0.019
4691.92401 17.431 0.020
4719.85195 17.493 0.021
4724.79813 17.496 0.020
4727.88871 17.453 0.021
4733.89497 17.431 0.019
4747.87662 17.457 0.019
4752.83586 17.419 0.021
4754.77596 17.470 0.021
4755.77855 17.418 0.017
4756.84510 17.463 0.017
4757.76495 17.436 0.021
4757.88601 17.481 0.028
4758.73594 17.478 0.017
4758.88321 17.406 0.019
4759.77074 17.495 0.016
4759.88173 17.516 0.023
4760.72796 17.418 0.016
4761.74864 17.454 0.016
4762.70151 17.430 0.017
4762.85174 17.426 0.016
4768.82966 17.410 0.017
4771.87199 17.421 0.027
4775.70536 17.427 0.020
4777.71993 17.433 0.016
4781.68327 17.450 0.016
4783.83751 17.392 0.015
4788.76709 17.467 0.017
4791.77759 17.419 0.013
4794.74895 17.467 0.017
4797.73017 17.414 0.017
4800.69166 17.385 0.015
4802.80496 17.427 0.015
4804.82939 17.449 0.017
4805.85218 17.409 0.016
4807.80724 17.439 0.016
4809.84501 17.469 0.016
4812.69405 17.439 0.024
4814.71012 17.489 0.020
4816.70701 17.463 0.020
4818.76301 17.405 0.016
4820.74057 17.417 0.015
4823.76690 17.428 0.017
4825.84045 17.463 0.019
4833.65344 17.440 0.016
4835.67054 17.413 0.017
4837.72836 17.406 0.020
4840.69399 17.443 0.019
4842.67869 17.441 0.016
4844.67787 17.458 0.016
4847.74482 17.440 0.017
4849.74177 17.515 0.024
4850.65579 17.449 0.017
4851.81343 17.459 0.020
4852.75060 17.443 0.016
4853.66993 17.458 0.020
4854.72673 17.453 0.017
4854.75762 17.415 0.016
4855.65741 17.440 0.020
4856.72203 17.425 0.019
4857.63346 17.379 0.016
4865.68788 17.440 0.017
4867.67765 17.437 0.016
4870.69084 17.390 0.017
4873.72160 17.415 0.019
4875.69339 17.425 0.017
4877.61548 17.450 0.017
4879.67213 17.451 0.019
4884.68456 17.458 0.017
4888.57220 17.431 0.017
4902.60853 17.395 0.023
4911.61787 17.383 0.016
4919.55210 17.429 0.019
4925.56215 17.424 0.017
4929.53351 17.475 0.025
4932.56888 17.417 0.023
4936.53295 17.410 0.021
4938.53152 17.481 0.021
4941.48869 17.458 0.021
4942.49245 17.469 0.019
4943.50413 17.448 0.020
4944.48600 17.509 0.021
4945.48941 17.437 0.017
4946.48788 17.453 0.023
4947.54577 17.431 0.019
4949.47260 17.432 0.017
4950.46697 17.383 0.025
4951.46480 17.423 0.024
4953.49464 17.427 0.020
4954.46984 17.480 0.027
