2167.86446 17.120 0.015
2190.82369 16.973 0.012
2192.86690 16.965 0.013
2193.78846 16.953 0.011
2201.85453 17.311 0.014
2202.78795 17.296 0.017
2214.83563 17.028 0.016
2221.77762 17.510 0.021
2224.79006 17.101 0.014
2227.70093 16.959 0.014
2229.70640 16.950 0.014
2231.67480 16.975 0.014
2233.64310 17.016 0.014
2236.65544 17.163 0.017
2239.62349 17.280 0.020
2241.71043 17.164 0.017
2243.76412 17.068 0.015
2247.84603 16.899 0.012
2248.84868 16.921 0.012
2250.77870 16.971 0.012
2252.69570 17.041 0.012
2254.68697 17.216 0.014
2257.69518 17.475 0.017
2266.69201 16.930 0.013
2270.73280 17.027 0.014
2271.83993 17.063 0.011
2274.73272 17.224 0.015
2276.79830 17.276 0.017
2278.66255 17.182 0.015
2280.74090 17.110 0.013
2282.73680 16.996 0.012
2289.80028 17.030 0.013
2292.81670 17.320 0.018
2296.80551 17.337 0.024
2298.79913 17.138 0.017
2300.77677 16.990 0.015
2302.74988 16.944 0.015
2315.67560 17.158 0.014
2324.53319 16.952 0.016
2328.52009 17.176 0.019
2334.51340 17.202 0.019
2340.51020 16.980 0.021
2364.50284 17.065 0.018
2385.52029 17.188 0.020
2529.86450 16.992 0.013
2539.86448 17.080 0.017
2545.83192 16.909 0.014
2552.89019 17.423 0.020
2556.87890 17.294 0.016
2560.78812 16.987 0.014
2561.78963 16.953 0.015
2565.79636 16.951 0.015
2574.74640 17.168 0.014
2578.81476 17.004 0.015
2583.86940 16.953 0.017
2590.78486 17.512 0.022
2596.79160 17.046 0.015
2605.83138 17.077 0.015
2609.79644 17.284 0.018
2614.77383 17.037 0.016
2618.80429 16.933 0.014
2621.72962 16.980 0.012
2624.64914 17.109 0.016
2627.75843 17.518 0.024
2629.77936 17.438 0.021
2632.67919 17.119 0.014
2635.77980 16.958 0.013
2638.69760 16.928 0.013
2640.79429 17.042 0.018
2642.75235 17.060 0.016
2644.75134 17.176 0.015
2646.71121 17.315 0.017
2650.76230 17.112 0.015
2652.85689 17.009 0.013
2654.78589 16.934 0.014
2656.69138 16.916 0.015
2658.65378 16.939 0.013
2660.67297 17.032 0.015
2662.68755 17.196 0.017
2664.66254 17.480 0.019
2666.72807 17.526 0.017
2668.71895 17.210 0.017
2672.81267 16.933 0.013
2674.71854 16.924 0.014
2676.70356 16.999 0.017
2678.78007 17.016 0.013
2680.66681 17.107 0.013
2682.71193 17.226 0.018
2687.60034 17.131 0.017
2692.59902 16.944 0.016
2696.59026 16.987 0.014
2701.58192 17.503 0.024
2708.51158 17.050 0.020
2715.50720 17.044 0.020
2870.92550 17.240 0.019
2890.86000 17.254 0.022
2895.89589 16.945 0.013
2900.86012 17.008 0.014
2911.84555 17.027 0.013
2917.75951 16.932 0.013
2922.88168 17.347 0.023
2926.81462 17.436 0.018
2931.74287 16.987 0.013
2934.78364 16.935 0.012
2940.76418 17.148 0.014
2943.76839 17.313 0.017
2947.77702 17.105 0.014
2949.86686 16.993 0.014
2950.69083 16.964 0.014
2954.71418 16.958 0.015
2956.75946 17.038 0.014
2958.80117 17.174 0.016
2962.79829 17.529 0.017
2965.82136 17.173 0.014
2968.68904 17.023 0.015
2973.76251 16.980 0.013
2976.62900 17.072 0.016
2978.83003 17.151 0.014
2980.74503 17.315 0.016
2982.75308 17.173 0.014
2984.78467 17.108 0.015
2987.66604 16.957 0.014
2989.62271 16.923 0.013
2991.68813 16.929 0.012
2993.70847 17.039 0.016
2995.78330 17.167 0.015
2997.75392 17.453 0.018
2999.65357 17.539 0.018
3000.70249 17.481 0.018
3002.69078 17.186 0.015
3004.69165 17.050 0.013
3006.63513 16.964 0.013
3008.79004 16.929 0.014
3010.70961 16.963 0.015
3011.76457 17.025 0.017
3015.78214 17.194 0.019
3017.76983 17.298 0.017
3019.72354 17.199 0.016
3021.81653 17.087 0.014
3023.67861 17.001 0.012
3025.65003 16.926 0.011
3027.69559 16.918 0.012
3029.68054 16.966 0.013
3033.81415 17.289 0.015
3036.61264 17.532 0.017
3039.55454 17.245 0.018
3041.66255 17.080 0.019
3043.67327 16.968 0.017
3045.73615 16.961 0.014
3047.68978 16.966 0.014
3048.62100 17.002 0.012
3050.63801 17.079 0.012
3052.63942 17.162 0.014
3054.64387 17.306 0.016
3056.63202 17.179 0.014
3058.62594 17.131 0.015
3060.67560 17.043 0.014
3066.52187 16.970 0.018
3068.56143 17.096 0.017
3070.63368 17.258 0.021
3073.65353 17.518 0.022
3076.57737 17.204 0.019
3078.66414 17.065 0.015
3082.64117 16.934 0.011
3085.54361 17.015 0.014
3088.50659 17.126 0.016
3090.64831 17.247 0.017
3093.53086 17.240 0.021
3098.64020 16.987 0.014
3102.61091 16.972 0.015
3105.61664 17.070 0.017
3108.59459 17.374 0.016
3111.54296 17.522 0.025
3129.48526 17.284 0.022
3134.50612 17.019 0.015
3216.89999 17.036 0.018
3242.83473 17.194 0.017
3248.88753 16.934 0.015
3258.86411 17.490 0.016
3264.83518 17.002 0.012
3270.90187 16.967 0.013
3274.78725 17.095 0.017
3278.84220 17.253 0.018
3282.81838 17.046 0.013
3287.79177 16.920 0.010
3295.74942 17.506 0.015
3301.80298 17.027 0.015
3304.86742 16.908 0.013
3307.73687 16.987 0.017
3309.76903 17.059 0.014
3311.76698 17.150 0.014
3320.81461 16.994 0.012
3327.78252 17.036 0.013
3330.74088 17.340 0.019
3334.84036 17.434 0.023
3339.78820 16.989 0.013
3350.72456 17.309 0.013
3353.83450 17.191 0.016
3357.62479 17.012 0.014
3360.66363 16.928 0.012
3363.77189 17.007 0.013
3369.84919 17.559 0.021
3375.78551 17.036 0.014
3378.71103 16.936 0.011
3392.67574 17.104 0.014
3393.75685 17.103 0.021
3394.59414 17.026 0.015
3396.64501 16.955 0.013
3399.74762 16.981 0.015
3403.73498 17.172 0.014
3408.61941 17.483 0.017
3412.65350 17.069 0.017
3417.59151 16.956 0.012
3425.59966 17.315 0.021
3431.58766 17.011 0.012
3437.56317 16.981 0.013
3446.53227 17.354 0.017
3456.49380 17.013 0.016
3474.48037 16.925 0.016
3596.93354 17.105 0.016
3603.92049 16.997 0.013
3619.86442 16.938 0.012
3633.84209 17.109 0.015
3639.80857 16.938 0.011
3644.84463 17.132 0.012
3651.78707 17.128 0.013
3654.83482 17.045 0.013
3658.79846 17.009 0.013
3665.81723 17.543 0.021
3670.78698 17.123 0.015
3673.79706 17.036 0.013
3676.78898 16.995 0.013
3684.85115 17.341 0.016
3687.82351 17.168 0.014
3690.74344 17.052 0.015
3693.77743 16.969 0.013
3695.81017 16.967 0.012
3698.80187 17.066 0.015
3700.82046 17.213 0.016
3703.75453 17.518 0.015
3705.81875 17.402 0.015
3708.80654 17.093 0.014
3712.76406 16.974 0.011
3714.83483 17.000 0.011
3717.72721 17.101 0.015
3720.81529 17.194 0.016
3724.73296 17.152 0.013
3727.80477 17.045 0.013
3731.77384 16.946 0.011
3732.75050 16.956 0.011
3735.61332 17.043 0.011
3737.78320 17.179 0.012
3740.74512 17.503 0.016
3742.75245 17.451 0.022
3745.78840 17.084 0.013
3747.79101 17.008 0.017
3748.75819 16.952 0.014
3750.76840 16.957 0.013
3752.77845 16.994 0.014
3754.79623 17.053 0.013
3757.57718 17.179 0.015
3759.78228 17.314 0.014
3763.65423 17.104 0.010
3766.61061 16.998 0.011
3770.69713 16.971 0.012
3773.72992 17.131 0.014
3776.70160 17.520 0.022
3779.65490 17.442 0.022
3783.57152 17.048 0.013
3788.54424 16.969 0.011
3792.58171 17.120 0.014
3800.56359 17.105 0.014
3810.52162 17.106 0.016
3824.49179 16.952 0.014
3950.91543 17.030 0.013
3964.91420 17.479 0.015
3970.83907 17.006 0.013
3990.89639 16.924 0.011
3998.90017 17.367 0.016
4003.71387 17.269 0.014
4005.88958 17.079 0.012
4006.73519 17.019 0.012
4008.75595 16.976 0.011
4013.75649 17.130 0.014
4018.88906 17.358 0.016
4024.75305 17.059 0.012
4026.83068 16.945 0.011
4041.71783 17.154 0.014
4043.72277 17.028 0.014
4046.81615 16.936 0.013
4049.68530 17.019 0.012
4052.74664 17.132 0.012
4056.79260 17.292 0.014
4058.83974 17.193 0.015
4063.72257 16.967 0.012
4065.84572 16.942 0.012
4067.68762 16.975 0.012
4070.70988 17.156 0.014
4074.77859 17.520 0.018
4077.82739 17.232 0.015
4080.70396 17.067 0.014
4084.63226 16.985 0.013
4086.78800 17.000 0.013
4093.82938 17.330 0.016
4105.84759 16.955 0.013
4111.76670 17.510 0.016
4121.68505 16.966 0.016
4124.76734 17.042 0.011
4132.72324 17.203 0.016
4142.74495 17.045 0.018
4156.58004 16.975 0.013
4168.54051 17.291 0.016
4198.49465 17.040 0.016
4343.83063 16.941 0.015
4347.89773 17.072 0.014
4353.83090 17.313 0.016
4358.78231 17.020 0.017
4363.82481 16.950 0.016
4367.78460 17.159 0.017
4370.82140 17.479 0.021
4373.82083 17.316 0.016
4377.83983 17.011 0.015
4380.88450 16.983 0.013
4386.83036 17.128 0.017
4390.79236 17.311 0.017
4394.80995 17.083 0.013
4399.76655 16.958 0.017
4407.72950 17.486 0.020
4412.75311 17.110 0.017
4422.73073 17.088 0.013
4427.70638 17.306 0.017
4430.70967 17.099 0.016
4433.72732 16.999 0.014
4440.66957 17.087 0.015
4443.76203 17.379 0.021
4449.72466 17.133 0.014
4451.76424 16.994 0.014
4457.76391 16.993 0.017
4471.81041 16.999 0.014
4472.63978 16.936 0.011
4476.69333 17.033 0.013
4480.79680 17.403 0.016
4483.78510 17.539 0.023
4486.81138 17.097 0.018
4492.66913 16.971 0.014
4497.73097 17.109 0.014
4500.57264 17.303 0.018
4517.69602 17.329 0.022
4523.64989 17.169 0.016
4525.61455 17.038 0.014
4533.59291 17.120 0.014
4539.56211 17.296 0.019
4545.57172 16.989 0.014
4559.56212 17.268 0.017
4565.50291 16.978 0.016
4571.55169 17.118 0.018
4579.53657 17.111 0.018
4580.48880 17.054 0.019
4600.51378 17.011 0.017
4609.46689 17.177 0.021
4684.93307 17.210 0.017
4697.91185 16.956 0.017
4708.88292 17.135 0.016
4720.82133 17.137 0.013
4724.90753 17.272 0.017
4728.86887 17.043 0.015
4734.83010 16.956 0.012
4748.85326 17.002 0.012
4753.85362 16.979 0.014
4757.80174 17.172 0.016
4760.80335 17.317 0.015
4769.73260 16.953 0.015
4772.75113 16.986 0.013
4775.78216 17.159 0.017
4777.79534 17.408 0.017
4784.74593 17.032 0.017
4788.84283 16.938 0.012
4792.73873 17.049 0.014
4799.73767 17.178 0.016
4801.67059 17.080 0.014
4803.66625 16.998 0.014
4808.66491 16.952 0.013
4815.72574 17.496 0.020
4817.72332 17.529 0.018
4819.73227 17.207 0.013
4822.71216 17.020 0.012
4824.70929 16.941 0.012
4826.74317 16.953 0.012
4833.74557 17.280 0.014
4835.75603 17.290 0.016
4838.76068 17.140 0.013
4840.74366 17.054 0.014
4842.73171 16.964 0.014
4844.72799 16.941 0.013
4846.76002 16.973 0.014
4848.78389 17.083 0.014
4861.69661 16.956 0.014
4865.62728 17.014 0.013
4868.75255 17.153 0.014
4885.63363 17.060 0.014
4889.60726 17.520 0.019
4932.52668 17.125 0.020
