2165.90415 18.655 0.040
2166.82277 18.661 0.032
2166.84886 18.635 0.038
2172.87154 18.453 0.025
2172.89886 18.457 0.032
2183.89214 18.512 0.057
2189.82881 18.667 0.037
2189.85456 18.629 0.055
2191.86319 18.535 0.024
2192.75850 18.512 0.029
2200.86447 18.627 0.030
2201.76819 18.574 0.032
2212.77842 18.560 0.028
2212.80299 18.516 0.039
2217.76336 18.590 0.039
2217.78740 18.485 0.048
2223.78362 18.470 0.025
2226.75847 18.498 0.033
2226.78234 18.543 0.043
2228.80200 18.658 0.038
2228.82578 18.656 0.040
2232.73563 18.608 0.026
2232.75943 18.520 0.035
2234.72938 18.437 0.027
2234.75340 18.488 0.034
2238.68024 18.662 0.032
2238.70400 18.671 0.042
2240.80917 18.746 0.048
2240.83301 18.757 0.048
2242.81495 18.678 0.045
2242.83873 18.602 0.056
2244.86160 18.385 0.044
2248.72000 18.611 0.034
2249.74818 18.739 0.028
2251.74964 18.625 0.037
2251.78068 18.672 0.028
2253.73570 18.510 0.022
2253.76724 18.542 0.031
2255.69553 18.486 0.038
2255.85086 18.485 0.032
2258.65777 18.628 0.026
2258.69500 18.650 0.035
2261.64340 18.739 0.033
2261.66777 18.788 0.046
2265.68555 18.481 0.029
2269.77649 18.611 0.041
2271.65852 18.716 0.031
2271.71997 18.676 0.046
2273.65423 18.628 0.035
2273.81513 18.588 0.045
2275.76449 18.456 0.030
2275.78861 18.542 0.048
2277.75926 18.517 0.025
2277.79138 18.552 0.036
2279.76436 18.746 0.030
2279.78824 18.703 0.036
2281.75106 18.795 0.039
2281.77824 18.799 0.030
2283.80822 18.603 0.033
2289.71049 18.606 0.028
2289.74509 18.652 0.043
2291.71793 18.822 0.045
2291.75118 18.972 0.076
2293.69005 18.617 0.033
2293.71954 18.593 0.055
2295.71680 18.495 0.023
2295.74061 18.461 0.030
2297.70766 18.458 0.029
2297.73154 18.554 0.041
2299.73006 18.567 0.027
2299.76393 18.631 0.045
2301.66936 18.737 0.046
2302.57730 18.705 0.033
2303.66472 18.545 0.055
2317.62681 18.505 0.026
2326.54531 18.472 0.029
2326.57292 18.526 0.041
2332.51630 18.920 0.085
2338.51298 18.563 0.037
2338.53885 18.546 0.040
2344.50577 18.629 0.034
2354.50754 18.782 0.056
2355.50426 18.661 0.063
2368.49157 18.541 0.046
2387.49452 18.447 0.068
2401.49349 18.623 0.039
2520.90245 18.582 0.034
2521.88177 18.525 0.027
2521.91435 18.478 0.043
2537.83516 19.059 0.075
2539.81052 18.665 0.037
2542.80293 18.486 0.026
2542.82675 18.489 0.038
2544.88439 18.519 0.044
2545.78459 18.561 0.036
2551.84877 18.564 0.026
2551.87463 18.599 0.040
2555.87281 18.566 0.031
2555.89858 18.578 0.086
2559.78172 18.580 0.031
2559.81256 18.698 0.050
2563.83193 18.441 0.029
2563.85780 18.503 0.048
2577.82211 18.660 0.032
2577.84783 18.683 0.049
2580.85153 18.618 0.026
2583.74432 18.506 0.042
2589.75806 18.772 0.034
2589.78434 18.738 0.043
2594.80118 18.481 0.054
2599.81861 18.847 0.037
2599.85599 18.782 0.048
2609.63109 18.825 0.052
2611.66624 18.639 0.055
2617.78732 18.667 0.044
2617.81290 18.558 0.043
2620.75539 18.696 0.026
2620.78186 18.663 0.040
2623.69972 18.533 0.030
2623.75513 18.489 0.037
2626.68022 18.535 0.039
2627.62201 18.611 0.064
2628.84729 18.726 0.063
2629.62103 18.787 0.042
2630.83606 18.784 0.069
2632.62679 18.614 0.043
2635.62196 18.476 0.035
2637.69119 18.569 0.028
2637.76214 18.575 0.038
2639.77836 18.647 0.035
2639.80597 18.660 0.023
2641.62862 18.685 0.028
2641.65265 18.712 0.046
2643.63966 18.547 0.023
2643.66418 18.587 0.040
2645.63236 18.501 0.026
2645.65615 18.480 0.032
2646.65980 18.527 0.028
2647.58289 18.554 0.037
2650.71584 18.782 0.034
2651.65078 18.640 0.044
2652.70628 18.681 0.033
2653.67515 18.646 0.052
2654.81084 18.508 0.030
2655.66021 18.519 0.043
2657.72538 18.579 0.032
2657.79394 18.557 0.057
2659.66112 18.662 0.040
2659.69434 18.668 0.030
2661.68580 18.621 0.041
2661.79406 18.771 0.037
2665.76401 18.470 0.025
2665.78771 18.491 0.043
2667.78416 18.472 0.029
2671.70973 18.775 0.043
2671.79365 18.736 0.054
2673.67229 18.593 0.034
2675.70012 18.484 0.023
2675.72410 18.529 0.038
2677.73476 18.568 0.032
2677.75845 18.605 0.065
2679.72548 18.601 0.030
2679.74951 18.548 0.049
2681.74173 18.951 0.044
2682.60766 18.664 0.050
2686.55041 18.478 0.042
2686.57685 18.485 0.053
2690.62867 18.743 0.038
2695.55924 18.572 0.030
2695.58496 18.510 0.043
2700.51026 18.562 0.041
2700.53594 18.739 0.058
2705.58216 18.519 0.023
2706.51733 18.674 0.063
2712.54460 18.759 0.039
2713.52098 18.754 0.069
2734.49426 18.576 0.039
2735.50111 18.623 0.051
2841.92511 18.460 0.045
2868.88777 18.602 0.045
2869.87583 18.549 0.036
2883.92552 18.603 0.040
2890.80542 18.533 0.040
2890.83088 18.495 0.051
2895.84116 18.625 0.032
2895.86662 18.677 0.039
2900.79679 18.632 0.031
2900.82229 18.481 0.034
2906.82778 18.688 0.029
2906.85332 18.693 0.034
2910.86124 18.550 0.023
2910.88665 18.518 0.029
2915.85746 18.647 0.025
2921.85971 18.476 0.028
2921.88552 18.504 0.038
2925.80526 18.613 0.029
2925.83583 18.640 0.028
2925.85538 18.586 0.042
2929.84019 18.605 0.030
2933.78681 18.508 0.024
2933.81239 18.468 0.030
2939.79533 18.636 0.034
2939.82081 18.686 0.045
2941.83890 18.480 0.031
2942.77077 18.515 0.024
2943.71364 18.468 0.036
2946.79118 18.634 0.032
2946.81669 18.567 0.038
2948.80701 18.799 0.050
2948.83630 18.802 0.029
2952.77557 18.585 0.032
2952.80308 18.523 0.038
2955.83260 18.519 0.040
2955.85796 18.552 0.049
2957.76017 18.755 0.038
2958.67327 18.794 0.057
2961.74350 18.582 0.027
2962.68421 18.500 0.037
2963.80173 18.517 0.031
2965.70125 18.595 0.044
2966.74115 18.605 0.021
2967.80060 18.671 0.034
2970.66773 18.628 0.025
2970.71379 18.626 0.034
2974.66986 18.535 0.027
2974.70576 18.463 0.033
2975.79504 18.591 0.027
2976.73962 18.575 0.034
2978.63418 18.775 0.056
2979.83149 18.754 0.033
2980.66057 18.677 0.048
2981.83873 18.573 0.056
2982.61976 18.600 0.044
2983.73953 18.515 0.029
2984.66091 18.527 0.037
2986.72200 18.563 0.028
2986.74874 18.535 0.036
2988.68888 18.700 0.028
2988.71674 18.693 0.038
2990.65009 18.662 0.036
2990.70940 18.693 0.028
2992.71035 18.590 0.027
2992.73664 18.574 0.035
2994.64686 18.561 0.033
2994.80109 18.510 0.022
2996.67660 18.589 0.024
2996.73350 18.537 0.034
2998.65987 18.741 0.032
2998.69257 18.651 0.040
2999.78460 18.904 0.054
3000.67669 18.810 0.035
3001.66333 18.703 0.040
3002.66389 18.627 0.029
3003.65897 18.541 0.036
3004.66368 18.518 0.023
3005.61596 18.550 0.044
3006.60936 18.526 0.022
3007.73441 18.601 0.040
3009.67026 18.787 0.041
3010.68392 18.629 0.035
3011.61582 18.613 0.049
3012.77934 18.608 0.042
3013.64647 18.517 0.037
3016.69805 18.506 0.027
3017.62176 18.609 0.030
3018.68793 18.630 0.030
3018.71358 18.759 0.048
3020.76326 18.723 0.038
3020.78880 18.751 0.052
3022.78969 18.642 0.028
3022.81533 18.615 0.040
3024.73830 18.511 0.024
3024.76386 18.488 0.034
3026.70735 18.531 0.023
3026.76118 18.559 0.032
3028.74310 18.609 0.020
3028.76865 18.590 0.028
3030.74811 18.983 0.044
3030.77352 18.874 0.042
3033.67005 18.554 0.020
3033.70082 18.545 0.026
3035.67622 18.524 0.026
3035.70711 18.439 0.032
3038.65989 18.647 0.038
3038.68545 18.677 0.049
3040.68506 18.753 0.055
3041.55703 18.887 0.045
3042.62860 18.748 0.052
3043.58682 18.572 0.034
3044.56256 18.489 0.042
3045.62584 18.498 0.026
3046.57800 18.528 0.034
3047.58003 18.532 0.030
3048.56294 18.642 0.033
3049.58572 18.658 0.025
3050.55635 18.665 0.024
3050.58182 18.689 0.035
3052.55064 18.665 0.029
3052.57884 18.662 0.038
3054.55228 18.541 0.024
3054.57969 18.538 0.038
3056.55142 18.473 0.022
3056.57688 18.527 0.033
3058.54446 18.553 0.028
3058.57058 18.619 0.042
3060.56558 18.780 0.031
3060.59111 18.730 0.040
3064.58901 18.560 0.043
3067.60095 18.480 0.026
3067.65259 18.506 0.037
3069.58579 18.622 0.028
3069.61269 18.654 0.043
3072.63390 18.669 0.039
3073.52208 18.653 0.050
3075.58847 18.461 0.025
3075.61677 18.494 0.037
3078.53665 18.511 0.040
3082.52562 18.665 0.046
3084.57546 18.604 0.024
3084.60158 18.651 0.035
3087.53638 18.498 0.027
3087.56309 18.445 0.036
3089.63907 18.619 0.028
3090.51874 18.625 0.054
3092.57784 18.876 0.056
3093.50011 18.583 0.057
3098.58078 18.481 0.028
3098.60900 18.419 0.046
3101.54108 18.722 0.041
3101.56672 18.685 0.078
3104.51252 18.618 0.032
3104.53987 18.620 0.044
3110.52086 18.651 0.040
3111.51341 18.599 0.056
3113.50449 18.613 0.041
3114.50738 18.594 0.043
3115.53170 18.572 0.044
3125.50195 18.572 0.036
3126.47181 18.488 0.041
3135.46785 18.541 0.037
3144.48709 18.835 0.066
3224.88729 18.581 0.051
3229.88199 18.456 0.023
3239.92128 18.561 0.038
3247.86684 18.612 0.030
3247.89226 18.696 0.043
3256.83828 18.733 0.035
3256.87058 18.713 0.043
3262.91397 18.511 0.037
3263.83749 18.551 0.028
3268.83571 18.670 0.025
3268.86118 18.582 0.031
3273.79458 18.553 0.036
3273.83281 18.549 0.042
3276.85087 19.051 0.072
3276.88009 18.938 0.042
3281.79028 18.506 0.022
3281.81578 18.556 0.029
3283.89007 18.568 0.026
3289.80399 18.511 0.024
3289.82925 18.564 0.039
3294.82742 18.608 0.032
3296.80735 18.756 0.023
3296.83278 18.634 0.031
3298.83790 18.714 0.027
3298.86332 18.721 0.038
3301.65822 18.529 0.033
3301.68371 18.497 0.048
3303.80967 18.521 0.032
3303.85271 18.577 0.051
3306.80206 18.814 0.034
3306.82733 18.685 0.044
3308.81885 18.752 0.036
3308.84435 18.752 0.049
3310.85121 18.624 0.027
3310.87657 18.336 0.063
3314.81872 18.568 0.030
3320.68759 18.500 0.037
3321.69752 18.526 0.022
3323.64058 18.612 0.044
3325.75541 18.731 0.027
3325.78123 18.482 0.032
3329.79065 18.698 0.021
3329.81665 18.663 0.031
3334.68677 18.518 0.030
3334.71648 18.554 0.045
3338.74281 19.026 0.036
3338.77223 18.942 0.049
3349.71498 18.700 0.027
3349.78850 18.640 0.036
3351.77331 18.581 0.032
3352.62947 18.525 0.028
3354.74147 18.488 0.038
3355.65136 18.519 0.027
3358.62781 18.778 0.036
3359.71033 18.667 0.027
3361.72354 18.590 0.036
3363.68826 18.508 0.030
3363.71372 18.471 0.037
3367.66723 18.602 0.042
3369.75039 18.782 0.033
3372.66027 18.532 0.025
3372.68600 18.480 0.029
3377.69443 18.671 0.024
3377.72218 18.613 0.044
3381.80016 18.637 0.027
3386.74796 18.589 0.028
3386.77705 18.544 0.019
3391.56782 18.696 0.035
3391.59328 18.627 0.043
3395.62183 18.454 0.026
3395.65733 18.498 0.040
3398.67934 18.656 0.028
3398.70505 18.558 0.038
3400.66576 18.627 0.043
3402.65032 18.590 0.032
3403.65449 18.525 0.028
3404.57813 18.541 0.041
3406.58845 18.554 0.023
3408.53157 18.629 0.037
3410.60623 18.768 0.024
3412.57696 18.580 0.044
3414.60853 18.538 0.044
3415.56180 18.559 0.026
3419.57573 18.616 0.038
3421.56626 18.611 0.031
3426.51486 18.486 0.041
3428.56525 18.518 0.033
3433.56595 18.539 0.037
3436.55954 18.499 0.023
3443.50227 18.490 0.036
3443.53655 18.550 0.041
3452.52207 18.615 0.023
3453.50289 18.601 0.045
3574.91267 18.853 0.041
3574.93773 18.748 0.051
3585.93548 18.667 0.031
3588.90298 18.398 0.027
3588.92843 18.475 0.037
3589.87945 18.489 0.034
3590.90491 18.625 0.025
3614.89422 18.731 0.030
3614.91978 18.594 0.051
3617.87646 18.550 0.032
3629.78958 18.501 0.029
3629.81597 18.521 0.045
3634.74771 18.583 0.031
3634.78205 18.712 0.040
3639.89231 18.605 0.032
3640.74409 18.648 0.025
3641.82599 18.528 0.034
3644.88638 18.677 0.029
3650.79614 18.500 0.022
3650.82135 18.527 0.027
3653.82407 18.588 0.026
3653.84931 18.536 0.031
3656.88004 18.868 0.032
3657.79984 18.642 0.030
3660.76559 18.608 0.045
3661.78644 18.496 0.030
3664.80103 18.614 0.032
3666.78363 19.062 0.042
3668.73732 18.716 0.048
3671.78203 18.508 0.024
3671.87292 18.453 0.036
3675.79644 18.623 0.024
3676.84831 18.792 0.042
3683.81959 18.492 0.021
3684.79247 18.512 0.028
3686.86725 18.717 0.034
3687.71154 18.942 0.048
3689.78504 18.579 0.024
3689.81013 18.587 0.036
3692.70556 18.425 0.024
3694.80844 18.525 0.033
3694.83783 18.547 0.024
3696.65838 18.721 0.028
3699.67065 18.660 0.024
3699.69603 18.706 0.034
3701.72179 18.451 0.021
3701.74690 18.401 0.028
3704.71343 18.550 0.031
3704.74307 18.611 0.022
3706.74159 18.654 0.022
3706.76763 18.663 0.035
3711.63337 18.526 0.029
3711.65861 18.564 0.035
3713.64698 18.478 0.022
3713.67230 18.515 0.031
3716.68045 18.648 0.036
3716.72136 18.645 0.050
3719.65771 18.615 0.033
3719.73670 18.787 0.058
3722.80728 18.483 0.037
3725.74105 18.613 0.034
3726.67156 18.618 0.034
3727.68898 18.707 0.037
3728.64428 19.007 0.037
3730.61730 18.594 0.020
3731.74486 18.553 0.029
3733.60599 18.550 0.023
3733.63101 18.493 0.029
3734.70883 18.532 0.021
3734.73399 18.521 0.030
3736.72779 18.570 0.022
3736.75286 18.557 0.030
3737.64149 18.670 0.033
3738.64969 18.842 0.030
3739.70361 18.848 0.036
3740.68470 18.710 0.026
3741.73098 18.611 0.054
3743.65020 18.552 0.027
3743.70774 18.569 0.038
3746.72285 18.619 0.034
3746.75013 18.637 0.049
3748.67672 18.670 0.032
3748.70276 18.724 0.050
3750.56897 18.730 0.038
3750.70893 18.619 0.036
3752.69024 18.566 0.026
3752.71702 18.553 0.032
3754.67864 18.489 0.025
3754.73826 18.573 0.035
3755.65805 18.501 0.045
3757.63216 18.643 0.040
3758.69949 18.731 0.041
3759.59778 18.771 0.052
3760.78113 18.771 0.037
3762.65757 18.656 0.024
3762.68267 18.504 0.033
3765.64818 18.513 0.017
3765.70457 18.540 0.026
3769.72011 18.987 0.029
3769.74518 19.000 0.042
3772.68827 18.719 0.030
3772.71346 18.550 0.033
3775.66025 18.517 0.039
3775.70536 18.455 0.045
3778.65872 18.650 0.029
3778.68390 18.704 0.041
3781.71978 18.744 0.039
3782.59204 18.597 0.037
3786.54279 18.523 0.024
3786.56806 18.516 0.034
3791.53839 18.640 0.025
3791.56440 18.643 0.036
3798.53873 18.586 0.027
3798.56405 18.751 0.041
3805.52391 18.449 0.028
3805.55123 18.438 0.036
3819.50274 18.665 0.028
3820.49656 18.782 0.049
3937.94297 18.601 0.040
3938.94570 18.382 0.071
3961.89764 18.648 0.038
3961.92688 18.604 0.048
3968.88015 18.552 0.029
3968.90896 18.486 0.034
3974.86574 19.110 0.057
3981.77325 18.609 0.028
3981.79794 18.543 0.041
3987.89726 18.619 0.027
3988.87390 18.539 0.041
3995.80488 19.015 0.041
3995.83290 18.864 0.050
4002.80429 18.557 0.020
4002.82903 18.590 0.032
4004.82545 18.742 0.025
4005.77910 18.864 0.042
4007.75813 18.621 0.023
4007.78327 18.655 0.031
4011.73885 18.519 0.027
4011.76369 18.442 0.033
4018.74535 18.637 0.046
4018.77823 18.623 0.032
4023.77265 18.640 0.023
4023.79775 18.589 0.031
4026.68864 18.839 0.031
4026.71344 18.868 0.041
4028.82465 18.582 0.022
4031.71237 18.525 0.024
4031.73721 18.470 0.032
4037.81278 18.588 0.024
4037.84614 18.669 0.038
4040.78806 18.491 0.025
4042.80355 18.589 0.025
4046.67831 18.895 0.043
4046.70409 18.858 0.056
4048.76768 18.634 0.028
4051.75734 18.472 0.024
4052.63592 18.482 0.027
4053.80865 18.510 0.022
4056.62849 18.841 0.045
4056.65428 18.724 0.062
4059.63954 18.579 0.027
4059.66442 18.577 0.038
4064.62890 18.615 0.031
4064.66219 18.581 0.021
4066.60849 18.766 0.046
4067.66269 18.772 0.030
4069.65078 18.603 0.026
4071.60095 18.553 0.040
4072.68793 18.629 0.028
4076.65406 18.676 0.054
4076.75837 18.731 0.033
4079.63329 18.729 0.033
4079.68928 18.631 0.043
4082.65395 18.512 0.029
4082.67964 18.488 0.033
4084.73439 18.608 0.027
4084.75948 18.518 0.036
4087.65416 18.832 0.028
4087.67895 18.634 0.038
4093.76797 18.473 0.031
4093.80249 18.478 0.025
4102.60876 18.627 0.032
4102.65620 18.356 0.041
4104.77747 18.712 0.041
4104.80297 18.603 0.050
4109.63429 18.889 0.037
4109.66384 18.816 0.041
4113.65757 18.539 0.020
4113.68245 18.494 0.029
4118.56452 18.889 0.040
4119.62065 18.572 0.040
4120.65058 18.618 0.019
4122.66951 18.561 0.034
4123.72471 18.596 0.025
4124.68136 18.498 0.020
4125.71692 18.560 0.040
4127.63523 18.656 0.021
4129.71634 18.769 0.041
4132.61324 18.591 0.029
4142.54818 18.531 0.028
4142.57454 18.540 0.041
4150.52525 18.710 0.034
4150.55102 18.705 0.037
4153.59981 18.544 0.025
4154.53277 18.535 0.056
4165.53022 18.520 0.036
4165.57872 18.472 0.038
4180.52010 19.002 0.053
4183.52499 18.579 0.056
4340.89943 18.542 0.031
4341.83464 18.548 0.038
4345.89379 18.636 0.030
4346.88672 18.564 0.048
4350.86825 18.576 0.035
4350.90612 18.491 0.032
4355.87582 18.747 0.042
4357.83973 18.633 0.046
4361.83661 18.638 0.041
4363.76822 18.747 0.050
4364.84342 18.893 0.044
4365.79184 18.675 0.058
4367.75593 18.590 0.034
4369.78742 18.528 0.049
4370.79280 18.520 0.035
4372.76210 18.584 0.035
4376.82791 18.775 0.036
4376.85266 18.677 0.048
4379.83424 18.477 0.028
4379.85923 18.502 0.037
4383.83850 18.643 0.029
4383.86331 18.655 0.044
4388.77841 18.583 0.030
4388.80337 18.543 0.049
4392.83265 18.591 0.024
4393.73118 18.616 0.043
4398.78150 18.592 0.029
4398.80639 18.608 0.040
4403.72128 18.683 0.037
4403.74704 18.553 0.052
4410.84845 18.478 0.025
4411.74221 18.550 0.035
4417.73638 18.679 0.025
4417.82508 18.714 0.034
4421.71235 18.477 0.022
4421.73747 18.498 0.030
4421.76830 18.536 0.024
4425.73238 18.606 0.031
4425.81069 18.636 0.059
4429.69656 18.579 0.040
4429.72145 18.576 0.057
4431.83640 18.549 0.043
4432.76299 18.525 0.033
4435.85520 18.664 0.037
4436.68949 18.779 0.052
4439.70890 18.570 0.033
4439.73368 18.556 0.044
4442.68616 18.501 0.030
4442.71107 18.506 0.039
4448.73524 18.654 0.037
4448.76675 18.634 0.037
4450.74649 18.523 0.034
4450.77141 18.572 0.041
4453.72215 18.569 0.024
4453.74723 18.468 0.034
4456.73551 18.768 0.039
4456.76058 18.763 0.052
4458.68313 18.735 0.032
4459.67061 18.662 0.048
4461.63320 18.527 0.023
4462.67260 18.542 0.037
4465.65403 18.662 0.027
4465.71282 18.660 0.032
4468.68481 18.691 0.022
4469.66598 18.679 0.046
4473.62110 18.510 0.026
4474.66798 18.472 0.032
4477.70862 18.801 0.034
4478.77075 18.806 0.044
4479.73020 18.674 0.029
4481.76951 18.516 0.038
4483.69011 18.549 0.029
4484.67925 18.610 0.053
4486.68856 18.708 0.036
4487.74163 18.752 0.074
4490.68681 18.592 0.035
4492.69418 18.503 0.036
4493.75760 18.601 0.035
4494.72864 18.578 0.045
4498.62238 18.802 0.029
4499.61036 18.751 0.045
4501.61541 18.595 0.028
4502.68322 18.536 0.045
4503.61189 18.506 0.027
4507.64194 18.702 0.045
4508.55923 18.870 0.039
4510.64082 18.625 0.029
4516.52153 18.576 0.043
4516.54750 18.559 0.057
4520.61154 18.568 0.036
4520.63647 18.652 0.061
4522.54646 18.552 0.043
4523.59506 18.499 0.026
4524.56049 18.518 0.042
4530.53850 18.634 0.033
4530.56563 18.765 0.057
4532.51049 18.754 0.046
4532.55767 18.545 0.049
4535.58957 18.590 0.035
4537.55571 18.639 0.048
4538.61019 18.799 0.041
4540.57946 18.782 0.043
4540.60444 18.643 0.053
4544.54531 18.429 0.031
4546.59734 18.679 0.045
4549.56089 18.854 0.060
4559.52599 18.790 0.045
4560.49936 18.774 0.051
4566.54829 18.492 0.026
4567.51093 18.604 0.055
4574.50674 18.481 0.032
4574.53195 18.498 0.045
4591.47018 18.765 0.039
4592.46960 18.626 0.064
4677.94325 18.439 0.030
4681.89834 18.732 0.030
4691.86388 18.733 0.045
4691.88870 18.647 0.046
4702.90065 18.692 0.053
4704.89466 18.705 0.040
4717.85608 18.529 0.020
4719.81624 18.576 0.040
4722.88017 18.717 0.026
4722.90502 18.697 0.040
4726.82102 18.694 0.033
4726.89061 18.551 0.035
4730.84291 18.471 0.021
4731.79498 18.549 0.023
4731.86697 18.580 0.035
4733.88421 18.788 0.034
4743.84649 18.710 0.026
4747.81414 18.554 0.023
4747.83939 18.634 0.034
4750.88746 18.567 0.035
4751.88571 18.627 0.035
4756.78488 18.643 0.031
4756.80974 18.635 0.044
4759.83206 18.484 0.021
4759.85680 18.562 0.039
4762.79175 18.507 0.026
4762.81658 18.624 0.036
4768.76978 18.545 0.027
4768.79455 18.568 0.038
4771.81172 18.572 0.027
4771.83669 18.495 0.036
4772.68607 18.594 0.027
4772.86492 18.568 0.031
4773.71636 18.531 0.026
4773.84664 18.707 0.039
4774.79245 18.632 0.026
4774.84607 18.684 0.037
4776.84615 18.727 0.039
4776.87104 18.712 0.085
4780.77914 18.489 0.030
4780.83245 18.630 0.044
4783.77708 18.650 0.030
4783.80234 18.649 0.040
4788.70359 18.594 0.034
4788.73178 18.677 0.045
4791.68004 18.542 0.027
4791.70915 18.523 0.031
4794.64986 18.596 0.026
4794.71347 18.601 0.036
4797.66714 18.642 0.029
4797.69492 18.648 0.043
4800.71324 18.476 0.022
4800.73815 18.529 0.030
4802.74495 18.538 0.027
4802.76977 18.540 0.034
4804.79391 18.767 0.040
4805.71428 18.819 0.032
4805.81697 18.731 0.036
4807.67689 18.670 0.034
4807.76786 18.663 0.039
4809.66964 18.597 0.028
4810.72582 18.500 0.035
4812.65725 18.624 0.042
4812.78539 18.649 0.069
4814.64528 18.707 0.037
4814.67495 18.602 0.052
4816.64695 19.062 0.044
4816.67177 19.041 0.066
4818.66909 18.615 0.028
4818.69396 18.633 0.037
4820.67600 18.562 0.023
4820.70078 18.456 0.029
4823.67961 18.532 0.029
4823.71439 18.557 0.036
4825.76838 18.797 0.036
4825.80155 18.766 0.055
4831.65372 18.561 0.029
4831.82842 18.463 0.029
4831.84392 18.573 0.051
4832.78475 18.497 0.027
4832.80416 18.523 0.043
4833.70003 18.600 0.023
4834.74353 18.633 0.034
4834.77324 18.628 0.043
4836.74592 18.632 0.024
4837.67324 18.774 0.053
4838.69653 18.629 0.030
4839.70177 18.631 0.040
4841.71304 18.568 0.033
4841.73812 18.569 0.044
4843.71236 18.530 0.034
4843.73732 18.514 0.050
4844.62994 18.564 0.023
4846.67829 18.759 0.029
4846.70328 18.841 0.052
4847.67547 18.743 0.038
4847.79196 18.866 0.041
4848.70413 18.763 0.032
4849.66323 18.657 0.029
4850.69622 18.601 0.026
4850.72129 18.590 0.037
4851.68029 18.609 0.032
4851.80099 18.489 0.029
4852.69042 18.467 0.024
4852.71533 18.518 0.033
4853.65349 18.522 0.026
4854.69341 18.614 0.027
4855.64556 18.607 0.031
4855.72274 18.633 0.045
4856.68995 18.760 0.033
4857.70089 19.081 0.068
4859.66254 18.692 0.036
4863.65492 18.517 0.042
4865.70920 18.606 0.030
4866.66801 18.657 0.040
4867.64546 18.763 0.027
4868.66611 18.805 0.045
4870.63092 18.634 0.031
4870.65558 18.620 0.046
4873.65340 18.587 0.031
4873.68615 18.550 0.043
4875.58321 18.546 0.034
4875.61137 18.580 0.028
4876.61385 18.633 0.034
4877.63677 18.648 0.029
4878.63877 18.911 0.040
4879.56520 18.672 0.031
4882.55803 18.531 0.044
4882.65830 18.436 0.029
4884.59579 18.493 0.025
4884.62044 18.496 0.041
4887.63216 18.829 0.030
4888.53686 18.883 0.049
4900.56847 18.597 0.050
4901.63534 18.613 0.046
4904.59420 18.524 0.050
4908.58281 18.778 0.033
4913.57197 18.452 0.044
4916.52781 18.602 0.033
4918.54859 18.701 0.052
4920.55953 18.653 0.033
4921.51490 18.626 0.029
4924.51321 18.496 0.026
4924.56289 18.461 0.033
4925.51925 18.587 0.035
4926.51629 18.594 0.039
4928.55829 18.723 0.049
4930.50953 18.689 0.059
4931.55313 18.671 0.041
4934.50630 18.519 0.041
4935.51974 18.551 0.032
4938.49757 18.673 0.054
4939.52671 18.777 0.037
4942.51413 18.660 0.049
4943.52642 18.496 0.030
4947.50748 18.640 0.051
4948.50315 18.703 0.043
4953.49090 18.696 0.046
4954.48117 18.514 0.045
4955.46415 18.557 0.038
