2194.87789 19.267 0.069
2211.79383 19.599 0.132
2221.82595 19.490 0.142
2225.83184 19.383 0.075
2227.85522 19.303 0.074
2229.86085 19.616 0.131
2231.85206 19.278 0.088
2233.81972 19.409 0.080
2237.74316 19.424 0.083
2240.71000 19.422 0.092
2242.72115 19.515 0.112
2244.77175 19.494 0.155
2250.70665 19.419 0.080
2252.80370 19.247 0.078
2255.65680 19.373 0.113
2257.82282 19.401 0.059
2258.73061 19.519 0.081
2262.69977 19.335 0.076
2265.73782 19.411 0.082
2266.83946 19.626 0.107
2272.84633 19.641 0.126
2275.84531 19.242 0.087
2278.86452 19.495 0.148
2280.83663 19.238 0.083
2282.84452 19.413 0.104
2290.63674 19.275 0.082
2292.64837 19.365 0.097
2294.65098 19.368 0.099
2296.62529 19.354 0.117
2297.83817 19.505 0.082
2299.62525 19.421 0.090
2301.62266 19.377 0.106
2302.85130 19.299 0.121
2303.62324 19.453 0.087
2315.74764 19.322 0.084
2324.61753 19.276 0.062
2330.54376 19.406 0.113
2336.57007 19.832 0.149
2342.54412 19.792 0.138
2365.50180 19.377 0.121
2392.53299 19.732 0.206
2541.89185 19.545 0.089
2545.88069 19.885 0.160
2550.86923 19.775 0.163
2554.82575 19.589 0.127
2562.86126 19.334 0.095
2565.87893 19.387 0.468
2571.79343 19.366 0.123
2576.86717 19.523 0.102
2580.76086 19.392 0.099
2588.79657 19.348 0.084
2593.78570 19.183 0.077
2598.86337 19.790 0.179
2607.79954 19.877 0.120
2618.82622 19.327 0.086
2621.78079 19.228 0.072
2624.76760 19.316 0.078
2628.77625 19.324 0.107
2630.81596 19.390 0.106
2634.84563 19.568 0.119
2639.85262 19.360 0.068
2642.85255 19.341 0.097
2643.84841 19.231 0.067
2646.83135 19.367 0.082
2649.75822 19.410 0.062
2651.85553 19.396 0.084
2653.85275 19.607 0.105
2656.84328 19.487 0.114
2659.84589 19.632 0.177
2663.60120 19.332 0.109
2666.84669 19.522 0.113
2674.76634 19.435 0.083
2677.83129 19.245 0.092
2680.81477 19.344 0.074
2685.55928 19.338 0.090
2689.62532 19.372 0.109
2694.60909 19.287 0.072
2698.57372 19.451 0.082
2704.55541 19.467 0.114
2711.51162 19.439 0.098
2730.48881 19.389 0.111
2868.91305 19.410 0.104
2877.91705 19.427 0.089
2884.91877 19.835 0.163
2893.89812 19.360 0.101
2900.88183 19.387 0.087
2915.73122 19.389 0.088
2921.76094 19.469 0.110
2924.84027 19.466 0.088
2927.86960 19.259 0.079
2932.81751 19.205 0.076
2935.85819 19.313 0.084
2941.79334 19.340 0.072
2944.82453 19.778 0.142
2948.78767 19.744 0.126
2951.85646 19.463 0.080
2955.73211 19.546 0.141
2958.78190 19.384 0.089
2962.86126 19.306 0.096
2965.85511 19.311 0.077
2967.75370 19.226 0.086
2971.69285 19.239 0.076
2975.74503 19.319 0.075
2977.85878 19.463 0.098
2978.61439 19.333 0.092
2980.82771 19.382 0.095
2982.84615 19.339 0.079
2984.80712 19.440 0.077
2987.68898 19.525 0.096
2989.85404 19.338 0.087
2990.84862 19.340 0.073
2992.85556 19.342 0.102
2994.67622 19.174 0.061
2996.85720 19.607 0.112
2999.84189 19.989 0.182
3001.85552 19.828 0.142
3002.84720 19.849 0.111
3003.83571 19.845 0.135
3005.80710 19.943 0.104
3006.85076 19.671 0.097
3008.84701 19.640 0.116
3009.86231 19.410 0.081
3010.85436 19.286 0.080
3016.86719 19.272 0.083
3019.83067 19.316 0.070
3021.71411 19.358 0.057
3024.64246 19.346 0.068
3026.60865 19.301 0.064
3028.61702 19.385 0.067
3030.65347 19.228 0.067
3032.72601 19.548 0.072
3034.80670 19.614 0.080
3036.83294 19.482 0.077
3040.73987 19.380 0.104
3041.80358 19.229 0.101
3043.75494 19.477 0.165
3044.76588 19.399 0.131
3045.78381 19.693 0.176
3046.77686 19.319 0.109
3047.76293 19.375 0.078
3049.72141 19.369 0.076
3051.71942 19.346 0.097
3053.69957 19.331 0.061
3055.71220 19.354 0.089
3056.73816 19.325 0.060
3058.70614 19.333 0.057
3060.72694 19.479 0.073
3067.62352 19.700 0.119
3069.69284 19.803 0.111
3071.65148 19.881 0.197
3074.67405 19.576 0.116
3077.57477 19.710 0.099
3081.56607 19.687 0.085
3083.68658 19.316 0.062
3086.64143 19.341 0.075
3089.62071 19.369 0.093
3092.63322 19.578 0.140
3097.63291 19.429 0.100
3101.59353 19.237 0.111
3104.62505 19.406 0.086
3108.62208 19.391 0.081
3111.59489 19.400 0.115
3116.58396 19.150 0.093
3123.56216 19.591 0.186
3129.50927 19.349 0.113
3134.52853 19.777 0.140
3146.51902 19.362 0.115
3216.92172 19.370 0.129
3245.88704 19.484 0.097
3251.88148 19.451 0.073
3253.90041 19.539 0.104
3261.87411 19.488 0.090
3272.84803 19.178 0.080
3280.77849 19.414 0.102
3283.79280 19.540 0.079
3288.85098 19.454 0.082
3296.72841 19.596 0.074
3298.74136 19.230 0.061
3300.79772 19.265 0.079
3302.87565 19.290 0.119
3308.72320 19.359 0.098
3310.75610 19.448 0.086
3315.74445 19.426 0.071
3321.83738 19.435 0.086
3324.72341 19.379 0.087
3329.70565 19.396 0.065
3335.77937 19.301 0.111
3340.79659 19.487 0.080
3351.66908 19.749 0.101
3355.85728 19.274 0.081
3359.84275 19.318 0.056
3363.85329 19.403 0.080
3373.86076 19.641 0.103
3379.66416 19.523 0.100
3385.81019 19.326 0.076
3390.80308 19.346 0.060
3394.85021 19.395 0.107
3398.82924 19.802 0.117
3402.81819 19.674 0.112
3404.69573 19.908 0.131
3410.67895 19.873 0.097
3414.63422 19.573 0.099
3420.57022 19.568 0.090
3428.53840 19.268 0.062
3433.59617 19.261 0.082
3440.55825 19.517 0.092
3450.49495 19.522 0.126
3460.51332 19.535 0.076
3628.85865 19.650 0.116
3638.89942 19.305 0.080
3644.86721 19.605 0.085
3658.87663 19.287 0.083
3663.87115 19.040 0.071
3665.86441 19.299 0.087
3668.86715 19.285 0.102
3672.85757 19.203 0.079
3676.74281 19.255 0.069
3685.81256 19.629 0.072
3688.81433 19.805 0.107
3692.84772 19.299 0.067
3694.76075 19.424 0.075
3698.84917 19.294 0.074
3702.76122 19.480 0.070
3704.84751 19.306 0.055
3708.85403 19.968 0.152
3711.85239 19.514 0.073
3714.85963 18.451 0.061
3718.86169 19.437 0.105
3724.83731 19.302 0.064
3726.85933 19.473 0.089
3730.85957 19.338 0.085
3732.86036 19.524 0.087
3733.83765 19.577 0.082
3736.83564 19.773 0.090
3738.84873 19.658 0.115
3742.84726 19.607 0.121
3745.86486 19.335 0.098
3747.86823 19.415 0.101
3749.86962 19.317 0.181
3752.82900 19.385 0.116
3754.83510 19.238 0.088
3757.84377 19.223 0.072
3759.82994 19.317 0.086
3764.78105 19.287 0.058
3768.67652 19.302 0.067
3772.77470 19.587 0.124
3774.76019 19.571 0.078
3777.74958 19.440 0.093
3780.57324 19.632 0.114
3784.65220 19.470 0.085
3789.61926 19.340 0.058
3796.55790 19.410 0.081
3803.55168 19.493 0.076
3815.53128 19.769 0.136
3967.91473 19.684 0.082
3975.87801 19.099 0.077
3986.91669 19.499 0.148
3994.75434 19.527 0.102
4003.87005 19.385 0.068
4006.89722 19.266 0.073
4008.88364 19.366 0.060
4013.89608 19.478 0.163
4021.78050 19.715 0.120
4025.81735 19.666 0.093
4028.72712 19.836 0.111
4030.79869 19.668 0.090
4036.85784 19.240 0.066
4040.69373 19.616 0.111
4042.70980 19.689 0.140
4045.80941 19.400 0.128
4048.66944 19.218 0.095
4050.74587 19.399 0.079
4053.71442 19.443 0.090
4055.66460 19.283 0.115
4058.82007 19.384 0.072
4064.83246 19.318 0.053
4066.86144 19.196 0.081
4069.83448 19.297 0.060
4073.84022 19.332 0.082
4076.85338 19.668 0.108
4079.82459 19.804 0.135
4083.86064 19.682 0.154
4086.85941 19.159 0.083
4100.66305 19.640 0.126
4104.66387 19.176 0.072
4106.78992 19.289 0.074
4109.86528 19.537 0.095
4122.82156 19.182 0.052
4124.81503 19.277 0.049
4128.74466 19.152 0.079
4132.77194 19.673 0.115
4141.78709 19.842 0.102
4160.56025 19.501 0.115
4174.53067 19.424 0.096
4344.90838 19.390 0.085
4346.91163 19.288 0.086
4349.90757 19.210 0.074
4353.91008 19.552 0.116
4355.89690 19.780 0.144
4362.90245 19.808 0.214
4366.89678 19.454 0.089
4370.87106 19.468 0.099
4378.88109 19.265 0.067
4382.83826 19.244 0.081
4387.83957 19.414 0.087
4391.84520 19.656 0.093
4396.87778 19.356 0.099
4402.79535 19.321 0.088
4409.75148 19.281 0.070
4415.74919 19.483 0.108
4424.79624 20.092 0.150
4428.78246 19.436 0.114
4431.67865 19.835 0.184
4434.73660 19.321 0.060
4438.81187 19.252 0.084
4441.66026 19.244 0.072
4444.84044 19.559 0.122
4449.86120 19.552 0.176
4454.85448 19.403 0.088
4456.84687 19.300 0.065
4459.84522 19.223 0.075
4462.85113 19.401 0.088
4470.83886 19.421 0.078
4477.82619 19.882 0.186
4478.82544 19.763 0.096
4480.86565 19.685 0.120
4483.87696 19.413 0.131
4492.83289 19.282 0.103
4494.76363 19.303 0.080
4498.77138 19.336 0.078
4501.76848 19.486 0.112
4506.73330 19.322 0.120
4508.77999 19.629 0.150
4509.76848 19.442 0.078
4511.78766 19.565 0.096
4522.66228 19.394 0.115
4525.66464 19.360 0.075
4531.69862 19.318 0.059
4535.69427 19.482 0.094
4539.69419 19.622 0.089
4543.55620 19.372 0.120
4546.57990 19.857 0.183
4549.64312 19.643 0.114
4558.63416 19.352 0.066
4565.61858 19.243 0.062
4570.62498 19.618 0.150
4575.55481 19.434 0.100
4588.52947 19.427 0.116
4609.52043 20.256 0.321
4616.51691 19.500 0.159
4686.93564 19.357 0.089
4702.92488 19.777 0.174
4719.90134 19.516 0.086
4726.84212 19.344 0.088
4730.86453 19.584 0.082
4743.77838 19.279 0.065
4749.88008 19.327 0.057
4755.78579 19.527 0.101
4758.84255 19.750 0.100
4761.87715 19.854 0.134
4767.75575 20.029 0.150
4771.71780 19.629 0.126
4773.81001 19.273 0.086
4776.75067 19.333 0.127
4779.70525 19.430 0.096
4782.83110 19.391 0.082
4787.77275 19.343 0.141
4790.80110 19.551 0.090
4793.85323 19.524 0.100
4796.83969 19.463 0.099
4800.84522 19.249 0.059
4804.77132 19.253 0.075
4806.82845 19.448 0.076
4809.80265 19.314 0.067
4812.71205 19.370 0.122
4814.84398 20.244 0.221
4816.83880 19.813 0.125
4818.86294 19.782 0.179
4820.83715 19.816 0.110
4822.85685 19.359 0.078
4826.85548 19.310 0.069
4831.71508 19.317 0.082
4833.85508 19.422 0.079
4835.84054 19.344 0.057
4840.84290 19.359 0.074
4842.83501 19.352 0.121
4844.84840 19.546 0.116
4848.83750 19.460 0.098
4852.85118 19.342 0.098
4855.83264 19.250 0.086
4858.83195 19.371 0.094
4863.58028 19.467 0.072
4865.78926 19.324 0.094
4869.78284 19.318 0.089
4872.69908 19.479 0.151
4874.72171 19.607 0.164
4876.63894 19.373 0.070
4877.70856 19.581 0.090
4881.75638 19.753 0.104
4883.65822 19.890 0.124
4886.68111 19.755 0.109
4892.54613 19.769 0.136
4904.55624 19.295 0.119
4911.67144 19.470 0.105
4915.62374 19.664 0.127
4919.59537 19.442 0.080
4925.60748 19.281 0.079
4929.58042 19.230 0.103
4932.60986 19.513 0.124
4935.58776 19.268 0.103
4939.59476 19.478 0.105
4942.58869 19.750 0.116
4944.58353 19.989 0.160
4946.58293 19.882 0.126
4950.56414 19.433 0.136
4954.54898 19.493 0.148
4955.55412 19.651 0.134
