2167.88646 13.880 0.005
2186.86049 13.554 0.005
2190.84586 13.504 0.005
2193.80979 13.683 0.005
2202.80916 13.570 0.005
2214.85686 13.480 0.005
2215.76237 13.493 0.005
2221.84060 13.567 0.005
2224.81051 13.574 0.005
2227.72136 13.776 0.005
2229.72710 13.855 0.005
2231.69535 13.846 0.005
2233.66362 13.661 0.005
2237.58304 13.479 0.005
2239.64406 13.922 0.005
2241.73573 13.503 0.005
2243.80073 13.830 0.005
2248.65980 13.916 0.005
2250.74779 13.490 0.005
2252.72104 13.471 0.005
2254.71211 13.486 0.005
2257.71612 13.613 0.005
2260.72429 13.781 0.005
2265.77044 13.747 0.005
2266.74146 13.573 0.005
2270.78707 13.538 0.005
2272.63662 13.839 0.005
2274.76396 13.580 0.005
2276.82188 13.670 0.005
2278.77873 13.845 0.005
2280.76148 13.902 0.005
2282.75871 13.767 0.005
2289.82115 13.574 0.005
2291.80720 13.564 0.005
2293.77608 13.635 0.005
2295.79996 13.484 0.005
2297.78599 13.485 0.005
2300.81102 13.618 0.005
2302.77228 13.826 0.005
2315.69601 13.576 0.005
2324.55699 13.749 0.005
2328.54258 13.845 0.005
2334.53575 13.602 0.005
2340.53238 13.476 0.005
2347.52967 13.561 0.005
2373.48479 13.615 0.005
2385.54790 13.739 0.005
2534.88056 13.577 0.005
2539.88774 13.860 0.005
2545.85658 13.748 0.005
2557.81582 13.486 0.005
2560.81033 13.823 0.005
2561.81391 13.495 0.005
2565.81695 13.640 0.005
2574.77919 13.469 0.005
2578.83558 13.841 0.005
2584.73139 13.556 0.005
2590.80741 13.494 0.005
2596.81384 13.535 0.005
2606.71039 13.497 0.005
2609.81893 13.661 0.005
2610.61754 13.562 0.005
2610.72241 13.717 0.005
2610.82968 13.475 0.005
2611.62989 13.719 0.005
2611.69711 13.596 0.005
2613.61112 13.729 0.005
2614.65436 13.524 0.005
2614.74039 13.734 0.005
2615.64319 13.710 0.005
2615.75941 13.609 0.005
2615.82298 13.729 0.005
2617.63051 13.690 0.005
2617.72626 13.522 0.005
2617.83470 13.553 0.005
2618.63657 13.560 0.005
2618.74205 13.518 0.005
2619.60514 13.745 0.005
2619.71188 13.546 0.005
2619.83625 13.490 0.005
2620.63503 13.632 0.005
2620.72026 13.548 0.005
2620.83697 13.853 0.005
2621.66047 13.460 0.005
2621.74474 13.839 0.005
2621.83793 13.472 0.005
2622.63502 13.817 0.005
2622.71646 13.508 0.005
2622.83639 13.846 0.005
2623.63377 13.485 0.005
2623.72186 13.852 0.005
2623.83317 13.456 0.005
2624.66434 13.663 0.005
2624.73548 13.488 0.005
2624.83022 13.817 0.005
2625.64935 13.478 0.005
2625.70124 13.771 0.005
2625.81137 13.484 0.005
2626.61818 13.898 0.005
2627.72592 13.712 0.005
2627.77898 13.470 0.005
2627.79980 13.461 0.005
2628.64276 13.601 0.005
2628.71976 13.516 0.005
2628.78697 13.895 0.005
2629.63842 13.554 0.005
2629.74679 13.523 0.005
2629.80578 13.534 0.005
2629.82652 13.624 0.005
2630.62629 13.591 0.005
2630.70588 13.503 0.005
2630.78620 13.746 0.005
2631.63783 13.685 0.005
2631.72062 13.543 0.005
2632.59377 13.701 0.005
2632.69986 13.556 0.005
2632.72057 13.690 0.005
2632.80109 13.539 0.005
2634.59256 13.596 0.005
2634.68259 13.527 0.005
2634.81579 13.480 0.005
2635.64281 13.875 0.005
2635.72007 13.449 0.005
2635.80041 13.778 0.005
2635.82301 13.827 0.005
2636.61783 13.486 0.005
2636.67063 13.574 0.005
2636.75104 13.629 0.005
2636.83075 13.472 0.005
2637.63269 13.787 0.005
2637.71127 13.477 0.005
2637.81439 13.805 0.005
2638.61397 13.450 0.005
2638.71487 13.791 0.005
2638.79356 13.483 0.005
2638.81433 13.512 0.005
2639.58705 13.831 0.005
2639.66739 13.493 0.005
2639.82337 13.598 0.005
2640.59601 13.480 0.005
2640.73798 13.528 0.005
2641.59614 13.811 0.005
2641.73244 13.649 0.005
2641.76176 13.900 0.005
2641.84330 13.465 0.005
2642.59422 13.467 0.005
2642.69607 13.678 0.005
2643.60116 13.641 0.005
2643.74478 13.841 0.005
2644.58382 13.516 0.005
2644.69428 13.577 0.005
2645.58453 13.662 0.005
2645.59432 13.607 0.005
2645.73635 13.894 0.005
2645.84271 13.465 0.005
2646.60510 13.651 0.005
2646.72868 13.485 0.005
2647.60372 13.490 0.005
2647.69272 13.707 0.005
2647.71348 13.847 0.005
2649.60090 13.486 0.005
2649.68869 13.859 0.005
2650.62102 13.754 0.005
2650.68254 13.496 0.005
2650.79238 13.857 0.005
2651.61703 13.483 0.005
2651.70774 13.716 0.005
2652.58392 13.895 0.005
2652.66287 13.468 0.005
2652.76037 13.842 0.005
2653.59167 13.509 0.005
2653.64655 13.767 0.005
2653.76065 13.455 0.005
2654.60963 13.607 0.005
2654.68743 13.535 0.005
2654.82806 13.466 0.005
2655.59605 13.526 0.005
2655.69770 13.587 0.005
2655.79502 13.638 0.005
2656.60746 13.530 0.005
2656.75255 13.759 0.005
2656.85376 13.541 0.005
2657.60987 13.732 0.005
2657.63804 13.893 0.005
2657.84643 13.658 0.005
2658.57144 13.638 0.005
2658.67093 13.588 0.005
2658.75190 13.621 0.005
2659.62862 13.819 0.005
2659.76461 13.658 0.005
2659.79184 13.887 0.005
2659.85623 13.518 0.005
2660.58413 13.498 0.005
2660.69827 13.855 0.005
2660.72494 13.710 0.005
2661.58920 13.845 0.005
2661.64222 13.586 0.005
2661.84218 13.531 0.005
2662.62790 13.560 0.005
2662.70809 13.713 0.005
2662.76353 13.462 0.005
2663.64251 13.553 0.005
2663.72662 13.633 0.005
2664.69020 13.734 0.005
2664.72348 13.552 0.005
2665.67307 13.474 0.005
2665.80936 13.535 0.005
2666.63051 13.780 0.005
2666.75014 13.456 0.005
2666.77734 13.525 0.005
2667.66727 13.526 0.005
2667.81810 13.463 0.005
2668.74095 13.510 0.005
2668.76888 13.589 0.005
2669.58122 13.574 0.005
2670.67433 13.539 0.005
2671.67318 13.725 0.005
2672.65437 13.561 0.005
2672.75280 13.698 0.005
2673.69070 13.836 0.005
2673.79808 13.525 0.005
2674.65927 13.479 0.005
2674.77649 13.814 0.005
2675.63399 13.671 0.005
2675.74480 13.474 0.005
2675.79592 13.531 0.005
2676.63975 13.506 0.005
2676.72482 13.748 0.005
2677.63194 13.753 0.005
2677.69666 13.578 0.005
2677.78294 13.586 0.005
2678.61782 13.504 0.005
2678.74949 13.770 0.005
2679.63831 13.910 0.005
2679.77422 13.577 0.005
2679.80157 13.792 0.005
2680.76025 13.577 0.005
2681.59717 13.739 0.005
2681.70858 13.486 0.005
2682.57459 13.543 0.005
2683.60972 13.873 0.005
2687.62237 13.548 0.005
2692.55564 13.525 0.005
2696.61252 13.684 0.005
2702.51035 13.693 0.005
2708.53424 13.550 0.005
2724.50889 13.688 0.005
2871.89759 13.615 0.005
2884.86001 13.778 0.005
2896.83476 13.469 0.005
2902.76937 13.476 0.005
2911.87796 13.869 0.005
2917.78150 13.515 0.005
2923.78088 13.872 0.005
2926.83675 13.744 0.005
2931.76524 13.590 0.005
2934.80565 13.768 0.005
2940.78610 13.570 0.005
2943.79026 13.764 0.005
2947.79884 13.686 0.005
2950.71277 13.532 0.005
2954.73603 13.505 0.005
2956.78162 13.821 0.005
2958.82623 13.542 0.005
2962.82048 13.461 0.005
2964.83890 13.513 0.005
2967.76945 13.787 0.005
2970.82343 13.640 0.005
2974.76144 13.485 0.005
2976.65095 13.676 0.005
2979.63434 13.549 0.005
2981.65572 13.736 0.005
2983.76249 13.485 0.005
2985.81021 13.862 0.005
2987.70896 13.463 0.005
2989.65164 13.567 0.005
2991.71954 13.525 0.005
2993.73160 13.743 0.005
2995.80516 13.487 0.005
2997.77574 13.544 0.005
2998.72326 13.477 0.005
3000.72580 13.490 0.005
3002.71315 13.526 0.005
3004.71659 13.582 0.005
3006.70951 13.684 0.005
3008.72396 13.824 0.005
3010.77039 13.497 0.005
3011.78673 13.904 0.005
3016.72038 13.495 0.005
3018.75077 13.464 0.005
3020.81454 13.858 0.005
3021.83845 13.565 0.005
3023.70045 13.839 0.005
3025.67205 13.824 0.005
3027.71750 13.508 0.005
3029.70238 13.497 0.005
3031.77271 13.641 0.005
3034.60406 13.435 0.005
3036.63442 13.622 0.005
3039.57632 13.766 0.005
3042.68385 13.503 0.005
3044.62327 13.785 0.005
3046.60923 13.724 0.005
3047.71157 13.582 0.005
3048.64272 13.480 0.005
3049.66625 13.838 0.005
3051.63555 13.830 0.005
3053.61074 13.854 0.005
3055.62780 13.712 0.005
3057.65293 13.501 0.005
3059.59757 13.687 0.005
3061.58988 13.640 0.005
3066.55941 13.578 0.005
3068.58724 13.834 0.005
3070.65764 13.450 0.005
3073.67584 13.595 0.005
3076.59962 13.476 0.005
3078.68617 13.829 0.005
3082.66789 13.769 0.005
3085.56840 13.657 0.005
3088.52866 13.488 0.005
3091.51100 13.748 0.005
3096.56002 13.747 0.005
3099.62771 13.691 0.005
3100.48761 13.797 0.005
3103.50927 13.492 0.005
3106.53055 13.479 0.005
3109.51611 13.892 0.005
3112.56792 13.726 0.005
3116.54963 13.820 0.005
3127.54675 13.894 0.005
3133.50720 13.828 0.005
3223.90554 13.512 0.005
3242.85647 13.491 0.005
3248.91046 13.837 0.005
3258.89122 13.498 0.005
3264.85752 13.496 0.005
3271.80528 13.905 0.005
3274.80924 13.465 0.005
3278.88226 13.608 0.005
3282.76427 13.549 0.005
3287.81343 13.553 0.005
3295.77120 13.716 0.005
3301.82474 13.461 0.005
3305.73378 13.724 0.005
3307.75864 13.513 0.005
3309.79504 13.494 0.005
3311.78867 13.555 0.005
3320.85213 13.907 0.005
3323.76613 13.732 0.005
3327.80457 13.469 0.005
3330.78063 13.833 0.005
3336.63303 13.474 0.005
3339.81152 13.741 0.005
3350.74906 13.594 0.005
3353.80523 13.543 0.005
3357.74589 13.458 0.005
3360.72264 13.784 0.005
3365.84204 13.468 0.005
3373.80613 13.517 0.005
3378.73290 13.821 0.005
3394.61603 13.835 0.005
3395.78877 13.480 0.005
3399.76975 13.506 0.005
3403.75681 13.564 0.005
3408.67997 13.825 0.005
3413.52630 13.815 0.005
3417.62018 13.479 0.005
3427.54278 13.520 0.005
3434.50799 13.563 0.005
3440.51768 13.503 0.005
3447.50128 13.526 0.005
3456.52685 13.491 0.005
3469.48169 13.602 0.005
3478.47416 13.804 0.005
3579.93238 13.557 0.005
3601.88465 13.468 0.005
3619.88744 13.533 0.005
3630.76882 13.508 0.005
3634.86774 13.501 0.005
3640.77621 13.683 0.005
3651.81013 13.516 0.005
3654.85636 13.585 0.005
3658.82003 13.606 0.005
3661.86576 13.739 0.005
3665.83898 13.689 0.005
3670.80861 13.559 0.005
3673.81888 13.497 0.005
3676.81902 13.891 0.005
3685.75840 13.522 0.005
3687.84514 13.647 0.005
3690.76709 13.495 0.005
3693.80273 13.617 0.005
3695.83385 13.488 0.005
3698.82350 13.865 0.005
3701.69246 13.937 0.005
3703.77621 13.498 0.005
3705.84043 13.866 0.005
3708.82816 13.492 0.005
3712.78570 13.495 0.005
3715.75136 13.910 0.005
3718.68720 13.612 0.005
3720.83697 13.705 0.005
3724.75459 13.788 0.005
3728.73264 13.899 0.005
3731.79570 13.816 0.005
3733.65630 13.589 0.005
3735.64631 13.572 0.005
3737.80482 13.594 0.005
3740.76813 13.542 0.005
3742.77424 13.674 0.005
3745.81073 13.533 0.005
3747.81345 13.601 0.005
3749.76076 13.497 0.005
3751.77457 13.577 0.005
3753.72398 13.482 0.005
3755.72407 13.525 0.005
3757.71377 13.525 0.005
3759.80409 13.582 0.005
3763.67606 13.579 0.005
3766.69267 13.493 0.005
3770.72021 13.632 0.005
3773.75145 13.507 0.005
3776.72583 13.813 0.005
3779.67656 13.488 0.005
3783.59306 13.675 0.005
3788.56725 13.622 0.005
3793.57277 13.491 0.005
3801.50854 13.491 0.005
3810.54335 13.524 0.005
3826.48415 13.892 0.005
3958.87434 13.595 0.005
3965.84418 13.741 0.005
3970.86427 13.556 0.005
3982.81509 13.855 0.005
3993.76780 13.597 0.005
3999.85933 13.491 0.005
4003.73524 13.841 0.005
4006.75643 13.618 0.005
4008.77735 13.860 0.005
4013.78895 13.609 0.005
4019.79017 13.870 0.005
4024.78321 13.586 0.005
4026.85218 13.612 0.005
4029.79655 13.484 0.005
4032.83314 13.510 0.005
4038.77922 13.511 0.005
4041.73912 13.615 0.005
4043.74415 13.761 0.005
4046.83730 13.895 0.005
4049.70739 13.916 0.005
4052.76876 13.825 0.005
4056.81404 13.507 0.005
4058.86117 13.563 0.005
4064.77647 13.481 0.005
4066.77645 13.501 0.005
4069.72952 13.866 0.005
4071.65747 13.560 0.005
4076.72968 13.683 0.005
4079.77119 13.544 0.005
4082.81277 13.492 0.005
4084.78432 13.478 0.005
4086.80935 13.576 0.005
4093.86216 13.677 0.005
4103.63396 13.850 0.005
4106.56581 13.568 0.005
4111.78810 13.606 0.005
4117.72874 13.648 0.005
4121.70666 13.583 0.005
4127.65728 13.606 0.005
4132.74623 13.487 0.005
4143.53340 13.565 0.005
4157.52561 13.805 0.005
4168.56632 13.755 0.005
4198.51892 13.601 0.005
4343.85185 13.633 0.005
4348.82074 13.577 0.005
4353.85213 13.509 0.005
4358.80420 13.774 0.005
4364.89057 13.744 0.005
4367.86441 13.524 0.005
4370.88604 13.750 0.005
4373.84209 13.480 0.005
4377.89396 13.918 0.005
4381.73370 13.568 0.005
4386.85159 13.532 0.005
4390.81360 13.519 0.005
4394.86018 13.876 0.005
4399.78791 13.499 0.005
4407.81719 13.870 0.005
4412.77537 13.487 0.005
4418.86103 13.661 0.005
4423.72571 13.736 0.005
4427.72780 13.543 0.005
4430.73111 13.847 0.005
4433.74864 13.571 0.005
4436.84335 13.753 0.005
4440.69086 13.609 0.005
4443.78334 13.491 0.005
4449.75429 13.492 0.005
4451.78988 13.620 0.005
4455.75527 13.615 0.005
4457.78647 13.852 0.005
4459.75371 13.888 0.005
4463.75044 13.801 0.005
4465.76720 13.558 0.005
4468.73146 13.579 0.005
4470.68699 13.492 0.005
4473.73014 13.488 0.005
4476.75107 13.637 0.005
4482.79194 13.550 0.005
4485.78231 13.563 0.005
4490.62952 13.662 0.005
4494.69559 13.573 0.005
4498.72042 13.900 0.005
4501.71776 13.518 0.005
4506.65174 13.919 0.005
4508.67862 13.568 0.005
4509.74274 13.682 0.005
4512.71176 13.524 0.005
4518.65197 13.487 0.005
4521.69249 13.493 0.005
4523.67151 13.497 0.005
4525.63613 13.540 0.005
4531.61985 13.483 0.005
4534.54870 13.561 0.005
4537.66446 13.926 0.005
4539.58371 13.509 0.005
4542.50112 13.669 0.005
4545.59842 13.939 0.005
4547.56647 13.797 0.005
4552.54102 13.486 0.005
4559.58384 13.501 0.005
4568.55200 13.547 0.005
4575.52892 13.934 0.005
4616.46300 13.861 0.005
4685.88176 13.920 0.005
4699.84490 13.499 0.005
4708.90428 13.523 0.005
4720.84258 13.718 0.005
4725.78312 13.575 0.005
4728.89429 13.451 0.005
4734.85716 13.494 0.005
4748.89581 13.473 0.005
4749.74017 13.782 0.005
4753.80435 13.484 0.005
4757.82309 13.784 0.005
4760.82466 13.489 0.005
4765.85795 13.487 0.005
4769.75403 13.771 0.005
4772.78615 13.826 0.005
4775.80376 13.488 0.005
4777.81731 13.662 0.005
4782.66724 13.509 0.005
4784.76721 13.508 0.005
4789.67610 13.501 0.005
4792.85257 13.643 0.005
4796.72890 13.524 0.005
4798.67624 13.488 0.005
4801.64212 13.881 0.005
4803.68771 13.560 0.005
4805.78804 13.803 0.005
4808.72257 13.634 0.005
4810.78256 13.488 0.005
4813.76339 13.693 0.005
4815.74719 13.698 0.005
4817.74467 13.599 0.005
4819.75372 13.504 0.005
4822.73354 13.758 0.005
4824.75155 13.831 0.005
4826.76446 13.594 0.005
4833.76721 13.823 0.005
4835.77775 13.604 0.005
4837.77685 13.536 0.005
4839.72819 13.702 0.005
4841.79250 13.488 0.005
4843.79230 13.556 0.005
4846.78225 13.576 0.005
4848.81212 13.498 0.005
4852.76860 13.500 0.005
4854.76989 13.482 0.005
4856.77666 13.560 0.005
4861.73167 13.684 0.005
4866.69711 13.548 0.005
4867.69563 13.594 0.005
4869.66465 13.683 0.005
4871.67222 13.545 0.005
4874.61249 13.485 0.005
4875.65817 13.491 0.005
4877.68327 13.512 0.005
4879.69000 13.571 0.005
4882.70868 13.487 0.005
4885.67053 13.865 0.005
4889.62857 13.776 0.005
4902.62683 13.902 0.005
4911.64555 13.923 0.005
4915.56477 13.566 0.005
4919.56996 13.852 0.005
4925.58365 13.550 0.005
4929.55084 13.574 0.005
4932.58600 13.808 0.005
4935.56384 13.504 0.005
4939.57071 13.678 0.005
4944.53619 13.528 0.005
4949.52976 13.875 0.005
4954.52840 13.634 0.005
