2167.87173 17.207 0.012
2186.84550 17.224 0.016
2190.83091 17.200 0.011
2192.87354 17.290 0.012
2193.79512 17.372 0.011
2202.79458 17.235 0.011
2214.84223 17.217 0.016
2221.78422 17.238 0.013
2224.79666 17.214 0.011
2227.70753 17.294 0.012
2229.71301 17.336 0.014
2231.68136 17.287 0.013
2233.64970 17.205 0.011
2236.66205 17.190 0.012
2239.63007 17.292 0.013
2241.71700 17.427 0.014
2243.78688 17.312 0.013
2247.85258 17.227 0.012
2248.85526 17.226 0.011
2250.78760 17.282 0.012
2252.70639 17.323 0.011
2254.69754 17.287 0.011
2257.70181 17.174 0.011
2260.70724 17.219 0.010
2266.69861 17.322 0.012
2270.76576 17.201 0.011
2271.84682 17.220 0.009
2272.75196 17.238 0.013
2274.74351 17.282 0.012
2276.80490 17.311 0.014
2278.66914 17.275 0.013
2280.74750 17.193 0.011
2282.74340 17.214 0.011
2289.80686 17.308 0.012
2292.82331 17.253 0.018
2296.81211 17.269 0.019
2298.80576 17.361 0.014
2300.78337 17.312 0.016
2302.75649 17.219 0.014
2315.68225 17.256 0.011
2324.54046 17.287 0.014
2328.52739 17.177 0.014
2334.52069 17.395 0.012
2340.51749 17.242 0.014
2364.51016 17.218 0.016
2385.52764 17.274 0.014
2529.87176 17.268 0.012
2539.87173 17.223 0.013
2545.83858 17.302 0.013
2552.89744 17.285 0.018
2556.88611 17.318 0.013
2560.79534 17.184 0.013
2561.79685 17.170 0.012
2565.80298 17.312 0.014
2574.75304 17.219 0.011
2578.82138 17.332 0.013
2586.74377 17.240 0.013
2590.79205 17.402 0.014
2596.79876 17.216 0.013
2605.83855 17.233 0.012
2609.80359 17.206 0.013
2610.63614 17.229 0.013
2610.74162 17.236 0.014
2610.84798 17.226 0.014
2611.64822 17.274 0.014
2611.71853 17.297 0.017
2613.62940 17.470 0.018
2613.70724 17.435 0.017
2614.67741 17.384 0.016
2614.76078 17.399 0.017
2614.85236 17.423 0.014
2615.66143 17.317 0.016
2615.78356 17.290 0.012
2615.84128 17.282 0.014
2617.74454 17.251 0.014
2617.85300 17.269 0.017
2618.66671 17.232 0.013
2618.76029 17.227 0.012
2619.62341 17.207 0.012
2619.73018 17.217 0.011
2619.85452 17.193 0.012
2620.65334 17.228 0.013
2620.73853 17.197 0.011
2620.85526 17.218 0.013
2621.68750 17.233 0.011
2621.76301 17.229 0.011
2621.85622 17.225 0.011
2622.65331 17.274 0.014
2622.73472 17.254 0.013
2622.85562 17.256 0.012
2623.65204 17.293 0.013
2623.74012 17.272 0.012
2623.85144 17.315 0.012
2624.68260 17.290 0.013
2624.75370 17.328 0.012
2624.84850 17.325 0.013
2625.66762 17.323 0.012
2625.71950 17.320 0.012
2626.63646 17.319 0.014
2627.74422 17.261 0.017
2627.76500 17.266 0.014
2627.81813 17.259 0.016
2628.66101 17.242 0.013
2628.73807 17.225 0.016
2628.80515 17.238 0.013
2629.65673 17.226 0.014
2629.76509 17.193 0.013
2629.78595 17.162 0.012
2629.84486 17.199 0.013
2630.64460 17.185 0.013
2630.72411 17.191 0.013
2630.80450 17.155 0.017
2631.65608 17.192 0.014
2631.73886 17.195 0.014
2631.84821 17.154 0.016
2632.61205 17.212 0.011
2632.68576 17.196 0.011
2632.73882 17.186 0.011
2632.81937 17.206 0.012
2634.61085 17.262 0.012
2634.70087 17.283 0.012
2635.66104 17.293 0.012
2635.73837 17.301 0.012
2635.78639 17.278 0.012
2635.84131 17.316 0.013
2636.68893 17.435 0.012
2636.76930 17.410 0.014
2636.84899 17.421 0.016
2637.65097 17.439 0.013
2637.72956 17.402 0.012
2637.83268 17.416 0.012
2638.63223 17.328 0.012
2638.70419 17.305 0.012
2638.73317 17.292 0.013
2638.83262 17.324 0.014
2639.60532 17.288 0.011
2639.68566 17.302 0.011
2639.84171 17.276 0.011
2640.61426 17.228 0.012
2640.75625 17.275 0.012
2641.61439 17.228 0.013
2641.75081 17.237 0.012
2641.86162 17.245 0.014
2642.61252 17.206 0.012
2642.71428 17.206 0.013
2643.61944 17.201 0.011
2643.76310 17.213 0.012
2644.60207 17.216 0.013
2644.71262 17.215 0.012
2645.61691 17.248 0.059
2645.75295 17.246 0.012
2645.85934 17.270 0.016
2646.62173 17.279 0.013
2646.71780 17.296 0.013
2646.74698 17.281 0.013
2649.61911 17.353 0.012
2649.71156 17.319 0.011
2650.63929 17.278 0.011
2650.70085 17.286 0.012
2650.81063 17.282 0.012
2651.63533 17.253 0.012
2651.73111 17.247 0.012
2652.60050 17.225 0.012
2652.67946 17.237 0.016
2652.77704 17.204 0.012
2652.86345 17.193 0.012
2653.60835 17.180 0.012
2653.78515 17.204 0.013
2654.62699 17.177 0.013
2654.70403 17.147 0.013
2654.79249 17.191 0.013
2654.84465 17.180 0.012
2655.61263 17.195 0.012
2655.81616 17.203 0.013
2656.62411 17.235 0.013
2656.69796 17.231 0.014
2656.77310 17.217 0.014
2656.87038 17.253 0.016
2657.62650 17.253 0.013
2657.86684 17.287 0.018
2658.58802 17.280 0.016
2658.66041 17.283 0.013
2658.68757 17.307 0.014
2658.76857 17.293 0.019
2659.64605 17.408 0.013
2659.78121 17.415 0.021
2660.60075 17.426 0.014
2660.67957 17.412 0.016
2660.75408 17.415 0.017
2661.60582 17.410 0.011
2661.65961 17.399 0.012
2661.86454 17.308 0.016
2662.64451 17.304 0.013
2662.69413 17.315 0.014
2662.78016 17.281 0.014
2663.65913 17.282 0.013
2664.66913 17.229 0.013
2664.70682 17.223 0.014
2665.69457 17.191 0.010
2665.82669 17.214 0.013
2666.64895 17.202 0.011
2666.73859 17.184 0.011
2666.76674 17.190 0.010
2666.83277 17.237 0.014
2667.68391 17.176 0.012
2668.72558 17.240 0.013
2668.75827 17.233 0.012
2670.71135 17.282 0.017
2671.69385 17.338 0.016
2672.67099 17.334 0.019
2672.77502 17.329 0.013
2672.81930 17.344 0.013
2674.67588 17.269 0.012
2674.72516 17.261 0.012
2674.79798 17.271 0.012
2675.65463 17.248 0.013
2675.76145 17.210 0.011
2676.71434 17.193 0.012
2676.74402 17.214 0.012
2677.66138 17.178 0.014
2677.72009 17.170 0.011
2678.63444 17.171 0.011
2678.76615 17.188 0.011
2678.78669 17.184 0.011
2679.65496 17.242 0.013
2679.79087 17.221 0.014
2680.67344 17.249 0.012
2680.77692 17.250 0.011
2681.61547 17.290 0.013
2681.72698 17.290 0.014
2682.59286 17.310 0.013
2683.62802 17.444 0.016
2687.60744 17.241 0.014
2692.62115 17.249 0.014
2696.59736 17.317 0.013
2701.58905 17.201 0.014
2708.51874 17.324 0.016
2715.51437 17.252 0.017
2870.93268 17.408 0.020
2890.86718 17.293 0.017
2895.90302 17.278 0.012
2900.86726 17.215 0.011
2911.85264 17.201 0.011
2917.76660 17.398 0.013
2922.88880 17.196 0.016
2926.82169 17.307 0.013
2931.74994 17.237 0.012
2934.79076 17.202 0.011
2940.77126 17.398 0.012
2943.77543 17.212 0.012
2947.78408 17.242 0.011
2950.69786 17.303 0.013
2954.72120 17.236 0.014
2956.76655 17.182 0.011
2958.80821 17.232 0.012
2962.80535 17.425 0.012
2965.82836 17.288 0.011
2968.69607 17.182 0.011
2973.76954 17.297 0.012
2976.63599 17.305 0.013
2978.83706 17.224 0.012
2980.75201 17.198 0.011
2982.76011 17.249 0.011
2984.79168 17.303 0.012
2987.67309 17.375 0.013
2989.63150 17.256 0.011
2991.70359 17.211 0.011
2993.71549 17.196 0.012
2995.79031 17.270 0.012
2997.76092 17.330 0.012
2999.66062 17.308 0.010
3000.70954 17.266 0.012
3002.69782 17.203 0.011
3004.69869 17.224 0.011
3006.64215 17.282 0.012
3008.79708 17.347 0.012
3010.71666 17.408 0.016
3011.77162 17.296 0.017
3015.78919 17.195 0.013
3017.77687 17.238 0.012
3019.73059 17.317 0.013
3021.82355 17.328 0.013
3023.68565 17.281 0.010
3025.65709 17.209 0.010
3027.70264 17.212 0.010
3029.68757 17.240 0.012
3031.75763 17.322 0.012
3033.82121 17.415 0.013
3036.61972 17.245 0.011
3039.56157 17.221 0.011
3041.66962 17.253 0.014
3043.68033 17.328 0.017
3045.74318 17.327 0.013
3047.69687 17.259 0.013
3048.62809 17.216 0.010
3050.64507 17.215 0.011
3052.64648 17.258 0.011
3054.65099 17.327 0.012
3056.63910 17.392 0.011
3058.63308 17.285 0.012
3060.68271 17.243 0.011
3066.54467 17.316 0.016
3068.56857 17.315 0.014
3073.66066 17.237 0.013
3076.58451 17.281 0.013
3078.67132 17.347 0.014
3082.64830 17.264 0.010
3085.55181 17.184 0.011
3088.51376 17.249 0.014
3090.65546 17.375 0.014
3093.53808 17.270 0.014
3099.52499 17.256 0.013
3102.61808 17.411 0.014
3105.62382 17.271 0.013
3111.55016 17.280 0.017
3129.49250 17.293 0.016
3134.51336 17.274 0.013
3216.90720 17.273 0.014
3242.84194 17.388 0.013
3248.89468 17.223 0.012
3258.87124 17.227 0.010
3264.84231 17.283 0.011
3274.79435 17.274 0.013
3278.84929 17.355 0.014
3282.82547 17.232 0.011
3287.79885 17.285 0.010
3295.75647 17.189 0.009
3301.81005 17.322 0.013
3304.87451 17.281 0.013
3307.74391 17.248 0.016
3309.77604 17.249 0.010
3311.77401 17.330 0.012
3320.82164 17.230 0.010
3327.78955 17.261 0.011
3330.74793 17.215 0.013
3334.84739 17.325 0.017
3339.79524 17.254 0.011
3353.84150 17.212 0.011
3357.63257 17.310 0.011
3360.67065 17.358 0.011
3363.77888 17.225 0.011
3369.85618 17.306 0.013
3375.79256 17.248 0.011
3378.71812 17.228 0.010
3394.60123 17.343 0.012
3396.65207 17.305 0.012
3399.75467 17.223 0.013
3403.74202 17.292 0.011
3408.62649 17.222 0.011
3413.58146 17.204 0.010
3417.59855 17.365 0.011
3425.60670 17.230 0.012
3431.59469 17.265 0.011
3437.57025 17.243 0.010
3446.53935 17.179 0.011
3456.51928 17.266 0.012
3474.48751 17.244 0.014
3603.92968 17.306 0.014
3619.87270 17.191 0.011
3633.84916 17.220 0.014
3639.81562 17.398 0.011
3644.85167 17.167 0.010
3651.79411 17.348 0.011
3654.84186 17.217 0.011
3658.80545 17.276 0.012
3660.83027 17.286 0.013
3665.82423 17.234 0.012
3670.79397 17.249 0.011
3673.80408 17.367 0.011
3676.80412 17.274 0.011
3684.85811 17.414 0.012
3687.83047 17.270 0.010
3690.75042 17.181 0.011
3693.78793 17.244 0.011
3695.81923 17.325 0.010
3698.80881 17.352 0.012
3700.82742 17.264 0.011
3703.76151 17.205 0.010
3705.82569 17.248 0.010
3708.81351 17.388 0.012
3712.77102 17.213 0.010
3714.84181 17.197 0.010
3717.73419 17.298 0.014
3720.82225 17.385 0.014
3724.73992 17.228 0.010
3727.81450 17.201 0.011
3728.77725 17.242 0.010
3731.78078 17.380 0.011
3732.76387 17.372 0.011
3735.62029 17.239 0.010
3737.79018 17.213 0.010
3740.75207 17.260 0.010
3742.75945 17.354 0.012
3745.79535 17.294 0.011
3747.79798 17.238 0.014
3748.76518 17.208 0.013
3750.77589 17.208 0.011
3752.78540 17.267 0.012
3754.80319 17.384 0.012
3757.58418 17.248 0.011
3759.78925 17.195 0.010
3763.66121 17.249 0.009
3766.61761 17.364 0.011
3770.70413 17.278 0.011
3773.73690 17.226 0.012
3776.70862 17.279 0.013
3779.66191 17.353 0.016
3783.57853 17.246 0.012
3788.55130 17.317 0.010
3792.58876 17.308 0.011
3800.57065 17.287 0.012
3810.52871 17.261 0.013
3824.49893 17.346 0.014
3950.92248 17.307 0.012
3964.92123 17.365 0.011
3970.84609 17.204 0.010
3981.91465 17.172 0.012
3990.90335 17.271 0.011
3998.90716 17.369 0.014
4003.72081 17.264 0.011
4005.89654 17.194 0.010
4006.74210 17.190 0.010
4008.76290 17.266 0.010
4013.76344 17.294 0.012
4019.87248 17.286 0.011
4024.75994 17.321 0.010
4026.83761 17.225 0.010
4029.78216 17.216 0.011
4032.81301 17.294 0.013
4038.76475 17.229 0.011
4041.72472 17.180 0.011
4043.72965 17.293 0.012
4046.82303 17.365 0.012
4049.69219 17.257 0.011
4052.75351 17.197 0.010
4056.79949 17.260 0.010
4058.84661 17.404 0.012
4063.72945 17.218 0.010
4065.85260 17.241 0.012
4067.69448 17.273 0.010
4070.71670 17.336 0.012
4074.78544 17.189 0.012
4077.83422 17.224 0.011
4080.71082 17.394 0.012
4084.63914 17.273 0.011
4086.79486 17.226 0.012
4093.83624 17.344 0.012
4105.85446 17.381 0.014
4111.77357 17.197 0.010
4117.71400 17.306 0.012
4121.69195 17.237 0.014
4124.77422 17.209 0.010
4132.73012 17.224 0.012
4142.75187 17.273 0.016
4156.58702 17.193 0.011
4168.54752 17.184 0.011
4198.50169 17.399 0.014
4343.83767 17.192 0.012
4347.90472 17.311 0.012
4353.83788 17.210 0.011
4358.78929 17.250 0.016
4363.83180 17.263 0.014
4367.79158 17.219 0.013
4370.82836 17.297 0.013
4373.82779 17.307 0.012
4377.84678 17.185 0.012
4380.89144 17.233 0.013
4386.83730 17.279 0.013
4390.79929 17.205 0.012
4394.81686 17.297 0.011
4399.77346 17.245 0.014
4407.73639 17.400 0.014
4412.75999 17.202 0.013
4418.84551 17.333 0.011
4422.73760 17.239 0.012
4427.71325 17.219 0.013
4430.71659 17.385 0.016
4433.73420 17.279 0.012
4436.81555 17.229 0.013
4440.67644 17.276 0.012
4443.76888 17.325 0.013
4449.73151 17.193 0.011
4451.77109 17.263 0.012
4452.75040 17.299 0.013
4455.74057 17.323 0.013
4457.77080 17.231 0.016
4459.73547 17.215 0.012
4462.71327 17.246 0.012
4464.78361 17.326 0.013
4467.75934 17.269 0.011
4471.81728 17.179 0.011
4472.64669 17.191 0.010
4476.70020 17.376 0.011
4480.80368 17.249 0.011
4483.79199 17.217 0.012
4486.81825 17.300 0.017
4492.67607 17.235 0.012
4497.73753 17.249 0.011
4500.61060 17.424 0.013
4502.72039 17.308 0.014
4507.72328 17.238 0.013
4509.67497 17.267 0.012
4518.63743 17.189 0.013
4521.67184 17.258 0.012
4523.65688 17.399 0.014
4525.62153 17.287 0.012
4531.59968 17.236 0.010
4533.59989 17.288 0.012
4537.64996 17.305 0.012
4539.56912 17.240 0.013
4541.65133 17.176 0.011
4545.57872 17.263 0.012
4547.62840 17.397 0.017
4559.56910 17.357 0.013
4565.50996 17.197 0.012
4580.49588 17.284 0.017
4609.47396 17.215 0.018
4697.91890 17.320 0.017
4708.88993 17.289 0.012
4720.82831 17.303 0.011
4725.76814 17.241 0.013
4728.87582 17.224 0.013
4734.83704 17.407 0.013
4748.86023 17.222 0.010
4753.86052 17.248 0.013
4757.80870 17.402 0.013
4760.81028 17.237 0.011
4763.86924 17.222 0.014
4769.73950 17.340 0.014
4772.77162 17.204 0.011
4777.80223 17.252 0.011
4781.86040 17.302 0.013
4784.75278 17.216 0.014
4789.75817 17.279 0.011
4792.74563 17.350 0.013
4794.84871 17.254 0.011
4797.85081 17.175 0.011
4799.74456 17.212 0.013
4801.67746 17.252 0.011
4803.67313 17.408 0.014
4805.77139 17.273 0.011
4808.67178 17.206 0.012
4810.76372 17.188 0.011
4813.74876 17.315 0.016
4815.73261 17.313 0.013
4817.73017 17.266 0.011
4819.73915 17.202 0.010
4822.71901 17.229 0.011
4824.71615 17.265 0.011
4826.75001 17.411 0.012
4833.75246 17.196 0.010
4835.76287 17.244 0.012
4838.76755 17.367 0.012
4840.75052 17.297 0.012
4842.73860 17.232 0.013
4844.73489 17.170 0.012
4846.76696 17.239 0.012
4848.79080 17.304 0.012
4853.81260 17.247 0.012
4861.70353 17.329 0.013
4865.63417 17.246 0.011
4868.75946 17.220 0.011
4870.73209 17.290 0.014
4873.75013 17.426 0.017
4875.72178 17.292 0.012
4877.66887 17.252 0.011
4879.72533 17.178 0.012
4885.64058 17.345 0.012
4889.61422 17.228 0.012
4896.61046 17.393 0.014
4900.64893 17.257 0.016
4907.60624 17.311 0.013
4917.58612 17.272 0.011
4921.55791 17.331 0.013
4927.55280 17.226 0.014
4932.53340 17.366 0.017
4936.56001 17.215 0.014
4940.57488 17.240 0.012
4945.54163 17.285 0.011
4950.52346 17.237 0.016
4955.51692 17.354 0.013
