2167.87173 18.261 0.041
2186.84550 17.924 0.040
2190.83091 17.887 0.027
2192.87354 17.963 0.029
2193.79512 17.991 0.023
2202.79458 17.866 0.027
2214.84223 18.028 0.039
2221.78422 18.154 0.037
2224.79666 18.130 0.032
2227.70753 18.182 0.035
2229.71301 18.199 0.043
2231.68136 18.212 0.040
2233.64970 18.210 0.032
2236.66205 18.278 0.043
2239.63007 18.271 0.040
2241.71700 18.230 0.039
2243.78688 18.251 0.040
2247.85258 18.148 0.032
2248.85526 18.114 0.030
2250.78760 18.146 0.035
2252.70639 18.186 0.032
2254.69754 18.128 0.028
2257.70181 18.015 0.029
2260.70724 18.012 0.025
2266.69861 17.958 0.025
2270.76576 17.904 0.024
2271.84682 18.014 0.020
2272.75196 17.992 0.032
2274.74351 17.982 0.027
2276.80490 17.866 0.032
2278.66914 17.944 0.029
2280.74750 17.962 0.025
2282.74340 18.015 0.029
2289.80686 18.029 0.029
2292.82331 18.237 0.053
2298.80576 18.141 0.038
2300.78337 18.162 0.043
2302.75649 18.234 0.045
2315.68225 18.566 0.044
2324.54046 18.235 0.046
2328.52739 18.114 0.045
2334.52069 18.083 0.027
2340.51749 18.002 0.038
2364.51016 18.106 0.044
2385.52764 18.455 0.054
2529.87176 18.337 0.039
2539.87173 18.353 0.044
2545.83858 18.350 0.044
2552.89744 18.150 0.050
2556.88611 18.014 0.032
2560.79534 18.030 0.037
2561.79685 17.997 0.033
2565.80298 18.029 0.037
2574.75304 17.930 0.027
2578.82138 17.889 0.032
2586.74377 17.971 0.034
2590.79205 18.048 0.033
2596.79876 18.138 0.040
2605.83855 18.241 0.039
2609.80359 18.379 0.050
2610.63614 18.328 0.043
2610.74162 18.293 0.045
2610.84798 18.251 0.045
2611.64822 18.302 0.049
2611.71853 18.543 0.069
2613.62940 18.370 0.054
2613.70724 18.455 0.059
2614.67741 18.381 0.053
2614.76078 18.384 0.055
2614.85236 18.362 0.045
2615.66143 18.504 0.061
2615.78356 18.460 0.048
2615.84128 18.441 0.051
2617.74454 18.333 0.046
2617.85300 18.522 0.065
2618.66671 18.352 0.044
2618.76029 18.253 0.034
2619.62341 18.307 0.040
2619.73018 18.253 0.032
2619.85452 18.346 0.040
2620.65334 18.233 0.038
2620.73853 18.183 0.033
2620.85526 18.235 0.038
2621.68750 18.146 0.024
2621.76301 18.190 0.032
2621.85622 18.152 0.029
2622.65331 18.207 0.045
2622.73472 18.210 0.039
2622.85562 18.178 0.034
2623.65204 18.286 0.045
2623.74012 18.176 0.033
2623.85144 18.181 0.032
2624.68260 18.152 0.035
2624.75370 18.181 0.032
2624.84850 18.253 0.043
2625.66762 18.115 0.028
2625.71950 18.131 0.028
2626.63646 18.209 0.044
2627.74422 18.236 0.055
2627.76500 18.273 0.050
2627.81813 18.110 0.049
2628.66101 18.161 0.038
2628.73807 18.265 0.053
2628.80515 18.129 0.037
2629.65673 18.161 0.043
2629.76509 18.132 0.035
2629.78595 18.098 0.033
2629.84486 18.176 0.038
2630.64460 18.086 0.039
2630.72411 18.057 0.035
2630.80450 18.107 0.050
2631.65608 18.153 0.046
2631.73886 18.137 0.044
2631.84821 18.246 0.054
2632.61205 18.131 0.032
2632.68576 18.130 0.032
2632.73882 18.099 0.027
2632.81937 18.021 0.029
2634.61085 18.067 0.029
2634.70087 18.104 0.028
2635.66104 18.069 0.028
2635.73837 18.127 0.027
2635.78639 18.073 0.029
2635.84131 18.137 0.034
2636.68893 18.049 0.025
2636.76930 18.066 0.033
2636.84899 18.007 0.035
2637.65097 18.012 0.033
2637.72956 18.073 0.030
2637.83268 18.077 0.029
2638.63223 18.058 0.029
2638.70419 17.986 0.028
2638.73317 18.067 0.033
2638.83262 18.091 0.038
2639.60532 18.002 0.027
2639.68566 18.026 0.024
2639.84171 18.051 0.028
2640.61426 18.081 0.030
2640.75625 18.058 0.028
2641.61439 18.017 0.033
2641.75081 17.988 0.027
2641.86162 17.949 0.034
2642.61252 18.019 0.030
2642.71428 18.023 0.034
2643.61944 17.956 0.028
2643.76310 18.001 0.030
2644.60207 17.902 0.032
2644.71262 18.035 0.028
2645.61691 17.954 0.157
2645.75295 18.087 0.029
2645.85934 17.926 0.037
2646.62173 17.938 0.030
2646.71780 17.972 0.029
2646.74698 17.987 0.030
2649.61911 17.965 0.029
2649.71156 17.988 0.025
2650.63929 17.963 0.025
2650.70085 18.058 0.032
2650.81063 17.844 0.028
2651.63533 17.955 0.028
2651.73111 17.979 0.025
2652.60050 17.947 0.029
2652.67946 17.937 0.035
2652.77704 17.995 0.025
2652.86345 17.974 0.032
2653.60835 17.949 0.032
2653.78515 17.841 0.030
2654.62699 17.942 0.030
2654.70403 17.964 0.030
2654.79249 17.903 0.030
2654.84465 18.057 0.032
2655.61263 17.979 0.029
2655.81616 17.975 0.028
2656.62411 18.035 0.032
2656.69796 17.963 0.032
2656.77310 17.946 0.034
2656.87038 17.807 0.034
2657.62650 17.965 0.028
2657.86684 17.875 0.038
2658.58802 17.938 0.035
2658.66041 18.036 0.028
2658.68757 17.958 0.032
2658.76857 17.897 0.040
2659.64605 17.992 0.029
2659.78121 17.910 0.041
2660.60075 18.044 0.030
2660.67957 17.971 0.033
2660.75408 17.944 0.035
2661.60582 17.996 0.022
2661.65961 18.045 0.027
2661.86454 17.956 0.035
2662.64451 18.042 0.030
2662.69413 18.047 0.030
2662.78016 18.052 0.032
2663.65913 18.121 0.034
2664.66913 18.132 0.033
2664.70682 18.055 0.037
2665.69457 18.067 0.024
2665.82669 17.947 0.033
2666.64895 18.088 0.024
2666.73859 18.060 0.028
2666.76674 18.136 0.024
2666.83277 18.003 0.038
2667.68391 18.121 0.035
2668.72558 18.014 0.033
2668.75827 18.149 0.030
2670.71135 18.282 0.053
2671.69385 18.170 0.043
2672.67099 18.215 0.046
2672.77502 18.202 0.033
2672.81930 18.359 0.043
2674.67588 18.219 0.033
2674.72516 18.267 0.035
2674.79798 18.180 0.035
2675.65463 18.184 0.035
2675.76145 18.120 0.029
2676.71434 18.228 0.035
2676.74402 18.256 0.034
2677.66138 18.317 0.051
2677.72009 18.117 0.028
2678.63444 18.200 0.032
2678.76615 18.204 0.033
2678.78669 18.194 0.032
2679.65496 18.276 0.038
2679.79087 18.274 0.048
2680.67344 18.301 0.035
2680.77692 18.273 0.035
2681.61547 18.248 0.038
2681.72698 18.294 0.041
2682.59286 18.287 0.041
2683.62802 18.369 0.044
2687.60744 18.283 0.044
2692.62115 18.562 0.059
2696.59736 18.295 0.040
2701.58905 18.320 0.049
2708.51874 18.138 0.043
2715.51437 18.117 0.043
2870.93268 17.988 0.040
2890.86718 18.053 0.044
2895.90302 18.121 0.030
2900.86726 18.186 0.035
2911.85264 18.189 0.030
2917.76660 18.339 0.041
2922.88880 18.168 0.048
2926.82169 18.085 0.037
2931.74994 18.157 0.033
2934.79076 18.081 0.029
2940.77126 18.017 0.029
2943.77543 17.936 0.030
2947.78408 17.972 0.028
2950.69786 18.029 0.030
2954.72120 17.951 0.035
2956.76655 18.023 0.027
2958.80821 17.937 0.030
2962.80535 18.054 0.027
2965.82836 17.988 0.028
2968.69607 18.106 0.030
2973.76954 18.192 0.034
2976.63599 18.119 0.037
2978.83706 18.241 0.035
2980.75201 18.218 0.035
2982.76011 18.171 0.032
2984.79168 18.249 0.037
2987.67309 18.387 0.049
2989.63150 18.287 0.034
2991.70359 18.349 0.041
2993.71549 18.245 0.039
2995.79031 18.324 0.037
2997.76092 18.264 0.038
2999.66062 18.265 0.027
3000.70954 18.239 0.037
3002.69782 18.186 0.034
3004.69869 18.206 0.030
3006.64215 18.103 0.030
3008.79708 18.044 0.032
3010.71666 17.995 0.033
3011.77162 18.186 0.049
3015.78919 18.036 0.037
3017.77687 18.003 0.032
3019.73059 17.977 0.035
3021.82355 17.928 0.029
3023.68565 17.995 0.024
3025.65709 18.039 0.023
3027.70264 17.950 0.025
3029.68757 17.976 0.029
3031.75763 18.009 0.028
3033.82121 17.965 0.028
3036.61972 17.998 0.028
3039.56157 17.953 0.029
3041.66962 18.082 0.038
3043.68033 17.992 0.041
3045.74318 18.064 0.033
3047.69687 18.199 0.038
3048.62809 18.142 0.027
3050.64507 18.117 0.028
3052.64648 18.134 0.030
3054.65099 18.182 0.034
3056.63910 18.190 0.028
3058.63308 18.316 0.040
3060.68271 18.280 0.035
3066.54467 18.497 0.059
3068.56857 18.484 0.053
3073.66066 18.136 0.038
3076.58451 18.275 0.043
3078.67132 18.192 0.041
3082.64830 18.100 0.025
3085.55181 18.129 0.032
3088.51376 18.046 0.037
3090.65546 18.048 0.032
3093.53808 17.961 0.034
3099.52499 17.935 0.029
3102.61808 17.980 0.030
3105.62382 18.046 0.034
3111.55016 18.088 0.044
3129.49250 18.273 0.044
3134.51336 18.424 0.046
3216.90720 18.286 0.048
3242.84194 18.109 0.034
3248.89468 17.965 0.032
3258.87124 17.962 0.022
3264.84231 17.970 0.025
3274.79435 18.188 0.043
3278.84929 18.115 0.035
3282.82547 18.289 0.035
3287.79885 18.262 0.029
3295.75647 18.308 0.032
3301.81005 18.298 0.043
3304.87451 18.130 0.035
3307.74391 18.152 0.045
3309.77604 18.070 0.028
3311.77401 18.101 0.028
3320.82164 18.071 0.027
3327.78955 17.882 0.024
3330.74793 17.854 0.032
3334.84739 17.852 0.033
3339.79524 18.083 0.029
3353.84150 18.205 0.035
3357.63257 18.126 0.030
3360.67065 18.306 0.035
3363.77888 18.350 0.040
3369.85618 18.471 0.048
3375.79256 18.199 0.033
3378.71812 18.207 0.030
3394.60123 17.971 0.030
3396.65207 17.979 0.027
3399.75467 17.898 0.029
3403.74202 17.953 0.027
3408.62649 17.969 0.025
3413.58146 17.971 0.025
3417.59855 17.982 0.025
3425.60670 18.253 0.039
3431.59469 18.235 0.029
3437.57025 18.177 0.028
3446.53935 18.325 0.037
3456.51928 18.171 0.037
3474.48751 17.928 0.035
3603.92968 18.187 0.040
3619.87270 17.955 0.025
3633.84916 17.741 0.029
3639.81562 17.985 0.023
3644.85167 18.027 0.023
3651.79411 18.025 0.025
3654.84186 18.111 0.028
3658.80545 18.069 0.032
3660.83027 18.118 0.035
3665.82423 18.263 0.038
3670.79397 18.293 0.035
3673.80408 18.294 0.030
3676.80412 18.243 0.030
3684.85811 18.130 0.028
3687.83047 18.056 0.025
3690.75042 17.933 0.028
3693.78793 18.000 0.027
3695.81923 17.997 0.023
3698.80881 17.834 0.025
3700.82742 17.772 0.024
3703.76151 17.932 0.024
3705.82569 17.958 0.022
3708.81351 17.840 0.025
3712.77102 17.957 0.024
3714.84181 17.923 0.028
3717.73419 18.047 0.037
3720.82225 18.028 0.033
3724.73992 18.069 0.025
3727.81450 18.108 0.028
3728.77725 18.160 0.029
3731.78078 18.112 0.028
3732.76387 18.079 0.028
3735.62029 18.142 0.024
3737.79018 18.242 0.025
3740.75207 18.214 0.027
3742.75945 18.362 0.038
3745.79535 18.226 0.032
3747.79798 18.283 0.046
3748.76518 18.391 0.048
3750.77589 18.282 0.039
3752.78540 18.254 0.038
3754.80319 18.206 0.033
3757.58418 18.211 0.035
3759.78925 18.195 0.032
3763.66121 18.065 0.022
3766.61761 18.041 0.025
3770.70413 17.969 0.027
3773.73690 17.913 0.029
3776.70862 17.811 0.027
3779.66191 17.946 0.033
3783.57853 18.001 0.030
3788.55130 17.984 0.024
3792.58876 18.001 0.028
3800.57065 18.200 0.034
3810.52871 18.257 0.039
3824.49893 18.534 0.054
3950.92248 17.977 0.027
3964.92123 18.333 0.032
3970.84609 18.515 0.040
3981.91465 18.191 0.034
3990.90335 18.129 0.030
3998.90716 17.950 0.028
4003.72081 17.932 0.024
4005.89654 17.970 0.022
4006.74210 17.916 0.023
4008.76290 17.948 0.022
4013.76344 18.042 0.029
4019.87248 18.002 0.024
4024.75994 18.038 0.024
4026.83761 18.076 0.027
4029.78216 18.074 0.030
4032.81301 18.124 0.038
4038.76475 18.166 0.033
4041.72472 18.286 0.035
4043.72965 18.232 0.035
4046.82303 18.270 0.035
4049.69219 18.215 0.029
4052.75351 18.210 0.028
4056.79949 18.146 0.027
4058.84661 18.257 0.033
4063.72945 18.037 0.024
4065.85260 18.036 0.033
4067.69448 17.971 0.025
4070.71670 17.965 0.027
4074.78544 17.952 0.027
4077.83422 17.905 0.024
4080.71082 17.861 0.025
4084.63914 17.859 0.023
4086.79486 17.959 0.029
4093.83624 17.956 0.024
4105.85446 17.981 0.030
4111.77357 18.191 0.029
4117.71400 18.316 0.039
4121.69195 18.862 0.078
4124.77422 18.283 0.029
4132.73012 18.209 0.037
4142.75187 18.069 0.044
4156.58702 17.953 0.028
4168.54752 18.006 0.029
4198.50169 18.196 0.040
4343.83767 18.250 0.039
4347.90472 18.271 0.034
4353.83788 18.218 0.034
4358.78929 18.240 0.051
4363.83180 18.083 0.040
4367.79158 18.096 0.038
4370.82836 18.029 0.032
4373.82779 18.014 0.028
4377.84678 17.995 0.030
4380.89144 17.975 0.029
4386.83730 17.947 0.030
4390.79929 17.981 0.029
4394.81686 18.055 0.025
4399.77346 18.023 0.034
4407.73639 18.104 0.037
4412.75999 18.234 0.044
4418.84551 18.223 0.029
4422.73760 18.296 0.039
4427.71325 18.251 0.040
4430.71659 18.198 0.040
4433.73420 18.065 0.030
4436.81555 18.355 0.053
4440.67644 18.138 0.033
4443.76888 18.008 0.033
4449.73151 18.030 0.028
4451.77109 17.917 0.027
4452.75040 17.955 0.032
4455.74057 18.030 0.035
4457.77080 17.943 0.037
4459.73547 17.957 0.030
4462.71327 17.998 0.028
4464.78361 17.962 0.030
4467.75934 18.000 0.029
4471.81728 17.967 0.030
4472.64669 18.086 0.024
4476.70020 18.120 0.028
4480.80368 18.054 0.028
4483.79199 18.185 0.034
4486.81825 18.205 0.045
4492.67607 18.386 0.045
4497.73753 18.184 0.034
4500.61060 18.241 0.035
4502.72039 18.383 0.053
4507.72328 18.218 0.041
4509.67497 18.185 0.038
4518.63743 17.980 0.034
4521.67184 18.064 0.033
4523.65688 17.944 0.032
4525.62153 18.092 0.034
4531.59968 17.983 0.027
4533.59989 17.921 0.029
4537.64996 17.976 0.029
4539.56912 18.023 0.035
4541.65133 17.970 0.028
4545.57872 18.010 0.028
4547.62840 18.086 0.041
4559.56910 18.323 0.043
4565.50996 18.264 0.043
4580.49588 18.284 0.053
4609.47396 17.878 0.041
4697.91890 18.102 0.046
4708.88993 18.150 0.035
4720.82831 18.339 0.037
4725.76814 18.328 0.041
4728.87582 18.476 0.051
4734.83704 18.277 0.038
4748.86023 18.088 0.024
4753.86052 17.979 0.030
4757.80870 17.962 0.027
4760.81028 17.965 0.024
4763.86924 17.955 0.038
4769.73950 17.949 0.030
4772.77162 18.003 0.028
4777.80223 18.029 0.029
4781.86040 18.092 0.034
4784.75278 18.140 0.040
4789.75817 18.157 0.030
4792.74563 18.228 0.035
4794.84871 18.263 0.035
4797.85081 18.209 0.033
4799.74456 18.340 0.045
4801.67746 18.222 0.033
4803.67313 18.326 0.043
4805.77139 18.277 0.034
4808.67178 18.215 0.039
4810.76372 18.171 0.033
4813.74876 18.253 0.048
4815.73261 18.149 0.037
4817.73017 18.220 0.033
4819.73915 18.112 0.030
4822.71901 17.438 0.018
4824.71615 18.018 0.025
4826.75001 18.065 0.029
4833.75246 17.998 0.024
4835.76287 18.053 0.034
4838.76755 17.945 0.027
4840.75052 17.995 0.027
4842.73860 17.912 0.032
4844.73489 18.000 0.030
4846.76696 17.990 0.030
4848.79080 18.031 0.030
4853.81260 18.135 0.032
4861.70353 18.239 0.041
4865.63417 18.231 0.033
4868.75946 18.262 0.037
4870.73209 18.261 0.041
4873.75013 18.546 0.058
4875.72178 18.246 0.034
4877.66887 18.357 0.039
4879.72533 18.312 0.041
4885.64058 18.168 0.035
4889.61422 18.278 0.039
4896.61046 18.040 0.034
4900.64893 18.045 0.038
4907.60624 17.953 0.033
4917.58612 17.907 0.024
4921.55791 17.925 0.029
4927.55280 17.984 0.034
4932.53340 18.206 0.045
4936.56001 18.233 0.045
4940.57488 18.150 0.032
4945.54163 18.232 0.028
4950.52346 18.145 0.041
4955.51692 18.255 0.034
