2167.83852 18.512 0.049
2173.84588 19.022 0.056
2190.78366 18.476 0.041
2192.81843 18.788 0.057
2192.82172 18.821 0.052
2214.78575 18.661 0.058
2224.74253 18.694 0.044
2226.84669 18.464 0.060
2229.65861 18.533 0.051
2232.81719 18.644 0.049
2232.82048 18.612 0.050
2234.81161 18.570 0.034
2234.81490 18.561 0.038
2239.59656 18.482 0.055
2241.65811 18.560 0.053
2243.71669 18.806 0.055
2248.79332 18.576 0.036
2250.84219 18.710 0.045
2252.64834 18.572 0.042
2254.63927 18.910 0.058
2257.64314 18.529 0.037
2261.75749 18.942 0.052
2261.76077 18.853 0.048
2266.64079 18.542 0.048
2270.63690 18.491 0.038
2271.78770 18.528 0.036
2273.72418 18.477 0.055
2275.82461 18.597 0.049
2277.64625 18.770 0.042
2279.81860 18.726 0.051
2281.80543 18.433 0.034
2283.83965 18.933 0.048
2288.74579 18.680 0.041
2290.78416 18.478 0.040
2292.76068 18.529 0.050
2298.76553 18.767 0.057
2300.71855 18.459 0.056
2302.69635 18.551 0.052
2327.55448 18.569 0.053
2333.56449 18.830 0.086
2339.54097 18.449 0.068
2357.51217 18.585 0.091
2395.51312 18.394 0.060
2526.90528 18.465 0.035
2542.88422 18.778 0.052
2552.83892 18.776 0.056
2556.82690 18.542 0.041
2556.83044 18.586 0.044
2559.87673 18.464 0.043
2559.88101 18.443 0.042
2564.84336 18.469 0.043
2578.76713 18.532 0.050
2583.82159 18.520 0.048
2583.82488 18.510 0.048
2589.85295 18.823 0.054
2589.85777 18.785 0.052
2596.73758 18.563 0.065
2596.74113 18.532 0.054
2605.74060 18.640 0.043
2609.73685 18.920 0.077
2614.70304 18.965 0.074
2618.72732 19.032 0.078
2621.63489 18.509 0.037
2623.81853 18.532 0.072
2627.68200 18.701 0.069
2629.70504 18.477 0.054
2629.70831 18.456 0.052
2631.75738 18.874 0.091
2634.75950 18.472 0.041
2635.67882 18.460 0.035
2638.64992 18.749 0.050
2639.65003 18.521 0.032
2641.71766 19.073 0.069
2643.72634 18.475 0.044
2643.72981 18.480 0.042
2645.71405 18.751 0.046
2647.67185 18.720 0.054
2650.83336 18.469 0.034
2652.73463 18.501 0.049
2654.66944 18.529 0.055
2656.64237 18.983 0.072
2658.60540 18.537 0.057
2660.62282 18.612 0.047
2662.60567 18.601 0.049
2664.61320 18.523 0.043
2666.67141 18.568 0.036
2668.65631 18.663 0.073
2670.62631 18.974 0.080
2672.73559 18.746 0.057
2674.63396 18.984 0.087
2676.62053 18.515 0.040
2678.70821 18.810 0.058
2680.61888 18.620 0.055
2682.66979 18.748 0.067
2682.67330 18.723 0.062
2687.54233 18.376 0.065
2691.61268 18.514 0.069
2696.53545 18.465 0.052
2701.51762 18.484 0.052
2707.51500 18.682 0.062
2714.51391 18.729 0.085
2840.90300 18.680 0.061
2867.91561 18.917 0.056
2888.90948 18.658 0.039
2894.84455 18.482 0.042
2899.84616 18.764 0.047
2905.83513 18.713 0.060
2908.89618 19.016 0.062
2911.79448 18.546 0.035
2916.84468 18.455 0.032
2922.82853 18.658 0.057
2926.75595 18.423 0.037
2930.82970 18.445 0.035
2933.87411 18.456 0.041
2940.71125 18.478 0.038
2942.83304 18.542 0.035
2947.72557 18.975 0.065
2949.81574 18.574 0.041
2953.68247 18.739 0.064
2956.70829 18.820 0.051
2958.73459 18.507 0.047
2962.74643 18.470 0.037
2965.76586 18.936 0.044
2967.86531 18.573 0.061
2973.84947 18.960 0.066
2975.83863 18.447 0.041
2976.83389 18.568 0.044
2978.85350 18.670 0.055
2982.68564 18.487 0.042
2984.73315 18.876 0.056
2986.81575 18.637 0.054
2988.78034 18.734 0.044
2989.79627 18.465 0.037
2991.63668 18.500 0.035
2993.62410 18.473 0.033
2995.72372 18.499 0.061
2997.70267 18.695 0.082
2999.72487 18.504 0.056
3001.76153 18.802 0.049
3003.73219 18.570 0.039
3005.63746 18.457 0.041
3007.67052 19.036 0.070
3009.73682 18.470 0.040
3011.71255 18.760 0.084
3013.71700 18.522 0.045
3017.71843 18.569 0.041
3019.64642 18.459 0.042
3021.76519 18.614 0.037
3023.62698 18.507 0.031
3024.82812 18.731 0.051
3026.82479 18.474 0.027
3029.62915 18.479 0.032
3031.69910 18.558 0.036
3033.76261 18.941 0.046
3035.76964 18.571 0.041
3038.74712 18.958 0.091
3040.71776 18.538 0.055
3042.66167 18.532 0.058
3044.59558 18.632 0.051
3045.68456 18.705 0.059
3047.63830 18.516 0.052
3049.64400 19.009 0.051
3051.61218 18.458 0.042
3055.60565 18.649 0.052
3057.63110 18.603 0.044
3059.57499 18.996 0.050
3061.56803 18.474 0.048
3068.50936 18.621 0.059
3070.56505 18.465 0.078
3073.56576 18.964 0.086
3075.67872 18.722 0.063
3078.61072 18.649 0.053
3082.58822 18.838 0.055
3084.66526 18.665 0.042
3087.62795 18.563 0.057
3090.59135 18.713 0.056
3096.49839 18.893 0.103
3099.57936 18.613 0.063
3102.55814 18.518 0.056
3105.59085 18.714 0.054
3108.56881 18.521 0.045
3108.57235 18.656 0.055
3112.54610 18.564 0.046
3116.52744 18.552 0.047
3127.49485 18.509 0.038
3140.48350 18.457 0.046
3223.88372 18.829 0.066
3241.86998 18.692 0.057
3248.83340 18.637 0.058
3257.86126 18.644 0.041
3263.90724 18.524 0.037
3270.85021 18.711 0.047
3273.89822 18.832 0.059
3277.83425 18.476 0.041
3281.87803 18.475 0.042
3287.73909 18.432 0.029
3295.69138 18.895 0.040
3301.75189 18.459 0.044
3304.80782 18.508 0.045
3307.68265 18.454 0.059
3309.71804 18.767 0.044
3311.71589 18.439 0.037
3320.75868 18.566 0.035
3323.69350 18.665 0.049
3327.73026 18.785 0.042
3330.68910 18.487 0.053
3330.69256 18.425 0.045
3334.78836 18.769 0.068
3338.83482 18.897 0.057
3340.84990 18.512 0.046
3350.66834 19.172 0.053
3354.71475 18.903 0.084
3358.79571 18.755 0.035
3361.82852 18.969 0.051
3365.73092 18.441 0.043
3378.65993 18.928 0.045
3391.72765 18.791 0.055
3394.73921 18.635 0.050
3396.61919 18.870 0.062
3403.68367 18.466 0.040
3408.59310 18.468 0.037
3412.63834 18.480 0.042
3417.56579 18.591 0.048
3425.57401 18.768 0.068
3431.53570 18.693 0.063
3437.53748 18.626 0.046
3445.54284 18.471 0.042
3460.49108 18.369 0.039
3477.48581 18.732 0.061
3583.92791 18.639 0.043
3593.92617 18.845 0.063
3601.86312 18.470 0.043
3618.89723 18.467 0.034
3629.87849 18.561 0.041
3629.88196 18.523 0.038
3634.84509 18.543 0.037
3634.84854 18.529 0.037
3639.83840 18.559 0.033
3644.79318 18.569 0.036
3650.88205 18.673 0.041
3650.88549 18.524 0.033
3654.78128 18.805 0.041
3657.86353 18.586 0.035
3657.86697 18.557 0.034
3660.79798 18.606 0.052
3660.80143 18.488 0.044
3664.83306 18.585 0.035
3668.79102 19.090 0.070
3668.79446 19.131 0.073
3672.77924 18.684 0.045
3672.78267 18.605 0.041
3675.85892 18.548 0.033
3684.76703 18.502 0.030
3687.77268 18.851 0.045
3690.66314 18.394 0.063
3693.72652 18.601 0.042
3695.74806 18.562 0.036
3698.74078 18.467 0.054
3700.76964 18.943 0.053
3702.85729 18.562 0.039
3705.76406 18.824 0.040
3708.72265 18.413 0.041
3712.70954 18.519 0.037
3714.71989 18.611 0.037
3714.72330 18.581 0.037
3716.86152 18.518 0.086
3719.81316 18.605 0.049
3725.80704 18.487 0.044
3727.77945 18.797 0.049
3730.67486 18.683 0.032
3732.69958 18.550 0.030
3734.79763 18.479 0.035
3736.81390 18.908 0.050
3737.70225 18.692 0.039
3739.80137 18.514 0.033
3742.68723 18.734 0.054
3745.76291 18.606 0.038
3747.76560 18.663 0.066
3749.65733 18.625 0.072
3749.66076 18.442 0.050
3750.74229 18.681 0.049
3752.75298 18.512 0.041
3754.77072 18.546 0.042
3756.59425 18.442 0.034
3758.76712 18.527 0.053
3761.77951 18.625 0.034
3764.73394 18.645 0.040
3767.59378 19.169 0.063
3770.61149 18.488 0.035
3773.61433 18.438 0.042
3776.61374 19.033 0.059
3779.60328 18.438 0.051
3787.57897 18.606 0.039
3792.53070 18.567 0.046
3809.51993 19.066 0.096
3822.50574 18.652 0.065
3946.90204 18.618 0.055
3964.85887 18.806 0.040
3969.88299 18.745 0.056
3981.85775 18.527 0.046
3981.86125 18.527 0.049
3989.88478 18.398 0.034
3995.90848 18.722 0.073
3995.91194 19.001 0.132
4001.86148 18.949 0.043
4001.86497 18.880 0.042
4005.83915 18.777 0.040
4007.84333 18.539 0.038
4007.84679 18.511 0.037
4011.84360 18.738 0.045
4011.84705 18.605 0.041
4018.83518 18.526 0.041
4018.83862 18.448 0.033
4023.86732 18.791 0.049
4023.87075 18.808 0.052
4026.77578 18.578 0.029
4026.77922 18.510 0.028
4029.71705 18.659 0.059
4029.72048 18.770 0.074
4031.79739 18.487 0.031
4031.80082 18.447 0.030
4038.70650 18.527 0.036
4038.70991 18.545 0.037
4040.87334 18.429 0.062
4043.67199 18.603 0.058
4046.76410 18.489 0.044
4046.76752 18.451 0.048
4048.85362 18.410 0.055
4048.85704 18.491 0.046
4052.69649 18.524 0.031
4052.69997 18.479 0.033
4056.74054 18.618 0.047
4056.74396 18.414 0.040
4058.77286 18.660 0.032
4058.77708 18.605 0.032
4063.67241 18.872 0.043
4066.72969 18.716 0.039
4068.81719 18.513 0.032
4070.65963 18.468 0.046
4073.81901 18.507 0.042
4076.78716 18.693 0.049
4079.74951 18.602 0.047
4079.75295 18.556 0.042
4083.66634 18.511 0.046
4085.73184 19.060 0.069
4092.85030 18.909 0.049
4092.85371 19.057 0.057
4102.82684 18.897 0.064
4105.68573 18.614 0.043
4109.75885 18.447 0.029
4113.71461 18.935 0.040
4120.74503 18.586 0.041
4122.70144 18.901 0.045
4125.75267 18.676 0.042
4131.60602 18.560 0.033
4131.60945 18.486 0.029
4142.64261 18.640 0.063
4156.52928 18.922 0.056
4166.57052 18.595 0.061
4166.57400 18.526 0.054
4196.51994 18.494 0.063
4341.89587 18.571 0.055
4347.84578 18.605 0.049
4357.90716 18.801 0.077
4358.89322 18.564 0.047
4362.78294 18.723 0.063
4365.82442 18.513 0.066
4368.90172 18.392 0.072
4371.85232 18.933 0.057
4371.85578 18.916 0.055
4377.78815 18.791 0.059
4380.80466 18.689 0.047
4386.78031 18.834 0.065
4390.74231 18.621 0.046
4393.85638 18.717 0.055
4393.85983 18.737 0.048
4398.86766 18.985 0.062
4398.87111 19.022 0.068
4403.87805 18.893 0.143
4411.86956 18.625 0.067
4418.78730 18.884 0.045
4418.79071 18.871 0.044
4422.85337 18.657 0.045
4422.85678 18.600 0.047
4426.73169 18.484 0.049
4426.73512 18.536 0.049
4429.83767 18.527 0.071
4429.84110 18.450 0.057
4432.71854 18.794 0.047
4432.72195 18.794 0.045
4436.75791 18.971 0.060
4436.76134 18.958 0.064
4439.82350 18.686 0.067
4439.82691 18.637 0.062
4440.86315 18.723 0.156
4443.69322 18.722 0.066
4444.82951 18.974 0.087
4448.69507 18.565 0.049
4449.67795 18.480 0.034
4449.74257 18.513 0.040
4450.70540 18.665 0.059
4451.68752 19.125 0.081
4452.85345 18.512 0.044
4454.70403 18.547 0.042
4454.81614 18.998 0.050
4455.68629 18.709 0.056
4455.77685 18.804 0.061
4456.72045 18.763 0.059
4456.81069 18.462 0.048
4456.85814 18.465 0.047
4457.84503 18.608 0.052
4458.74473 18.571 0.048
4459.74640 18.804 0.052
4459.80854 18.751 0.055
4461.66164 18.903 0.054
4462.78237 18.507 0.037
4464.76580 18.924 0.056
4465.64302 18.816 0.047
4465.74475 18.578 0.041
4466.73635 18.457 0.032
4467.67235 18.415 0.030
4468.71330 18.553 0.035
4473.68262 18.582 0.040
4477.74074 18.766 0.058
4481.67832 18.535 0.042
4485.72637 18.543 0.055
4485.72982 18.458 0.044
4489.70988 18.548 0.066
4489.71331 18.434 0.058
4493.69972 18.677 0.063
4493.70314 18.653 0.057
4498.67637 18.578 0.042
4498.67964 18.492 0.039
4501.67369 18.817 0.055
4501.67697 18.754 0.053
4506.60763 18.572 0.050
4506.61091 18.640 0.049
4508.61762 18.571 0.043
4508.62813 18.583 0.044
4510.69790 18.936 0.068
4510.70133 18.965 0.064
4521.60798 18.999 0.081
4521.61145 18.969 0.073
4523.62383 18.476 0.044
4531.56525 18.766 0.053
4531.56873 18.784 0.050
4533.56762 18.491 0.049
4533.57108 18.509 0.047
4537.61763 18.414 0.043
4537.62112 18.505 0.042
4539.53661 18.555 0.056
4541.58887 18.560 0.065
4541.59235 18.466 0.051
4543.64971 19.030 0.112
4543.65319 19.064 0.104
4545.50801 19.095 0.081
4549.59281 18.851 0.074
4549.59629 18.725 0.058
4560.53542 18.432 0.048
4560.53892 18.538 0.044
4566.51885 18.478 0.043
4567.58455 18.880 0.071
4570.55554 18.452 0.044
4571.52938 18.535 0.057
4574.55832 18.373 0.056
4581.50631 18.785 0.068
4610.47439 19.000 0.112
4683.89829 18.538 0.044
4697.85493 18.509 0.055
4707.90572 18.542 0.041
4720.77101 18.894 0.065
4724.82429 18.665 0.053
4728.81178 19.040 0.070
4731.88979 18.907 0.052
4733.82150 18.814 0.049
4743.89018 18.440 0.038
4743.89365 18.457 0.045
4748.82752 18.462 0.033
4752.86057 18.512 0.042
4752.86401 18.469 0.038
4756.87336 18.473 0.042
4760.75300 18.635 0.039
4760.75646 18.631 0.042
4761.74103 19.124 0.061
4762.68976 18.861 0.062
4763.81522 18.495 0.045
4768.85790 18.812 0.058
4772.70079 18.574 0.049
4775.73015 18.932 0.073
4777.74493 18.567 0.043
4781.74137 18.538 0.042
4781.74481 18.482 0.044
4784.69497 18.780 0.088
4788.85046 18.495 0.033
4794.77397 18.591 0.047
4797.79317 19.026 0.065
4797.79658 18.997 0.059
4800.77004 18.529 0.032
4802.83705 18.625 0.042
4804.85429 18.636 0.054
4804.85769 18.515 0.045
4806.85042 18.632 0.045
4806.85382 18.575 0.051
4808.77313 18.451 0.031
4809.69816 18.504 0.044
4809.70160 18.516 0.055
4809.81407 18.544 0.037
4809.85942 18.643 0.058
4810.66437 18.471 0.035
4811.69447 18.570 0.064
4811.69792 18.548 0.064
4813.71625 18.503 0.061
4813.71967 18.592 0.065
4814.73509 18.477 0.046
4814.73850 18.346 0.042
4816.73196 18.878 0.068
4816.73538 18.866 0.061
4818.73117 18.463 0.033
4818.73458 18.422 0.038
4819.71722 18.434 0.029
4820.65054 18.489 0.029
4820.79079 19.033 0.060
4820.79421 18.914 0.052
4821.73277 18.804 0.041
4821.83444 18.462 0.034
4822.68705 18.782 0.048
4822.78764 18.416 0.029
4823.74900 18.461 0.033
4823.81069 18.664 0.037
4824.67594 18.449 0.035
4825.65827 18.606 0.037
4826.68031 19.032 0.063
4833.67825 18.512 0.033
4835.73064 18.722 0.050
4840.71946 18.616 0.048
4842.70346 18.446 0.042
4844.70271 18.958 0.063
4844.70613 19.028 0.063
4847.76969 18.838 0.065
4847.77312 18.779 0.054
4850.76278 18.644 0.053
4850.76621 18.521 0.054
4853.73926 18.840 0.059
4853.74268 18.803 0.056
4855.75471 18.424 0.045
4855.75815 18.426 0.051
4857.73282 18.976 0.066
4857.73628 18.960 0.078
4863.69412 18.759 0.060
4865.59432 18.547 0.041
4866.70532 18.691 0.046
4867.71696 18.742 0.047
4868.69790 18.614 0.046
4869.64313 18.503 0.050
4869.64659 18.528 0.043
4869.71869 18.436 0.036
4870.58339 18.523 0.040
4870.71001 18.544 0.053
4871.56928 18.457 0.052
4871.69772 18.919 0.078
4872.67242 18.636 0.079
4872.67584 18.851 0.098
4873.64274 18.684 0.049
4874.56556 18.690 0.048
4874.56901 18.624 0.040
4876.58921 18.511 0.035
4876.59264 18.493 0.031
4878.61402 18.658 0.039
4882.68716 18.519 0.041
4882.69061 18.613 0.054
4885.54534 18.497 0.041
4888.61255 18.470 0.033
4888.61602 18.448 0.030
4892.60465 18.627 0.045
4892.64948 18.412 0.041
4893.61557 18.630 0.059
4894.63033 18.511 0.042
4896.53382 18.730 0.047
4900.61633 19.001 0.096
4900.61983 18.932 0.084
4905.58492 18.698 0.077
4908.54005 18.493 0.043
4908.54355 18.404 0.042
4916.55646 18.538 0.048
4916.55994 18.534 0.042
4920.54508 18.638 0.049
4920.59040 18.497 0.042
4924.50188 18.764 0.048
4926.54323 18.414 0.057
4926.54656 18.494 0.061
4930.53982 18.541 0.057
4930.54314 18.517 0.059
4934.53658 18.618 0.056
4934.53994 18.688 0.066
4936.48464 18.513 0.045
4937.53167 18.599 0.043
4939.48565 18.873 0.066
4940.48111 18.462 0.037
4940.54432 18.434 0.042
4940.54768 18.513 0.042
4941.48498 18.512 0.055
4942.47758 18.661 0.066
4943.49274 19.017 0.077
4946.53793 18.636 0.057
4946.54128 18.618 0.052
4951.51769 18.553 0.065
4951.52104 18.644 0.076
