2166.90333 18.471 0.035
2173.82374 18.655 0.041
2192.79707 18.451 0.028
2201.80985 18.610 0.029
2212.84151 18.385 0.045
2223.84615 18.595 0.037
2226.82611 18.518 0.040
2229.63805 18.665 0.046
2232.79638 18.473 0.035
2234.79057 18.748 0.036
2238.76257 18.463 0.031
2241.63760 18.493 0.039
2243.69603 18.632 0.044
2248.76843 18.528 0.031
2251.72586 18.539 0.031
2253.80995 18.563 0.036
2255.68493 18.483 0.036
2261.70519 18.574 0.036
2269.81964 18.473 0.035
2271.76707 18.593 0.032
2273.85209 18.475 0.040
2274.63676 18.559 0.046
2276.74387 18.541 0.041
2278.64240 18.470 0.033
2280.64059 18.755 0.044
2282.64916 18.506 0.039
2289.78281 18.428 0.035
2291.79091 18.533 0.045
2293.75664 18.597 0.053
2295.77858 18.576 0.035
2297.77191 18.706 0.043
2299.81245 18.416 0.043
2301.70658 18.570 0.048
2303.70276 18.555 0.049
2327.53239 18.498 0.043
2332.56527 18.487 0.053
2333.52934 18.741 0.065
2339.51756 18.704 0.046
2347.51223 18.535 0.037
2402.50628 18.515 0.052
2524.90196 18.452 0.036
2542.86381 18.710 0.039
2552.81317 18.599 0.040
2556.80478 18.761 0.040
2559.85293 18.615 0.043
2564.82091 18.422 0.037
2578.74624 18.547 0.048
2583.78172 18.532 0.039
2589.82510 18.757 0.039
2596.71333 18.587 0.052
2605.71460 18.601 0.036
2609.70531 18.689 0.048
2614.64001 18.545 0.036
2618.69759 18.585 0.041
2620.82562 18.527 0.029
2623.79652 18.709 0.037
2627.66075 18.459 0.056
2629.68427 18.810 0.068
2631.70428 18.475 0.043
2634.73288 18.484 0.031
2635.60448 18.804 0.036
2637.80352 18.527 0.033
2639.62942 18.579 0.028
2641.69546 18.445 0.029
2643.70422 18.546 0.036
2645.69310 18.579 0.026
2647.65084 18.426 0.029
2651.60577 18.586 0.043
2653.63241 18.520 0.041
2655.75336 18.555 0.036
2657.59837 18.472 0.033
2659.61338 18.580 0.041
2661.83138 18.416 0.046
2663.84544 18.681 0.069
2665.85136 18.387 0.050
2668.60119 18.715 0.050
2670.60549 18.496 0.039
2672.59210 18.610 0.041
2674.61346 18.454 0.032
2676.59995 18.547 0.033
2678.67272 18.551 0.037
2680.59848 18.492 0.027
2682.64778 18.761 0.052
2686.64232 18.617 0.048
2691.58891 18.546 0.049
2695.62474 18.695 0.043
2700.58023 18.441 0.037
2706.59766 18.554 0.048
2713.56280 18.505 0.045
2840.94313 18.506 0.057
2885.84521 18.630 0.037
2892.87477 18.614 0.048
2897.84409 18.547 0.046
2903.88987 18.442 0.027
2906.89301 18.516 0.031
2911.77285 18.747 0.039
2916.82256 18.494 0.028
2922.80677 18.589 0.048
2926.73334 18.446 0.036
2930.80789 18.563 0.036
2933.85223 18.449 0.031
2939.86051 18.552 0.039
2942.81110 18.443 0.031
2944.85455 18.566 0.040
2946.85645 18.496 0.036
2949.77089 18.448 0.031
2952.84778 18.673 0.040
2956.68621 18.458 0.033
2958.71289 18.656 0.043
2962.72462 18.550 0.039
2965.74284 18.546 0.029
2967.84240 18.480 0.027
2970.80776 18.518 0.027
2974.74557 18.566 0.040
2976.78028 18.422 0.029
2978.76036 18.768 0.045
2980.70042 18.544 0.035
2982.66319 18.435 0.033
2984.71036 18.754 0.045
2986.79365 18.516 0.040
2988.75771 18.651 0.044
2990.62989 18.691 0.041
2992.78047 18.603 0.033
2994.62675 18.687 0.039
2995.63632 18.491 0.027
2997.64631 18.735 0.035
2999.76503 18.518 0.035
3001.73707 18.648 0.036
3003.71034 18.479 0.029
3005.70109 18.601 0.037
3007.71551 18.578 0.036
3009.71360 18.483 0.033
3011.68295 18.751 0.052
3013.68614 18.471 0.035
3017.69655 18.606 0.044
3019.62416 18.430 0.032
3021.74329 18.658 0.035
3023.60525 18.580 0.028
3024.80628 18.508 0.032
3026.80255 18.529 0.027
3028.81457 18.578 0.037
3031.67655 18.813 0.035
3033.74047 18.492 0.027
3035.74786 18.601 0.032
3038.72523 18.768 0.050
3041.59341 18.592 0.052
3043.62880 18.536 0.043
3045.66251 18.545 0.037
3047.61656 18.631 0.044
3049.62217 18.481 0.026
3051.58945 18.676 0.039
3053.58457 18.516 0.031
3055.58373 18.441 0.029
3057.60855 18.678 0.037
3060.63106 18.508 0.032
3064.63971 18.725 0.053
3067.69387 18.497 0.036
3070.54073 18.626 0.043
3073.60907 18.516 0.050
3075.65665 18.603 0.044
3078.57678 18.638 0.041
3082.56613 18.522 0.040
3084.64306 18.727 0.037
3087.60617 18.577 0.032
3090.56846 18.613 0.043
3099.50466 18.472 0.037
3102.53495 18.486 0.040
3105.56873 18.441 0.036
3108.54721 18.504 0.033
3112.51858 18.493 0.040
3116.50584 18.511 0.039
3126.51159 18.532 0.039
3146.47409 18.439 0.050
3241.89908 18.577 0.040
3256.91046 18.540 0.040
3263.88529 18.587 0.028
3268.90089 18.536 0.036
3273.87613 18.708 0.044
3277.86535 18.587 0.039
3281.85543 18.542 0.028
3289.86913 18.426 0.028
3294.86459 18.741 0.033
3296.87234 18.541 0.035
3301.72330 18.430 0.037
3304.78600 18.558 0.043
3306.86699 18.531 0.036
3309.69634 18.570 0.035
3311.69409 18.443 0.032
3320.73687 18.708 0.036
3327.70590 18.503 0.032
3329.85651 18.499 0.031
3334.76245 18.669 0.054
3338.81258 18.498 0.029
3350.64439 18.488 0.029
3354.64459 18.489 0.037
3358.69805 18.519 0.028
3361.80348 18.607 0.033
3363.75327 18.547 0.036
3367.70706 18.645 0.052
3372.72550 18.485 0.029
3378.63822 18.421 0.036
3391.70578 18.429 0.033
3395.69722 18.402 0.037
3399.67332 18.642 0.039
3402.69018 18.486 0.029
3404.62074 18.506 0.033
3408.57137 18.505 0.032
3412.61674 18.619 0.040
3416.60015 18.670 0.036
3424.60325 18.415 0.035
3431.50489 18.530 0.036
3437.51591 18.508 0.035
3445.52066 18.589 0.040
3453.54238 18.665 0.048
3462.51768 18.577 0.040
3582.92430 18.677 0.044
3589.93105 18.862 0.040
3617.91647 18.427 0.041
3629.85610 18.855 0.054
3634.82145 18.483 0.033
3639.87436 18.707 0.032
3641.86526 18.570 0.036
3650.86056 18.559 0.031
3653.88845 18.552 0.041
3657.84163 18.453 0.028
3661.82552 18.480 0.039
3666.82173 18.606 0.048
3671.85456 18.511 0.033
3675.83712 18.600 0.032
3683.85826 18.642 0.037
3687.75097 18.475 0.029
3689.85143 18.843 0.043
3692.77528 18.702 0.043
3694.79021 18.480 0.031
3696.73268 18.550 0.033
3699.73524 18.551 0.026
3701.78821 18.486 0.028
3704.69530 18.544 0.031
3706.82408 18.594 0.031
3711.69773 18.477 0.031
3713.71149 18.466 0.029
3716.81062 18.754 0.033
3719.79153 18.640 0.052
3725.78322 18.541 0.041
3727.75798 18.487 0.031
3730.65334 18.514 0.026
3732.67783 18.586 0.028
3734.77580 18.430 0.026
3736.79221 18.715 0.037
3737.68073 18.489 0.026
3739.77976 18.642 0.028
3742.60281 18.527 0.037
3745.71551 18.667 0.032
3747.74382 18.512 0.056
3749.62662 18.668 0.062
3751.73078 18.503 0.037
3753.60240 18.468 0.036
3755.63993 18.740 0.050
3757.67338 18.455 0.031
3759.73807 18.586 0.028
3762.72536 18.799 0.044
3765.74393 18.575 0.024
3770.58545 18.460 0.033
3773.59281 18.469 0.035
3776.59184 18.512 0.031
3779.58191 18.487 0.041
3782.63161 18.775 0.040
3787.55744 18.534 0.035
3791.60370 18.635 0.037
3799.52824 18.495 0.041
3806.53325 18.528 0.056
3821.50628 18.769 0.040
3945.93097 18.640 0.031
3963.92703 18.447 0.037
3969.85747 18.489 0.041
3975.90751 18.521 0.033
3981.83672 18.534 0.040
3995.88710 18.572 0.043
4001.84019 18.671 0.036
4005.81802 18.614 0.031
4007.82206 18.602 0.031
4011.82221 18.734 0.050
4018.81375 18.612 0.036
4023.84585 18.484 0.032
4026.75220 18.517 0.029
4029.69554 18.574 0.046
4031.77608 18.727 0.041
4038.68529 18.549 0.032
4040.85208 18.517 0.039
4042.86784 18.512 0.035
4046.74281 18.406 0.036
4048.83231 18.643 0.043
4052.67449 18.506 0.031
4056.71904 18.565 0.044
4058.65708 18.455 0.033
4063.65110 18.675 0.036
4066.64890 18.571 0.032
4069.71451 18.489 0.035
4071.64313 18.579 0.043
4076.71537 18.556 0.037
4079.72808 18.565 0.048
4083.64499 18.637 0.048
4085.71031 18.559 0.035
4092.82763 18.516 0.028
4112.69915 18.486 0.026
4117.68800 18.768 0.045
4121.66401 18.544 0.036
4124.74690 18.823 0.037
4129.75945 18.603 0.044
4142.61849 18.430 0.032
4150.62432 18.660 0.031
4155.52029 18.462 0.032
4166.54917 18.502 0.046
4196.49867 18.603 0.046
4341.87470 18.451 0.039
4347.82460 18.583 0.043
4351.87051 18.487 0.036
4357.88246 18.540 0.043
4363.80706 18.632 0.045
4366.85768 18.735 0.049
4369.89818 18.495 0.041
4372.80110 18.635 0.039
4376.89152 18.583 0.054
4379.89791 18.514 0.061
4386.75905 18.794 0.039
4393.76998 18.692 0.037
4398.84619 18.443 0.029
4403.85261 18.620 0.052
4411.78157 18.466 0.029
4411.84325 18.505 0.033
4418.73238 18.499 0.027
4422.82897 18.480 0.031
4429.77149 18.547 0.071
4432.69713 18.703 0.046
4436.73652 18.633 0.040
4439.80220 18.544 0.048
4443.67192 18.555 0.048
4448.82591 18.480 0.035
4451.66611 18.465 0.035
4455.66489 18.537 0.043
4457.72042 18.510 0.046
4460.75052 18.740 0.058
4464.71317 18.477 0.027
4467.70568 18.521 0.029
4471.75195 18.484 0.040
4476.67447 18.624 0.031
4480.67427 18.577 0.037
4484.75327 18.627 0.049
4488.67582 18.483 0.044
4493.67796 18.708 0.052
4498.65599 18.500 0.028
4501.64903 18.462 0.033
4506.58714 18.674 0.046
4508.59714 18.528 0.036
4510.67667 18.564 0.037
4516.62643 18.553 0.057
4519.69795 18.641 0.048
4521.54161 18.516 0.043
4524.58212 18.506 0.040
4530.60625 18.534 0.040
4532.63454 18.668 0.041
4537.59618 18.488 0.035
4540.64733 18.702 0.050
4544.60133 18.534 0.049
4547.54393 18.490 0.041
4556.55959 18.628 0.041
4561.53708 18.514 0.037
4568.49177 18.511 0.036
4575.51469 18.572 0.045
4592.51194 18.723 0.070
4600.49547 18.556 0.049
4682.91927 18.769 0.044
4691.92760 18.484 0.037
4719.85551 18.622 0.041
4724.80172 18.505 0.037
4727.89227 18.467 0.039
4733.89851 18.495 0.037
4747.88016 18.467 0.039
4752.83940 18.575 0.041
4756.84864 18.547 0.036
4760.73152 18.487 0.028
4762.85528 18.756 0.036
4768.83318 18.677 0.039
4771.87552 18.557 0.069
4775.70889 18.688 0.045
4777.72345 18.500 0.031
4781.68679 18.760 0.043
4783.84104 18.558 0.037
4788.77061 18.817 0.043
4791.78110 18.609 0.031
4794.75250 18.548 0.036
4797.73369 18.401 0.035
4800.69518 18.515 0.029
4802.80850 18.726 0.035
4804.83292 18.485 0.033
4805.85570 18.574 0.040
4807.81076 18.450 0.028
4809.84854 18.750 0.043
4812.69758 18.445 0.050
4814.71361 18.575 0.044
4816.71053 18.505 0.039
4818.76653 18.572 0.036
4820.74408 18.516 0.031
4823.77041 18.495 0.039
4825.84397 18.564 0.039
4833.65693 18.460 0.029
4835.67410 18.719 0.041
4837.73190 18.445 0.043
4840.69750 18.451 0.037
4842.68220 18.642 0.037
4844.68138 18.517 0.036
4847.74835 18.505 0.033
4849.74531 18.628 0.053
4852.75412 18.583 0.035
4854.73027 18.468 0.036
4856.72555 18.581 0.046
4865.69141 18.495 0.033
4867.68120 18.490 0.031
4870.69439 18.495 0.040
4873.72516 18.461 0.041
4875.69693 18.716 0.039
4877.61902 18.580 0.033
4879.67568 18.516 0.040
4884.68811 18.541 0.036
4888.57578 18.773 0.041
4902.61210 18.647 0.058
4911.62145 18.625 0.039
4919.55568 18.473 0.035
4925.56550 18.537 0.041
4929.53685 18.308 0.046
4932.57225 18.502 0.049
4936.53630 18.524 0.044
4938.53488 18.619 0.050
4942.54790 18.612 0.041
4949.51618 18.465 0.031
