2187.77182 17.171 0.017
2193.84077 17.360 0.014
2202.84053 17.057 0.012
2215.79335 17.254 0.015
2222.79320 17.082 0.014
2224.84078 17.064 0.014
2227.75171 17.130 0.015
2229.75743 17.156 0.015
2231.72595 17.211 0.015
2233.69416 17.432 0.017
2237.61338 17.200 0.018
2239.67443 17.149 0.015
2241.76606 17.099 0.014
2243.83635 17.076 0.015
2248.69587 17.136 0.013
2250.72733 17.187 0.014
2252.82443 17.252 0.015
2254.74240 17.311 0.014
2257.75991 17.222 0.013
2260.76951 17.153 0.014
2265.70795 17.086 0.012
2266.78790 17.082 0.014
2270.81940 17.178 0.013
2272.67158 17.205 0.015
2274.79791 17.380 0.018
2276.85325 17.336 0.018
2278.81226 17.204 0.017
2280.79197 17.155 0.013
2282.79576 17.117 0.015
2290.68716 17.147 0.014
2295.83050 17.310 0.014
2297.81727 17.277 0.017
2299.83372 17.227 0.017
2301.72782 17.139 0.017
2302.80303 17.130 0.018
2303.72580 17.078 0.017
2328.57592 17.054 0.015
2334.57401 17.207 0.017
2340.56567 17.226 0.015
2346.50633 17.076 0.015
2360.50124 17.186 0.018
2391.50219 17.094 0.017
2540.87996 17.183 0.021
2548.81699 17.191 0.018
2553.78368 17.094 0.018
2557.84910 17.112 0.015
2561.84712 17.217 0.017
2565.85245 17.343 0.019
2574.80959 17.068 0.014
2578.86613 17.097 0.015
2586.76766 17.290 0.017
2590.84098 17.172 0.015
2596.84798 17.073 0.015
2606.74428 17.417 0.015
2610.64630 17.157 0.017
2614.81524 17.068 0.014
2619.69192 17.097 0.013
2621.81921 17.141 0.014
2624.71632 17.245 0.015
2627.83593 17.322 0.022
2630.60563 17.219 0.018
2632.75650 17.130 0.013
2636.70635 17.054 0.013
2638.75058 17.068 0.014
2641.79899 17.139 0.014
2643.79647 17.181 0.014
2645.79412 17.250 0.015
2649.66987 17.236 0.014
2651.74962 17.183 0.014
2653.74342 17.126 0.015
2655.77789 17.108 0.015
2657.76193 17.065 0.015
2659.82307 17.073 0.017
2661.62322 17.104 0.012
2666.60713 17.261 0.014
2668.83489 17.334 0.022
2673.78087 17.155 0.017
2676.76116 17.088 0.014
2678.80712 17.050 0.013
2680.69930 17.076 0.013
2684.58162 17.211 0.017
2688.55530 17.409 0.018
2692.52976 17.181 0.015
2697.54466 17.087 0.014
2702.54625 17.099 0.018
2708.57309 17.303 0.017
2725.50556 17.165 0.017
2875.87425 17.322 0.019
2884.89631 17.080 0.014
2890.91627 17.169 0.022
2896.87115 17.387 0.021
2902.80219 17.122 0.013
2912.80609 17.197 0.012
2917.81436 17.283 0.015
2923.81706 17.111 0.015
2926.86951 17.077 0.013
2931.79824 17.147 0.015
2934.83839 17.219 0.015
2940.81866 17.167 0.014
2943.82345 17.124 0.013
2947.83164 17.062 0.013
2950.74803 17.108 0.015
2954.77398 17.221 0.019
2956.81423 17.296 0.015
2958.85873 17.322 0.018
2963.75014 17.139 0.015
2966.77038 17.082 0.012
2968.73912 17.075 0.013
2971.80110 17.127 0.015
2974.82415 17.190 0.014
2976.68405 17.237 0.015
2979.66796 17.341 0.019
2981.68854 17.195 0.025
2983.82042 17.141 0.015
2985.78748 17.124 0.013
2987.74400 17.077 0.014
2989.68421 17.087 0.013
2991.75807 17.105 0.014
2993.76421 17.136 0.014
2995.83948 17.195 0.014
2997.81063 17.290 0.015
2998.75604 17.321 0.015
3000.76461 17.291 0.015
3002.75616 17.225 0.014
3004.74911 17.157 0.013
3006.74234 17.100 0.013
3008.70190 17.075 0.018
3010.80302 17.083 0.013
3012.80856 17.138 0.022
3016.75298 17.211 0.014
3018.78365 17.346 0.015
3020.84726 17.376 0.019
3021.87220 17.231 0.018
3023.73352 17.204 0.014
3025.73671 17.155 0.013
3027.75526 17.087 0.013
3029.73969 17.076 0.013
3031.81169 17.074 0.015
3034.63678 17.136 0.012
3036.66699 17.212 0.014
3039.60902 17.309 0.015
3041.69187 17.315 0.019
3042.71691 17.257 0.018
3044.65597 17.201 0.015
3046.64211 17.167 0.015
3048.67526 17.096 0.013
3050.67206 17.081 0.012
3052.66852 17.097 0.012
3054.67406 17.130 0.015
3056.66185 17.184 0.014
3058.65511 17.208 0.014
3060.70455 17.399 0.015
3066.59232 17.173 0.017
3068.62050 17.093 0.015
3071.51883 17.065 0.014
3074.51844 17.102 0.017
3076.63753 17.165 0.018
3079.63489 17.222 0.014
3082.70253 17.333 0.014
3085.60574 17.213 0.013
3088.56195 17.152 0.015
3091.56628 17.067 0.014
3096.61276 17.186 0.021
3100.52443 17.211 0.021
3103.53208 17.353 0.018
3106.56447 17.180 0.014
3109.54901 17.111 0.013
3113.56653 17.049 0.017
3127.52447 17.192 0.014
3133.54014 17.076 0.017
3230.91488 17.193 0.015
3242.88923 17.173 0.015
3249.85622 17.242 0.018
3260.84816 17.131 0.014
3264.89017 17.202 0.012
3271.83859 17.199 0.017
3274.84189 17.135 0.015
3279.79554 17.081 0.014
3282.86113 17.131 0.013
3295.80453 17.077 0.010
3301.87538 17.156 0.017
3305.76628 17.211 0.015
3307.79110 17.306 0.021
3309.82757 17.420 0.014
3311.82111 17.224 0.017
3315.86057 17.094 0.013
3321.72767 17.098 0.014
3324.83559 17.131 0.014
3333.82538 17.216 0.018
3336.66739 17.113 0.014
3339.84926 17.060 0.014
3350.78977 17.444 0.013
3353.75080 17.220 0.013
3357.77845 17.129 0.013
3360.75631 17.085 0.012
3363.83087 17.106 0.013
3370.78815 17.327 0.018
3376.74022 17.166 0.014
3378.76539 17.107 0.013
3394.64891 17.236 0.014
3396.67527 17.171 0.014
3399.80248 17.112 0.019
3402.71250 17.050 0.012
3404.64407 17.080 0.013
3409.56098 17.197 0.014
3413.55963 17.262 0.015
3413.60418 17.346 0.014
3418.55610 17.160 0.014
3426.54759 17.097 0.013
3432.53343 17.361 0.014
3439.50953 17.138 0.014
3447.53499 17.107 0.015
3457.51194 17.220 0.017
3603.86589 17.165 0.014
3620.90222 17.285 0.013
3630.81330 17.078 0.017
3637.75397 17.226 0.018
3640.80991 17.365 0.014
3651.84243 17.062 0.013
3654.88857 17.100 0.014
3658.85458 17.224 0.015
3660.85195 17.311 0.018
3664.86152 17.198 0.013
3666.85808 17.152 0.017
3668.84541 17.072 0.014
3672.83407 17.091 0.013
3676.72084 17.161 0.013
3685.79072 17.169 0.013
3688.72486 17.143 0.013
3690.79960 17.061 0.013
3693.70130 17.077 0.013
3695.86622 17.109 0.018
3699.75669 17.231 0.013
3701.80982 17.319 0.014
3703.80850 17.297 0.013
3706.68409 17.181 0.012
3711.71931 17.077 0.012
3713.80719 17.086 0.013
3715.78370 17.124 0.013
3718.75260 17.180 0.014
3722.64747 17.406 0.015
3726.72967 17.186 0.014
3728.79200 17.147 0.012
3730.76174 17.089 0.012
3732.83724 17.078 0.012
3734.83011 17.075 0.012
3735.67846 17.092 0.010
3737.83701 17.121 0.012
3739.85568 17.199 0.013
3741.59395 17.252 0.014
3746.80828 17.219 0.015
3748.78702 17.158 0.018
3750.80180 17.111 0.014
3753.67487 17.085 0.014
3755.75646 17.097 0.014
3757.77590 17.129 0.012
3760.75557 17.176 0.014
3763.70849 17.385 0.012
3766.72527 17.233 0.015
3770.75274 17.118 0.015
3774.62608 17.054 0.013
3777.58463 17.088 0.013
3779.70893 17.179 0.017
3781.74898 17.197 0.015
3786.60134 17.283 0.014
3793.55100 17.093 0.013
3801.54096 17.162 0.013
3811.53352 17.128 0.015
3828.49739 17.269 0.015
3958.92281 17.115 0.017
3965.87621 17.171 0.012
3970.89637 17.427 0.015
3982.84694 17.072 0.013
3993.80006 17.250 0.017
4002.86048 17.073 0.012
4004.87877 17.126 0.012
4006.78828 17.158 0.012
4008.80933 17.186 0.013
4013.82092 17.280 0.018
4019.82368 17.105 0.013
4024.81520 17.065 0.012
4026.88422 17.133 0.017
4029.83025 17.192 0.013
4032.86499 17.315 0.015
4039.69717 17.112 0.014
4041.77091 17.092 0.013
4043.77601 17.061 0.015
4046.86904 17.085 0.019
4049.73919 17.187 0.012
4052.80070 17.357 0.013
4056.84599 17.182 0.012
4059.74064 17.133 0.013
4064.85439 17.061 0.012
4066.81083 17.071 0.012
4068.84567 17.156 0.012
4070.76809 17.204 0.014
4074.80690 17.380 0.017
4077.85568 17.225 0.015
4080.73541 17.138 0.014
4083.72210 17.077 0.014
4085.78568 17.055 0.015
4095.64703 17.411 0.015
4103.77746 17.081 0.014
4106.60822 17.054 0.015
4112.78254 17.186 0.013
4117.76509 17.291 0.019
4121.77709 17.133 0.015
4126.75655 17.106 0.014
4129.79015 17.104 0.012
4143.56699 17.116 0.013
4157.56500 17.335 0.019
4169.52196 17.091 0.014
4199.49137 17.329 0.018
4343.88385 17.400 0.018
4348.85657 17.146 0.014
4353.88413 17.086 0.014
4358.83633 17.187 0.019
4363.85314 17.330 0.022
4367.84131 17.204 0.015
4371.79085 17.093 0.015
4378.73026 17.165 0.015
4381.76587 17.209 0.018
4386.88343 17.227 0.018
4390.84542 17.132 0.013
4395.71224 17.031 0.018
4399.87086 17.162 0.017
4408.72476 17.210 0.017
4412.80824 17.105 0.017
4427.75975 17.258 0.017
4430.76310 17.146 0.017
4433.78054 17.113 0.014
4437.70716 17.084 0.017
4440.72678 17.145 0.014
4443.84437 17.220 0.019
4449.78614 17.238 0.018
4451.82176 17.178 0.015
4455.79144 17.095 0.014
4458.77011 17.085 0.013
4462.76415 17.174 0.013
4464.80970 17.212 0.015
4467.78080 17.404 0.017
4472.69673 17.146 0.013
4476.78375 17.092 0.012
4480.73419 17.097 0.010
4484.81362 17.221 0.013
4488.73448 17.319 0.018
4492.75376 17.176 0.015
4497.75794 17.085 0.013
4500.63100 17.104 0.012
4502.74081 17.140 0.017
4507.74483 17.325 0.019
4509.69553 17.349 0.017
4512.74402 17.180 0.013
4518.69284 17.097 0.019
4521.73032 17.114 0.017
4524.62990 17.158 0.014
4530.65599 17.310 0.015
4533.62166 17.178 0.013
4534.62451 17.175 0.015
4538.63914 17.064 0.015
4542.54716 17.136 0.017
4545.63078 17.201 0.015
4551.52213 17.304 0.017
4558.58307 17.093 0.013
4565.53640 17.135 0.015
4573.53925 17.227 0.017
4588.50753 17.210 0.017
4618.47451 17.126 0.023
4685.91367 17.077 0.014
4699.87689 17.170 0.015
4709.82783 17.136 0.014
4720.87461 17.160 0.013
4725.81525 17.110 0.014
4729.79478 17.114 0.014
4734.88937 17.288 0.018
4740.80523 17.150 0.017
4749.72160 17.107 0.015
4753.88183 17.187 0.019
4757.85507 17.344 0.018
4760.87718 17.196 0.014
4766.68130 17.074 0.017
4769.78594 17.071 0.015
4772.81800 17.143 0.017
4775.83558 17.267 0.017
4777.84912 17.337 0.015
4782.69950 17.188 0.014
4786.75022 17.082 0.014
4789.71134 17.097 0.013
4792.82878 17.181 0.015
4795.78246 17.227 0.014
4798.73797 17.393 0.019
4799.76624 17.286 0.018
4801.69898 17.203 0.014
4803.71951 17.153 0.014
4806.69263 17.073 0.015
4808.75487 17.088 0.015
4810.82787 17.064 0.012
4813.79538 17.173 0.019
4815.77920 17.222 0.018
4817.77664 17.261 0.014
4819.78566 17.298 0.015
4822.76550 17.216 0.012
4824.78348 17.145 0.012
4831.62509 17.102 0.014
4834.80556 17.162 0.015
4836.78057 17.202 0.013
4838.78922 17.382 0.015
4841.83044 17.200 0.015
4843.82446 17.176 0.019
4846.81437 17.120 0.013
4850.79133 17.069 0.013
4852.80079 17.095 0.014
4854.80238 17.152 0.013
4856.80855 17.200 0.014
4857.78692 17.232 0.015
4861.76382 17.293 0.015
4867.74392 17.090 0.012
4869.69644 17.071 0.013
4871.71216 17.100 0.017
4874.64532 17.142 0.017
4876.68847 17.156 0.013
4878.72403 17.202 0.015
4885.70365 17.160 0.014
4890.56547 17.099 0.013
4900.67061 17.275 0.018
4903.60995 17.285 0.018
4914.58286 17.120 0.015
4918.58100 17.210 0.015
4924.59914 17.191 0.013
4928.58890 17.109 0.014
4930.59377 17.079 0.014
4933.55584 17.059 0.013
4937.55544 17.150 0.012
4941.56845 17.283 0.017
4946.56501 17.222 0.017
4950.54368 17.058 0.018
