2167.89750 18.394 0.049
2193.81977 18.362 0.033
2202.81910 18.230 0.036
2215.77230 18.420 0.053
2221.85050 18.128 0.041
2224.82039 18.401 0.046
2227.73123 18.369 0.043
2229.73699 18.550 0.058
2231.70525 18.358 0.044
2233.67352 18.269 0.038
2239.65392 18.298 0.044
2241.74559 18.346 0.043
2243.81060 18.362 0.046
2248.67259 18.287 0.039
2250.76154 18.336 0.053
2252.73094 18.387 0.036
2254.72198 18.485 0.038
2257.72599 18.290 0.035
2260.74771 18.287 0.039
2265.78032 18.479 0.049
2266.77086 18.306 0.041
2270.79693 18.408 0.036
2272.64649 18.376 0.044
2274.77385 18.292 0.050
2276.83178 18.379 0.046
2280.77139 18.240 0.033
2282.76859 18.228 0.035
2289.83105 18.258 0.033
2291.81709 18.308 0.043
2293.78598 18.335 0.055
2295.80986 18.354 0.038
2297.79592 18.565 0.052
2300.82096 18.302 0.053
2302.78220 18.303 0.050
2315.70598 18.356 0.049
2324.57165 18.258 0.039
2328.55351 18.324 0.055
2334.54673 18.403 0.047
2340.54339 18.330 0.046
2373.49593 18.571 0.083
2385.55905 18.257 0.060
2534.89158 18.365 0.055
2539.89872 18.330 0.053
2545.86657 18.313 0.044
2553.75872 18.335 0.060
2557.82675 18.216 0.043
2561.82482 18.325 0.044
2565.82690 18.506 0.061
2574.78911 18.477 0.060
2578.84550 18.377 0.044
2584.74129 18.275 0.050
2590.81826 18.540 0.050
2596.82469 18.320 0.057
2606.72122 18.400 0.041
2609.82979 18.230 0.052
2614.79653 18.282 0.041
2619.67257 18.282 0.033
2621.80053 18.274 0.041
2624.69755 18.423 0.043
2627.78884 18.317 0.060
2629.81564 18.332 0.052
2632.70973 18.219 0.035
2635.81028 18.458 0.050
2638.80344 18.353 0.052
2641.77163 18.294 0.041
2643.77785 18.269 0.035
2645.77357 18.376 0.039
2647.70258 18.506 0.047
2650.78428 18.322 0.047
2653.65642 18.278 0.044
2655.71314 18.262 0.043
2657.64795 18.351 0.044
2659.80174 18.287 0.058
2660.71202 18.313 0.041
2662.71797 18.354 0.049
2664.73341 18.349 0.069
2666.78728 18.230 0.033
2668.77880 18.263 0.047
2675.80586 18.233 0.035
2679.81153 18.335 0.063
2682.73375 18.379 0.058
2687.63312 18.260 0.053
2692.57596 18.284 0.041
2697.52231 18.380 0.052
2702.52116 18.407 0.069
2708.54992 18.280 0.049
2724.51978 18.290 0.039
2871.91126 18.423 0.049
2884.87090 18.258 0.041
2890.89288 18.263 0.064
2896.84555 18.361 0.047
2902.78017 18.268 0.032
2911.88873 18.274 0.032
2917.79225 18.395 0.039
2923.79440 18.350 0.047
2926.84750 18.473 0.046
2931.77599 18.333 0.035
2934.81641 18.286 0.036
2940.79679 18.344 0.036
2943.80097 18.266 0.035
2947.80951 18.288 0.035
2950.72347 18.264 0.043
2954.74673 18.303 0.047
2956.79228 18.313 0.039
2958.83688 18.405 0.068
2962.83114 18.489 0.039
2965.84033 18.334 0.036
2967.78008 18.463 0.046
2970.83404 18.239 0.030
2974.77207 18.374 0.036
2976.66156 18.454 0.047
2979.64497 18.413 0.050
2981.66632 18.366 0.091
2983.77312 18.428 0.046
2985.82085 18.433 0.041
2987.71959 18.382 0.047
2989.66228 18.284 0.032
2991.73452 18.300 0.036
2993.74225 18.191 0.039
2995.81747 18.254 0.035
2997.78638 18.281 0.038
2998.73390 18.289 0.035
3000.73640 18.253 0.043
3002.72432 18.266 0.036
3004.72721 18.325 0.033
3006.72017 18.335 0.035
3008.73461 18.488 0.043
3010.78106 18.435 0.046
3011.79738 18.207 0.044
3016.73103 18.245 0.033
3018.76143 18.282 0.039
3020.82518 18.287 0.041
3023.71112 18.289 0.033
3025.68275 18.240 0.027
3027.72819 18.258 0.030
3029.71305 18.343 0.035
3031.78341 18.258 0.047
3034.61476 18.268 0.029
3036.64513 18.343 0.035
3039.58702 18.267 0.038
3042.69455 18.410 0.052
3044.63399 18.395 0.046
3046.61997 18.336 0.041
3047.72231 18.432 0.058
3048.65340 18.232 0.030
3049.67696 18.387 0.032
3051.64628 18.468 0.047
3053.62151 18.290 0.030
3055.63855 18.311 0.039
3057.66369 18.257 0.033
3059.60833 18.306 0.032
3061.60059 18.408 0.044
3066.57018 18.364 0.064
3068.59806 18.326 0.050
3070.66839 18.295 0.074
3073.68668 18.232 0.049
3076.61042 18.386 0.055
3079.58947 18.456 0.035
3082.67946 18.246 0.030
3085.57924 18.357 0.043
3088.53951 18.390 0.047
3091.52239 18.257 0.047
3096.57090 18.259 0.055
3100.50190 18.407 0.063
3103.52014 18.257 0.039
3106.54140 18.463 0.046
3109.52701 18.312 0.036
3112.58248 18.315 0.044
3116.56055 18.333 0.053
3127.55769 18.332 0.039
3133.51819 18.431 0.064
3223.91645 18.470 0.060
3242.86735 18.273 0.038
3249.91474 18.215 0.041
3264.86829 18.412 0.032
3271.81605 18.497 0.063
3274.82004 18.300 0.049
3278.89301 18.253 0.044
3282.78520 18.342 0.039
3287.82416 18.465 0.033
3295.78192 18.273 0.027
3301.83545 18.332 0.041
3305.74445 18.500 0.046
3307.76930 18.351 0.060
3309.80572 18.375 0.033
3311.79936 18.287 0.036
3320.86277 18.347 0.046
3327.81521 18.291 0.030
3330.79127 18.451 0.049
3336.64368 18.310 0.049
3339.82214 18.537 0.064
3350.75967 18.343 0.029
3353.81587 18.416 0.035
3357.75653 18.355 0.036
3360.73326 18.415 0.033
3365.85269 18.285 0.038
3373.81676 18.519 0.058
3378.74355 18.440 0.041
3394.62670 18.499 0.060
3395.79948 18.277 0.047
3399.78044 18.291 0.052
3403.76754 18.470 0.046
3408.69072 18.437 0.036
3413.53695 18.424 0.047
3417.63082 18.499 0.043
3427.58121 18.295 0.044
3434.51868 18.266 0.036
3440.54283 18.522 0.047
3447.51203 18.484 0.053
3456.53758 18.404 0.052
3469.49247 18.400 0.039
3478.48500 18.295 0.043
3601.89545 18.292 0.047
3619.89816 18.314 0.036
3630.77954 18.492 0.068
3636.83699 18.319 0.049
3640.78690 18.278 0.032
3651.82076 18.270 0.038
3654.86697 18.383 0.033
3658.83065 18.259 0.044
3661.87639 18.415 0.050
3665.84960 18.227 0.036
3670.81920 18.343 0.041
3673.82948 18.536 0.035
3676.82962 18.314 0.032
3685.76898 18.282 0.033
3687.85572 18.291 0.032
3690.77765 18.300 0.044
3693.81328 18.439 0.043
3695.84438 18.394 0.036
3698.83404 18.453 0.047
3701.70299 18.362 0.033
3703.78678 18.330 0.035
3705.85097 18.359 0.033
3708.83870 18.255 0.036
3712.79625 18.322 0.032
3715.76191 18.292 0.033
3718.69773 18.293 0.043
3720.84751 18.428 0.050
3724.76512 18.277 0.032
3728.74315 18.299 0.032
3731.80622 18.234 0.029
3733.66898 18.340 0.032
3735.65683 18.376 0.029
3737.81535 18.329 0.029
3740.77871 18.213 0.029
3742.78923 18.315 0.061
3745.82126 18.355 0.036
3747.82404 18.272 0.055
3749.77133 18.262 0.050
3751.78518 18.335 0.053
3753.73457 18.346 0.036
3755.73465 18.473 0.049
3757.72438 18.395 0.035
3759.81466 18.554 0.047
3763.68668 18.284 0.026
3766.70328 18.461 0.044
3770.73083 18.361 0.044
3773.76209 18.485 0.049
3776.73644 18.297 0.049
3783.60371 18.356 0.036
3788.57792 18.259 0.030
3793.58347 18.236 0.033
3801.51924 18.587 0.049
3811.50995 18.269 0.043
3826.49496 18.589 0.053
3958.88503 18.187 0.053
3965.85482 18.343 0.032
3970.87493 18.585 0.043
3982.82569 18.362 0.041
3999.86991 18.344 0.038
4003.74581 18.321 0.030
4006.76695 18.322 0.030
4008.78786 18.248 0.030
4013.79947 18.314 0.052
4019.80063 18.280 0.035
4024.79368 18.301 0.030
4026.86268 18.310 0.038
4029.80703 18.379 0.036
4032.84360 18.330 0.049
4039.67585 18.358 0.038
4041.74955 18.481 0.044
4043.75457 18.450 0.047
4046.84772 18.283 0.047
4049.71784 18.227 0.029
4052.77918 18.411 0.038
4056.82447 18.355 0.038
4059.71922 18.584 0.049
4064.78772 18.326 0.027
4066.78682 18.440 0.039
4069.73993 18.279 0.033
4071.66789 18.415 0.046
4076.74007 18.236 0.044
4079.78157 18.337 0.050
4082.82945 18.363 0.036
4084.79473 18.546 0.050
4086.81977 18.397 0.047
4103.65542 18.355 0.043
4106.57619 18.207 0.043
4111.79855 18.354 0.033
4117.73915 18.270 0.044
4121.71710 18.411 0.063
4127.66775 18.368 0.032
4132.75669 18.381 0.055
4143.54394 18.275 0.036
4157.54270 18.388 0.052
4168.57699 18.375 0.036
4198.52959 18.448 0.052
4343.86249 18.322 0.047
4348.83137 18.284 0.039
4353.86273 18.296 0.041
4358.81475 18.381 0.057
4364.90110 18.236 0.044
4367.87495 18.374 0.039
4370.89664 18.381 0.057
4373.85261 18.306 0.039
4378.75605 18.236 0.049
4381.74423 18.464 0.061
4386.86211 18.342 0.043
4390.82409 18.401 0.038
4394.87069 18.322 0.036
4399.79841 18.370 0.050
4408.70341 18.299 0.049
4412.78579 18.213 0.038
4423.73615 18.324 0.038
4427.73820 18.479 0.043
4430.74152 18.310 0.050
4433.75908 18.297 0.041
4437.75704 18.283 0.050
4440.70129 18.352 0.047
4443.79373 18.347 0.047
4449.76467 18.337 0.044
4451.80028 18.311 0.047
4455.76567 18.332 0.049
4457.79690 18.359 0.061
4459.76412 18.427 0.050
4463.76085 18.549 0.044
4465.77761 18.378 0.039
4468.74187 18.421 0.038
4470.69740 18.480 0.049
4473.74056 18.349 0.053
4476.76152 18.305 0.035
4482.80240 18.349 0.049
4485.79275 18.333 0.052
4490.63999 18.358 0.053
4494.70605 18.294 0.049
4498.73026 18.354 0.039
4501.72762 18.281 0.046
4506.66162 18.322 0.049
4508.68848 18.283 0.041
4509.75259 18.387 0.041
4512.72230 18.231 0.041
4518.66249 18.450 0.078
4521.70303 18.266 0.044
4523.68205 18.402 0.061
4525.64666 18.370 0.046
4531.63038 18.259 0.036
4534.55926 18.460 0.052
4537.67504 18.257 0.038
4539.59433 18.392 0.047
4542.51171 18.324 0.057
4545.60905 18.383 0.047
4547.57711 18.273 0.050
4552.61028 18.572 0.063
4559.59451 18.520 0.052
4568.56269 18.334 0.047
4575.53963 18.399 0.055
4589.50191 18.431 0.068
4616.47378 18.426 0.063
4685.89243 18.453 0.047
4699.85558 18.499 0.052
4708.91493 18.464 0.046
4720.85319 18.355 0.036
4725.79370 18.297 0.044
4728.90487 18.348 0.046
4734.86772 18.261 0.047
4749.75067 18.505 0.053
4753.83068 18.327 0.049
4757.83358 18.194 0.041
4760.83512 18.440 0.036
4765.86844 18.409 0.055
4769.76448 18.310 0.044
4772.79659 18.465 0.049
4775.81422 18.197 0.035
4777.82770 18.315 0.041
4782.67763 18.308 0.043
4784.77769 18.328 0.047
4789.68650 18.267 0.033
4792.86300 18.519 0.083
4796.73936 18.276 0.033
4798.68665 18.215 0.039
4801.65252 18.242 0.039
4803.69810 18.219 0.039
4805.79847 18.287 0.033
4808.73298 18.407 0.046
4810.79300 18.381 0.033
4813.77383 18.502 0.075
4815.75756 18.375 0.053
4817.75506 18.447 0.041
4819.76412 18.296 0.033
4822.74394 18.399 0.032
4824.76197 18.455 0.041
4826.77485 18.359 0.035
4833.77762 18.430 0.036
4835.78820 18.408 0.039
4837.78730 18.272 0.060
4839.73862 18.201 0.038
4841.80294 18.232 0.041
4843.80278 18.214 0.052
4846.79267 18.386 0.055
4848.82258 18.301 0.047
4852.77906 18.310 0.044
4854.78040 18.387 0.039
4856.78710 18.501 0.046
4861.74217 18.356 0.046
4867.70611 18.347 0.043
4869.67511 18.350 0.046
4871.68274 18.303 0.052
4875.66867 18.352 0.044
4877.69379 18.397 0.043
4879.70050 18.305 0.043
4882.71921 18.209 0.041
4885.68108 18.342 0.039
4889.63911 18.308 0.043
4902.63741 18.425 0.064
4911.65619 18.382 0.038
4915.57537 18.333 0.047
4919.58059 18.231 0.035
4925.59370 18.384 0.041
4929.56090 18.462 0.063
4932.59604 18.385 0.058
4935.57390 18.214 0.043
4939.58075 18.309 0.039
4944.54627 18.284 0.043
4949.53987 18.203 0.032
4954.53850 18.415 0.066
