 479.71616 16.232 0.010
 485.64272 16.404 0.009
 527.65287 17.068 0.019
 714.88447 14.103 0.008
 748.79977 13.976 0.010
 755.85225 14.066 0.006
 799.76936 15.075 0.007
 821.77648 15.412 0.011
 824.80604 15.452 0.008
 825.79040 15.451 0.008
 836.75445 15.588 0.010
 837.76908 15.618 0.011
 843.75980 15.665 0.006
 844.72961 15.666 0.006
 857.59559 15.839 0.010
 859.68135 15.869 0.011
 881.61799 16.207 0.016
 890.57197 16.301 0.010
 894.53401 16.352 0.015
 921.58762 16.676 0.011
1129.77223 14.067 0.016
1158.84058 14.281 0.007
1205.72131 15.419 0.006
1225.64875 15.879 0.009
1235.60124 16.088 0.009
1245.64008 16.335 0.010
1259.54156 16.674 0.015
1496.79750 14.311 0.006
1499.81408 14.212 0.006
1515.72694 13.994 0.006
1523.82577 13.955 0.006
1545.73692 14.086 0.009
1550.72086 14.164 0.012
1567.66127 14.475 0.007
1584.67213 14.899 0.007
1612.55992 15.658 0.008
1620.62909 15.908 0.012
1623.56683 15.982 0.014
1629.56995 16.188 0.011
2993.66978 15.676 0.005
3025.71454 15.294 0.005
3326.72930 15.351 0.005
3336.73517 15.391 0.005
3341.83989 15.427 0.005
3351.70317 15.488 0.005
3356.66551 15.527 0.005
3361.63872 15.579 0.005
3369.82898 15.681 0.005
3390.67110 15.853 0.006
3409.63735 15.386 0.005
3714.75911 15.635 0.005
3721.78499 15.647 0.005
3730.71329 15.609 0.005
3739.74782 15.610 0.005
3747.65777 15.613 0.005
3754.62804 15.662 0.005
3763.59941 15.686 0.005
3773.65360 15.679 0.005
4058.72116 16.001 0.005
4072.76005 15.692 0.005
4078.79246 15.578 0.005
4098.67636 15.435 0.005
4105.72682 15.434 0.005
4112.73047 15.449 0.005
4372.85733 17.832 0.015
4394.79065 17.080 0.008
4407.80110 16.735 0.007
4420.79102 16.423 0.007
4427.82750 16.295 0.007
4441.69267 16.010 0.006
4464.74424 15.622 0.005
4472.62726 15.504 0.005
4481.71786 15.418 0.005
4485.76496 15.387 0.005
4511.58321 15.373 0.005
4781.77994 15.977 0.006
4895.63430 15.859 0.005
