 479.69791 18.220 0.012
 485.62451 18.295 0.013
 714.86565 19.636 0.022
 748.78089 19.391 0.019
 755.83338 19.195 0.014
 799.75043 18.768 0.015
 821.75753 18.786 0.015
 824.78713 18.786 0.013
 825.77148 18.792 0.017
 836.73546 18.844 0.012
 837.75013 18.857 0.013
 843.74084 18.887 0.014
 844.71064 18.891 0.011
 857.58719 18.599 0.013
 859.69400 19.062 0.016
 881.63063 19.371 0.022
 890.58467 19.506 0.022
1129.78489 18.357 0.023
1205.73393 18.185 0.007
1225.66139 18.404 0.009
1235.61390 18.374 0.006
1245.65273 18.692 0.014
1259.55419 18.860 0.015
1496.81015 18.092 0.013
1499.82676 18.125 0.011
1515.73956 18.122 0.012
1523.83840 18.047 0.008
1545.74954 18.087 0.011
1550.73350 18.130 0.016
1567.67388 18.259 0.013
1584.68476 18.491 0.011
1620.64175 19.352 0.032
1623.57947 19.294 0.029
1629.58261 19.489 0.022
2995.67082 18.593 0.016
3326.69542 18.211 0.014
3331.80162 18.267 0.015
3341.80673 18.462 0.021
3352.69643 18.624 0.018
3357.69841 18.734 0.017
3362.77291 18.805 0.024
3365.70701 18.874 0.042
3369.79555 18.929 0.033
3376.68631 18.996 0.020
3389.73325 19.146 0.028
3397.73774 19.113 0.046
3713.74673 18.632 0.016
3721.74895 18.753 0.030
3732.64743 19.023 0.023
3740.63509 19.136 0.021
3749.68772 19.180 0.074
3756.70327 19.072 0.027
3762.75846 19.107 0.021
3772.75827 19.084 0.023
4058.68876 18.628 0.016
4072.72752 18.751 0.026
4078.72097 18.884 0.040
4109.70585 18.865 0.024
4120.72189 18.888 0.016
4393.80147 18.298 0.015
4403.82285 18.436 0.023
4418.76390 18.639 0.017
4426.85548 18.764 0.027
4432.81600 18.800 0.029
4442.78971 18.773 0.020
4454.68136 18.800 0.028
4463.70860 18.743 0.026
4470.64556 18.810 0.018
4480.70725 18.775 0.018
4484.78905 18.798 0.017
4488.71083 18.717 0.042
4511.55078 18.730 0.027
4781.71874 19.032 0.039
4797.76534 19.256 0.024
4895.57527 18.662 0.022
