726.82091 19.848 0.076
728.88474 19.816 0.092
739.85472 19.694 0.119
744.76304 19.710 0.097
745.84766 19.833 0.080
746.83354 19.798 0.083
747.72897 19.888 0.090
748.68101 19.936 0.108
750.79394 19.861 0.090
751.79472 19.748 0.089
752.85254 19.747 0.082
754.79880 19.508 0.092
755.77675 19.542 0.078
759.70263 19.800 0.078
761.78382 19.751 0.088
766.83351 19.775 0.145
773.78906 19.745 0.094
776.81425 19.887 0.103
778.84366 19.891 0.148
780.77461 19.862 0.104
782.80325 19.823 0.106
788.83068 19.736 0.080
792.74072 19.623 0.088
795.82603 19.829 0.094
798.75032 19.818 0.083
817.74856 19.932 0.088
819.82521 19.763 0.113
824.69590 19.664 0.097
826.78854 19.672 0.115
827.68531 19.721 0.078
828.74497 19.778 0.084
829.69258 19.892 0.116
830.75070 19.698 0.095
831.58794 20.162 0.162
832.57056 19.569 0.064
832.75756 19.837 0.090
833.57713 19.807 0.090
834.71177 19.663 0.080
835.79886 19.633 0.069
837.66076 19.645 0.057
839.65918 19.742 0.103
841.74820 19.686 0.076
842.73816 19.690 0.095
844.59305 19.568 0.082
846.76499 19.628 0.085
850.75581 19.644 0.080
854.77303 19.560 0.137
855.70271 19.797 0.213
856.66470 19.551 0.094
857.72337 19.720 0.125
858.68654 19.932 0.113
859.75328 19.749 0.106
860.64623 19.827 0.122
865.56352 19.779 0.127
867.61864 19.997 0.145
874.68229 19.571 0.063
876.59835 19.760 0.068
876.70083 19.812 0.080
878.68838 19.665 0.105
880.62268 19.651 0.091
885.58179 20.074 0.234
887.66691 19.841 0.140
890.69052 19.399 0.105
892.53729 19.359 0.067
893.70352 19.775 0.148
896.50524 19.858 0.117
900.55871 19.695 0.104
919.56061 19.671 0.133
925.51368 19.742 0.134
931.57169 19.594 0.119
934.52049 19.836 0.161
950.51371 19.774 0.119
951.50721 19.606 0.076
1072.89683 19.734 0.082
1079.80522 19.604 0.075
1080.80881 19.919 0.090
1083.81934 19.853 0.119
1084.81479 19.884 0.094
1086.84281 19.511 0.071
1090.77048 19.570 0.113
1091.87828 19.758 0.111
1092.82087 19.669 0.096
1093.83293 19.755 0.094
1106.76185 19.909 0.078
1108.78285 19.637 0.075
1114.79229 19.791 0.065
1119.83552 19.631 0.077
1120.74006 19.764 0.117
1126.75986 19.901 0.102
1129.82416 19.629 0.078
1131.83011 19.340 0.078
1132.81971 19.530 0.071
1137.80188 19.576 0.070
1138.84319 19.707 0.080
1142.76986 19.905 0.078
1152.72746 19.644 0.148
1154.74298 19.804 0.094
1155.69921 19.554 0.080
1157.75309 19.463 0.112
1159.75878 19.619 0.087
1161.82279 19.803 0.077
1163.82468 19.895 0.105
1164.83959 19.807 0.070
1166.75707 19.698 0.109
1167.78328 19.692 0.133
1168.76593 19.621 0.097
1171.73482 19.778 0.074
1175.73218 19.783 0.075
1179.78157 19.949 0.143
1181.74506 19.802 0.119
1183.82997 19.832 0.096
1185.82734 19.656 0.068
1187.78265 19.829 0.084
1189.71908 19.709 0.067
1191.75777 19.659 0.063
1192.81656 19.936 0.080
1193.80848 19.751 0.073
1194.68412 20.028 0.116
1201.77261 19.811 0.094
1202.76673 19.747 0.092
1204.68833 19.758 0.102
1206.78850 19.633 0.090
1207.69873 19.681 0.104
1211.67525 19.797 0.112
1213.63868 19.574 0.092
1214.71742 19.439 0.088
1215.54351 19.915 0.103
1216.61159 19.626 0.069
1217.67920 19.642 0.091
1219.61643 19.956 0.131
1221.58706 19.789 0.106
1223.67721 19.790 0.094
1224.55689 19.687 0.103
1226.56514 19.728 0.069
1227.57220 19.602 0.096
1232.66180 19.701 0.080
1235.56296 19.862 0.105
1237.54688 19.870 0.198
1238.64890 19.653 0.152
1241.54913 19.754 0.115
1242.62012 19.891 0.120
1243.56624 19.741 0.110
1245.53480 20.035 0.164
1247.66917 19.566 0.087
1248.63689 19.478 0.088
1251.59145 19.772 0.140
1254.54532 19.852 0.130
1255.57832 19.704 0.125
1257.60997 19.869 0.124
1260.59603 19.665 0.070
1264.58645 19.582 0.123
1266.58819 19.888 0.161
1267.60430 19.883 0.159
1274.58734 19.709 0.132
1275.52671 19.841 0.118
1278.50935 19.518 0.091
1281.51742 19.661 0.123
1290.48715 19.508 0.111
1296.57802 19.747 0.122
1300.52413 19.909 0.161
1305.50256 19.775 0.117
1308.53355 19.870 0.132
1315.49277 19.583 0.133
1318.47545 19.501 0.116
1329.46108 19.607 0.146
1331.48009 19.948 0.192
1431.82343 19.569 0.077
1433.82000 19.578 0.094
1435.86790 20.221 0.191
1437.86062 19.594 0.080
1440.89959 19.950 0.122
1443.79091 19.562 0.131
1447.76467 19.586 0.158
1448.85543 19.767 0.138
1453.77546 19.579 0.148
1454.89147 19.749 0.166
1455.77361 19.827 0.202
1458.75958 19.827 0.125
1459.88113 19.744 0.099
1460.76175 20.051 0.157
1461.72748 19.805 0.117
1471.73794 19.655 0.105
1475.83236 19.734 0.089
1478.75708 19.579 0.083
1481.81928 19.705 0.092
1484.82359 19.657 0.073
1487.81639 19.655 0.084
1488.86444 19.726 0.094
1491.75513 19.689 0.103
1493.69705 20.012 0.127
1495.74047 19.743 0.087
1498.66165 19.886 0.131
1500.80218 19.774 0.076
1503.69247 20.204 0.241
1505.79931 19.787 0.104
1507.69531 19.886 0.140
1508.81195 19.741 0.084
1509.67345 19.456 0.075
1510.63897 19.733 0.083
1511.72163 19.802 0.098
1512.75564 19.697 0.106
1514.77011 19.625 0.092
1516.81590 19.824 0.096
1517.84781 19.751 0.081
1518.68774 19.774 0.090
1520.71306 19.825 0.095
1522.71374 19.629 0.084
1523.71392 19.764 0.129
1525.68986 19.618 0.087
1527.75520 19.593 0.067
1528.68113 19.614 0.075
1529.80658 19.796 0.094
1531.69852 19.800 0.091
1538.65565 19.631 0.080
1541.61147 19.616 0.068
1542.76583 19.754 0.092
1544.66815 19.656 0.081
1546.67737 19.568 0.092
1546.69283 19.774 0.134
1547.69442 19.777 0.065
1548.67159 19.770 0.085
1551.70094 19.607 0.061
1552.63389 19.746 0.087
1553.65760 19.798 0.087
1554.63620 19.785 0.082
1555.66064 19.623 0.090
1556.63480 19.769 0.101
1560.62653 19.482 0.083
1564.54565 20.175 0.254
1568.62236 19.707 0.101
1571.63201 19.759 0.085
1575.64641 19.566 0.083
1578.68671 19.755 0.109
1580.69750 19.653 0.081
1582.63201 19.961 0.105
1585.62281 19.521 0.071
1588.62603 19.749 0.122
1591.58987 20.013 0.236
1595.58311 19.905 0.126
1599.64912 19.906 0.106
1600.60202 19.861 0.159
1601.60914 20.161 0.195
1602.67561 19.806 0.129
1604.60720 19.637 0.088
1606.56417 19.773 0.096
1609.52039 19.887 0.144
1610.53529 19.699 0.125
1611.59544 19.789 0.124
1613.57578 19.892 0.113
1614.64685 19.657 0.117
1616.50447 19.633 0.074
1618.65000 19.709 0.112
1619.54372 19.591 0.130
1621.53987 19.584 0.113
1623.63704 19.672 0.129
1625.61809 19.800 0.122
1627.58835 19.538 0.119
1628.52823 19.756 0.113
1630.49994 20.112 0.269
1631.49772 19.755 0.101
1633.61315 19.595 0.085
1635.49616 20.072 0.178
1643.57216 19.734 0.195
1644.49916 19.657 0.074
1645.50525 19.982 0.189
1653.49057 19.603 0.120
1655.53453 19.869 0.148
1657.54398 19.488 0.105
1660.51885 19.608 0.115
1662.52620 19.713 0.127
1664.54926 19.945 0.145
1669.51918 19.740 0.125
1672.49184 19.514 0.111
1687.48953 20.278 0.331
1695.47489 19.657 0.126
1766.86764 19.596 0.134
1768.85329 19.638 0.116
1773.91164 19.694 0.088
1782.84285 19.901 0.123
1788.85127 19.727 0.094
1804.84654 19.807 0.104
1811.86709 19.621 0.067
1815.84326 19.756 0.096
1818.88558 19.665 0.075
1822.72496 19.486 0.082
1829.87422 19.814 0.118
1844.78205 19.751 0.074
1850.76341 20.131 0.164
1854.82044 19.833 0.080
1858.76752 19.699 0.104
1860.80990 19.648 0.105
1863.78300 19.749 0.088
1866.73371 19.593 0.077
1868.71480 19.567 0.063
1870.83585 19.897 0.137
1872.85167 19.570 0.123
1874.75660 19.584 0.063
2166.85243 19.645 0.093
2172.90243 19.751 0.108
2183.89570 19.887 0.215
2189.85811 19.745 0.131
2192.76180 19.812 0.094
2201.77173 19.704 0.081
2212.80630 19.567 0.098
2217.79070 19.623 0.119
2223.81128 19.534 0.099
2226.78564 19.726 0.113
2228.82907 19.642 0.093
2230.74251 19.605 0.092
2232.76274 19.765 0.097
2234.75669 19.803 0.097
2238.70735 19.887 0.116
2240.83629 19.668 0.100
2242.84203 19.784 0.151
2248.72329 19.727 0.087
2251.75292 19.864 0.099
2253.77052 19.488 0.062
2255.69883 19.713 0.107
2258.69829 19.546 0.073
2264.80691 19.922 0.093
2269.77979 19.634 0.118
2271.72327 20.047 0.147
2273.81842 19.912 0.137
2275.79191 19.934 0.142
2277.79467 19.838 0.098
2279.79152 19.488 0.083
2281.75434 19.690 0.073
2283.81153 19.915 0.096
2291.75449 19.684 0.131
2295.74391 19.854 0.089
2297.73483 19.628 0.098
2299.76725 19.614 0.101
2301.67267 20.332 0.207
2303.66804 20.158 0.204
2323.56949 19.841 0.097
2326.57647 19.419 0.082
2332.51987 19.733 0.164
2338.54243 19.382 0.068
2355.50784 19.730 0.156
2387.49816 19.927 0.262
2521.91793 19.419 0.114
2542.83008 19.771 0.114
2544.88798 19.671 0.123
2551.87821 19.623 0.091
2559.81612 19.633 0.110
2563.86136 19.709 0.127
2573.78836 19.873 0.144
2577.85114 19.783 0.115
2583.74762 19.655 0.105
2589.78788 19.790 0.099
2594.80471 19.752 0.174
2599.85951 19.590 0.112
2609.66576 19.614 0.108
2611.66969 19.623 0.125
2617.81636 19.811 0.123
2620.78536 19.831 0.096
2623.75858 19.742 0.108
2626.68368 19.909 0.118
2627.62546 19.861 0.192
2628.85077 19.565 0.124
2630.83952 19.643 0.159
2632.63025 19.680 0.088
2635.62525 19.902 0.117
2639.78166 19.736 0.075
2641.65595 19.869 0.110
2643.66764 19.707 0.094
2645.65943 19.604 0.076
2647.58618 19.771 0.100
2651.65425 19.953 0.132
2653.67846 19.675 0.119
2655.66349 19.655 0.102
2657.79724 19.852 0.155
2659.66443 19.713 0.089
2661.68910 19.570 0.085
2665.79103 19.767 0.106
2671.79696 19.665 0.106
2673.72989 19.611 0.135
2675.72739 19.534 0.079
2679.75284 19.570 0.108
2682.61117 20.095 0.175
2686.58562 19.957 0.172
2691.53109 19.698 0.141
2695.58845 19.780 0.131
2700.53944 19.468 0.107
2706.52086 20.085 0.233
2713.52449 19.584 0.149
2841.92868 19.786 0.135
2890.83442 19.867 0.155
2895.87016 19.748 0.089
2900.82580 19.761 0.088
2906.85681 19.768 0.077
2910.89015 19.791 0.079
2915.89032 19.636 0.070
2921.88904 19.825 0.119
2925.85887 19.520 0.087
2930.77145 20.015 0.141
2933.81586 19.636 0.067
2939.82428 19.630 0.104
2941.84237 19.800 0.081
2943.71714 19.922 0.124
2946.82019 19.674 0.101
2948.81049 19.809 0.108
2952.80653 19.770 0.107
2955.86143 19.637 0.141
2958.67671 19.757 0.130
2962.68767 19.698 0.096
2965.70470 19.796 0.109
2967.80407 19.584 0.073
2970.71726 19.816 0.089
2974.70924 19.800 0.102
2976.74308 19.613 0.079
2978.63762 19.794 0.117
2980.66403 19.553 0.091
2982.62321 19.829 0.113
2984.66437 19.777 0.098
2986.75219 19.733 0.100
2988.72017 19.791 0.097
2990.65356 19.639 0.075
2992.74008 19.611 0.079
2994.65094 19.869 0.089
2996.74125 19.817 0.097
2998.69603 19.687 0.085
2999.78805 19.793 0.106
3001.66679 19.797 0.092
3003.66244 19.925 0.115
3005.61941 19.689 0.108
3007.73787 19.716 0.097
3009.67371 19.761 0.094
3011.61927 19.511 0.105
3013.64994 19.706 0.105
3017.62523 19.797 0.068
3018.71707 19.745 0.107
3020.79227 19.893 0.130
3022.81879 19.719 0.099
3024.76732 19.788 0.093
3026.76465 19.633 0.066
3028.77213 19.742 0.073
3030.77700 19.919 0.090
3033.70429 19.736 0.066
3035.71058 19.950 0.114
3038.68892 19.841 0.138
3040.68855 19.588 0.105
3042.63209 19.998 0.158
3044.56602 19.434 0.096
3046.58150 19.697 0.096
3048.56644 19.716 0.077
3050.58532 19.764 0.080
3052.58234 19.566 0.077
3054.58317 19.695 0.091
3056.58038 19.802 0.096
3060.59462 19.672 0.090
3064.59248 19.896 0.143
3067.65611 19.994 0.133
3069.61620 19.820 0.126
3073.52559 19.913 0.171
3075.62030 19.613 0.093
3078.54017 19.927 0.148
3082.52915 19.677 0.114
3084.60509 19.867 0.091
3087.56664 19.748 0.108
3090.52229 19.815 0.147
3093.50363 19.639 0.146
3098.61256 19.941 0.196
3101.57025 20.287 0.364
3104.54347 19.823 0.133
3107.52338 19.858 0.190
3111.51695 19.764 0.146
3114.51093 19.541 0.101
3115.53524 20.005 0.158
3126.47537 19.509 0.101
3144.49066 19.476 0.116
3224.89084 19.475 0.113
3239.92483 19.688 0.091
3247.89578 19.739 0.100
3256.87408 19.829 0.097
3263.84102 19.538 0.058
3268.86468 19.751 0.075
3273.83630 19.511 0.092
3276.85436 19.686 0.110
3281.81929 19.918 0.090
3289.83275 19.980 0.139
3294.83092 19.841 0.090
3296.83625 19.896 0.100
3298.86679 19.460 0.064
3301.68717 20.038 0.182
3303.85619 19.738 0.133
3306.83080 19.619 0.089
3308.84782 19.448 0.084
3311.65796 19.860 0.134
3320.69107 19.703 0.102
3323.64405 19.889 0.121
3329.82011 19.454 0.055
3334.71994 19.998 0.147
3338.77568 19.745 0.085
3349.79197 19.870 0.090
3351.77677 19.591 0.071
3354.74493 19.335 0.071
3358.63123 19.768 0.082
3361.72701 19.782 0.091
3363.71716 19.879 0.119
3367.67068 19.995 0.158
3372.68946 19.880 0.087
3377.72562 19.806 0.125
3380.74126 20.014 0.169
3386.75142 19.785 0.071
3391.59674 19.753 0.109
3395.66081 20.079 0.159
3398.70850 19.785 0.107
3402.65380 19.835 0.088
3404.58162 20.041 0.137
3408.53507 19.640 0.091
3412.58041 19.727 0.112
3414.61197 19.709 0.110
3419.57919 19.831 0.118
3426.51831 19.783 0.121
3433.56944 19.803 0.127
3443.54003 19.701 0.097
3453.50640 19.985 0.140
3574.94128 19.652 0.121
3588.93195 19.966 0.139
3589.88298 19.698 0.089
3614.92326 20.509 0.403
3617.87994 19.998 0.106
3629.81943 19.454 0.093
3634.78555 19.782 0.097
3639.89581 19.675 0.073
3641.82945 19.904 0.105
3650.82481 19.799 0.080
3653.85276 19.509 0.068
3657.80330 19.422 0.056
3660.76904 19.579 0.113
3664.80449 19.672 0.081
3668.74079 19.886 0.137
3671.87635 19.614 0.110
3676.85174 19.832 0.104
3684.79592 19.707 0.077
3687.71498 19.600 0.077
3689.81356 19.899 0.101
3692.73796 19.733 0.100
3694.81188 19.768 0.100
3696.68720 19.610 0.075
3699.69946 19.794 0.077
3701.75031 19.715 0.083
3704.71686 19.777 0.080
3706.77105 19.601 0.070
3711.66204 20.081 0.121
3713.67571 19.782 0.073
3716.72476 19.721 0.122
3719.75251 19.954 0.159
3722.81072 19.875 0.108
3726.67498 19.724 0.076
3728.64773 19.642 0.055
3731.74829 19.873 0.083
3733.63444 19.794 0.079
3734.73741 19.793 0.074
3736.75630 19.662 0.076
3737.64489 19.691 0.071
3739.70703 19.541 0.060
3743.71119 19.614 0.085
3746.75358 19.466 0.099
3748.70620 19.786 0.119
3750.71237 19.674 0.082
3752.72044 19.844 0.092
3754.74170 19.483 0.070
3755.66149 19.745 0.114
3757.63560 19.517 0.076
3759.60122 19.474 0.081
3762.68609 19.727 0.077
3765.70802 19.576 0.049
3769.74861 19.983 0.094
3772.71691 19.627 0.076
3775.70885 19.367 0.097
3778.68736 19.556 0.083
3782.59548 19.754 0.099
3786.57153 19.805 0.106
3791.56787 19.742 0.083
3798.56754 19.622 0.075
3805.55472 19.617 0.092
3820.50005 19.579 0.090
3944.93363 19.937 0.152
3961.93035 19.556 0.101
3968.91241 19.617 0.087
3974.90838 19.802 0.122
3981.80140 19.623 0.104
3988.87734 19.428 0.084
3995.83634 19.970 0.122
4002.83245 20.002 0.099
4005.78249 19.529 0.067
4007.78669 19.637 0.068
4011.76713 19.910 0.108
4018.75270 19.736 0.112
4023.80621 19.715 0.081
4026.71686 19.489 0.067
4028.85290 19.786 0.076
4031.74063 19.893 0.116
4037.84952 19.633 0.082
4040.81687 19.886 0.108
4042.83166 19.857 0.112
4046.70748 19.966 0.131
4048.79642 19.463 0.088
4052.63931 19.744 0.077
4053.83699 19.536 0.071
4059.66778 19.855 0.101
4064.63228 19.462 0.062
4066.61187 19.555 0.079
4069.67925 19.562 0.077
4071.60432 19.689 0.099
4076.65741 19.877 0.126
4079.69266 19.845 0.134
4082.68301 19.945 0.110
4084.76287 19.919 0.126
4087.68233 19.561 0.085
4093.77135 19.651 0.074
4102.65956 21.244 0.600
4104.80636 19.596 0.121
4109.66723 19.723 0.072
4113.68582 19.505 0.066
4119.62403 19.341 0.080
4122.67291 19.912 0.097
4125.72028 20.036 0.155
4129.71974 19.648 0.087
4142.57797 19.591 0.094
4150.55444 19.896 0.093
4154.53619 19.686 0.132
4165.58216 19.735 0.123
4184.50226 19.927 0.188
4340.90288 19.677 0.073
4346.89097 19.934 0.134
4350.90956 19.796 0.088
4357.84318 19.963 0.154
4363.77162 19.701 0.105
4365.79526 19.902 0.173
4369.79087 19.722 0.132
4372.76555 19.788 0.092
4376.85610 19.777 0.123
4379.86266 19.515 0.081
4383.86674 19.828 0.101
4388.86071 19.642 0.107
4393.73461 19.730 0.100
4398.80981 19.762 0.099
4403.75043 19.688 0.162
4411.74560 19.675 0.084
4417.82846 19.657 0.076
4421.74085 19.844 0.083
4425.81407 20.018 0.167
4429.72482 19.607 0.144
4432.76637 19.756 0.094
4436.69288 19.963 0.130
4439.73706 19.704 0.104
4442.71444 19.678 0.112
4448.77012 19.767 0.089
4450.77481 19.547 0.104
4453.75062 19.652 0.094
4456.76396 20.003 0.154
4459.67398 19.588 0.085
4462.67597 19.713 0.102
4465.71621 19.633 0.071
4469.66935 19.512 0.105
4474.67137 19.665 0.087
4478.77413 19.546 0.089
4481.77292 20.105 0.146
4484.68265 19.694 0.126
4487.74501 19.631 0.164
4492.69759 19.806 0.116
4494.73202 19.703 0.107
4499.61366 19.931 0.130
4502.68649 19.742 0.124
4507.64524 19.681 0.100
4509.64251 19.544 0.104
4522.54988 19.576 0.105
4524.56389 19.559 0.101
4530.56906 19.716 0.131
4532.56110 19.544 0.124
4537.55915 19.733 0.124
4540.60790 19.954 0.168
4549.56432 19.998 0.169
4560.50283 19.617 0.117
4567.51440 19.835 0.156
4574.53542 19.858 0.148
4592.47308 19.620 0.154
4681.92649 19.553 0.073
4691.89218 19.938 0.127
4702.90411 19.748 0.123
4719.81967 19.466 0.094
4722.90844 19.931 0.104
4726.89406 19.911 0.104
4731.87042 19.514 0.071
4747.84281 19.706 0.083
4751.88911 19.799 0.121
4756.81316 19.598 0.101
4759.86023 19.597 0.088
4762.82000 19.826 0.101
4768.79795 19.617 0.085
4771.84008 19.572 0.104
4774.84947 19.620 0.084
4777.68690 19.565 0.080
4780.83586 19.642 0.097
4783.80575 19.541 0.082
4788.73515 19.756 0.117
4791.71255 19.785 0.076
4794.71687 19.802 0.101
4797.69831 19.873 0.113
4800.74153 19.576 0.066
4802.77315 20.000 0.114
4804.79728 19.878 0.104
4805.82038 19.755 0.094
4807.77124 19.849 0.104
4810.72919 19.661 0.082
4812.78876 19.757 0.169
4814.67835 19.509 0.094
4816.67515 19.530 0.091
4818.69733 19.806 0.097
4820.70416 19.462 0.062
4823.71776 19.704 0.092
4825.80495 19.896 0.130
4831.84732 20.069 0.199
4832.80754 19.620 0.109
4834.77663 19.707 0.105
4837.67662 19.863 0.137
4839.70517 19.652 0.094
4841.74149 19.782 0.106
4843.74071 19.640 0.121
4846.70666 19.745 0.118
4850.72470 19.762 0.094
4852.71874 19.701 0.102
4855.72614 19.524 0.102
4857.70429 19.469 0.100
4863.65834 19.759 0.130
4866.67143 19.872 0.109
4868.66951 19.742 0.097
4870.65897 19.701 0.124
4873.68958 19.700 0.107
4875.58661 19.697 0.088
4876.61728 19.678 0.074
4878.64221 19.709 0.076
4882.56145 19.716 0.107
4884.62388 19.681 0.101
4888.54030 19.886 0.113
4900.57193 19.785 0.135
4904.59766 19.466 0.104
4913.57544 19.803 0.132
4918.55204 19.753 0.121
4924.56625 19.498 0.074
4928.56164 20.024 0.135
4930.51286 19.660 0.133
4934.50967 20.254 0.184
4938.50091 19.820 0.150
4942.51750 19.854 0.138
4947.51084 19.585 0.106
