457.76488 19.825 0.071
458.74928 19.733 0.074
459.70204 19.843 0.078
461.71697 19.786 0.059
461.83954 19.779 0.085
462.54935 19.899 0.086
465.84471 19.990 0.103
466.70352 19.949 0.085
467.81140 19.790 0.071
468.71781 20.107 0.098
469.72534 19.827 0.105
470.78568 20.204 0.176
471.83767 19.924 0.152
472.76253 19.873 0.105
473.67435 19.975 0.129
474.75478 19.600 0.081
475.64756 20.050 0.140
476.79977 19.810 0.124
477.78443 20.007 0.102
478.59172 19.828 0.074
479.79015 20.113 0.124
480.62680 20.057 0.099
481.61191 19.715 0.071
482.77288 20.061 0.116
483.56066 19.831 0.095
484.55848 19.855 0.105
485.56308 19.992 0.082
487.58226 19.880 0.065
488.54688 19.987 0.154
488.68524 19.911 0.081
489.63717 19.862 0.065
490.60762 20.027 0.073
491.56577 20.004 0.103
492.55007 19.890 0.093
492.62451 20.009 0.101
493.55313 19.968 0.085
494.54794 19.875 0.089
495.55028 19.821 0.106
496.54579 19.846 0.089
496.76188 20.053 0.150
498.54453 19.824 0.088
499.54002 19.823 0.084
500.53122 19.962 0.115
501.53178 20.008 0.114
507.64932 20.109 0.145
508.53548 20.335 0.236
508.60221 19.877 0.128
510.54016 20.017 0.118
511.64974 19.775 0.095
512.68708 19.743 0.084
513.67900 20.025 0.086
514.55214 19.984 0.088
515.54381 19.955 0.093
516.54731 20.004 0.123
517.54881 19.775 0.098
518.58760 19.738 0.078
519.53824 19.823 0.072
521.53910 19.653 0.090
523.55101 19.821 0.102
524.52993 19.882 0.106
526.53337 20.060 0.132
526.63444 19.671 0.088
527.53072 19.863 0.081
530.61870 19.936 0.180
531.54559 19.741 0.111
532.53106 19.666 0.095
533.53455 19.808 0.101
534.54183 19.816 0.101
535.65636 20.088 0.161
552.63968 19.902 0.099
553.49539 20.105 0.159
554.55420 19.970 0.171
561.55464 19.900 0.142
566.49021 19.900 0.145
567.49100 19.981 0.139
571.53966 19.831 0.132
572.49588 19.613 0.145
573.50346 19.911 0.144
574.53219 19.965 0.131
575.51556 20.217 0.227
577.46979 20.627 0.443
578.48286 19.784 0.110
583.46795 20.038 0.157
673.85783 19.811 0.077
689.84400 19.827 0.103
699.83113 19.990 0.161
701.87598 19.955 0.153
704.81988 20.142 0.247
706.82382 19.776 0.162
707.87324 20.392 0.270
712.89561 19.981 0.127
715.86101 19.776 0.106
720.81586 19.846 0.133
726.88106 19.989 0.105
728.84519 19.854 0.097
729.82754 20.061 0.136
733.87985 19.837 0.162
742.82034 19.732 0.123
745.75184 19.872 0.103
747.80858 20.033 0.110
748.76338 19.864 0.105
750.85623 20.002 0.141
751.74878 19.870 0.140
755.70728 20.413 0.274
759.77657 19.804 0.084
760.82873 19.695 0.091
763.82470 19.766 0.139
771.84418 20.086 0.144
775.83617 19.877 0.106
778.80265 19.730 0.158
780.83349 19.989 0.131
787.84121 20.105 0.144
792.77519 20.030 0.154
796.79111 20.036 0.154
798.80836 20.171 0.188
816.81678 19.953 0.120
817.80622 19.764 0.111
822.76437 20.057 0.107
826.63259 19.885 0.120
827.74329 19.959 0.118
830.82345 19.759 0.155
831.66873 19.908 0.137
832.79969 20.012 0.128
833.70113 19.789 0.073
834.79217 19.991 0.223
837.79808 19.726 0.077
839.62384 19.918 0.115
841.80711 19.947 0.125
843.73017 19.991 0.099
844.67929 19.851 0.127
850.70009 20.287 0.200
854.72213 19.916 0.162
855.76862 20.291 0.399
856.71370 19.909 0.204
858.63354 20.066 0.170
860.72479 19.914 0.163
864.71975 20.390 0.324
874.73278 19.653 0.089
876.64908 19.973 0.110
879.60893 19.895 0.132
881.54090 20.205 0.187
887.62309 19.868 0.158
892.58801 19.899 0.128
895.56871 20.283 0.231
895.58531 19.991 0.154
900.53767 19.746 0.125
918.57362 19.733 0.172
920.53879 20.155 0.265
925.49100 19.732 0.161
933.50513 20.239 0.193
951.51810 19.845 0.106
1040.91144 19.891 0.127
1051.90729 20.009 0.209
1065.86785 19.868 0.148
1068.82992 20.032 0.162
1069.82038 20.026 0.116
1071.83755 19.789 0.129
1077.87695 20.005 0.098
1079.78471 19.925 0.127
1083.79840 19.839 0.150
1088.86313 20.145 0.184
1093.85980 19.871 0.111
1102.83779 20.010 0.094
1107.82066 19.959 0.119
1113.83449 19.626 0.077
1119.76730 19.604 0.105
1126.73876 19.899 0.127
1130.70487 20.113 0.159
1132.71343 19.803 0.102
1136.83269 19.822 0.091
1142.72468 20.061 0.105
1151.81982 19.956 0.125
1154.82836 19.623 0.105
1157.77992 19.874 0.149
1161.77793 19.771 0.071
1163.74947 19.946 0.118
1166.78593 19.866 0.140
1170.83392 19.813 0.110
1174.81654 19.753 0.080
1178.73358 19.766 0.115
1181.70014 20.099 0.162
1185.78272 19.743 0.093
1187.73467 19.860 0.127
1189.79914 20.077 0.124
1192.71872 19.788 0.082
1196.59477 20.100 0.248
1202.65661 19.843 0.108
1204.76199 19.962 0.122
1207.65540 20.058 0.155
1211.73586 20.094 0.175
1214.75234 19.889 0.135
1217.71347 19.875 0.120
1219.69815 19.795 0.111
1223.60563 19.693 0.107
1226.70056 20.061 0.154
1230.64894 19.872 0.116
1234.57536 19.770 0.123
1238.57891 19.909 0.161
1239.71157 19.617 0.137
1241.68818 19.885 0.149
1243.54604 19.902 0.129
1245.51462 20.062 0.178
1248.52298 20.242 0.227
1253.59381 19.832 0.135
1256.57308 19.806 0.116
1259.62415 20.110 0.150
1261.56916 19.930 0.116
1265.58683 19.849 0.137
1268.57175 19.799 0.153
1276.52517 20.030 0.146
1279.51968 19.918 0.152
1288.55321 19.949 0.153
1291.58426 20.043 0.137
1296.55763 20.021 0.176
1300.50398 19.909 0.201
1305.47843 20.025 0.157
1308.51318 19.923 0.139
1313.48870 20.123 0.199
1317.51630 19.870 0.149
1320.47825 19.834 0.145
1330.48099 20.038 0.226
1333.48576 19.794 0.180
1336.46431 19.479 0.153
1397.90972 19.781 0.150
1412.88735 19.772 0.122
1431.80226 19.911 0.111
1432.88760 19.608 0.108
1435.84764 19.829 0.128
1437.84046 19.927 0.118
1440.87910 19.612 0.112
1443.87702 19.822 0.116
1447.80014 19.909 0.189
1449.84184 19.921 0.192
1454.75601 19.976 0.163
1455.87968 19.911 0.179
1458.79364 19.890 0.132
1459.86101 20.095 0.158
1462.73223 20.052 0.135
1470.81323 19.854 0.101
1475.81196 19.921 0.140
1477.69882 19.968 0.149
1479.73903 20.024 0.153
1484.75445 19.906 0.136
1487.79608 19.929 0.135
1491.71054 20.053 0.158
1493.81982 20.005 0.136
1496.60564 19.608 0.132
1498.74818 19.722 0.099
1501.83226 19.812 0.095
1503.72701 20.014 0.176
1505.83361 20.074 0.183
1507.78075 19.958 0.163
1511.65345 20.105 0.140
1514.70052 20.129 0.188
1517.69006 19.938 0.105
1519.69243 19.968 0.133
1521.71511 19.933 0.106
1522.69272 19.986 0.144
1523.74916 19.809 0.248
1525.72581 20.033 0.119
1527.81297 19.979 0.116
1528.71540 19.758 0.089
1531.73305 19.973 0.140
1538.68975 20.100 0.133
1541.64585 19.970 0.090
1542.74575 20.005 0.127
1544.70254 19.808 0.088
1547.72861 20.095 0.102
1548.70601 20.045 0.105
1549.77135 19.737 0.086
1551.73522 20.157 0.114
1552.66848 20.041 0.124
1554.76145 19.988 0.098
1555.69825 20.038 0.135
1556.66893 19.951 0.114
1562.70128 19.879 0.142
1564.57990 19.922 0.174
1564.67595 19.944 0.149
1567.63339 20.115 0.145
1570.73082 19.666 0.095
1574.72646 19.727 0.080
1576.62620 19.777 0.118
1578.72778 19.951 0.155
1581.64166 20.008 0.123
1584.62018 20.200 0.171
1587.60800 19.770 0.099
1590.61511 19.779 0.102
1595.68774 19.752 0.137
1599.69910 19.660 0.110
1600.67361 19.781 0.166
1604.52427 19.973 0.171
1606.53802 20.020 0.144
1609.55727 19.805 0.133
1610.60151 20.049 0.148
1611.63295 19.949 0.133
1612.52730 20.109 0.136
1613.61872 19.894 0.133
1614.51955 20.010 0.114
1615.52447 19.905 0.103
1616.53885 19.783 0.098
1617.52383 20.037 0.128
1618.53049 20.021 0.162
1619.57960 19.960 0.165
1620.60065 19.976 0.171
1621.51877 19.800 0.139
1622.58619 20.289 0.208
1623.54110 20.267 0.213
1624.54874 19.714 0.128
1625.56069 19.849 0.142
1626.65320 20.016 0.139
1627.56833 19.744 0.163
1628.50727 19.954 0.170
1630.53416 19.654 0.161
1631.53185 19.782 0.105
1632.57711 19.687 0.111
1633.52266 19.830 0.124
1634.56229 19.813 0.111
1635.53054 19.927 0.142
1643.55132 20.067 0.218
1644.58097 20.050 0.140
1650.51186 19.910 0.238
1653.58783 19.625 0.142
1656.56842 20.257 0.247
1658.54588 19.713 0.127
1660.57113 19.834 0.204
1663.50137 19.755 0.115
1665.51754 19.767 0.174
1671.51344 19.722 0.148
1676.50795 20.103 0.225
1684.50792 19.415 0.203
1694.50949 20.415 0.316
1766.90242 19.791 0.163
1768.88985 19.868 0.165
1782.87706 19.561 0.110
1789.82301 19.727 0.072
1804.77239 19.788 0.128
1809.83438 19.757 0.080
1812.85720 19.951 0.110
1814.87236 19.802 0.093
1817.87424 19.898 0.090
1822.81804 19.842 0.107
1828.88228 20.064 0.162
1829.85387 19.850 0.132
1833.80865 20.224 0.268
1843.83370 19.712 0.099
1847.86273 19.641 0.081
1850.81353 19.741 0.114
1852.75038 19.778 0.106
1855.81621 19.940 0.112
1860.78945 19.706 0.115
1863.76300 19.835 0.132
1865.81783 20.135 0.127
1867.78656 19.972 0.116
1869.76001 19.962 0.131
1872.75869 19.994 0.118
2167.84210 20.119 0.187
2173.84945 19.882 0.117
2190.78721 19.932 0.132
2192.82172 19.880 0.132
2214.78907 19.679 0.127
2224.74585 19.866 0.113
2226.84999 19.761 0.171
2229.66192 19.884 0.145
2230.80065 19.818 0.138
2232.82048 19.651 0.115
2234.81490 19.813 0.099
2239.59986 20.299 0.259
2241.66140 20.107 0.207
2243.71999 19.893 0.148
2248.79660 19.763 0.098
2250.84628 20.033 0.132
2252.65163 20.015 0.139
2254.64255 20.026 0.147
2257.64643 19.875 0.109
2261.76077 20.125 0.133
2264.75109 19.752 0.102
2266.64408 20.069 0.178
2270.64019 19.881 0.124
2271.79100 19.942 0.104
2273.72748 19.856 0.138
2275.82790 19.832 0.135
2277.64954 19.868 0.105
2279.82189 19.816 0.125
2281.80872 19.924 0.112
2283.84294 19.775 0.090
2288.74907 19.812 0.102
2290.78746 19.957 0.125
2292.76398 19.864 0.161
2294.73902 19.823 0.198
2296.74943 19.846 0.180
2298.76883 20.225 0.205
2300.72186 20.008 0.212
2302.69966 19.571 0.122
2304.74400 19.748 0.193
2321.67232 19.679 0.124
2327.55888 19.970 0.158
2333.56807 19.560 0.145
2339.54453 19.847 0.200
2395.51674 19.825 0.197
2526.90888 19.912 0.124
2542.88757 19.772 0.115
2552.83892 19.878 0.147
2556.83044 19.987 0.145
2559.88101 19.881 0.143
2564.84693 19.667 0.124
2573.84610 19.753 0.130
2578.77042 19.720 0.134
2583.82488 19.724 0.137
2589.85777 20.122 0.165
2596.74113 20.191 0.220
2605.74414 19.794 0.108
2609.74038 19.706 0.166
2614.70651 20.140 0.181
2618.73078 19.900 0.148
2621.64019 20.014 0.122
2623.82197 20.081 0.156
2627.68528 19.942 0.180
2629.70831 19.872 0.176
2634.76299 19.894 0.135
2635.68212 20.034 0.130
2638.65320 19.994 0.137
2639.65332 19.934 0.095
2641.72112 20.049 0.160
2643.72981 19.613 0.114
2645.71734 20.028 0.140
2647.67514 20.006 0.166
2650.83682 19.924 0.115
2652.73791 20.158 0.216
2654.67274 20.115 0.213
2656.64568 19.892 0.168
2658.60869 19.811 0.175
2660.62612 19.728 0.122
2662.60897 19.893 0.149
2664.61653 19.908 0.138
2666.67473 19.978 0.111
2668.66349 19.876 0.194
2670.62961 19.891 0.167
2672.73889 19.778 0.127
2674.63727 19.888 0.152
2676.62384 19.817 0.128
2678.71152 19.873 0.148
2680.62219 19.929 0.153
2682.67330 19.987 0.190
2687.54583 19.633 0.166
2696.53896 19.600 0.142
2701.52111 19.769 0.156
2707.51852 19.731 0.156
2714.51745 19.895 0.235
2840.90657 19.820 0.163
2867.91898 19.695 0.111
2888.91302 19.938 0.121
2894.84807 19.903 0.136
2899.84965 19.992 0.133
2905.83865 20.241 0.242
2908.89970 20.263 0.203
2911.79798 19.809 0.096
2916.84818 19.849 0.096
2922.83204 19.964 0.175
2926.75945 19.556 0.087
2930.83318 19.962 0.123
2933.87759 19.791 0.129
2940.71514 20.012 0.133
2947.72904 19.868 0.136
2949.81919 19.679 0.103
2953.68594 19.811 0.141
2956.71174 19.822 0.119
2958.73804 19.984 0.146
2962.74989 19.947 0.123
2965.76931 19.815 0.088
2968.71288 19.900 0.111
2973.85293 19.945 0.126
2975.84208 20.152 0.174
2976.83737 19.976 0.151
2978.85698 20.114 0.216
2982.68907 19.746 0.121
2984.73662 19.891 0.125
2986.81922 19.952 0.158
2988.78381 19.775 0.100
2989.80697 19.839 0.132
2991.64013 19.623 0.110
2993.62755 19.723 0.088
2995.72784 19.782 0.093
2997.70612 19.958 0.129
2999.72874 19.754 0.110
3001.76499 19.918 0.119
3003.73565 19.696 0.088
3005.64092 19.711 0.117
3007.67400 19.912 0.141
3009.74028 19.786 0.125
3011.71598 19.961 0.172
3013.72044 20.301 0.212
3017.72191 19.898 0.127
3019.64987 19.761 0.120
3021.76865 19.937 0.109
3023.63044 19.934 0.097
3024.83157 20.218 0.183
3026.82826 20.082 0.095
3029.63259 19.696 0.086
3031.70257 19.940 0.110
3033.76606 19.964 0.103
3035.77311 20.160 0.132
3038.75060 19.965 0.164
3040.72125 19.890 0.167
3044.59906 19.818 0.138
3045.68806 19.703 0.129
3047.64177 19.734 0.119
3049.64749 19.814 0.086
3051.61569 19.887 0.138
3055.60914 20.286 0.194
3057.63462 19.822 0.115
3059.57848 19.927 0.103
3061.57152 20.081 0.195
3068.51288 19.884 0.159
3070.56855 20.016 0.167
3073.56925 19.679 0.159
3075.68223 20.178 0.223
3078.61422 19.832 0.139
3082.59175 19.813 0.120
3084.66878 19.851 0.100
3087.63148 20.095 0.209
3090.59487 19.967 0.159
3099.58291 19.811 0.169
3102.56167 20.018 0.201
3105.59440 19.997 0.186
3108.57235 20.056 0.160
3112.54964 19.635 0.114
3116.53102 19.796 0.133
3127.49841 19.961 0.120
3140.48705 20.149 0.196
3223.88727 19.655 0.131
3241.87350 19.575 0.125
3248.83692 19.836 0.163
3257.86477 19.853 0.110
3263.91076 19.778 0.129
3270.85373 19.966 0.130
3273.90175 19.543 0.144
3277.83778 19.982 0.138
3281.88153 20.140 0.123
3287.74260 20.137 0.116
3295.69485 19.862 0.081
3297.69338 20.062 0.119
3299.75787 20.022 0.092
3301.75536 19.728 0.136
3304.81127 19.969 0.139
3307.68612 20.816 0.462
3309.72150 19.916 0.111
3311.71936 19.726 0.097
3320.76215 19.862 0.096
3323.69696 20.244 0.176
3327.73371 19.836 0.100
3330.69256 20.627 0.293
3334.79180 19.882 0.182
3338.83828 19.797 0.111
3340.85336 20.074 0.166
3350.67179 19.778 0.082
3354.71821 19.853 0.096
3358.79979 19.891 0.081
3361.83197 19.666 0.084
3365.73437 19.879 0.128
3372.75069 19.902 0.092
3378.66340 20.072 0.131
3387.64997 19.804 0.161
3391.73111 19.956 0.149
3394.74267 19.788 0.124
3396.62266 20.157 0.168
3399.69990 20.014 0.151
3403.68717 20.057 0.160
3408.59659 19.758 0.101
3412.64180 19.775 0.152
3417.56923 19.703 0.112
3425.57748 20.256 0.249
3431.53918 19.908 0.120
3437.54096 19.795 0.109
3445.56090 19.950 0.125
3455.50304 19.718 0.212
3460.49461 19.897 0.127
3477.48933 19.539 0.118
3583.93144 19.728 0.123
3593.92968 19.825 0.141
3601.86664 19.720 0.127
3618.90071 20.081 0.130
3629.88196 19.866 0.117
3634.84854 19.555 0.086
3639.84187 20.026 0.108
3644.79665 19.809 0.095
3650.88549 20.182 0.136
3654.78641 19.856 0.096
3657.86697 19.855 0.101
3660.80143 20.078 0.181
3664.83652 19.905 0.103
3668.79446 19.961 0.152
3672.78267 19.505 0.084
3675.86234 19.898 0.096
3684.77048 20.094 0.111
3687.77612 19.889 0.118
3690.69598 19.873 0.171
3693.72995 20.044 0.136
3695.75148 19.856 0.105
3698.74425 19.671 0.110
3700.77308 19.855 0.103
3702.86072 19.522 0.088
3705.76750 19.826 0.092
3708.72607 20.265 0.202
3712.71295 20.009 0.125
3714.72330 20.009 0.117
3717.63939 19.802 0.098
3719.81657 19.811 0.124
3725.81046 19.689 0.157
3727.78288 19.800 0.110
3730.67829 19.941 0.092
3732.70303 19.787 0.078
3734.80107 19.841 0.105
3736.81733 20.066 0.131
3737.70570 20.030 0.118
3739.80479 19.921 0.097
3742.69068 19.873 0.145
3745.76633 19.701 0.094
3747.76899 19.782 0.179
3749.66076 19.819 0.170
3750.74573 20.284 0.191
3752.75643 19.961 0.143
3754.77416 19.889 0.119
3756.59767 19.760 0.097
3758.77055 19.884 0.168
3761.78296 19.869 0.096
3764.73741 20.114 0.137
3767.59723 19.892 0.122
3770.61494 19.678 0.092
3773.61777 19.946 0.143
3776.61720 19.730 0.103
3779.60676 20.288 0.262
3782.65747 20.159 0.147
3787.58245 20.384 0.162
3792.53421 19.739 0.143
3809.52346 20.073 0.235
3822.50926 19.721 0.144
3946.90560 20.245 0.197
3964.86237 19.973 0.104
3969.88648 19.564 0.089
3981.86125 19.789 0.134
3989.88827 20.215 0.166
3995.91194 19.749 0.251
4001.86497 19.758 0.085
4005.84259 20.034 0.102
4007.84679 19.873 0.110
4011.84705 20.044 0.135
4018.83862 19.787 0.092
4023.87075 19.761 0.117
4026.77922 20.031 0.089
4029.72048 19.839 0.179
4031.80082 19.742 0.082
4038.70991 20.240 0.147
4041.67106 20.234 0.187
4043.67543 19.896 0.152
4046.76752 19.882 0.159
4048.85704 19.916 0.159
4052.69997 19.703 0.086
4054.68692 19.755 0.120
4056.74396 19.908 0.140
4058.77708 19.861 0.089
4063.67583 19.994 0.112
4066.73310 20.125 0.121
4068.82062 19.905 0.099
4070.66307 19.826 0.111
4073.82244 19.826 0.129
4076.79057 19.971 0.170
4079.75295 20.023 0.153
4083.66974 20.381 0.239
4085.73526 20.093 0.160
4092.85371 19.881 0.117
4102.83024 20.187 0.195
4105.68915 19.930 0.138
4109.76230 19.959 0.096
4113.71803 19.815 0.082
4120.74843 20.101 0.140
4122.70488 19.792 0.085
4125.75611 19.780 0.110
4131.60945 19.924 0.098
4142.64609 20.221 0.222
4156.53278 19.850 0.122
4166.57400 19.892 0.178
4196.52349 19.820 0.185
4340.88883 19.905 0.118
4341.89938 19.812 0.151
4343.81836 20.048 0.193
4344.87322 20.040 0.160
4345.91179 20.267 0.241
4346.84073 19.814 0.177
4347.84928 20.156 0.177
4348.84243 19.788 0.111
4349.84267 20.023 0.182
4350.92002 19.983 0.239
4353.90325 20.015 0.160
4354.88699 20.311 0.240
4357.89321 19.760 0.170
4358.89322 20.075 0.165
4361.85470 19.893 0.206
4362.80921 20.136 0.202
4363.87230 19.762 0.159
4366.83629 19.956 0.195
4367.77387 19.646 0.145
4368.88753 20.115 0.244
4369.80950 19.781 0.191
4370.81063 20.146 0.208
4371.85578 20.060 0.141
4373.78127 19.829 0.115
4377.79163 19.764 0.138
4380.80812 19.998 0.145
4386.78375 20.087 0.168
4390.74574 19.535 0.103
4393.85983 19.959 0.149
4398.87111 20.120 0.195
4403.87805 20.214 0.480
4411.86956 19.845 0.197
4418.79071 19.897 0.106
4422.85678 19.976 0.147
4426.73512 20.000 0.188
4429.84110 19.730 0.191
4432.72195 20.063 0.139
4436.76134 19.795 0.123
4439.82691 20.091 0.216
4440.86315 20.257 0.593
4441.65288 19.952 0.147
4442.67487 19.871 0.161
4443.65039 19.937 0.186
4444.82951 19.627 0.154
4448.69507 20.009 0.167
4449.74257 20.035 0.141
4450.70540 19.695 0.145
4451.64044 19.929 0.134
4451.78230 19.982 0.143
4452.85345 20.157 0.194
4453.62932 19.718 0.114
4454.65323 20.099 0.181
4454.81614 19.772 0.103
4455.63979 19.808 0.133
4455.77685 20.086 0.198
4456.72045 19.646 0.120
4456.81069 19.963 0.176
4456.85814 19.911 0.167
4457.69528 19.848 0.138
4457.84503 19.851 0.160
4458.61771 19.884 0.147
4459.60194 19.682 0.122
4459.74640 19.852 0.137
4459.80854 19.713 0.136
4461.57252 20.150 0.177
4462.63270 20.023 0.182
4462.78237 19.861 0.128
4463.62613 19.756 0.103
4464.62379 20.068 0.138
4464.76580 19.838 0.145
4465.64302 19.803 0.102
4466.63614 19.865 0.126
4466.73635 19.995 0.120
4467.60362 19.808 0.156
4467.67235 19.993 0.116
4468.63641 19.882 0.096
4469.62083 19.897 0.130
4470.60860 19.719 0.113
4470.79863 19.918 0.139
4471.59865 19.796 0.093
4471.76477 20.315 0.224
4472.59938 19.910 0.102
4472.77208 19.894 0.116
4473.68604 19.802 0.107
4477.74419 19.865 0.146
4481.68174 20.092 0.150
4485.72982 19.888 0.171
4489.71331 19.715 0.187
4493.70314 19.842 0.164
4498.67964 19.882 0.131
4501.67697 19.877 0.131
4506.61091 19.917 0.153
4508.62813 19.854 0.141
4510.70133 20.269 0.205
4521.61145 19.960 0.181
4523.62728 19.744 0.127
4525.54669 19.778 0.123
4531.56873 19.920 0.135
4533.57108 20.052 0.174
4537.62112 20.020 0.167
4539.54008 19.828 0.174
4541.59235 20.229 0.266
4543.65319 19.713 0.209
4545.51145 20.210 0.216
4549.59629 20.072 0.208
4560.53892 20.091 0.173
4566.51885 19.795 0.131
4567.54397 19.811 0.156
4568.50266 19.605 0.124
4569.52841 20.137 0.266
4570.50005 20.074 0.214
4570.55554 19.998 0.181
4571.51006 20.069 0.221
4571.55908 19.365 0.148
4572.54813 20.368 0.287
4573.52241 19.744 0.157
4574.55832 19.844 0.202
4581.50983 19.968 0.192
4610.47791 20.598 0.470
4683.90181 19.909 0.131
4694.92026 19.841 0.215
4697.85843 19.776 0.174
4707.90921 20.180 0.157
4720.77449 19.605 0.117
4724.82775 19.630 0.116
4728.81527 19.907 0.158
4731.88979 19.935 0.125
4733.82497 20.037 0.136
4734.80183 20.040 0.153
4737.79847 20.134 0.163
4740.79071 19.764 0.140
4741.80909 19.957 0.123
4743.89365 19.838 0.144
4747.74034 20.047 0.165
4748.83096 19.895 0.102
4749.69875 20.000 0.188
4750.78694 20.115 0.202
4750.85109 19.902 0.128
4751.87021 20.681 0.239
4752.79931 20.024 0.195
4752.86401 19.979 0.145
4753.73832 19.816 0.190
4754.77119 19.613 0.138
4755.76583 19.710 0.124
4756.76919 19.917 0.159
4756.87336 20.121 0.156
4760.75646 19.751 0.098
4763.81522 20.390 0.256
4768.85790 20.036 0.172
4772.70421 19.905 0.144
4775.73357 20.271 0.240
4777.74835 20.435 0.238
4781.74481 19.929 0.139
4784.69841 20.343 0.335
4787.73685 19.848 0.192
4788.68127 19.857 0.151
4788.79541 20.123 0.157
4788.85046 19.797 0.106
4789.65759 19.989 0.138
4791.80588 19.638 0.082
4794.77737 20.127 0.153
4797.79658 19.833 0.128
4800.77346 19.989 0.111
4802.84049 19.863 0.117
4804.85769 19.813 0.161
4806.85382 19.911 0.158
4807.72102 20.047 0.151
4808.65385 19.676 0.118
4808.77313 19.988 0.124
4809.70160 19.854 0.177
4809.81407 19.810 0.104
4809.85942 19.924 0.174
4810.66437 19.669 0.083
4811.69792 19.749 0.180
4813.71967 20.761 0.406
4814.73850 19.721 0.131
4816.73538 19.662 0.122
4818.73458 19.895 0.109
4820.65394 19.812 0.085
4820.79421 20.026 0.138
4822.69046 19.651 0.096
4824.67936 19.907 0.123
4826.68372 19.906 0.129
4833.68166 19.813 0.106
4835.73405 19.825 0.122
4838.73866 19.991 0.136
4840.72291 19.703 0.116
4842.70689 19.881 0.134
4844.70613 20.010 0.139
4847.77312 20.188 0.202
4850.76621 19.653 0.110
4853.74268 20.262 0.198
4855.75815 20.288 0.256
4857.73628 19.906 0.138
4863.69756 19.494 0.135
4865.59777 19.924 0.126
4866.60048 19.978 0.133
4866.70532 20.179 0.175
4867.59735 19.883 0.121
4867.71696 19.958 0.125
4868.61679 19.957 0.124
4868.70133 19.974 0.147
4869.64659 20.262 0.211
4869.71869 19.970 0.133
4870.59133 20.041 0.137
4871.58135 19.994 0.164
4872.67584 19.755 0.209
4874.56901 19.829 0.120
4876.59264 19.684 0.096
4878.61750 20.094 0.124
4882.69061 20.159 0.175
4885.54881 20.077 0.156
4888.61602 19.880 0.105
4890.53617 19.933 0.107
4891.55338 19.612 0.101
4892.60465 19.822 0.119
4892.64948 20.035 0.153
4893.54708 19.652 0.109
4893.61557 19.788 0.167
4894.56626 19.632 0.128
4894.63033 20.347 0.217
4895.53902 19.688 0.165
4896.53382 20.162 0.131
4897.52145 19.645 0.126
4900.61983 20.345 0.270
4905.58492 19.967 0.249
4908.54355 19.857 0.138
4916.55994 20.100 0.175
4919.50542 19.977 0.158
4920.54508 20.062 0.172
4920.59040 19.778 0.116
4921.50344 20.144 0.154
4924.50188 19.813 0.112
4925.50053 20.062 0.179
4926.54656 20.202 0.251
4927.49274 20.005 0.193
4930.54314 19.948 0.185
4934.53994 19.653 0.136
4937.47240 19.787 0.138
4937.53167 19.713 0.113
4940.54768 19.896 0.133
4946.54128 19.856 0.162
4951.52104 19.797 0.195
