2166.84886 19.284 0.071
2172.89886 19.357 0.071
2183.89214 19.084 0.097
2189.85456 19.059 0.078
2192.75850 19.150 0.054
2201.76819 19.558 0.076
2212.80299 19.335 0.085
2217.78740 19.083 0.078
2226.78234 19.449 0.101
2228.82578 19.368 0.075
2230.73922 19.332 0.084
2232.75943 19.471 0.082
2234.75340 19.446 0.078
2238.70400 19.347 0.076
2240.83301 19.134 0.067
2242.83873 19.260 0.103
2248.72000 19.500 0.077
2251.74964 19.349 0.070
2253.76724 19.352 0.062
2255.69553 19.176 0.070
2258.69500 19.400 0.065
2261.66777 19.093 0.063
2264.80361 19.331 0.061
2269.77649 19.536 0.098
2271.71997 19.271 0.079
2273.81513 19.248 0.082
2275.78861 19.317 0.095
2277.79138 19.549 0.085
2279.78824 19.515 0.073
2281.75106 19.569 0.075
2283.80822 19.034 0.047
2289.74509 19.590 0.098
2291.75118 19.682 0.147
2293.71954 19.923 0.178
2295.74061 19.436 0.065
2297.73154 19.609 0.103
2299.76393 19.192 0.075
2301.66936 19.274 0.076
2303.66472 19.242 0.103
2323.56592 19.352 0.066
2326.57292 19.142 0.069
2332.51630 19.596 0.160
2338.53885 19.162 0.065
2355.50426 19.344 0.110
2387.49452 19.468 0.170
2521.91435 19.377 0.095
2542.82675 19.420 0.085
2544.88439 19.156 0.080
2551.87463 19.372 0.078
2555.89858 19.780 0.262
2559.81256 19.225 0.080
2563.85780 19.535 0.118
2573.78507 19.292 0.095
2577.84783 19.356 0.089
2583.74432 19.448 0.094
2589.78434 19.548 0.088
2594.80118 19.340 0.121
2599.85599 19.233 0.076
2609.66222 19.368 0.095
2611.66624 19.299 0.091
2617.81290 19.277 0.077
2620.78186 19.367 0.066
2623.75513 19.067 0.061
2626.68022 19.235 0.073
2627.62201 19.587 0.166
2628.84729 19.161 0.090
2630.83606 19.072 0.091
2632.62679 19.082 0.061
2635.62196 19.534 0.080
2637.76214 19.280 0.065
2639.77836 19.270 0.053
2641.65265 19.454 0.079
2643.66418 19.291 0.070
2645.65615 19.374 0.061
2647.58289 19.442 0.077
2651.65078 19.074 0.058
2653.67515 19.084 0.074
2655.66021 19.093 0.064
2657.79394 19.493 0.125
2659.66112 19.249 0.064
2661.68580 19.230 0.065
2665.78771 19.483 0.092
2671.79365 19.603 0.124
2675.72410 19.454 0.076
2677.75845 19.523 0.146
2679.74951 19.534 0.110
2682.60766 19.552 0.103
2686.57685 19.409 0.110
2695.58496 19.290 0.081
2700.53594 19.294 0.092
2706.51733 19.301 0.106
2713.52098 19.116 0.096
2735.50111 19.226 0.078
2841.92511 19.422 0.103
2868.88777 19.381 0.087
2890.83088 19.315 0.101
2895.86662 19.076 0.052
2900.82229 19.317 0.069
2906.85332 19.495 0.066
2910.88665 19.573 0.066
2915.88682 19.242 0.053
2921.88552 19.332 0.078
2925.85538 19.411 0.080
2933.81239 19.318 0.056
2939.82081 19.279 0.073
2941.83890 19.297 0.056
2943.71364 19.173 0.066
2946.81669 19.076 0.063
2948.80701 19.135 0.063
2952.80308 19.121 0.064
2955.85796 19.663 0.130
2958.67327 19.434 0.098
2962.68421 19.374 0.080
2965.70125 19.171 0.072
2967.80060 19.397 0.065
2970.71379 19.461 0.067
2974.70576 19.408 0.076
2976.73962 19.052 0.052
2978.63418 19.348 0.084
2980.66057 19.492 0.093
2982.61976 19.414 0.084
2984.66091 19.533 0.087
2986.74874 19.237 0.068
2988.71674 19.158 0.061
2990.65009 19.535 0.071
2992.73664 19.239 0.062
2994.64686 19.481 0.072
2996.73350 19.177 0.057
2998.69257 19.163 0.061
2999.78460 19.078 0.064
3001.66333 19.412 0.071
3003.65897 19.417 0.075
3005.61596 19.284 0.080
3007.73441 19.290 0.069
3009.67026 19.432 0.073
3011.61582 19.397 0.101
3013.64647 19.285 0.075
3017.62176 19.303 0.050
3018.71358 19.395 0.082
3020.78880 19.367 0.091
3022.81533 19.184 0.065
3024.76386 19.587 0.087
3026.76118 19.515 0.068
3028.76865 19.472 0.055
3030.77352 19.448 0.068
3033.70082 19.071 0.040
3035.70711 19.180 0.058
3038.68545 19.428 0.100
3040.68506 19.268 0.087
3042.62860 19.245 0.075
3044.56256 19.064 0.067
3046.57800 19.162 0.056
3048.56294 19.124 0.047
3050.58182 19.158 0.050
3052.57884 19.284 0.062
3054.57969 19.271 0.065
3056.57688 19.217 0.056
3058.57058 19.274 0.073
3060.59111 19.350 0.066
3064.58901 19.423 0.094
3067.65259 19.307 0.071
3069.61269 19.176 0.066
3073.52208 19.450 0.103
3075.61677 19.205 0.067
3078.53665 19.321 0.081
3082.52562 19.291 0.084
3084.60158 19.484 0.071
3087.56309 19.186 0.066
3090.51874 19.354 0.099
3093.50011 19.636 0.145
3098.60900 19.050 0.084
3101.56672 19.216 0.128
3104.53987 19.497 0.099
3107.51983 19.166 0.090
3111.51341 19.309 0.104
3114.50738 19.571 0.099
3115.53170 19.307 0.082
3126.47181 19.519 0.100
3144.48709 18.976 0.080
3224.88729 19.505 0.120
3239.92128 19.352 0.074
3247.89226 19.435 0.087
3256.87058 19.137 0.063
3263.83749 19.347 0.054
3268.86118 19.293 0.057
3273.83281 19.519 0.105
3276.85087 19.272 0.089
3281.81578 19.412 0.061
3289.82925 19.432 0.085
3294.82742 19.431 0.066
3296.83278 19.429 0.063
3298.86332 19.608 0.080
3301.68371 19.368 0.103
3303.85271 19.227 0.090
3306.82733 19.390 0.075
3308.84435 19.508 0.092
3310.87657 19.321 0.153
3320.68759 19.201 0.068
3323.64058 19.401 0.090
3325.78123 19.098 0.053
3329.81665 19.303 0.050
3334.71648 19.224 0.079
3338.77223 19.414 0.072
3349.78850 19.380 0.070
3351.77331 19.341 0.063
3354.74147 19.514 0.092
3358.62781 19.282 0.056
3361.72354 19.359 0.067
3363.71372 19.238 0.074
3367.66723 19.106 0.074
3372.68600 19.506 0.070
3377.72218 19.543 0.104
3386.74796 19.236 0.046
3391.59328 19.145 0.070
3395.65733 19.337 0.087
3398.70505 19.345 0.074
3402.65032 19.135 0.051
3404.57813 19.680 0.106
3408.53157 19.337 0.073
3412.57696 19.532 0.100
3414.60853 19.136 0.078
3419.57573 19.365 0.076
3426.51486 19.463 0.096
3433.56595 19.305 0.079
3443.53655 19.415 0.089
3453.50289 19.350 0.083
3574.93773 19.501 0.101
3588.92843 19.334 0.078
3589.87945 19.263 0.069
3614.91978 19.143 0.078
3617.87646 19.241 0.056
3629.81597 19.238 0.088
3634.78205 19.465 0.077
3639.89231 19.366 0.056
3641.82599 19.257 0.063
3650.82135 19.060 0.041
3653.84931 19.499 0.071
3657.79984 19.410 0.064
3660.76559 19.409 0.096
3664.80103 19.115 0.051
3668.73732 19.761 0.121
3671.87292 18.993 0.061
3676.84831 19.445 0.083
3684.79247 19.293 0.056
3687.71154 19.261 0.066
3689.81013 19.332 0.072
3692.73453 19.227 0.068
3694.80844 19.388 0.072
3696.68377 19.185 0.060
3699.69603 19.344 0.061
3701.74690 19.496 0.072
3704.71343 19.278 0.057
3706.76763 19.263 0.056
3711.65861 19.438 0.073
3713.67230 19.315 0.057
3716.72136 19.133 0.076
3719.73670 19.025 0.077
3722.80728 19.332 0.070
3726.67156 19.188 0.055
3728.64428 19.164 0.041
3731.74486 19.184 0.051
3733.63101 19.553 0.069
3734.73399 19.386 0.061
3736.75286 19.534 0.070
3737.64149 19.470 0.064
3739.70361 19.053 0.042
3741.73098 19.341 0.104
3743.70774 19.176 0.064
3746.75013 19.240 0.082
3748.70276 19.381 0.093
3750.70893 19.547 0.081
3752.71702 19.580 0.075
3754.73826 19.379 0.068
3755.65805 19.317 0.095
3757.63216 19.055 0.055
3759.59778 19.433 0.089
3762.68267 19.359 0.062
3765.70457 19.383 0.048
3769.74518 19.322 0.055
3772.71346 19.080 0.049
3775.70536 19.721 0.135
3778.68390 19.207 0.065
3782.59204 19.534 0.084
3786.56806 19.480 0.082
3791.56440 19.123 0.055
3798.56405 19.455 0.071
3805.55123 19.252 0.072
3820.49656 19.387 0.076
3938.94570 19.601 0.219
3961.92688 19.312 0.091
3968.90896 19.223 0.067
3974.90496 19.427 0.087
3981.79794 19.500 0.096
3988.87390 19.241 0.078
3995.83290 19.337 0.075
4002.82903 19.517 0.073
4005.77910 19.454 0.071
4007.78327 19.533 0.065
4011.76369 19.430 0.078
4018.74535 19.391 0.093
4023.79775 19.075 0.045
4026.71344 19.420 0.068
4028.84949 19.318 0.051
4031.73721 19.274 0.062
4037.84614 19.415 0.069
4040.81350 19.368 0.072
4042.82827 19.134 0.058
4046.70409 19.410 0.092
4048.79302 19.274 0.073
4052.63592 19.431 0.061
4053.83359 19.487 0.071
4056.65428 19.190 0.099
4059.66442 19.127 0.063
4064.62890 19.430 0.058
4066.60849 19.367 0.082
4069.67586 19.173 0.060
4071.60095 19.797 0.126
4076.65406 19.395 0.102
4079.68928 19.385 0.088
4082.67964 19.796 0.109
4084.75948 19.360 0.077
4087.67895 19.410 0.075
4093.76797 19.361 0.066
4102.65620 19.142 0.088
4104.80297 19.278 0.096
4109.66384 19.453 0.075
4113.68245 19.564 0.069
4119.62065 19.447 0.089
4122.66951 19.379 0.066
4125.71692 19.179 0.071
4129.71634 19.092 0.054
4142.57454 19.163 0.065
4150.55102 19.149 0.051
4154.53277 19.162 0.099
4165.57872 19.326 0.081
4183.52499 19.289 0.097
4340.89943 19.112 0.047
4346.88672 19.224 0.080
4350.90612 19.231 0.057
4357.83973 19.497 0.098
4363.76822 19.264 0.074
4365.79184 19.326 0.100
4369.78742 19.339 0.099
4372.76210 19.247 0.061
4376.85266 19.549 0.098
4379.85923 19.322 0.073
4383.86331 19.091 0.065
4388.80337 19.379 0.096
4393.73118 19.265 0.073
4398.80639 19.403 0.077
4403.74704 19.550 0.121
4411.74221 19.507 0.074
4417.82508 19.149 0.049
4421.73747 19.368 0.057
4425.81069 19.397 0.116
4429.72145 19.133 0.092
4432.76299 19.483 0.074
4436.68949 19.293 0.079
4439.73368 19.114 0.073
4442.71107 19.450 0.088
4448.76675 19.362 0.067
4450.77141 19.244 0.074
4453.74723 19.336 0.069
4456.76058 19.212 0.077
4459.67061 19.239 0.078
4462.67260 19.416 0.080
4465.71282 19.336 0.054
4469.66598 19.207 0.075
4474.66798 19.488 0.076
4478.77075 19.131 0.058
4481.76951 19.451 0.085
4484.67925 19.121 0.082
4487.74163 19.420 0.134
4492.69418 19.147 0.061
4494.72864 19.224 0.075
4499.61036 19.366 0.078
4502.68322 19.326 0.087
4507.64194 19.298 0.075
4509.63921 19.391 0.091
4516.54750 19.582 0.140
4520.63647 19.220 0.101
4522.54646 19.593 0.113
4524.56049 19.576 0.111
4530.56563 19.004 0.071
4532.55767 19.207 0.091
4537.55571 19.487 0.101
4540.60444 19.185 0.082
4549.56089 19.380 0.097
4560.49936 19.199 0.077
4567.51093 19.581 0.126
4574.53195 19.224 0.085
4592.46960 19.425 0.133
4681.92300 19.098 0.053
4691.88870 19.032 0.063
4702.90065 19.386 0.097
4719.81624 19.146 0.067
4722.90502 19.147 0.058
4726.89061 19.077 0.053
4731.86697 19.314 0.063
4747.83939 19.329 0.057
4751.88571 19.442 0.074
4756.80974 19.107 0.065
4759.85680 19.673 0.103
4762.81658 19.173 0.055
4768.79455 19.149 0.061
4771.83669 19.478 0.084
4774.84607 19.400 0.069
4776.87104 19.333 0.154
4780.83245 19.569 0.102
4783.80234 19.461 0.083
4788.73178 19.110 0.065
4791.70915 19.343 0.060
4794.71347 19.062 0.053
4797.69492 19.447 0.083
4800.73815 19.196 0.052
4802.76977 19.358 0.069
4804.79391 19.432 0.074
4805.81697 19.133 0.053
4807.76786 19.141 0.061
4810.72582 19.192 0.062
4812.78539 19.345 0.132
4814.67495 19.047 0.075
4816.67177 19.064 0.069
4818.69396 19.253 0.065
4820.70078 19.338 0.061
4823.71439 19.323 0.070
4825.80155 19.306 0.088
4831.84392 19.455 0.102
4832.80416 19.134 0.070
4834.77324 19.363 0.078
4837.67324 19.269 0.085
4839.70177 19.154 0.065
4841.73812 19.153 0.071
4843.73732 19.243 0.095
4846.70328 19.549 0.097
4850.72129 19.563 0.085
4852.71533 19.369 0.069
4855.72274 19.512 0.101
4857.70089 19.274 0.079
4863.65492 19.117 0.073
4866.66801 19.609 0.094
4868.66611 19.373 0.074
4870.65558 19.584 0.107
4873.68615 19.342 0.085
4875.58321 18.910 0.046
4876.61385 19.478 0.070
4878.63877 19.501 0.066
4882.55803 19.450 0.099
4884.62044 19.531 0.096
4888.53686 19.378 0.074
4900.56847 19.378 0.099
4904.59420 19.183 0.088
4913.57197 19.347 0.093
4918.54859 19.331 0.090
4924.56289 19.116 0.057
4928.55829 19.199 0.073
4930.50953 19.403 0.111
4934.50630 19.249 0.076
4938.49757 19.261 0.091
4942.51413 19.133 0.072
4947.50748 19.467 0.098
