2166.85243 19.321 0.071
2172.90243 19.750 0.114
2183.89570 19.581 0.168
2189.85811 19.351 0.095
2192.76180 19.547 0.077
2201.77173 19.596 0.075
2212.80630 19.282 0.080
2217.79070 19.630 0.128
2223.81128 19.436 0.098
2226.78564 19.514 0.098
2228.82907 19.459 0.087
2230.74251 19.491 0.088
2232.76274 19.321 0.070
2234.75669 19.510 0.081
2238.70735 19.503 0.087
2240.83629 19.497 0.095
2242.84203 19.516 0.132
2248.72329 19.385 0.069
2251.75292 19.527 0.078
2253.77052 19.340 0.058
2255.69883 19.635 0.102
2258.69829 19.259 0.061
2264.80691 19.422 0.063
2269.77979 19.357 0.100
2271.72327 19.095 0.067
2273.81842 19.473 0.102
2275.79191 19.264 0.084
2277.79467 19.230 0.064
2279.79152 19.373 0.080
2281.75434 19.456 0.064
2283.81153 19.377 0.063
2291.75449 19.462 0.110
2295.74391 19.348 0.061
2297.73483 19.293 0.077
2299.76725 19.477 0.098
2301.67267 19.309 0.087
2303.66804 19.179 0.091
2323.56949 19.290 0.063
2326.57647 19.489 0.089
2332.51987 19.444 0.131
2338.54243 19.539 0.086
2355.50784 19.314 0.106
2387.49816 19.486 0.175
2521.91793 19.349 0.111
2542.83008 19.289 0.077
2544.88798 19.352 0.099
2551.87821 19.338 0.075
2559.81612 19.354 0.091
2563.86136 19.367 0.098
2573.78836 19.317 0.092
2577.85114 19.565 0.098
2583.74762 19.524 0.097
2589.78788 19.379 0.075
2594.80471 19.529 0.152
2599.85951 19.444 0.103
2609.66576 19.454 0.098
2611.66969 19.299 0.099
2617.81636 19.442 0.091
2620.78536 19.295 0.060
2623.75858 19.360 0.078
2626.68368 19.290 0.072
2627.62546 19.381 0.133
2628.85077 19.262 0.099
2630.83952 19.621 0.163
2632.63025 19.533 0.081
2635.62525 19.244 0.069
2639.78166 19.437 0.060
2641.65595 19.476 0.076
2643.66764 19.275 0.066
2645.65943 19.375 0.065
2647.58618 19.335 0.072
2651.65425 19.426 0.083
2653.67846 19.235 0.080
2655.66349 19.545 0.092
2657.79724 19.374 0.103
2659.66443 19.471 0.073
2661.68910 19.543 0.081
2665.79103 19.284 0.073
2671.79696 19.530 0.097
2673.72989 19.446 0.116
2675.72739 19.530 0.080
2679.75284 19.493 0.103
2682.61117 19.388 0.093
2686.58562 19.567 0.116
2691.53109 19.195 0.089
2695.58845 19.380 0.089
2700.53944 19.349 0.097
2706.52086 19.140 0.097
2713.52449 19.490 0.136
2841.92868 19.388 0.100
2890.83442 19.466 0.115
2895.87016 19.376 0.070
2900.82580 19.506 0.075
2906.85681 19.304 0.056
2910.89015 19.334 0.056
2915.89032 19.318 0.056
2921.88904 19.345 0.080
2925.85887 19.490 0.084
2930.77145 19.369 0.084
2933.81586 19.541 0.067
2939.82428 19.504 0.095
2941.84237 19.495 0.065
2943.71714 19.441 0.086
2946.82019 19.360 0.081
2948.81049 19.556 0.089
2952.80653 19.311 0.073
2955.86143 19.299 0.103
2958.67671 19.598 0.116
2962.68767 19.496 0.088
2965.70470 19.423 0.082
2967.80407 19.566 0.073
2970.71726 19.476 0.070
2974.70924 19.351 0.072
2976.74308 19.440 0.069
2978.63762 19.298 0.077
2980.66403 19.624 0.103
2982.62321 19.362 0.078
2984.66437 19.519 0.084
2986.75219 19.429 0.077
2988.72017 19.522 0.080
2990.65356 19.432 0.066
2992.74008 19.513 0.072
2994.65094 19.256 0.056
2996.74125 19.431 0.070
2998.69603 19.400 0.069
2999.78805 19.536 0.087
3001.66679 19.389 0.066
3003.66244 19.424 0.076
3005.61941 19.244 0.073
3007.73787 19.466 0.077
3009.67371 19.315 0.065
3011.61927 19.447 0.100
3013.64994 19.645 0.100
3017.62523 19.262 0.048
3018.71707 19.352 0.075
3020.79227 19.543 0.095
3022.81879 19.288 0.072
3024.76732 19.362 0.067
3026.76465 19.453 0.059
3028.77213 19.507 0.061
3030.77700 19.460 0.063
3033.70429 19.334 0.049
3035.71058 19.592 0.081
3038.68892 19.535 0.102
3040.68855 19.342 0.084
3042.63209 19.396 0.088
3044.56602 19.526 0.099
3046.58150 19.239 0.063
3048.56644 19.422 0.059
3050.58532 19.548 0.065
3052.58234 19.321 0.060
3054.58317 19.467 0.073
3056.58038 19.399 0.065
3060.59462 19.543 0.078
3064.59248 19.450 0.093
3067.65611 19.505 0.083
3069.61620 19.525 0.098
3073.52559 19.330 0.095
3075.62030 19.391 0.073
3078.54017 19.422 0.089
3082.52915 19.375 0.083
3084.60509 19.394 0.059
3087.56664 19.511 0.083
3090.52229 19.693 0.130
3093.50363 19.372 0.113
3098.61256 19.687 0.155
3101.57025 19.143 0.125
3104.54347 19.584 0.109
3107.52338 19.563 0.142
3111.51695 19.454 0.109
3114.51093 19.380 0.086
3115.53524 19.394 0.088
3126.47537 19.392 0.088
3144.49066 19.518 0.120
3224.89084 19.471 0.111
3239.92483 19.454 0.077
3247.89578 19.368 0.072
3256.87408 19.396 0.071
3263.84102 19.272 0.048
3268.86468 19.451 0.059
3273.83630 19.308 0.078
3276.85436 19.463 0.091
3281.81929 19.504 0.064
3289.83275 19.415 0.086
3294.83092 19.453 0.066
3296.83625 19.347 0.063
3298.86679 19.219 0.053
3301.68717 19.370 0.099
3303.85619 19.474 0.100
3306.83080 19.307 0.069
3308.84782 19.513 0.088
3311.65796 19.531 0.102
3320.69107 19.312 0.072
3323.64405 19.255 0.069
3329.82011 19.537 0.059
3334.71994 19.261 0.077
3338.77568 19.570 0.076
3349.79197 19.674 0.076
3351.77677 19.481 0.061
3354.74493 19.290 0.070
3358.63123 19.332 0.056
3361.72701 19.339 0.064
3363.71716 19.341 0.077
3367.67068 19.458 0.095
3372.68946 19.447 0.061
3377.72562 19.363 0.082
3380.74126 19.097 0.073
3386.75142 19.389 0.049
3391.59674 19.477 0.087
3395.66081 19.338 0.081
3398.70850 19.555 0.086
3402.65380 19.381 0.059
3404.58162 19.429 0.078
3408.53507 19.260 0.067
3412.58041 19.392 0.082
3414.61197 19.551 0.094
3419.57919 19.718 0.106
3426.51831 19.415 0.086
3433.56944 19.499 0.095
3443.54003 19.386 0.072
3453.50640 19.422 0.083
3574.94128 19.621 0.124
3588.93195 19.708 0.116
3589.88298 19.685 0.093
3614.92326 19.263 0.132
3617.87994 19.381 0.063
3629.81943 19.558 0.104
3634.78555 19.586 0.084
3639.89581 19.454 0.063
3641.82945 19.485 0.075
3650.82481 19.414 0.058
3653.85276 19.447 0.065
3657.80330 19.277 0.049
3660.76904 19.520 0.106
3664.80449 19.491 0.070
3668.74079 19.723 0.115
3671.87635 19.654 0.111
3676.85174 19.414 0.071
3684.79592 19.450 0.063
3687.71498 19.436 0.067
3689.81356 19.263 0.059
3692.73796 19.350 0.071
3694.81188 19.378 0.069
3696.68720 19.164 0.053
3699.69946 19.317 0.052
3701.75031 19.553 0.071
3704.71686 19.412 0.059
3706.77105 19.486 0.061
3711.66204 19.393 0.070
3713.67571 19.446 0.059
3716.72476 19.451 0.094
3719.75251 19.410 0.108
3722.81072 19.380 0.075
3726.67498 19.560 0.070
3728.64773 19.443 0.049
3731.74829 19.505 0.065
3733.63444 19.406 0.059
3734.73741 19.480 0.059
3736.75630 19.360 0.059
3737.64489 19.335 0.054
3739.70703 19.432 0.056
3743.71119 19.282 0.065
3746.75358 19.237 0.082
3748.70620 19.291 0.077
3750.71237 19.507 0.073
3752.72044 19.635 0.077
3754.74170 19.419 0.070
3755.66149 19.514 0.092
3757.63560 19.365 0.069
3759.60122 19.447 0.082
3762.68609 19.463 0.064
3765.70802 19.324 0.043
3769.74861 19.464 0.061
3772.71691 19.418 0.066
3775.70885 19.270 0.088
3778.68736 19.477 0.084
3782.59548 19.324 0.069
3786.57153 19.372 0.072
3791.56787 19.568 0.072
3798.56754 19.567 0.076
3805.55472 19.416 0.081
3820.50005 19.238 0.067
3944.93363 19.282 0.088
3961.93035 19.336 0.087
3968.91241 19.523 0.081
3974.90838 19.445 0.087
3981.80140 19.575 0.106
3988.87734 19.451 0.092
3995.83634 19.421 0.077
4002.83245 19.405 0.059
4005.78249 19.478 0.067
4007.78669 19.430 0.061
4011.76713 19.554 0.081
4018.75270 19.506 0.094
4023.80621 19.304 0.056
4026.71686 19.334 0.063
4028.85290 19.391 0.054
4031.74063 19.466 0.082
4037.84952 19.377 0.064
4040.81687 19.488 0.075
4042.83166 19.553 0.083
4046.70748 19.512 0.089
4048.79642 19.373 0.078
4052.63931 19.447 0.061
4053.83699 19.313 0.056
4059.66778 19.494 0.078
4064.63228 19.404 0.060
4066.61187 19.316 0.065
4069.67925 19.397 0.071
4071.60432 19.229 0.067
4076.65741 19.411 0.083
4079.69266 19.541 0.102
4082.68301 19.611 0.083
4084.76287 19.290 0.071
4087.68233 19.321 0.069
4093.77135 19.452 0.063
4102.65956 19.674 0.142
4104.80636 19.302 0.093
4109.66723 19.448 0.056
4113.68582 19.394 0.058
4119.62403 19.356 0.080
4122.67291 19.236 0.054
4125.72028 19.285 0.078
4129.71974 19.262 0.059
4142.57797 19.445 0.086
4150.55444 19.373 0.061
4154.53619 19.426 0.108
4165.58216 19.391 0.091
4184.50226 19.417 0.126
4340.90288 19.410 0.060
4346.89097 19.407 0.083
4350.90956 19.361 0.064
4357.84318 19.324 0.088
4363.77162 19.331 0.081
4365.79526 19.260 0.100
4369.79087 19.514 0.114
4372.76555 19.257 0.063
4376.85610 19.489 0.095
4379.86266 19.481 0.078
4383.86674 19.221 0.059
4388.86071 19.150 0.069
4393.73461 19.516 0.080
4398.80981 19.370 0.071
4403.75043 19.690 0.160
4411.74560 19.281 0.064
4417.82846 19.345 0.058
4421.74085 19.508 0.063
4425.81407 19.374 0.092
4429.72482 19.276 0.109
4432.76637 19.218 0.060
4436.69288 19.464 0.088
4439.73706 19.283 0.072
4442.71444 19.457 0.092
4448.77012 19.373 0.063
4450.77481 19.549 0.103
4453.75062 19.360 0.072
4456.76396 19.458 0.093
4459.67398 19.290 0.066
4462.67597 19.476 0.081
4465.71621 19.472 0.060
4469.66935 19.366 0.088
4474.67137 19.446 0.070
4478.77413 19.413 0.077
4481.77292 19.407 0.078
4484.68265 19.616 0.115
4487.74501 19.152 0.103
4492.69759 19.406 0.080
4494.73202 19.547 0.097
4499.61366 19.302 0.072
4502.68649 19.362 0.091
4507.64524 19.629 0.095
4509.64251 19.282 0.081
4522.54988 19.538 0.103
4524.56389 19.209 0.077
4530.56906 19.326 0.091
4532.56110 19.599 0.127
4537.55915 19.408 0.092
4540.60790 19.473 0.105
4549.56432 19.449 0.102
4560.50283 19.536 0.108
4567.51440 19.934 0.182
4574.53542 19.260 0.088
4592.47308 19.377 0.124
4681.92649 19.648 0.081
4691.89218 19.361 0.077
4702.90411 19.422 0.097
4719.81967 19.426 0.092
4722.90844 19.486 0.073
4726.89406 19.541 0.078
4731.87042 19.275 0.060
4747.84281 19.491 0.066
4751.88911 19.491 0.094
4756.81316 19.489 0.095
4759.86023 19.565 0.088
4762.82000 19.528 0.078
4768.79795 19.540 0.082
4771.84008 19.529 0.104
4774.84947 19.222 0.060
4777.68690 19.560 0.080
4780.83586 19.405 0.084
4783.80575 19.376 0.076
4788.73515 19.328 0.076
4791.71255 19.537 0.067
4794.71687 19.316 0.073
4797.69831 19.431 0.081
4800.74153 19.576 0.070
4802.77315 19.293 0.066
4804.79728 19.274 0.061
4805.82038 19.528 0.077
4807.77124 19.392 0.072
4810.72919 19.580 0.087
4812.78876 19.431 0.128
4814.67835 19.623 0.111
4816.67515 19.371 0.083
4818.69733 19.391 0.070
4820.70416 19.368 0.064
4823.71776 19.512 0.078
4825.80495 19.378 0.087
4831.84732 19.466 0.115
4832.80754 19.649 0.106
4834.77663 19.390 0.083
4837.67662 19.602 0.109
4839.70517 19.494 0.083
4841.74149 19.614 0.103
4843.74071 19.303 0.093
4846.70666 19.327 0.082
4850.72470 19.534 0.080
4852.71874 19.348 0.073
4855.72614 19.497 0.102
4857.70429 19.293 0.088
4863.65834 19.516 0.111
4866.67143 19.250 0.064
4868.66951 19.545 0.084
4870.65897 19.387 0.102
4873.68958 19.420 0.088
4875.58661 19.383 0.070
4876.61728 19.528 0.067
4878.64221 19.235 0.053
4882.56145 19.348 0.086
4884.62388 19.303 0.076
4888.54030 19.596 0.093
4900.57193 19.871 0.159
4904.59766 19.539 0.121
4913.57544 19.408 0.104
4918.55204 19.456 0.092
4924.56625 19.355 0.075
4928.56164 19.415 0.089
4930.51286 19.403 0.116
4934.50967 19.192 0.080
4938.50091 19.692 0.144
4942.51750 19.585 0.109
4947.51084 19.505 0.099
