2166.88865 20.495 0.205
2167.83125 20.812 0.258
2173.80914 20.797 0.267
2173.83864 20.576 0.185
2189.88054 20.623 0.319
2190.77641 21.617 0.614
2192.78377 20.717 0.218
2192.81178 20.560 0.160
2201.79658 20.611 0.165
2212.82828 20.380 0.218
2214.77915 20.764 0.258
2217.81307 21.234 0.557
2223.83293 21.147 0.385
2224.73592 20.648 0.211
2226.81291 20.676 0.252
2226.84011 21.424 0.592
2228.84992 20.765 0.392
2229.65203 20.369 0.198
2230.76343 21.139 0.363
2232.78322 21.748 0.790
2234.77739 20.940 0.263
2238.74107 20.207 0.160
2239.59000 21.275 0.528
2241.65153 20.841 0.349
2242.86317 21.101 0.701
2243.71011 20.819 0.298
2248.75076 20.748 0.226
2248.78252 20.612 0.193
2250.83364 20.259 0.159
2251.71271 20.441 0.203
2252.64175 20.746 0.228
2253.79680 21.342 0.376
2254.63266 20.217 0.134
2255.67175 21.081 0.376
2257.63657 20.492 0.155
2261.69199 21.155 0.355
2264.73640 20.794 0.192
2264.77306 21.362 0.372
2266.63421 20.724 0.271
2269.80646 20.246 0.168
2270.63032 20.842 0.239
2271.74901 20.716 0.253
2271.78113 21.200 0.355
2273.75505 20.920 0.337
2273.83893 20.958 0.415
2274.62180 21.491 0.760
2275.81803 20.363 0.222
2276.69492 21.754 0.733
2277.63967 20.954 0.228
2278.62922 21.105 0.367
2279.81202 20.405 0.227
2280.62740 21.283 0.412
2281.79883 21.246 0.352
2282.63596 20.369 0.226
2283.83305 20.286 0.137
2284.62722 20.510 0.280
2288.73919 21.316 0.375
2289.76961 20.227 0.187
2290.77758 20.278 0.165
2291.77772 20.450 0.262
2292.75406 23.041 3.075
2293.74349 20.913 0.357
2294.72912 20.370 0.299
2295.76537 21.255 0.367
2296.73951 20.520 0.313
2297.75866 20.923 0.356
2298.75889 21.180 0.472
2299.78784 20.073 0.176
2300.71196 20.544 0.244
2301.69333 20.579 0.360
2302.68851 21.165 0.436
2303.68950 20.515 0.331
2304.73407 20.515 0.314
2321.63932 20.502 0.226
2321.66150 20.906 0.324
2327.51782 20.365 0.264
2332.55070 21.284 0.650
2332.58766 20.597 0.334
2333.51476 20.461 0.279
2333.54599 20.555 0.330
2333.55724 21.825 1.011
2339.50290 20.599 0.379
2339.53369 20.973 0.547
2347.49761 21.170 0.552
2357.50486 23.751 9.492
2395.50574 20.442 0.325
2402.49139 20.369 0.263
2524.88734 20.403 0.237
2526.89800 20.670 0.184
2537.88729 20.750 0.384
2542.85050 20.340 0.172
2551.90047 21.115 0.830
2552.82811 20.514 0.242
2556.79023 20.542 0.218
2556.81968 21.062 0.300
2559.83839 20.658 0.264
2563.88367 20.223 0.209
2564.80639 20.367 0.193
2564.83616 20.639 0.250
2573.80883 21.053 0.416
2573.83615 20.571 0.246
2577.87275 22.001 1.202
2578.76053 20.676 0.280
2583.76855 20.868 0.335
2589.81065 20.424 0.178
2596.69895 20.583 0.395
2596.73042 20.425 0.268
2605.70019 20.303 0.189
2605.73345 21.126 0.340
2609.69091 20.581 0.285
2614.62344 20.462 0.200
2618.68342 20.781 0.256
2618.72023 20.378 0.194
2620.81147 20.643 0.178
2623.78234 21.013 0.330
2627.64760 21.022 0.600
2627.67543 21.032 0.496
2629.67113 20.702 0.284
2629.69849 21.085 0.536
2631.69107 20.910 0.402
2631.75031 20.990 0.432
2634.71870 20.721 0.216
2634.75247 20.295 0.175
2635.59129 20.439 0.157
2637.79036 20.574 0.243
2639.61624 20.437 0.142
2641.68123 20.298 0.152
2645.67994 20.689 0.175
2647.63765 20.268 0.189
2650.82631 21.254 0.385
2650.85258 20.672 0.223
2653.61922 20.506 0.226
2654.66282 20.726 0.315
2655.72869 20.669 0.241
2656.63490 20.349 0.202
2657.58519 20.555 0.236
2658.59880 19.959 0.163
2659.60020 21.325 0.477
2661.81816 20.644 0.307
2665.83715 21.927 1.257
2668.58623 20.428 0.236
2670.59225 20.570 0.241
2672.57810 21.104 0.479
2674.60022 20.205 0.147
2676.58667 21.071 0.323
2678.65475 20.851 0.231
2680.58515 21.084 0.384
2682.63349 20.546 0.243
2682.66267 20.556 0.280
2686.62804 20.418 0.247
2687.53523 21.299 0.872
2691.57325 20.437 0.279
2691.60556 20.837 0.467
2695.61037 20.244 0.181
2696.52832 21.699 0.866
2700.56359 20.609 0.232
2701.51048 20.012 0.209
2706.58326 20.850 0.424
2707.50787 20.926 0.442
2713.54724 20.481 0.293
2714.50674 20.671 0.395
2840.92597 20.214 0.219
2868.86577 20.600 0.253
2879.89783 20.799 0.327
2885.83074 20.741 0.220
2892.86036 20.853 0.368
2897.82970 20.120 0.218
2899.83831 20.608 0.212
2903.87549 20.789 0.201
2906.87867 20.916 0.244
2911.75850 20.960 0.263
2911.78735 20.147 0.118
2916.80255 20.421 0.150
2916.83759 20.927 0.247
2922.79248 20.545 0.318
2922.82143 20.749 0.340
2925.88099 20.383 0.206
2930.79361 21.060 0.327
2933.83796 20.439 0.156
2939.84630 20.545 0.236
2940.70353 20.427 0.154
2942.79284 20.646 0.194
2942.82596 21.048 0.302
2944.84030 21.085 0.395
2946.84223 20.852 0.293
2947.71851 20.230 0.184
2948.85865 20.356 0.161
2952.83276 20.922 0.284
2956.67205 20.386 0.163
2958.69873 20.901 0.294
2962.70961 20.566 0.212
2965.72869 20.824 0.206
2967.82751 20.527 0.148
2967.85827 20.510 0.180
2970.79361 20.702 0.175
2972.85710 20.441 0.202
2974.73140 20.657 0.191
2976.76613 20.884 0.243
2978.72993 20.856 0.269
2978.80749 20.394 0.199
2980.68622 20.892 0.289
2982.64566 20.128 0.156
2984.69621 21.034 0.326
2986.77431 20.913 0.282
2988.74360 20.616 0.248
2988.77329 20.658 0.227
2989.78924 20.598 0.186
2990.61581 20.902 0.283
2991.62965 21.005 0.269
2992.76518 21.123 0.286
2993.61705 21.023 0.272
2994.61260 20.816 0.262
2995.62217 20.594 0.137
2995.71618 20.805 0.190
2997.63116 20.859 0.224
2997.69564 20.746 0.227
2999.74932 20.502 0.196
3001.71892 20.957 0.260
3001.75356 20.096 0.142
3003.69386 20.478 0.182
3003.72517 20.567 0.186
3005.60093 20.775 0.315
3005.68696 20.434 0.247
3007.69885 20.613 0.206
3009.69571 20.289 0.180
3009.72979 20.660 0.231
3011.66874 20.878 0.372
3011.70402 20.489 0.246
3013.67199 20.820 0.271
3013.70996 20.409 0.183
3017.71135 20.221 0.153
3019.60999 21.415 0.402
3019.63936 20.496 0.196
3021.72912 20.571 0.191
3021.75817 20.787 0.200
3022.84083 20.504 0.194
3023.61995 21.088 0.279
3024.78944 21.173 0.322
3024.82108 20.427 0.204
3026.78662 21.347 0.327
3026.81770 20.592 0.145
3028.79883 21.116 0.271
3029.62209 20.412 0.149
3031.66233 20.766 0.180
3031.69201 20.906 0.229
3033.72629 21.113 0.229
3033.75552 20.452 0.126
3035.73262 20.754 0.214
3035.76256 20.565 0.185
3038.71102 20.482 0.206
3038.74006 20.743 0.311
3040.71069 20.509 0.269
3041.57914 23.338 3.988
3042.65462 20.821 0.333
3043.61459 20.923 0.345
3044.58850 21.132 0.433
3045.64819 20.609 0.220
3045.67748 20.571 0.218
3047.60229 20.736 0.262
3047.63121 20.481 0.213
3049.60790 20.867 0.199
3049.63692 20.506 0.133
3051.57517 20.604 0.193
3051.60510 20.549 0.203
3053.57030 20.482 0.169
3053.59939 20.814 0.261
3055.56942 20.270 0.149
3055.59856 20.980 0.340
3057.59427 20.412 0.171
3057.62398 20.897 0.256
3059.56790 21.111 0.290
3060.61674 20.396 0.160
3061.56094 20.787 0.281
3064.62105 20.677 0.274
3067.67806 20.605 0.205
3068.50227 20.745 0.499
3070.52640 20.702 0.303
3070.55790 21.127 0.451
3073.55862 20.858 0.412
3073.59305 21.145 0.477
3075.64228 20.816 0.270
3075.67160 21.063 0.479
3078.56235 20.333 0.231
3078.59180 20.535 0.224
3082.55177 19.990 0.144
3082.58105 20.565 0.222
3084.62780 20.297 0.133
3084.65813 20.648 0.225
3087.59034 20.604 0.214
3087.62078 20.872 0.241
3090.54635 21.417 0.600
3090.58422 20.183 0.219
3096.49118 23.195 4.070
3099.48890 20.665 0.261
3099.57214 20.452 0.260
3102.51527 20.597 0.250
3102.55095 21.564 0.718
3105.55432 20.863 0.403
3105.58368 20.513 0.279
3108.53273 20.262 0.165
3108.56160 20.737 0.234
3112.50291 20.785 0.330
3112.53331 20.654 0.247
3116.49138 20.700 0.288
3116.52023 20.772 0.292
3126.49707 20.102 0.139
3127.48662 20.753 0.233
3140.47627 20.651 0.323
3144.51243 21.214 0.566
3223.87647 20.729 0.342
3224.86977 20.946 0.354
3241.85376 21.916 1.099
3241.86279 20.546 0.265
3247.91754 20.326 0.171
3248.82623 20.971 0.503
3256.89608 20.301 0.172
3257.85411 20.853 0.229
3263.87103 20.539 0.133
3268.88653 21.147 0.302
3270.84310 20.966 0.297
3273.86187 21.516 0.655
3273.89109 21.013 0.339
3276.90202 20.084 0.173
3281.84119 20.760 0.168
3287.70275 22.992 1.994
3287.73200 20.993 0.252
3289.85490 20.857 0.298
3294.85296 20.218 0.115
3295.68429 20.450 0.124
3296.85814 20.560 0.170
3297.68281 20.591 0.179
3299.70944 20.433 0.159
3299.74286 20.535 0.167
3301.70916 20.823 0.374
3301.74485 20.477 0.217
3303.87813 21.240 0.460
3304.80076 20.826 0.299
3306.85280 20.389 0.180
3307.67561 20.652 0.373
3308.86962 20.611 0.225
3309.71100 21.158 0.352
3311.67996 20.629 0.242
3320.72274 20.876 0.218
3323.67889 20.241 0.156
3323.68648 20.551 0.214
3327.69179 20.629 0.205
3327.72322 20.501 0.186
3329.84237 21.126 0.256
3334.74834 21.213 0.498
3338.79844 20.612 0.189
3338.82779 21.215 0.366
3340.84288 20.397 0.182
3350.62475 21.004 0.261
3354.63047 21.114 0.355
3354.70773 21.637 0.499
3358.68392 20.150 0.149
3358.78442 20.665 0.134
3361.78421 21.274 0.351
3361.82149 20.194 0.122
3363.73915 20.526 0.222
3365.72389 21.382 0.535
3367.69295 20.188 0.162
3372.71142 20.913 0.232
3372.74018 21.417 0.323
3378.62408 22.163 0.906
3378.65289 20.783 0.239
3382.60231 21.372 0.743
3387.61042 20.644 0.225
3387.63946 20.536 0.277
3391.68699 20.415 0.189
3394.73216 20.745 0.265
3395.68304 20.242 0.194
3399.65650 20.558 0.224
3399.68938 19.738 0.123
3402.67600 21.304 0.333
3403.67661 20.870 0.311
3404.60657 20.850 0.233
3408.55717 20.154 0.135
3408.58601 20.898 0.259
3412.60265 21.456 0.448
3412.63136 20.801 0.308
3416.58609 20.397 0.162
3417.55878 20.521 0.238
3424.58915 20.438 0.232
3425.56699 21.382 0.719
3430.56349 20.628 0.219
3437.50168 20.935 0.393
3437.53043 20.852 0.228
3445.50187 20.734 0.357
3445.53576 24.655 9.563
3453.52817 20.970 0.387
3455.49240 21.945 1.243
3460.48398 20.998 0.381
3462.50339 21.328 0.500
3477.47863 20.242 0.199
3582.90995 20.004 0.153
3589.91672 20.313 0.151
3601.85598 20.829 0.337
3617.90221 20.276 0.157
3618.89013 20.747 0.198
3629.84189 21.179 0.435
3634.80730 20.468 0.181
3639.83135 20.249 0.120
3639.86019 21.095 0.234
3641.85111 20.480 0.208
3643.84073 20.351 0.185
3644.78612 21.022 0.263
3650.84645 20.280 0.122
3653.87433 20.940 0.236
3654.77427 20.882 0.223
3657.82498 21.306 0.354
3661.80832 20.591 0.264
3664.82605 20.893 0.228
3666.80548 20.861 0.319
3671.83341 21.437 0.416
3675.82152 20.998 0.267
3683.84426 21.010 0.262
3684.76005 21.018 0.240
3687.73696 20.776 0.207
3687.76571 20.550 0.172
3689.83542 21.033 0.322
3689.86633 20.678 0.291
3692.76131 20.630 0.238
3694.77625 20.433 0.168
3696.71872 20.910 0.227
3699.72128 20.892 0.217
3701.77238 20.510 0.166
3702.85031 20.727 0.172
3703.85954 20.400 0.204
3705.75712 20.492 0.149
3706.81013 20.495 0.161
3708.71570 20.666 0.250
3711.68382 21.161 0.354
3712.70258 20.855 0.236
3713.69750 20.870 0.219
3716.79667 20.926 0.285
3716.85457 21.614 0.672
3719.77758 20.987 0.471
3725.76925 20.870 0.309
3727.74403 21.421 0.391
3730.63931 20.521 0.127
3730.66788 20.641 0.147
3732.66384 20.596 0.167
3732.69260 21.110 0.251
3734.76183 20.565 0.146
3736.77819 20.163 0.140
3736.80692 20.975 0.286
3737.66678 20.901 0.185
3737.69529 20.794 0.223
3739.76582 20.822 0.214
3742.58874 21.173 0.564
3742.68023 20.165 0.199
3745.70024 21.205 0.291
3745.75593 20.519 0.174
3747.72982 20.490 0.291
3749.61263 20.794 0.374
3750.73532 20.486 0.298
3751.71678 20.934 0.309
3752.74600 20.626 0.201
3753.58836 20.664 0.279
3754.76371 20.755 0.285
3755.62591 20.845 0.299
3756.58726 21.025 0.259
3757.65877 20.839 0.251
3759.72298 20.793 0.219
3761.77250 20.798 0.227
3762.71130 20.696 0.215
3765.72986 20.762 0.135
3770.57136 20.308 0.144
3773.57872 20.676 0.236
3773.60735 20.468 0.198
3776.57778 20.494 0.170
3776.60670 20.699 0.209
3779.56776 21.504 0.641
3779.59629 21.039 0.415
3782.61749 20.826 0.264
3787.54232 20.833 0.243
3787.57194 20.792 0.223
3791.58956 20.884 0.264
3792.51931 20.825 0.353
3799.51408 21.511 0.748
3806.51907 20.333 0.275
3809.51280 20.430 0.305
3821.49199 20.498 0.193
3822.49265 21.227 0.621
3945.91657 20.118 0.118
3963.90110 20.419 0.292
3969.84336 20.734 0.301
3975.89335 20.605 0.231
3981.82263 20.745 0.303
3988.91644 20.627 0.306
3995.87308 20.662 0.248
4001.82623 20.459 0.158
4005.80407 20.437 0.156
4007.80818 20.541 0.203
4011.80145 20.906 0.361
4011.83661 20.411 0.193
4018.79979 20.320 0.179
4023.83190 20.861 0.229
4026.73831 20.971 0.282
4028.87451 20.549 0.167
4029.71008 20.185 0.209
4031.76217 21.245 0.387
4037.87134 20.526 0.191
4040.83828 20.637 0.233
4042.85394 20.680 0.252
4043.66505 20.822 0.363
4046.72899 21.474 0.613
4048.81857 21.063 0.340
4052.66070 20.861 0.239
4053.85832 20.283 0.142
4056.70234 20.613 0.304
4058.64328 20.405 0.209
4063.63733 20.315 0.161
4066.63514 20.848 0.338
4066.72275 20.108 0.115
4068.81028 20.577 0.162
4069.70075 21.180 0.331
4071.62934 20.255 0.178
4073.81211 20.955 0.353
4076.70162 20.784 0.299
4079.71431 21.079 0.413
4083.63122 20.515 0.247
4085.64719 21.841 0.734
4092.81384 20.500 0.149
4098.60126 20.623 0.290
4104.83340 20.614 0.367
4106.82122 20.665 0.336
4112.68532 20.484 0.154
4117.67418 20.431 0.169
4121.65020 21.415 0.480
4124.73302 21.671 0.524
4125.74576 21.732 0.615
4129.74558 21.789 0.626
4142.60456 20.944 0.319
4142.63564 20.617 0.263
4150.58734 20.821 0.171
4154.59929 20.452 0.259
4156.51879 20.708 0.369
4166.53511 21.354 0.647
4166.56350 20.025 0.176
4196.48456 20.234 0.200
4341.85620 20.363 0.269
4341.88879 20.436 0.233
4347.80387 20.931 0.347
4347.83873 20.551 0.234
4351.85329 20.692 0.222
4363.79312 20.908 0.408
4366.84368 21.148 0.488
4369.88166 20.723 0.253
4371.84531 20.616 0.201
4372.78711 20.649 0.203
4376.87755 20.902 0.317
4377.78115 20.362 0.181
4379.88396 21.048 0.341
4380.79767 20.779 0.218
4383.88813 20.722 0.278
4386.74509 20.823 0.243
4386.77334 20.823 0.262
4388.88306 20.817 0.358
4393.75606 20.829 0.245
4398.83232 20.914 0.275
4403.83874 20.977 0.397
4411.76770 20.321 0.143
4411.82941 20.629 0.204
4418.71857 20.555 0.142
4422.81515 20.868 0.227
4425.85787 20.188 0.157
4429.74638 20.724 0.458
4432.68332 20.835 0.250
4436.72270 20.949 0.313
4439.78845 20.981 0.406
4443.65813 20.703 0.271
4448.81209 21.025 0.267
4448.85347 20.833 0.324
4451.65233 20.961 0.300
4455.65113 20.700 0.284
4457.70663 20.255 0.176
4460.72046 20.659 0.309
4464.69937 20.954 0.235
4467.69190 21.002 0.205
4468.70635 20.613 0.150
4471.69361 20.711 0.191
4476.66064 20.716 0.182
4480.66042 21.374 0.507
4481.67138 21.306 0.369
4484.73944 21.152 0.446
4488.66193 20.710 0.326
4493.66408 20.423 0.207
4498.64284 20.780 0.191
4501.63590 21.521 0.474
4506.57398 21.706 0.761
4506.60104 20.545 0.232
4508.58398 21.002 0.327
4510.66271 22.102 0.818
4510.69094 20.594 0.224
4516.61245 20.216 0.222
4516.64068 20.752 0.459
4519.67686 20.530 0.270
4521.52762 20.940 0.346
4523.61683 20.652 0.278
4524.51280 21.417 0.740
4525.53620 21.030 0.331
4530.59224 20.873 0.328
4531.55819 21.134 0.348
4532.62051 21.408 0.451
4533.56061 21.148 0.467
4537.58213 20.380 0.197
4537.61059 20.652 0.251
4540.62945 21.900 0.947
4543.64265 21.302 0.619
4544.58728 20.796 0.355
4545.50094 20.087 0.165
4547.52982 20.245 0.206
4556.54550 20.747 0.272
4560.52831 20.919 0.339
4561.52298 20.884 0.298
4567.57744 20.196 0.191
4568.47765 20.629 0.280
4571.52227 20.815 0.326
4575.50050 20.988 0.363
4581.49920 21.525 0.814
4592.49775 21.165 0.608
4600.48120 21.002 0.420
4610.46729 20.952 0.522
4682.90511 21.136 0.397
4691.91347 20.535 0.272
4697.84784 21.047 0.521
4704.91615 20.201 0.179
4707.89865 20.620 0.220
4719.84150 22.346 1.483
4720.76397 20.479 0.237
4724.78770 20.772 0.298
4727.87827 21.275 0.542
4728.80475 21.001 0.328
4731.90490 20.218 0.239
4733.81446 21.244 0.392
4747.86625 20.396 0.156
4752.82552 20.518 0.244
4752.85359 20.996 0.324
4756.83468 20.518 0.205
4760.71274 20.809 0.208
4760.74603 20.680 0.201
4762.84139 21.045 0.316
4762.86951 21.473 0.423
4768.81934 21.380 0.414
4771.86169 20.693 0.285
4772.69383 20.429 0.199
4775.69506 20.956 0.347
4777.70961 20.843 0.244
4781.67300 20.701 0.283
4783.82718 21.160 0.424
4784.68803 20.935 0.545
4788.75679 20.843 0.292
4791.76726 20.966 0.237
4791.79556 20.712 0.191
4794.73869 20.493 0.198
4794.76704 20.726 0.278
4797.71989 20.750 0.276
4797.78627 21.086 0.295
4800.68140 20.685 0.208
4800.76313 20.774 0.181
4802.79470 20.823 0.219
4802.83014 20.600 0.174
4804.81911 21.386 0.432
4804.84737 20.993 0.315
4805.84190 20.759 0.228
4806.84350 20.612 0.240
4807.79691 21.478 0.434
4809.83471 20.585 0.189
4812.68375 20.708 0.387
4814.69986 20.484 0.255
4814.72819 21.728 0.780
4816.69673 20.661 0.301
4816.72505 20.506 0.210
4818.72428 20.632 0.183
4818.75270 20.919 0.253
4820.64362 20.243 0.136
4820.73027 20.499 0.172
4820.78387 20.176 0.125
4822.68014 20.674 0.167
4823.75665 20.559 0.184
4824.66899 20.839 0.205
4825.83015 20.866 0.326
4826.67338 20.750 0.236
4832.82906 20.818 0.282
4833.67133 20.477 0.150
4835.66026 20.592 0.224
4835.72370 20.612 0.193
4837.71806 20.949 0.393
4838.72831 20.915 0.276
4840.68365 20.237 0.191
4840.71253 21.031 0.336
4842.66842 20.485 0.187
4842.69655 20.863 0.280
4844.66754 20.559 0.179
4844.69576 20.488 0.193
4847.73457 20.680 0.234
4849.73143 20.496 0.273
4852.74030 20.740 0.232
4854.71603 20.406 0.210
4856.71170 21.454 0.659
4863.67959 21.405 0.564
4863.68715 20.567 0.269
4865.58736 20.146 0.138
4865.67753 20.335 0.172
4867.66727 20.031 0.125
4868.69095 20.854 0.269
4869.62540 22.143 1.043
4869.63615 20.622 0.255
4870.68050 21.550 0.659
4873.71119 20.939 0.378
4874.55858 21.071 0.304
4875.68302 20.425 0.196
4876.58225 20.956 0.246
4877.60505 20.937 0.260
4878.60705 20.549 0.171
4879.66174 21.656 0.555
4882.68013 20.339 0.200
4884.67417 20.653 0.263
4885.53835 20.856 0.346
4888.56178 20.431 0.187
4888.60554 20.514 0.147
4900.60930 21.889 1.010
4902.59806 20.889 0.516
4905.57440 21.177 0.440
4908.53298 20.333 0.201
4911.60741 20.897 0.356
4916.54939 20.674 0.266
4919.54159 20.492 0.208
4925.55215 20.955 0.426
4929.52350 21.873 1.260
4932.55883 20.107 0.215
4936.52288 20.468 0.261
4937.52160 20.408 0.161
4938.52145 20.349 0.243
4940.53762 20.477 0.231
4942.53771 20.488 0.231
4946.53119 20.495 0.230
4949.50601 20.315 0.158
