2167.84574 19.351 0.069
2173.85310 19.537 0.070
2190.79086 19.367 0.062
2192.82504 19.416 0.068
2214.79237 19.507 0.096
2224.74915 19.456 0.070
2226.85328 19.251 0.087
2229.66520 19.356 0.077
2230.80394 19.343 0.072
2232.82377 19.395 0.085
2234.81821 19.469 0.066
2239.60316 19.503 0.099
2241.66469 19.468 0.085
2243.72326 19.584 0.097
2248.80370 19.260 0.053
2250.84955 19.357 0.065
2252.65492 19.322 0.066
2254.64582 19.418 0.066
2257.64974 19.412 0.060
2261.76977 19.295 0.053
2264.75892 19.344 0.053
2266.64738 19.382 0.093
2270.64348 19.473 0.073
2271.79429 19.299 0.057
2273.74415 19.425 0.084
2275.83120 19.512 0.099
2277.65284 19.594 0.066
2279.82518 19.669 0.096
2281.81203 19.624 0.077
2283.84625 19.426 0.061
2288.75237 19.435 0.070
2290.79075 19.568 0.083
2292.76729 19.575 0.110
2294.74233 19.551 0.134
2296.75272 19.421 0.114
2298.77215 19.422 0.100
2300.72515 19.459 0.102
2302.70297 19.372 0.092
2304.74731 19.744 0.165
2321.67593 19.425 0.083
2327.56249 19.470 0.088
2333.57172 19.387 0.102
2339.54816 19.505 0.107
2357.51941 19.487 0.158
2395.52044 19.384 0.107
2526.91254 19.397 0.083
2542.89090 19.470 0.076
2552.84252 19.670 0.104
2556.83406 19.705 0.097
2559.88462 19.498 0.088
2564.85053 19.233 0.069
2573.84940 19.416 0.085
2578.77372 19.608 0.115
2583.82819 19.598 0.095
2589.86137 19.426 0.076
2596.74472 19.431 0.099
2605.74771 19.264 0.058
2609.74396 19.384 0.087
2610.63255 19.316 0.088
2610.73803 19.451 0.102
2610.84445 19.456 0.111
2611.64466 19.637 0.130
2613.62585 19.490 0.114
2613.70368 19.718 0.137
2614.67385 19.700 0.133
2614.75720 19.509 0.096
2614.84881 19.562 0.085
2615.65789 19.381 0.081
2615.78000 19.572 0.083
2615.83773 19.379 0.088
2617.64659 19.596 0.123
2617.74099 19.341 0.083
2617.84945 19.550 0.106
2618.66304 19.354 0.073
2618.75661 19.339 0.075
2619.61985 19.477 0.080
2619.72661 19.551 0.066
2619.85098 19.397 0.077
2620.64977 19.618 0.091
2620.73495 19.415 0.062
2620.85168 19.407 0.079
2621.68384 19.472 0.061
2621.75947 19.441 0.068
2621.85267 19.455 0.070
2622.64975 19.370 0.085
2622.73115 19.432 0.087
2622.85203 19.524 0.079
2623.64846 19.322 0.083
2623.73653 19.624 0.087
2623.84787 19.510 0.075
2624.67905 19.317 0.070
2624.75013 19.490 0.077
2624.84494 19.509 0.088
2625.66405 19.523 0.083
2625.71593 19.400 0.070
2626.63287 19.382 0.081
2627.68857 19.434 0.108
2627.74066 19.494 0.134
2627.81453 19.665 0.133
2628.65740 19.373 0.092
2628.73450 19.556 0.119
2628.80160 19.442 0.088
2629.65317 19.460 0.104
2629.71160 19.280 0.093
2629.76148 19.369 0.084
2629.84126 19.375 0.095
2630.64100 19.378 0.097
2630.72053 19.474 0.092
2631.65248 19.500 0.100
2631.73528 19.446 0.112
2631.84459 19.462 0.120
2632.60844 19.464 0.065
2632.73521 19.502 0.069
2632.81577 19.418 0.076
2634.60724 19.342 0.060
2634.69729 19.290 0.058
2634.83106 19.429 0.093
2635.65747 19.409 0.064
2635.68541 19.578 0.073
2635.73477 19.434 0.064
2635.83774 19.417 0.077
2636.68532 19.346 0.058
2636.76570 19.364 0.079
2636.84540 19.634 0.119
2637.64737 19.451 0.075
2637.72598 19.491 0.073
2637.82907 19.408 0.064
2638.62863 19.325 0.064
2638.65648 19.436 0.072
2638.72956 19.399 0.087
2638.82904 19.592 0.111
2639.60172 19.387 0.057
2639.65661 19.431 0.053
2639.68205 19.523 0.056
2639.83809 19.411 0.064
2640.61066 19.660 0.093
2640.75266 19.388 0.073
2641.61078 19.482 0.079
2641.74718 19.480 0.079
2641.85800 19.678 0.114
2642.60891 19.364 0.065
2642.71070 19.222 0.077
2643.61583 19.418 0.060
2643.75945 19.279 0.062
2644.59846 19.353 0.080
2644.70897 19.409 0.076
2645.61325 19.511 0.396
2645.72061 19.523 0.076
2645.74959 19.472 0.076
2645.85598 19.696 0.168
2646.61837 19.385 0.076
2646.74334 19.459 0.081
2647.61833 19.519 0.089
2647.72815 19.379 0.072
2649.61551 19.615 0.079
2649.70794 19.423 0.054
2650.63569 19.544 0.072
2650.69719 19.376 0.069
2650.80702 19.395 0.072
2651.63170 19.621 0.106
2651.72748 19.410 0.073
2652.59714 19.377 0.069
2652.67609 19.603 0.119
2652.74121 19.462 0.085
2652.77365 19.359 0.070
2653.60489 19.452 0.085
2653.78178 19.319 0.084
2654.62362 19.646 0.112
2654.67605 19.388 0.089
2654.70065 19.429 0.095
2654.84126 19.461 0.081
2655.60925 19.491 0.088
2655.81278 19.340 0.083
2656.62072 19.554 0.106
2656.64960 19.448 0.093
2656.76970 19.458 0.124
2656.86699 19.519 0.129
2657.62310 19.407 0.077
2657.86347 19.486 0.160
2658.58464 19.621 0.130
2658.61199 19.550 0.142
2658.68416 19.450 0.102
2658.76520 19.495 0.149
2659.64265 19.313 0.073
2659.77783 19.487 0.160
2660.59735 19.354 0.080
2660.62945 19.482 0.077
2660.74688 19.423 0.088
2661.60242 19.368 0.052
2661.65621 19.478 0.062
2661.85537 19.400 0.097
2662.61226 19.542 0.084
2662.64112 19.458 0.084
2662.77674 19.484 0.103
2663.65571 19.357 0.072
2664.61984 19.510 0.093
2664.70343 19.379 0.107
2665.68631 19.560 0.072
2665.82329 19.567 0.106
2666.64553 19.480 0.070
2666.68327 19.432 0.057
2666.76334 19.325 0.057
2667.68051 19.476 0.080
2667.84120 19.522 0.142
2668.66680 19.453 0.100
2668.75486 19.498 0.081
2670.63291 19.347 0.076
2671.69045 19.511 0.097
2672.66757 19.357 0.129
2672.74220 19.523 0.085
2674.64057 19.514 0.075
2674.67248 19.557 0.079
2674.79456 19.521 0.093
2675.65119 19.427 0.075
2675.75802 19.379 0.068
2676.62716 19.556 0.084
2676.65728 19.638 0.107
2676.73803 19.494 0.088
2677.65794 19.499 0.106
2677.71667 19.412 0.077
2678.63103 19.417 0.076
2678.71484 19.494 0.093
2678.76271 19.534 0.091
2679.65151 19.302 0.079
2679.78743 19.480 0.129
2680.62551 19.686 0.118
2680.77345 19.374 0.068
2681.61176 19.438 0.093
2681.72328 19.342 0.084
2682.58918 19.293 0.077
2683.62429 19.341 0.096
2687.54937 19.647 0.145
2696.54251 19.494 0.100
2701.52466 19.574 0.110
2707.52211 19.362 0.084
2714.52102 19.288 0.104
2840.91018 19.495 0.104
2867.92234 19.400 0.085
2888.92133 19.467 0.126
2894.85165 19.440 0.077
2899.85322 19.368 0.066
2905.84221 19.560 0.107
2908.90525 19.338 0.108
2911.80152 19.299 0.061
2916.85176 19.583 0.070
2922.83557 19.434 0.096
2926.77463 19.535 0.079
2930.83672 19.356 0.066
2934.73852 19.476 0.081
2940.71861 19.505 0.070
2942.84006 19.248 0.057
2947.73256 19.449 0.102
2949.82274 19.416 0.070
2953.68946 19.508 0.099
2956.71527 19.343 0.062
2958.74155 19.502 0.095
2962.75343 19.389 0.065
2965.77282 19.370 0.056
2968.71638 19.471 0.073
2973.85644 19.491 0.087
2975.84561 19.353 0.069
2976.84087 19.522 0.081
2978.86049 19.382 0.120
2982.69256 19.340 0.069
2984.74014 19.318 0.066
2986.82271 19.360 0.083
2988.79315 19.542 0.072
2989.81048 19.477 0.080
2991.64362 19.607 0.088
2993.63105 19.374 0.061
2995.73185 19.463 0.058
2997.70963 19.412 0.072
2999.73225 19.505 0.072
3001.76851 19.441 0.064
3003.73915 19.535 0.066
3005.64443 19.442 0.096
3007.67749 19.443 0.084
3009.74381 19.306 0.072
3011.71950 19.392 0.095
3013.72395 19.457 0.079
3017.72544 19.375 0.072
3019.65340 19.376 0.076
3021.77219 19.606 0.077
3023.63397 19.483 0.060
3024.83507 19.550 0.084
3026.83178 19.389 0.049
3029.63611 19.575 0.069
3031.70609 19.490 0.065
3033.76960 19.318 0.050
3035.77665 19.422 0.060
3038.75414 19.627 0.103
3042.66870 19.279 0.069
3044.60264 19.381 0.083
3045.69160 19.532 0.091
3047.64530 19.542 0.089
3049.65103 19.419 0.048
3051.61921 19.559 0.081
3055.61273 19.534 0.081
3057.63816 19.488 0.066
3059.58205 19.408 0.057
3061.57507 19.596 0.110
3068.51642 19.493 0.095
3070.58507 19.467 0.118
3073.58586 19.383 0.096
3075.68581 19.443 0.107
3078.61780 19.491 0.079
3082.59532 19.374 0.062
3084.67238 19.517 0.079
3087.63508 19.553 0.096
3090.59846 19.404 0.085
3096.51619 19.516 0.127
3099.58649 19.479 0.115
3102.56524 19.452 0.096
3105.59803 19.175 0.079
3108.57595 19.350 0.076
3112.55325 19.501 0.097
3116.53462 19.499 0.091
3127.50202 19.347 0.065
3140.49129 19.511 0.116
3223.89087 19.523 0.102
3241.87707 19.464 0.085
3248.84050 19.428 0.099
3257.86832 19.532 0.077
3263.91431 19.297 0.097
3270.85731 19.493 0.076
3277.84134 19.506 0.085
3281.88508 19.450 0.054
3287.74615 19.534 0.065
3295.69838 19.543 0.065
3297.69691 19.454 0.061
3299.76141 19.342 0.046
3301.75888 19.700 0.104
3304.81916 19.173 0.058
3307.68964 19.500 0.111
3309.72502 19.410 0.066
3311.72289 19.425 0.062
3320.76566 19.328 0.053
3323.70049 19.501 0.080
3327.73724 19.364 0.060
3330.69610 19.327 0.081
3334.79528 19.467 0.096
3338.84177 19.606 0.077
3340.85688 19.351 0.085
3350.67532 19.379 0.053
3354.72295 19.511 0.073
3358.80332 19.521 0.054
3361.83549 19.494 0.062
3365.73788 19.346 0.064
3372.75422 19.358 0.052
3378.66691 19.381 0.065
3387.65350 19.471 0.096
3391.73465 19.525 0.083
3394.74618 19.373 0.069
3396.62618 19.516 0.077
3399.70344 19.397 0.076
3403.69073 19.560 0.085
3408.60013 19.408 0.058
3417.57276 19.574 0.088
3425.58101 19.534 0.116
3431.56321 19.515 0.069
3445.54986 19.633 0.083
3455.50659 19.242 0.087
3460.49818 19.589 0.076
3477.49288 19.572 0.102
3583.93502 19.609 0.116
3593.93327 19.396 0.102
3601.87021 19.411 0.081
3618.90424 19.324 0.054
3629.88551 19.424 0.073
3634.85205 19.484 0.072
3639.84540 19.498 0.054
3644.80017 19.302 0.052
3650.88901 19.486 0.070
3654.79060 19.661 0.073
3657.87049 19.455 0.061
3660.80493 19.344 0.089
3664.84004 19.413 0.053
3668.79795 19.675 0.102
3672.78617 19.477 0.072
3675.86583 19.438 0.057
3684.77397 19.474 0.056
3687.77961 19.537 0.072
3690.69948 19.511 0.095
3693.73343 19.454 0.069
3695.75496 19.445 0.066
3698.74775 19.363 0.073
3700.77654 19.421 0.061
3702.86420 19.329 0.079
3705.77098 19.585 0.062
3708.72957 19.364 0.077
3712.71641 19.636 0.075
3714.72680 19.508 0.065
3717.64285 19.369 0.062
3719.82007 19.440 0.100
3725.81394 19.410 0.085
3727.78641 19.289 0.064
3730.68175 19.406 0.050
3732.70650 19.348 0.046
3734.80454 19.465 0.060
3736.82082 19.422 0.065
3737.70918 19.543 0.061
3739.80828 19.518 0.061
3742.69418 19.566 0.107
3745.76986 19.416 0.066
3747.77254 19.497 0.122
3749.66424 19.506 0.110
3750.74920 19.398 0.088
3752.75991 19.518 0.095
3754.77766 19.665 0.091
3756.60118 19.296 0.054
3758.77406 19.632 0.127
3761.78647 19.271 0.052
3764.74093 19.347 0.057
3767.60073 19.448 0.069
3770.61844 19.475 0.068
3773.62129 19.515 0.092
3776.62071 19.365 0.068
3779.61027 19.538 0.107
3782.66098 19.416 0.064
3787.58599 19.498 0.066
3792.53776 19.386 0.080
3800.51518 19.439 0.083
3809.52701 19.308 0.102
3822.51281 19.604 0.112
3934.93127 19.550 0.088
3935.92565 19.362 0.061
3936.93045 19.587 0.092
3937.93196 19.694 0.110
3944.92896 19.330 0.081
3945.94201 19.496 0.087
3946.90928 19.415 0.099
3950.93384 19.474 0.070
3959.90160 19.408 0.089
3960.90392 19.534 0.076
3961.91566 19.394 0.091
3963.93785 19.851 0.208
3964.86596 19.330 0.050
3964.90226 19.434 0.052
3965.89471 19.401 0.057
3967.90772 19.649 0.070
3968.89813 19.642 0.097
3969.83274 19.699 0.104
3969.89007 19.566 0.081
3970.85716 19.582 0.072
3975.84244 19.540 0.087
3979.91885 19.377 0.079
3980.91352 19.495 0.069
3981.86482 19.338 0.079
3982.80795 19.333 0.073
3983.91517 19.525 0.070
3986.84673 19.644 0.107
3987.80478 19.398 0.077
3988.86234 19.323 0.072
3989.89186 19.532 0.083
3999.80001 19.475 0.072
4001.86850 19.578 0.062
4005.84614 19.500 0.061
4007.85035 19.392 0.064
4011.85061 19.485 0.079
4011.88644 19.501 0.081
4018.84215 19.446 0.065
4023.87428 19.496 0.076
4026.78279 19.407 0.048
4029.72403 19.125 0.080
4031.80436 19.421 0.058
4038.71342 19.443 0.069
4041.67461 19.437 0.085
4043.67892 19.582 0.118
4046.77108 19.412 0.091
4048.86059 19.547 0.110
4052.70353 19.389 0.053
4054.69044 19.292 0.073
4056.74751 19.625 0.093
4058.78063 19.648 0.061
4063.67937 19.397 0.060
4066.73666 19.535 0.073
4068.82417 19.392 0.054
4070.66655 19.378 0.069
4073.82602 19.478 0.081
4076.79412 19.429 0.093
4078.85801 19.057 0.088
4079.75648 19.431 0.076
4083.67324 19.223 0.077
4085.73875 19.270 0.058
4092.85720 19.401 0.072
4102.83376 19.695 0.116
4105.69268 19.548 0.075
4109.76585 19.449 0.058
4113.72158 19.474 0.054
4120.75195 19.333 0.060
4122.70841 19.513 0.056
4125.75964 19.629 0.091
4131.61298 19.298 0.048
4142.64965 19.362 0.081
4156.53631 19.426 0.069
4166.57758 19.491 0.103
4196.52708 19.336 0.102
4341.90293 19.306 0.079
4347.85284 19.464 0.079
4357.91067 19.673 0.158
4362.81273 19.345 0.100
4365.83139 19.514 0.141
4369.81303 19.518 0.108
4371.85933 19.511 0.076
4377.79513 19.650 0.106
4380.81165 19.483 0.085
4386.78729 19.594 0.092
4390.74922 19.333 0.073
4393.86331 19.664 0.096
4398.87461 19.447 0.095
4404.72143 19.408 0.092
4412.86203 19.467 0.111
4418.79420 19.486 0.062
4422.86029 19.530 0.097
4426.73859 19.324 0.092
4429.84458 19.402 0.112
4432.72543 19.416 0.065
4436.76481 19.500 0.079
4439.83038 19.574 0.114
4443.69661 19.595 0.111
4449.68137 19.491 0.068
4451.69091 19.431 0.084
4454.70742 19.554 0.079
4455.68969 19.424 0.095
4458.74814 19.528 0.079
4461.66498 19.513 0.076
4465.74814 19.348 0.056
4468.71669 19.391 0.054
4473.68952 19.569 0.073
4477.74767 19.322 0.075
4481.68528 19.497 0.070
4485.73334 19.392 0.084
4489.71681 19.560 0.130
4493.70662 19.599 0.107
4498.68295 19.550 0.087
4501.68031 19.592 0.088
4506.61426 19.589 0.091
4508.63146 19.439 0.072
4510.70487 19.531 0.077
4521.61499 19.400 0.088
4523.63079 19.439 0.075
4525.55022 19.403 0.068
4531.57225 19.683 0.085
4533.57462 19.252 0.069
4537.62465 19.547 0.085
4539.54364 19.686 0.111
4541.59590 19.591 0.112
4545.51630 19.336 0.076
4549.59984 19.467 0.112
4560.54249 19.700 0.106
4567.58810 19.528 0.097
4571.53298 19.379 0.084
4610.48154 19.616 0.129
4683.90539 19.351 0.069
4694.92383 19.608 0.146
4697.86208 19.574 0.143
4707.91279 19.438 0.070
4720.77805 19.427 0.083
4724.83131 19.438 0.085
4728.81879 19.387 0.075
4733.82851 19.438 0.069
4743.89722 19.549 0.127
4748.83449 19.425 0.058
4752.86754 19.346 0.085
4756.87685 19.436 0.077
4760.75994 19.378 0.061
4763.81873 19.575 0.100
4768.86141 19.623 0.095
4772.70774 19.480 0.084
4775.73706 19.363 0.083
4777.75183 19.583 0.092
4781.74834 19.525 0.088
4784.70193 19.590 0.150
4788.79890 19.556 0.075
4791.80935 19.523 0.066
4794.78086 19.421 0.070
4797.80010 19.512 0.079
4800.77695 19.559 0.062
4802.84393 19.543 0.087
4805.67039 19.556 0.075
4806.85727 19.689 0.126
4807.72448 19.508 0.077
4809.70506 19.596 0.084
4811.70141 19.444 0.120
4813.72317 19.472 0.103
4814.74199 19.386 0.083
4816.73891 19.429 0.087
4818.73804 19.286 0.058
4820.65744 19.352 0.054
4820.79768 19.400 0.064
4822.69398 19.616 0.076
4824.68281 19.323 0.058
4826.68721 19.528 0.073
4833.68515 19.488 0.065
4835.73754 19.462 0.075
4838.74215 19.596 0.079
4840.72643 19.305 0.072
4842.71041 19.503 0.076
4844.70962 19.424 0.079
4847.77659 19.437 0.075
4850.76969 19.429 0.079
4853.74617 19.223 0.061
4855.76162 19.272 0.080
4857.73976 19.305 0.076
4863.70104 19.578 0.115
4865.60128 19.302 0.064
4868.70484 19.507 0.075
4869.65013 19.541 0.084
4872.67935 19.396 0.119
4874.57252 19.478 0.075
4876.59616 19.536 0.066
4878.62105 19.521 0.057
4882.69414 19.419 0.077
4885.55233 19.423 0.076
4888.61955 19.288 0.048
4900.62336 19.515 0.106
4905.58852 19.440 0.119
4908.54712 19.758 0.102
4916.56348 19.583 0.093
4920.59381 19.555 0.080
4926.54993 19.483 0.115
4930.54652 19.521 0.118
4934.54336 19.448 0.099
4937.53508 19.427 0.075
4940.55108 19.499 0.076
4946.54468 19.272 0.069
4951.52447 19.250 0.096
