2167.84934 20.135 0.185
2173.85669 19.886 0.109
2190.79442 20.001 0.132
2192.82837 20.083 0.142
2214.79567 20.311 0.229
2224.75245 20.331 0.158
2230.80724 20.146 0.166
2232.82707 20.263 0.204
2234.82152 20.208 0.133
2239.60645 20.353 0.270
2241.66798 19.913 0.159
2243.72656 20.066 0.166
2248.80699 19.916 0.104
2250.85285 20.506 0.226
2252.65819 20.351 0.185
2254.64912 19.985 0.141
2257.65303 19.985 0.114
2261.80621 20.313 0.153
2264.76221 20.204 0.136
2266.65067 19.969 0.162
2270.64677 19.844 0.119
2271.79758 19.943 0.098
2273.74745 20.204 0.194
2275.83449 19.870 0.160
2277.65616 20.047 0.110
2279.82848 19.831 0.132
2281.81534 20.483 0.180
2283.84954 20.401 0.194
2288.75567 19.949 0.122
2290.79404 20.213 0.182
2292.77059 20.298 0.244
2294.74564 19.972 0.233
2296.75602 19.873 0.193
2298.77545 20.221 0.211
2300.72845 20.277 0.200
2302.70629 20.422 0.257
2304.75066 20.311 0.352
2321.67950 20.605 0.288
2327.56610 19.971 0.186
2333.57532 20.472 0.328
2339.55175 20.258 0.202
2357.52303 20.179 0.370
2395.52408 20.034 0.225
2529.82052 20.482 0.251
2542.89423 20.083 0.155
2552.84611 20.186 0.181
2556.83761 19.980 0.135
2559.89011 20.300 0.274
2564.85411 20.161 0.182
2573.85270 20.116 0.184
2578.77703 20.289 0.222
2583.83147 19.980 0.175
2589.86492 20.052 0.167
2596.74825 20.047 0.186
2605.75130 20.168 0.150
2609.74750 20.219 0.226
2614.70995 19.864 0.137
2618.73422 20.255 0.213
2621.64366 20.043 0.115
2623.82540 20.128 0.150
2627.69188 20.376 0.299
2629.71490 20.034 0.188
2634.76641 19.921 0.128
2638.65980 20.145 0.155
2639.65990 20.041 0.105
2641.72456 19.957 0.131
2645.72391 20.722 0.428
2650.84026 20.226 0.147
2652.74451 20.160 0.198
2654.67934 19.762 0.146
2656.65287 20.155 0.200
2658.61529 19.923 0.191
2660.63276 19.854 0.142
2662.61555 19.957 0.140
2664.62316 20.092 0.173
2666.68660 20.075 0.123
2668.67012 20.326 0.220
2670.63620 20.125 0.202
2672.74551 20.155 0.166
2674.64802 20.013 0.151
2676.63049 20.253 0.190
2678.71815 19.957 0.158
2680.62882 19.879 0.181
2682.67680 19.965 0.186
2687.55289 20.005 0.204
2696.54604 20.069 0.197
2701.52818 20.219 0.233
2707.52566 20.255 0.229
2714.52454 20.058 0.217
2840.91375 20.252 0.226
2867.92572 20.438 0.228
2894.85519 20.041 0.149
2899.85673 19.966 0.129
2905.84573 20.724 0.383
2908.90878 21.565 1.506
2911.80504 20.221 0.150
2916.85529 19.935 0.102
2922.83908 20.303 0.238
2926.76649 20.006 0.133
2930.84022 20.245 0.167
2934.74200 20.025 0.133
2940.72214 19.719 0.096
2942.84354 20.110 0.128
2947.73606 20.365 0.238
2949.82622 20.243 0.173
2953.69295 20.066 0.172
2956.71873 20.124 0.136
2958.74501 20.311 0.231
2962.75690 20.483 0.185
2965.77629 19.978 0.111
2968.71985 20.328 0.166
2973.85991 20.277 0.207
2975.84906 19.929 0.129
2976.84431 20.465 0.243
2979.85054 20.171 0.158
2982.69601 20.024 0.151
2984.74359 20.202 0.173
2986.82620 19.856 0.162
2988.79660 19.989 0.116
2989.81395 20.078 0.157
2991.64709 20.091 0.151
2993.63454 20.201 0.145
2995.73531 20.228 0.129
2997.71312 20.195 0.158
2999.73614 20.270 0.163
3001.77196 20.440 0.175
3003.74268 20.094 0.127
3005.64790 20.079 0.173
3007.68096 20.522 0.250
3009.74730 20.306 0.177
3011.72298 20.070 0.180
3013.72743 19.988 0.138
3017.72890 20.344 0.172
3019.65688 20.049 0.166
3021.77565 19.859 0.113
3023.63744 20.048 0.106
3024.83856 20.412 0.193
3026.83524 20.000 0.088
3029.63960 19.957 0.111
3031.70955 20.552 0.199
3033.77310 20.095 0.104
3035.78014 20.117 0.126
3038.75762 20.217 0.215
3040.72828 20.243 0.235
3042.67220 20.094 0.173
3044.60615 20.032 0.155
3045.69513 19.737 0.126
3047.64880 20.182 0.168
3049.65450 20.314 0.116
3051.62272 20.094 0.160
3055.61624 20.039 0.146
3057.64166 19.912 0.111
3059.58554 19.897 0.098
3061.57858 20.089 0.195
3068.51995 20.402 0.225
3070.57562 20.215 0.229
3073.57795 20.829 0.428
3075.68933 20.366 0.321
3078.62133 20.115 0.155
3082.59883 20.176 0.149
3084.67590 20.289 0.194
3087.63863 20.229 0.217
3090.60202 20.163 0.185
3096.51976 20.314 0.336
3099.59003 20.744 0.444
3102.56930 19.949 0.177
3105.60157 20.183 0.197
3108.57950 20.295 0.202
3112.55684 20.041 0.163
3116.53820 20.078 0.181
3127.50559 20.216 0.154
3140.49485 20.674 0.314
3223.89446 19.819 0.151
3241.88061 20.154 0.194
3248.84402 20.049 0.198
3257.87187 20.347 0.164
3270.86083 20.117 0.145
3277.84482 20.180 0.177
3281.88857 19.965 0.106
3287.74964 20.031 0.122
3295.70188 20.155 0.105
3297.70043 19.858 0.089
3299.76488 19.821 0.075
3301.76239 20.047 0.173
3304.82262 20.114 0.149
3307.69315 19.805 0.175
3309.72849 20.127 0.150
3311.72638 20.371 0.166
3320.76912 19.950 0.110
3323.70397 20.153 0.154
3327.74074 20.563 0.198
3330.69955 20.327 0.207
3334.79877 19.890 0.162
3338.84525 20.050 0.137
3340.86034 20.077 0.217
3350.67879 20.092 0.105
3354.72642 20.334 0.162
3358.80677 19.890 0.093
3361.83895 20.166 0.137
3365.74136 20.028 0.138
3372.75769 20.044 0.111
3378.67038 19.933 0.133
3387.65697 20.297 0.251
3391.73813 20.276 0.186
3394.74968 19.949 0.141
3396.62967 19.924 0.138
3399.70692 20.374 0.221
3403.69422 21.107 0.436
3408.60361 20.241 0.151
3417.57623 20.301 0.185
3425.58450 20.482 0.296
3431.56669 20.234 0.154
3437.54796 20.510 0.219
3445.55334 20.587 0.226
3455.51012 20.284 0.263
3460.50167 20.090 0.136
3477.49640 20.501 0.300
3583.93856 20.458 0.344
3601.87374 19.916 0.147
3618.90775 19.789 0.095
3629.88900 20.187 0.168
3634.85553 20.108 0.131
3639.84889 20.012 0.096
3644.80363 20.207 0.132
3650.89252 19.752 0.138
3654.79407 20.428 0.169
3657.87397 20.247 0.147
3660.80842 20.031 0.185
3664.84350 20.045 0.105
3668.80141 20.183 0.194
3672.78961 20.806 0.259
3675.86929 19.776 0.102
3684.77743 20.158 0.107
3687.78307 19.873 0.110
3690.70292 20.154 0.181
3693.73689 20.344 0.172
3695.75842 20.407 0.173
3698.75120 19.983 0.158
3700.77998 20.109 0.150
3703.71081 20.121 0.107
3705.77442 20.257 0.119
3708.73301 20.202 0.197
3712.72350 20.012 0.110
3714.73021 20.300 0.149
3717.65626 20.308 0.177
3719.82350 19.996 0.182
3725.81741 20.057 0.184
3727.78986 20.066 0.123
3730.68521 20.167 0.109
3732.70995 20.000 0.087
3734.80798 19.951 0.114
3736.82425 20.001 0.135
3737.71261 19.894 0.093
3739.81173 20.145 0.120
3742.69761 20.658 0.319
3745.77329 20.206 0.166
3747.77599 19.719 0.147
3749.66767 20.473 0.284
3750.75266 20.223 0.211
3752.76337 20.327 0.233
3754.78111 19.924 0.122
3756.60463 20.404 0.157
3758.77751 20.071 0.220
3761.78992 20.233 0.138
3764.74440 20.155 0.133
3767.60419 20.045 0.136
3770.62190 20.065 0.123
3773.62475 19.945 0.138
3776.62415 20.164 0.158
3779.61375 19.907 0.178
3782.66448 20.277 0.151
3787.58947 19.864 0.104
3792.54125 20.299 0.185
3800.51865 20.220 0.189
3809.53049 20.653 0.367
3822.51631 20.112 0.176
3946.91281 20.086 0.215
3964.86945 20.292 0.126
3969.89355 20.062 0.144
3981.86827 20.289 0.222
3989.89530 20.259 0.163
4001.87194 20.118 0.107
4005.84958 20.179 0.123
4007.85379 19.876 0.110
4011.85402 20.192 0.158
4018.84557 20.336 0.160
4023.87770 19.906 0.132
4026.78619 20.179 0.115
4029.73519 20.381 0.247
4031.80779 19.948 0.096
4038.71681 20.111 0.135
4041.67803 20.163 0.197
4043.68232 20.110 0.216
4046.77449 20.023 0.180
4048.86396 19.889 0.175
4052.70690 20.106 0.111
4054.69383 20.521 0.273
4056.75088 20.955 0.397
4058.78402 20.485 0.147
4063.68278 20.097 0.119
4066.74006 20.318 0.167
4068.82756 20.120 0.120
4070.66992 20.253 0.176
4073.82940 20.558 0.252
4076.79751 20.533 0.300
4079.75987 20.085 0.185
4083.67663 20.349 0.231
4085.74214 20.286 0.169
4092.86058 19.957 0.141
4102.83716 20.300 0.226
4105.69608 20.420 0.224
4109.76925 19.919 0.097
4113.72496 20.154 0.115
4120.75536 21.000 0.310
4122.71182 19.898 0.092
4125.76305 20.384 0.202
4131.61640 20.075 0.111
4142.65311 20.346 0.244
4156.53977 20.284 0.177
4166.58105 20.798 0.366
4196.53056 20.650 0.378
4341.90638 19.966 0.168
4347.85631 19.972 0.132
4362.82674 19.996 0.178
4365.83482 20.000 0.215
4369.81646 20.030 0.184
4371.86277 20.218 0.153
4377.79856 20.308 0.255
4380.81508 20.219 0.171
4386.79072 20.011 0.144
4390.75264 20.069 0.149
4393.86674 20.557 0.252
4398.87802 20.513 0.380
4404.72483 19.937 0.177
4412.86541 20.463 0.309
4418.79761 20.185 0.129
4422.86368 20.312 0.288
4426.74198 20.237 0.263
4429.84798 20.351 0.323
4432.72883 19.998 0.120
4436.76819 20.418 0.207
4439.83376 20.285 0.275
4443.70002 19.885 0.169
4449.68477 20.430 0.173
4451.69431 20.109 0.197
4454.71081 20.193 0.153
4455.69307 20.257 0.241
4458.75152 20.061 0.145
4461.66838 19.981 0.129
4465.75153 20.297 0.157
4468.72007 20.494 0.164
4473.69292 20.177 0.141
4477.75108 19.929 0.175
4481.68870 20.185 0.149
4485.73674 20.287 0.228
4489.72021 20.175 0.247
4493.71004 20.109 0.197
4498.68623 19.851 0.132
4501.68359 19.925 0.132
4506.61754 19.963 0.162
4508.63476 20.147 0.160
4510.70831 20.380 0.200
4521.61842 20.311 0.216
4523.63425 20.026 0.150
4525.55367 20.594 0.241
4531.57569 20.074 0.145
4533.57809 19.968 0.141
4537.62811 20.260 0.199
4539.54710 19.787 0.153
4541.59934 19.856 0.172
4545.51976 20.220 0.203
4549.60330 20.441 0.284
4560.54596 20.187 0.210
4567.59158 19.969 0.169
4571.53645 20.182 0.221
4581.51692 20.855 0.418
4610.48503 20.500 0.331
4683.90888 20.357 0.199
4694.92731 20.235 0.237
4697.86554 20.790 0.484
4707.91624 20.022 0.129
4720.78152 20.189 0.167
4724.83475 20.436 0.241
4728.82222 20.360 0.230
4733.83195 20.234 0.158
4748.83791 20.113 0.145
4752.87099 20.320 0.251
4756.88027 20.268 0.197
4760.76334 20.141 0.136
4763.82212 21.314 0.626
4768.86481 20.019 0.166
4772.71114 20.237 0.190
4775.74045 19.949 0.151
4777.75526 19.729 0.111
4781.75173 19.849 0.126
4784.70531 20.085 0.266
4788.80230 20.142 0.149
4791.81275 20.143 0.123
4794.78425 20.201 0.159
4797.80351 19.848 0.137
4800.78032 19.998 0.114
4802.84734 20.077 0.155
4805.67381 19.952 0.131
4807.72786 20.364 0.199
4809.70845 20.002 0.149
4811.70480 20.182 0.270
4813.72654 20.024 0.200
4814.74536 20.203 0.191
4816.74229 20.059 0.162
4818.74144 19.992 0.120
4820.66081 20.176 0.126
4820.80103 20.123 0.146
4822.69736 19.960 0.111
4824.68622 19.991 0.118
4826.69061 20.027 0.140
4833.68857 20.263 0.153
4835.74094 20.470 0.215
4838.74551 20.255 0.177
4840.72985 20.277 0.207
4842.71380 19.917 0.129
4844.71302 20.113 0.176
4847.78000 19.894 0.142
4850.77311 19.967 0.141
4853.74957 20.483 0.221
4855.76502 20.032 0.182
4857.74319 19.889 0.146
4863.70446 20.311 0.212
4865.60470 19.907 0.146
4868.70823 20.171 0.160
4869.65356 19.990 0.164
4872.68280 22.801 3.460
4874.57595 20.131 0.160
4876.59961 20.217 0.142
4878.62447 19.965 0.097
4882.69756 20.655 0.265
4885.55577 20.155 0.154
4888.62297 20.076 0.116
4900.62682 20.063 0.199
4908.55060 19.761 0.119
4916.56692 20.133 0.169
4920.59714 19.836 0.113
4926.55327 19.936 0.202
4930.54986 20.242 0.246
4934.54670 20.196 0.287
4937.53843 19.676 0.107
4940.55444 20.104 0.163
4946.54803 19.919 0.154
4951.52785 20.800 0.449
