2166.89599 20.031 0.124
2173.81641 20.110 0.115
2189.88779 20.310 0.197
2192.79042 20.163 0.105
2201.80321 19.957 0.080
2212.83488 20.090 0.128
2217.81969 19.942 0.153
2223.83950 19.990 0.125
2226.81951 20.226 0.168
2228.85650 20.570 0.215
2230.77004 20.233 0.144
2232.78980 20.140 0.168
2234.78398 20.236 0.157
2238.74766 19.929 0.104
2240.86385 19.712 0.196
2243.68943 20.278 0.192
2248.75732 20.063 0.119
2251.71927 20.200 0.118
2253.80337 20.435 0.155
2255.67832 20.064 0.130
2261.69858 20.007 0.115
2264.77964 20.176 0.115
2269.81304 20.287 0.160
2271.76044 20.252 0.133
2273.84552 20.268 0.194
2274.63016 19.793 0.138
2276.73728 19.900 0.119
2278.63580 20.376 0.169
2280.63400 20.107 0.130
2282.64257 20.386 0.188
2284.63382 20.192 0.161
2289.77622 20.032 0.139
2291.78431 19.796 0.138
2293.75006 20.117 0.196
2295.77197 19.814 0.093
2297.76528 20.244 0.163
2299.80585 20.127 0.200
2301.69995 20.222 0.236
2303.69614 20.108 0.214
2321.64656 20.232 0.141
2327.52508 19.982 0.136
2332.55796 20.063 0.193
2333.52201 20.394 0.260
2339.51019 19.988 0.147
2347.50489 20.011 0.156
2402.49883 20.055 0.198
2524.89464 20.096 0.150
2537.89458 20.565 0.312
2542.85715 20.112 0.119
2552.80423 20.029 0.134
2556.79747 20.011 0.124
2559.84565 20.117 0.143
2563.89091 19.975 0.201
2564.81361 20.346 0.186
2573.81546 20.022 0.155
2578.73963 19.979 0.150
2583.77512 19.881 0.134
2589.81785 20.020 0.109
2596.70611 20.249 0.234
2605.70737 20.239 0.156
2609.69811 20.060 0.162
2614.63292 19.997 0.109
2618.69058 20.283 0.162
2620.81853 20.239 0.132
2623.78941 20.248 0.146
2627.65416 20.397 0.286
2629.67768 20.110 0.155
2634.72577 20.021 0.125
2635.59788 20.185 0.125
2637.79694 20.151 0.246
2639.62284 20.057 0.084
2641.68833 20.476 0.178
2643.69711 20.143 0.131
2645.68652 20.080 0.102
2647.64424 20.248 0.148
2650.85967 20.248 0.138
2653.62582 20.058 0.145
2655.73911 20.117 0.160
2657.59178 20.146 0.145
2659.60678 20.009 0.131
2661.82478 20.063 0.178
2663.83883 20.517 0.374
2665.84374 19.860 0.162
2668.59373 20.188 0.216
2670.59888 20.247 0.177
2672.58545 20.170 0.206
2674.60683 20.048 0.127
2676.59330 20.474 0.202
2678.66224 20.270 0.159
2678.66608 20.157 0.150
2680.59179 20.327 0.153
2682.64062 20.417 0.214
2686.63517 20.493 0.254
2695.61752 20.018 0.157
2700.57163 20.062 0.148
2706.59047 20.095 0.196
2713.55552 19.938 0.177
2840.93324 20.113 0.188
2868.87300 19.911 0.121
2885.83797 20.219 0.127
2892.86754 19.958 0.161
2897.83688 19.971 0.147
2903.88267 20.110 0.108
2906.88582 20.127 0.102
2911.76562 20.278 0.135
2916.80970 20.200 0.123
2922.79958 19.962 0.174
2925.88810 19.966 0.186
2930.80074 19.948 0.119
2933.84509 20.165 0.115
2939.85337 19.886 0.140
2942.80300 20.197 0.124
2944.84740 20.132 0.142
2946.84931 20.061 0.119
2948.86575 19.981 0.118
2952.83984 19.913 0.114
2956.67909 20.099 0.163
2958.70580 20.632 0.240
2962.71666 20.289 0.146
2965.73576 20.237 0.113
2967.83530 20.161 0.106
2970.80067 20.140 0.090
2974.73847 20.078 0.118
2976.77317 20.161 0.115
2978.73700 20.563 0.233
2978.75326 20.388 0.189
2980.69331 20.072 0.130
2982.65272 20.039 0.140
2984.70328 20.139 0.125
2986.78138 20.048 0.135
2988.75065 19.983 0.126
2990.62281 20.016 0.115
2992.77338 20.056 0.099
2994.61962 20.450 0.203
2995.62923 20.393 0.106
2997.63820 20.167 0.105
2999.75792 20.416 0.160
3001.72973 20.430 0.160
3003.70325 19.803 0.087
3005.69401 20.151 0.155
3007.70843 20.112 0.135
3009.70649 20.129 0.121
3011.67580 19.818 0.130
3013.67904 20.317 0.174
3017.68944 19.983 0.149
3019.61701 20.171 0.126
3021.73616 20.248 0.125
3023.59814 20.204 0.112
3024.79918 20.162 0.116
3026.79549 20.107 0.097
3028.80746 20.149 0.116
3031.66940 19.925 0.089
3033.73335 19.988 0.080
3035.73969 20.126 0.124
3038.71808 20.199 0.132
3041.58627 20.034 0.194
3043.62165 20.451 0.218
3045.65533 20.068 0.130
3047.60940 20.123 0.138
3049.61502 20.244 0.102
3051.58229 20.132 0.125
3053.57742 20.021 0.111
3055.57656 20.116 0.134
3057.60141 20.029 0.115
3060.62389 20.374 0.162
3064.62822 20.381 0.199
3067.68520 20.217 0.160
3070.53355 20.113 0.170
3073.60023 19.822 0.155
3075.64945 20.141 0.138
3078.56956 20.111 0.174
3082.55893 19.983 0.130
3084.63584 20.542 0.177
3087.59750 20.144 0.127
3090.56129 20.153 0.189
3099.49610 20.323 0.208
3102.52290 20.131 0.173
3105.56152 20.122 0.208
3108.53999 20.101 0.132
3112.51134 20.375 0.191
3116.49862 19.920 0.139
3126.50434 20.036 0.129
3146.46686 20.452 0.250
3241.89188 20.573 0.228
3247.92472 20.648 0.328
3256.90326 20.252 0.168
3263.87815 19.996 0.078
3268.89372 20.389 0.138
3273.86898 20.003 0.119
3277.85820 20.083 0.119
3281.84830 20.130 0.096
3287.70986 20.252 0.136
3289.86205 20.186 0.133
3294.85751 20.348 0.113
3296.86526 20.556 0.168
3299.71652 20.954 0.246
3301.71622 20.116 0.164
3304.77888 20.486 0.220
3306.85991 20.110 0.135
3308.87668 20.508 0.314
3311.68702 20.152 0.134
3320.72981 20.163 0.120
3327.69884 19.991 0.104
3329.84946 20.150 0.111
3334.75540 19.597 0.115
3338.80552 19.802 0.076
3350.63179 20.174 0.112
3354.63752 19.987 0.120
3358.69099 20.125 0.102
3361.79126 20.166 0.123
3363.74620 20.218 0.148
3367.70002 20.314 0.172
3372.71844 20.302 0.113
3378.63118 20.320 0.194
3382.60937 19.784 0.138
3387.61749 20.463 0.198
3391.69874 19.758 0.108
3395.69015 19.701 0.110
3399.66622 19.973 0.114
3402.68308 19.857 0.090
3404.61366 20.211 0.133
3408.56428 20.406 0.149
3412.60970 20.043 0.115
3416.59310 20.245 0.132
3424.59620 20.209 0.188
3430.57060 20.187 0.130
3437.50882 20.196 0.136
3445.51352 20.317 0.184
3453.53527 20.048 0.140
3462.51053 19.934 0.127
3582.91714 20.340 0.199
3589.92391 20.032 0.101
3617.90935 20.210 0.155
3629.84900 19.897 0.117
3634.81437 19.909 0.106
3639.86729 20.162 0.104
3641.85818 19.860 0.105
3650.85351 20.125 0.097
3653.88138 20.007 0.105
3657.83462 20.240 0.120
3661.81848 20.219 0.178
3666.81470 20.799 0.255
3671.84757 20.153 0.117
3675.83014 20.296 0.124
3683.85126 20.307 0.140
3687.74397 19.858 0.093
3689.84444 20.111 0.129
3692.76833 20.581 0.192
3694.78323 19.918 0.102
3696.72570 19.921 0.083
3699.72826 19.974 0.083
3701.77935 20.115 0.100
3704.68831 20.099 0.108
3706.81709 19.751 0.090
3711.69077 20.291 0.136
3713.70448 20.239 0.142
3716.80364 19.851 0.085
3719.78457 20.774 0.388
3725.77623 19.877 0.129
3727.75101 20.116 0.116
3730.64632 20.362 0.108
3732.67083 20.080 0.091
3734.76881 20.175 0.097
3736.78519 20.450 0.146
3737.67376 19.864 0.088
3739.77278 20.181 0.100
3742.59574 19.925 0.149
3745.70724 19.983 0.095
3747.73680 20.402 0.273
3749.61964 19.893 0.154
3751.72376 20.361 0.169
3753.59539 19.957 0.116
3755.63292 19.756 0.109
3757.66639 19.728 0.098
3759.73001 20.281 0.115
3762.71833 19.827 0.105
3765.73690 19.901 0.068
3770.57841 20.303 0.140
3773.58578 20.315 0.153
3776.58481 20.165 0.134
3779.57482 20.341 0.203
3782.62457 20.020 0.112
3787.54942 20.113 0.121
3791.59664 20.357 0.152
3799.52113 19.948 0.178
3821.49913 19.759 0.096
3945.92378 20.326 0.145
3963.91997 20.249 0.182
3969.85043 20.014 0.125
3975.90048 19.841 0.098
3981.82968 19.982 0.145
3995.88010 19.861 0.113
4001.83320 20.025 0.114
4005.81104 20.121 0.110
4007.81512 20.188 0.126
4011.81525 20.212 0.158
4018.80678 19.984 0.117
4023.83887 20.372 0.147
4026.74525 20.318 0.133
4028.88141 20.127 0.156
4031.76915 20.003 0.136
4037.87825 19.966 0.157
4040.84518 19.912 0.123
4042.86089 20.142 0.138
4046.73590 20.333 0.190
4048.82544 20.404 0.225
4052.66760 20.219 0.108
4053.86523 19.872 0.133
4056.71213 20.434 0.206
4058.65019 20.528 0.188
4063.64422 19.977 0.117
4066.64202 20.259 0.168
4069.70764 20.179 0.129
4071.63625 20.144 0.157
4076.70850 20.311 0.171
4079.72118 20.056 0.153
4083.63811 19.765 0.128
4085.70340 20.154 0.140
4092.82072 20.406 0.133
4104.86755 20.483 0.360
4112.69221 20.061 0.086
4117.68108 20.414 0.169
4121.65711 19.936 0.128
4124.73996 19.966 0.102
4129.75252 20.171 0.133
4142.61154 20.310 0.181
4150.59997 20.209 0.098
4155.51331 20.336 0.189
4166.54214 19.986 0.167
4196.49164 20.198 0.165
4341.86766 20.289 0.201
4347.81760 20.065 0.159
4351.86353 20.169 0.145
4363.80010 20.107 0.177
4366.85066 20.178 0.175
4369.89119 19.988 0.139
4372.79414 20.257 0.140
4376.88451 20.036 0.172
4379.89095 19.941 0.153
4386.75208 20.149 0.116
4388.88998 19.852 0.258
4393.76303 20.194 0.131
4398.83929 20.056 0.118
4403.84570 19.858 0.135
4411.77465 20.163 0.126
4411.83632 19.950 0.114
4418.72549 19.849 0.078
4422.82207 20.209 0.116
4429.75329 20.103 0.257
4432.69022 20.034 0.127
4436.72963 20.108 0.153
4439.79532 19.730 0.134
4443.66502 20.404 0.220
4448.81901 19.895 0.100
4451.65924 20.134 0.131
4455.65801 20.360 0.212
4457.71355 20.227 0.178
4460.74363 20.301 0.188
4464.70630 20.350 0.118
4467.69881 20.240 0.114
4471.70053 20.322 0.130
4476.66756 20.020 0.091
4480.66735 19.921 0.104
4484.74637 20.283 0.204
4488.66889 20.290 0.187
4493.67102 19.967 0.141
4498.64941 20.073 0.102
4501.64245 20.071 0.128
4506.58054 20.236 0.181
4508.59055 19.998 0.124
4510.66970 19.829 0.115
4516.61943 20.177 0.230
4519.68586 19.839 0.139
4521.53463 20.252 0.161
4524.51980 20.048 0.196
4530.59925 20.084 0.148
4532.62750 20.159 0.145
4537.58916 20.020 0.131
4540.64034 20.093 0.182
4544.59430 19.929 0.163
4547.53686 19.874 0.147
4556.55255 20.208 0.146
4561.53002 20.041 0.129
4568.48471 20.194 0.155
4575.50762 19.979 0.139
4592.50484 20.386 0.290
4600.48834 20.715 0.330
4682.91221 20.006 0.135
4691.92055 20.020 0.141
4704.92588 19.960 0.264
4719.84851 20.318 0.216
4724.79472 19.890 0.128
4727.88529 20.069 0.159
4733.89155 20.388 0.183
4741.81394 20.081 0.105
4747.75664 20.505 0.167
4747.87322 20.017 0.108
4748.78121 19.823 0.100
4749.70738 20.247 0.201
4752.83245 20.308 0.196
4756.84169 20.016 0.123
4760.72456 20.252 0.133
4762.84835 20.049 0.113
4768.82628 20.084 0.121
4771.86861 20.037 0.171
4775.70196 20.222 0.155
4777.71656 19.999 0.109
4779.69390 20.110 0.141
4780.70591 19.723 0.106
4781.67991 20.052 0.136
4782.64039 20.541 0.249
4782.84297 19.883 0.120
4783.67218 20.402 0.191
4783.83414 20.041 0.111
4783.85184 20.412 0.177
4784.67486 21.088 0.609
4784.85821 20.381 0.227
4786.68744 20.301 0.159
4787.67342 20.255 0.299
4788.76370 19.969 0.111
4791.77421 19.989 0.094
4794.74559 20.260 0.146
4797.72680 20.207 0.150
4800.68830 20.119 0.118
4801.63490 20.008 0.145
4802.65536 19.758 0.090
4802.80158 20.241 0.119
4803.62463 20.140 0.148
4804.82600 20.200 0.124
4805.84879 19.972 0.095
4807.80385 20.014 0.105
4809.84162 19.895 0.096
4812.69064 19.953 0.184
4814.70675 19.831 0.127
4816.70363 20.319 0.191
4818.75964 20.073 0.110
4820.73717 20.023 0.102
4823.76352 20.079 0.101
4825.83706 19.913 0.128
4835.66718 19.996 0.135
4837.72498 20.320 0.194
4840.69061 20.246 0.169
4842.67533 20.069 0.119
4844.67447 20.114 0.119
4847.74148 20.028 0.120
4849.73838 20.474 0.273
4852.74719 20.463 0.171
4854.72322 20.459 0.183
4856.71864 20.035 0.150
4857.62540 19.914 0.134
4858.67475 20.193 0.203
4859.62194 19.905 0.106
4861.67713 20.030 0.112
4861.71884 20.073 0.152
4865.68448 19.992 0.134
4867.67424 20.234 0.130
4870.68744 19.825 0.124
4873.71817 20.292 0.194
4875.68999 20.100 0.131
4877.61207 20.173 0.127
4879.66871 20.196 0.152
4884.68116 19.784 0.110
4888.56878 20.229 0.131
4902.60510 20.253 0.234
4911.61445 20.375 0.176
4914.53025 20.168 0.200
4915.49134 20.463 0.309
4915.58625 20.137 0.163
4916.49717 20.128 0.168
4916.57419 20.305 0.156
4917.50647 19.850 0.123
4918.50591 20.266 0.189
4919.54865 20.180 0.184
4925.55882 20.361 0.204
4929.48474 21.714 0.924
4929.53016 20.252 0.247
4930.48016 19.953 0.174
4931.48049 19.632 0.156
4932.56553 20.665 0.347
4936.52960 19.905 0.149
4938.52817 20.170 0.205
4942.54445 19.714 0.111
4949.51273 19.974 0.104
4954.46621 20.326 0.321
