2166.85961 19.975 0.137
2185.82550 19.849 0.231
2189.86524 19.808 0.149
2192.76843 20.231 0.143
2201.77885 20.355 0.144
2212.81291 20.144 0.178
2217.79730 20.362 0.227
2223.81787 20.045 0.158
2226.79223 20.419 0.199
2228.83565 20.393 0.186
2230.74910 20.155 0.149
2232.76932 20.136 0.151
2234.76327 20.444 0.170
2238.71395 20.233 0.161
2240.84287 20.442 0.220
2242.84860 20.074 0.203
2248.72986 20.100 0.120
2251.75951 20.514 0.175
2253.78287 19.977 0.104
2255.70541 20.306 0.212
2258.70486 20.410 0.163
2264.81347 20.251 0.136
2269.78637 20.527 0.227
2271.73468 20.236 0.170
2273.82502 20.023 0.164
2275.79848 20.110 0.177
2277.80126 20.104 0.129
2279.79809 20.095 0.132
2283.81813 20.521 0.171
2289.75499 20.326 0.169
2291.76111 19.906 0.197
2293.72947 20.194 0.197
2295.75051 20.278 0.140
2297.74144 20.945 0.336
2299.77384 20.453 0.228
2303.67467 20.439 0.275
2323.57664 20.300 0.161
2326.58363 20.507 0.231
2332.52706 20.516 0.293
2338.54960 20.093 0.139
2356.49276 20.331 0.267
2387.50545 20.142 0.343
2524.87020 20.170 0.176
2537.87189 20.398 0.360
2542.83676 20.344 0.190
2544.89515 20.340 0.236
2551.88535 20.195 0.180
2559.82327 20.365 0.216
2563.86848 20.377 0.262
2573.79497 20.273 0.212
2577.85776 20.233 0.174
2583.75419 20.141 0.180
2589.79498 19.899 0.112
2594.81177 19.982 0.247
2605.76248 20.206 0.151
2609.67284 20.353 0.222
2611.67665 20.284 0.262
2617.82328 20.475 0.254
2620.79230 20.186 0.138
2623.76551 20.091 0.157
2626.69061 20.210 0.184
2627.63239 20.751 0.438
2628.85773 20.159 0.205
2630.84647 20.430 0.320
2632.63716 20.244 0.183
2635.63181 20.050 0.133
2637.77201 20.180 0.166
2639.78826 20.364 0.247
2641.66253 20.290 0.189
2643.67461 20.287 0.174
2645.66603 20.028 0.113
2647.59279 20.547 0.240
2651.66122 19.942 0.137
2653.68578 20.373 0.268
2655.67087 20.259 0.191
2657.80383 19.911 0.162
2659.67184 20.210 0.161
2661.69573 20.144 0.154
2665.79762 20.233 0.186
2671.80354 20.122 0.145
2675.73402 20.455 0.172
2677.76893 20.220 0.252
2679.75947 20.627 0.301
2682.61820 20.223 0.205
2686.61134 20.577 0.285
2691.55665 20.297 0.241
2695.59548 21.204 0.559
2700.54648 20.451 0.247
2713.53159 19.978 0.212
2841.93586 19.885 0.153
2868.89838 20.112 0.168
2890.84148 19.916 0.170
2895.87718 20.108 0.128
2900.83287 20.353 0.172
2906.86384 20.092 0.098
2910.89719 19.889 0.097
2915.89734 20.263 0.183
2922.77751 20.180 0.225
2925.86588 20.265 0.193
2930.77847 20.391 0.175
2933.82287 20.064 0.094
2939.83126 20.415 0.208
2941.84930 20.386 0.154
2943.72413 20.462 0.211
2946.82717 20.230 0.187
2948.81749 20.098 0.147
2952.81352 20.313 0.180
2956.65690 20.038 0.108
2958.68371 20.409 0.191
2962.69460 20.142 0.150
2965.71165 20.254 0.143
2967.81101 20.384 0.165
2970.77661 19.996 0.099
2974.71617 20.345 0.168
2976.75004 20.184 0.138
2978.64456 20.393 0.219
2980.67100 20.130 0.159
2982.63013 20.220 0.167
2984.67128 20.284 0.153
2986.75914 19.915 0.136
2988.72710 20.265 0.161
2990.66050 20.437 0.150
2992.75015 20.213 0.194
2994.65792 20.068 0.119
2996.74823 20.337 0.172
2998.70295 20.174 0.132
2999.79609 20.012 0.140
3001.67370 19.965 0.097
3003.66937 20.157 0.136
3005.62638 20.036 0.158
3007.74482 20.151 0.137
3009.68065 20.342 0.164
3011.62624 20.197 0.209
3013.65690 20.264 0.156
3017.63219 20.168 0.106
3018.72405 20.135 0.151
3020.79927 20.147 0.197
3022.82574 20.257 0.153
3024.77428 20.137 0.134
3026.77161 20.179 0.110
3028.78367 20.092 0.098
3030.78393 20.475 0.163
3033.71125 20.330 0.108
3035.71753 19.987 0.114
3038.69592 20.395 0.222
3040.69554 20.134 0.181
3042.63911 20.412 0.248
3044.57301 20.095 0.165
3046.58848 20.052 0.123
3048.57344 20.233 0.121
3050.59230 20.299 0.138
3052.58935 20.234 0.133
3054.59019 20.150 0.142
3056.58739 20.248 0.148
3058.58116 20.107 0.139
3060.60161 20.184 0.139
3064.60616 20.266 0.198
3067.66313 20.254 0.159
3069.62322 20.069 0.180
3073.53801 20.769 0.380
3075.62736 20.511 0.216
3078.54722 20.163 0.179
3082.53622 20.301 0.234
3084.61215 20.151 0.119
3087.57445 20.152 0.159
3090.53043 20.434 0.252
3093.51073 20.482 0.331
3098.61965 20.327 0.213
3101.57732 20.455 0.390
3104.55056 20.417 0.232
3107.53471 20.452 0.326
3111.52409 19.985 0.180
3114.51807 20.152 0.180
3126.48249 19.927 0.150
3144.49779 20.870 0.397
3224.89797 20.195 0.194
3239.93193 20.291 0.237
3247.90288 20.173 0.150
3256.88113 20.101 0.132
3263.85595 20.215 0.101
3268.87170 20.183 0.113
3273.84328 20.279 0.155
3276.86139 20.538 0.293
3281.82631 20.268 0.123
3289.83974 19.985 0.137
3294.83789 20.232 0.128
3296.84323 20.051 0.118
3298.87379 20.388 0.179
3301.69415 20.315 0.219
3303.86318 20.272 0.193
3306.83780 20.516 0.229
3308.85478 20.019 0.129
3311.66489 20.267 0.203
3320.69803 20.415 0.170
3329.82706 20.044 0.242
3334.72686 19.980 0.174
3338.78264 20.307 0.149
3349.79885 19.928 0.115
3351.78371 20.193 0.161
3354.75184 20.407 0.202
3358.63818 20.071 0.095
3361.73395 20.245 0.152
3363.72410 20.231 0.159
3367.67764 20.479 0.247
3372.69641 20.204 0.129
3377.73258 20.783 0.348
3386.75837 20.081 0.097
3391.60372 19.983 0.143
3395.66779 20.290 0.206
3398.71551 20.039 0.139
3402.66077 20.393 0.154
3404.58863 20.053 0.138
3408.54205 20.575 0.213
3412.58734 20.632 0.251
3414.61890 20.606 0.268
3419.58976 20.540 0.231
3426.52524 19.974 0.143
3433.57644 20.603 0.282
3443.55819 20.491 0.202
3453.51340 20.092 0.159
3575.91858 20.248 0.190
3589.89001 20.157 0.139
3617.88693 20.379 0.177
3629.82641 20.596 0.277
3634.79255 20.236 0.155
3639.90277 20.241 0.230
3641.83640 20.142 0.146
3650.83174 20.181 0.107
3653.85974 20.479 0.158
3657.81024 20.357 0.123
3660.77593 20.152 0.181
3664.81141 20.210 0.132
3668.74770 21.236 0.449
3672.75722 20.366 0.148
3676.85865 20.499 0.206
3684.80285 20.113 0.122
3687.72185 20.333 0.145
3689.82042 20.134 0.206
3692.74483 20.390 0.202
3694.81882 20.382 0.174
3696.69410 20.415 0.181
3699.70631 20.358 0.152
3701.75724 20.217 0.130
3704.72372 20.626 0.176
3706.77791 20.414 0.143
3711.66891 19.996 0.108
3713.68257 20.297 0.130
3716.73164 20.251 0.268
3719.75940 20.170 0.202
3722.81861 20.455 0.202
3726.68184 20.172 0.129
3728.65459 20.026 0.094
3731.75513 20.429 0.154
3733.64132 20.087 0.100
3734.74428 20.400 0.137
3736.76317 20.092 0.120
3737.65182 20.234 0.117
3739.71392 20.040 0.103
3741.82018 19.965 0.165
3743.71805 20.120 0.123
3746.76045 20.609 0.290
3748.71309 20.077 0.182
3750.71926 20.169 0.145
3752.72733 20.131 0.130
3754.74863 20.288 0.150
3755.66839 19.702 0.103
3757.64250 20.084 0.131
3759.60815 20.260 0.199
3762.69300 20.128 0.127
3765.71494 20.305 0.096
3769.75553 20.122 0.104
3772.72384 20.118 0.117
3775.71579 20.547 0.287
3778.69428 20.063 0.124
3782.60243 19.712 0.116
3786.57848 20.337 0.171
3791.57481 20.823 0.259
3798.57453 19.975 0.098
3805.56171 20.243 0.156
3820.50707 20.401 0.217
3945.90201 20.247 0.125
3961.93727 20.538 0.333
3968.91936 19.948 0.120
3974.91529 20.003 0.152
3981.80832 19.733 0.117
3988.89020 20.146 0.178
3995.84325 20.381 0.173
4002.83935 20.562 0.172
4005.78937 20.758 0.186
4007.79357 19.982 0.108
4011.77400 20.163 0.170
4018.75956 20.534 0.224
4023.81307 20.350 0.159
4026.72367 21.188 0.363
4028.85973 20.170 0.102
4031.74746 19.852 0.128
4037.85636 20.644 0.207
4040.82366 20.316 0.168
4042.83845 20.403 0.186
4046.71430 20.243 0.159
4048.80323 19.893 0.138
4052.64610 20.567 0.149
4053.84383 20.374 0.145
4056.68734 20.319 0.217
4059.67456 20.222 0.140
4064.64269 20.323 0.130
4066.62044 20.427 0.207
4069.68603 20.169 0.127
4071.61395 20.597 0.252
4076.68287 20.015 0.179
4079.69945 20.061 0.156
4082.68979 20.343 0.150
4084.76966 20.249 0.192
4087.68910 20.616 0.195
4093.77812 20.493 0.181
4102.66637 20.029 0.189
4104.81315 19.627 0.117
4109.67402 20.189 0.131
4113.69261 20.435 0.164
4119.63085 20.689 0.314
4122.67969 20.450 0.171
4125.72709 20.378 0.188
4129.72655 20.204 0.153
4142.58934 20.202 0.170
4150.56135 19.930 0.095
4166.51966 20.406 0.278
4184.50923 20.318 0.263
4340.90980 20.250 0.129
4346.89792 20.124 0.174
4350.91648 20.411 0.228
4357.85007 20.666 0.323
4363.77852 20.149 0.199
4365.80215 19.790 0.197
4369.79775 20.106 0.169
4372.77244 20.223 0.144
4376.86298 20.189 0.192
4379.86952 20.537 0.225
4383.87358 20.051 0.120
4388.86754 19.996 0.165
4393.74143 20.399 0.203
4398.81663 20.160 0.153
4403.75726 20.607 0.319
4411.75245 20.435 0.162
4417.83526 20.144 0.132
4421.74766 20.543 0.159
4429.73161 20.361 0.350
4432.77320 20.044 0.122
4436.69968 20.267 0.177
4439.74383 20.127 0.176
4442.72123 20.402 0.246
4448.77691 20.292 0.138
4450.78160 20.005 0.156
4453.75741 20.205 0.151
4456.77075 20.496 0.257
4459.68077 20.396 0.191
4462.68280 20.077 0.143
4465.72302 19.917 0.106
4469.67614 19.986 0.165
4474.67817 20.334 0.164
4478.78095 20.225 0.166
4481.77972 20.011 0.148
4484.68945 19.927 0.151
4487.75183 20.074 0.264
4492.70443 20.531 0.231
4494.73888 20.168 0.183
4499.63586 20.352 0.201
4502.69308 20.494 0.253
4507.65183 20.081 0.166
4509.64907 20.013 0.170
4516.59773 20.179 0.230
4520.66968 20.128 0.196
4522.55677 20.265 0.197
4524.57079 20.493 0.285
4530.57599 20.261 0.222
4532.56800 20.193 0.232
4537.56608 20.074 0.173
4549.57124 20.112 0.195
4560.50981 20.524 0.273
4567.52138 20.321 0.245
4574.54242 20.190 0.216
4592.48008 20.281 0.301
4681.93344 20.627 0.233
4691.89912 20.236 0.221
4702.91104 20.194 0.163
4719.82659 20.051 0.154
4726.90096 20.218 0.176
4731.87729 20.255 0.131
4747.84968 20.105 0.127
4752.81084 19.935 0.169
4756.81998 20.313 0.203
4759.86704 20.167 0.151
4762.82681 20.028 0.121
4768.80477 19.877 0.113
4771.84691 20.264 0.178
4774.85628 20.508 0.220
4777.69369 20.450 0.199
4780.84265 20.362 0.203
4783.81259 20.250 0.172
4788.74194 20.357 0.209
4791.71934 20.237 0.114
4794.72367 19.801 0.099
4797.70506 20.269 0.175
4800.74833 20.095 0.114
4802.77994 20.127 0.117
4804.80408 20.322 0.159
4805.82715 20.052 0.142
4807.77804 20.237 0.146
4810.73597 20.366 0.171
4812.79555 20.314 0.264
4814.68516 20.016 0.152
4816.68199 19.927 0.134
4818.70412 20.420 0.177
4820.71095 20.074 0.117
4823.72454 20.084 0.149
4825.81173 20.307 0.202
4831.85409 20.478 0.307
4832.81434 20.489 0.196
4834.78341 20.202 0.203
4837.68341 20.087 0.189
4839.71196 20.695 0.269
4841.74828 20.471 0.231
4843.74752 20.185 0.213
4846.71345 20.856 0.363
4850.73152 19.764 0.096
4852.72552 20.540 0.224
4855.73296 19.762 0.125
4857.71112 20.279 0.214
4863.66735 20.140 0.205
4866.67826 20.145 0.169
4868.67635 20.281 0.165
4870.66582 20.022 0.157
4875.59348 20.541 0.188
4876.62416 20.205 0.133
4878.64908 20.444 0.168
4882.56832 20.054 0.143
4884.63071 20.241 0.169
4888.54718 20.147 0.132
4900.57883 20.151 0.198
4904.60457 20.737 0.394
4913.58240 20.575 0.296
4918.55901 20.636 0.265
4924.57851 20.050 0.121
4928.56831 20.320 0.202
4930.51954 20.295 0.233
4934.51636 20.111 0.189
4938.50764 20.549 0.319
4942.52420 20.802 0.366
4947.51758 19.825 0.145
