726.80798 20.416 0.197
728.87128 19.821 0.120
729.85417 20.438 0.242
739.83886 20.474 0.352
742.85115 20.252 0.235
744.82401 20.167 0.200
745.83357 20.093 0.159
746.87162 20.163 0.176
747.69101 20.417 0.206
748.66840 20.358 0.228
750.74869 20.326 0.208
751.77918 20.365 0.249
752.84058 20.428 0.242
754.84886 20.049 0.232
755.75271 20.463 0.284
759.74928 20.689 0.267
760.80378 20.247 0.187
762.82451 19.943 0.178
769.83691 20.075 0.197
773.82432 20.299 0.204
776.85032 20.226 0.225
779.79125 20.187 0.178
781.80778 20.115 0.199
783.81620 20.425 0.167
788.81870 20.054 0.143
790.83344 20.513 0.195
795.79015 20.367 0.202
798.78543 20.192 0.196
816.84110 20.356 0.199
817.78357 19.959 0.149
824.73095 20.644 0.346
826.72762 20.262 0.228
827.67368 20.240 0.166
828.73309 20.178 0.174
829.79762 20.205 0.230
831.62268 20.933 0.401
832.74558 20.907 0.366
833.67838 20.399 0.155
834.73140 20.200 0.230
835.69859 20.016 0.131
836.66738 20.299 0.200
837.64893 20.122 0.118
838.77655 19.931 0.279
839.64756 20.477 0.226
840.76798 20.756 0.297
842.68006 20.179 0.187
844.62779 20.628 0.313
845.65288 20.202 0.119
850.72392 20.286 0.228
854.76137 20.109 0.315
855.74598 20.163 0.316
856.65333 19.757 0.177
857.71161 19.610 0.149
858.66546 20.419 0.271
859.74136 20.411 0.270
860.68253 20.061 0.223
865.55024 20.226 0.309
867.60567 20.071 0.176
874.71723 19.838 0.120
876.58637 20.393 0.183
876.68655 20.004 0.141
880.61004 20.506 0.253
885.61671 20.698 0.660
887.65503 20.172 0.291
890.67863 20.444 0.352
892.57216 19.854 0.164
895.61553 20.256 0.233
898.59320 20.210 0.143
918.60846 19.815 0.284
922.51276 20.219 0.227
928.57468 20.808 0.672
933.53692 20.114 0.175
951.49488 20.007 0.156
1041.90910 20.002 0.137
1072.88469 20.223 0.180
1079.82751 20.310 0.242
1080.87176 20.069 0.143
1081.82114 19.840 0.138
1083.88939 19.888 0.141
1084.80302 20.284 0.191
1086.82331 20.190 0.160
1089.78635 20.275 0.205
1090.80815 20.219 0.251
1091.86630 20.023 0.200
1092.86467 21.102 0.475
1102.87028 20.025 0.124
1107.85328 20.086 0.172
1109.80299 20.280 0.250
1113.86643 20.123 0.166
1116.81066 20.247 0.128
1126.71241 20.138 0.178
1129.81115 20.082 0.158
1131.81583 20.284 0.285
1132.80767 20.245 0.186
1134.82074 20.022 0.134
1142.75807 20.080 0.128
1151.85270 20.131 0.213
1153.72431 20.352 0.199
1155.68000 20.168 0.250
1157.74059 19.942 0.252
1159.74559 20.368 0.214
1161.81064 20.300 0.154
1163.80731 20.015 0.183
1165.80748 20.545 0.277
1167.74219 20.841 0.402
1168.75321 20.391 0.275
1171.72104 19.979 0.133
1174.84886 20.263 0.156
1178.76683 20.490 0.240
1181.73237 20.213 0.218
1183.76592 20.214 0.187
1185.81486 20.208 0.166
1187.76809 20.550 0.264
1189.75648 20.013 0.142
1191.82137 20.662 0.226
1192.85211 20.263 0.165
1194.67163 20.163 0.173
1196.68853 20.174 0.216
1202.69389 20.238 0.216
1204.67402 20.055 0.221
1207.68680 20.367 0.274
1211.67912 19.791 0.156
1213.71337 20.430 0.281
1214.72128 20.075 0.217
1215.54738 20.257 0.192
1216.61545 19.957 0.133
1217.68304 20.262 0.213
1219.62029 20.258 0.233
1221.59095 20.326 0.232
1223.68111 20.281 0.206
1224.56073 20.373 0.251
1226.56901 20.113 0.159
1227.57606 20.300 0.207
1232.66568 20.514 0.220
1235.56685 20.109 0.188
1237.55077 19.953 0.336
1238.65276 20.493 0.380
1241.55296 20.103 0.228
1242.62637 20.452 0.306
1243.57010 20.049 0.188
1245.53866 20.423 0.292
1247.67306 20.111 0.206
1248.64078 20.399 0.310
1251.59534 19.942 0.199
1254.54923 20.031 0.200
1255.58223 20.512 0.394
1257.61385 20.816 0.429
1260.59990 20.019 0.141
1264.59031 19.984 0.248
1266.59209 20.217 0.288
1267.60816 19.896 0.222
1275.53059 20.622 0.403
1278.51323 19.921 0.190
1281.52129 20.128 0.263
1290.49101 20.422 0.370
1296.58192 20.262 0.311
1300.52800 19.979 0.245
1305.50641 20.466 0.302
1308.53740 20.680 0.380
1315.49662 20.350 0.403
1318.47932 19.897 0.224
1320.52150 20.152 0.264
1331.48395 20.085 0.280
1431.82726 20.412 0.235
1433.82384 20.384 0.248
1435.87174 19.962 0.169
1437.86443 19.956 0.154
1440.90342 20.537 0.329
1443.79473 20.377 0.331
1447.76851 20.216 0.393
1448.85924 20.403 0.362
1453.78115 20.422 0.485
1455.77745 20.099 0.342
1458.76338 20.217 0.305
1459.88496 19.997 0.202
1460.76558 20.411 0.289
1461.73134 20.907 0.452
1471.74175 20.612 0.293
1475.83621 20.123 0.179
1478.76092 20.263 0.210
1481.82313 20.396 0.263
1484.82744 20.387 0.190
1487.82023 20.303 0.214
1491.75896 20.334 0.264
1493.70092 19.782 0.148
1495.74433 20.309 0.190
1498.66549 20.280 0.276
1500.80601 20.404 0.174
1503.69632 20.753 0.504
1505.80316 20.374 0.254
1507.69918 20.240 0.276
1508.81578 20.705 0.296
1509.67733 20.145 0.175
1510.64280 20.513 0.214
1511.72546 19.818 0.142
1512.75949 19.928 0.183
1514.77395 20.399 0.275
1516.81975 20.201 0.183
1518.69160 20.445 0.224
1520.71692 20.161 0.186
1522.71759 20.032 0.177
1523.71777 20.940 0.518
1525.69370 20.454 0.242
1527.75905 20.069 0.145
1528.68499 20.192 0.164
1529.81043 20.303 0.219
1531.70237 20.171 0.171
1538.65950 20.087 0.161
1541.61534 20.212 0.155
1542.76969 20.092 0.176
1544.67200 20.394 0.203
1546.69667 19.916 0.209
1547.69833 20.563 0.194
1548.67545 20.634 0.285
1551.70480 20.313 0.147
1552.63775 20.411 0.242
1553.66145 20.245 0.160
1554.64006 20.860 0.301
1555.66452 20.256 0.221
1556.63867 20.338 0.251
1560.63039 19.708 0.157
1564.54952 19.788 0.234
1568.62620 20.038 0.205
1571.63587 20.048 0.152
1575.65026 20.033 0.202
1578.69058 20.470 0.328
1580.70136 20.265 0.188
1582.63587 20.203 0.201
1585.62666 20.408 0.237
1588.62992 19.861 0.187
1591.59377 20.017 0.331
1595.58701 20.214 0.274
1599.65297 20.366 0.214
1600.61987 20.486 0.403
1601.61301 20.180 0.304
1602.67946 20.761 0.412
1604.61105 20.024 0.175
1606.56804 20.263 0.228
1609.52426 20.475 0.362
1610.53919 19.699 0.208
1611.59927 20.104 0.230
1613.57965 19.957 0.161
1614.65074 20.613 0.406
1616.50836 20.149 0.160
1618.65758 19.952 0.193
1619.54762 20.046 0.242
1621.54375 20.360 0.307
1623.64091 20.168 0.277
1625.62195 20.268 0.266
1627.59223 20.128 0.334
1628.53215 20.091 0.233
1630.50380 19.700 0.208
1631.50159 20.312 0.231
1633.61705 20.212 0.214
1635.50005 20.447 0.342
1643.57602 19.637 0.218
1645.50912 20.214 0.371
1653.49446 20.463 0.388
1655.53839 19.851 0.200
1657.54785 20.127 0.263
1660.52269 20.089 0.251
1662.53004 20.415 0.295
1664.55312 20.089 0.242
1669.52303 20.531 0.416
1672.49574 20.478 0.348
1687.49339 20.452 0.531
1695.47872 20.812 0.495
1766.87148 20.330 0.324
1768.85713 20.812 0.471
1773.91546 20.345 0.216
1782.84668 20.125 0.195
1788.85512 20.276 0.213
1804.85034 20.400 0.268
1811.87091 20.259 0.165
1815.84709 20.162 0.187
1822.72879 20.761 0.340
1829.87804 20.313 0.256
1844.78589 20.452 0.198
1850.76726 20.681 0.343
1854.82428 20.644 0.228
1858.77140 19.868 0.202
1860.81374 20.292 0.233
1863.78687 20.133 0.186
1866.73755 20.038 0.155
1868.71866 20.245 0.156
1870.83969 20.815 0.458
1872.85551 20.170 0.286
1874.76047 20.079 0.144
2166.89956 20.803 0.291
2173.81998 20.407 0.209
2189.89136 20.136 0.194
2192.79375 20.322 0.146
2201.80654 20.454 0.145
2212.83820 20.251 0.167
2223.84281 19.889 0.136
2226.82280 20.571 0.259
2228.85981 20.214 0.181
2230.77333 20.241 0.185
2232.79308 20.068 0.166
2234.78727 20.236 0.141
2238.75098 20.425 0.196
2241.63430 20.135 0.182
2243.69273 20.109 0.182
2248.76063 20.073 0.130
2251.72256 19.979 0.118
2253.80666 19.904 0.117
2255.68162 20.210 0.182
2261.70187 20.103 0.141
2264.78294 20.140 0.121
2269.81635 20.127 0.155
2271.76374 20.230 0.124
2273.84879 20.017 0.162
2274.63345 20.448 0.280
2276.74058 20.038 0.156
2278.63909 19.969 0.139
2280.63730 20.221 0.163
2282.64586 20.395 0.205
2284.63712 20.410 0.238
2289.77951 20.264 0.171
2291.78759 20.432 0.267
2293.75335 20.422 0.263
2295.77527 20.298 0.159
2297.76860 20.328 0.192
2299.80916 20.144 0.207
2301.70327 20.099 0.195
2303.69947 20.632 0.405
2321.65014 20.294 0.185
2327.52864 20.457 0.234
2332.56153 20.329 0.301
2333.52559 19.832 0.187
2339.51379 20.175 0.188
2347.50846 20.346 0.252
2402.50247 20.587 0.388
2524.89819 20.020 0.164
2537.89815 20.817 0.418
2542.86048 20.315 0.185
2552.80779 20.417 0.231
2556.80103 20.026 0.134
2559.84920 20.267 0.184
2563.89447 19.888 0.287
2564.81717 20.597 0.284
2573.81877 20.063 0.180
2578.74295 20.343 0.252
2583.77842 20.056 0.173
2589.82139 20.271 0.153
2596.70963 19.908 0.194
2605.71088 20.139 0.156
2609.70163 20.403 0.255
2614.63639 20.847 0.284
2618.69412 20.274 0.184
2620.82200 20.359 0.162
2623.79288 19.987 0.127
2627.65745 20.539 0.388
2629.68099 20.090 0.185
2631.70096 19.975 0.188
2634.72923 20.115 0.159
2635.60118 20.286 0.157
2637.80023 20.428 0.273
2639.62614 20.136 0.105
2641.69181 20.339 0.191
2643.70058 20.221 0.173
2645.68981 20.197 0.125
2647.64754 20.406 0.195
2650.86314 20.358 0.198
2651.60211 20.260 0.221
2653.62912 20.191 0.188
2655.74240 19.921 0.142
2657.59509 20.414 0.210
2659.61008 20.620 0.290
2661.82808 20.152 0.223
2663.84215 20.032 0.244
2665.84805 20.640 0.397
2668.59704 19.896 0.175
2670.60218 20.504 0.273
2672.58876 20.446 0.283
2674.61015 19.928 0.136
2676.59663 20.149 0.174
2678.66939 20.431 0.292
2680.59512 20.064 0.131
2682.64410 20.262 0.233
2686.63864 20.253 0.233
2695.62102 20.356 0.224
2700.57515 20.604 0.267
2706.59396 20.128 0.226
2713.55904 20.219 0.260
2840.93682 20.177 0.223
2868.87654 20.290 0.202
2885.84151 20.366 0.155
2892.87107 20.528 0.316
2897.84039 19.975 0.171
2903.88620 20.143 0.118
2906.88933 20.260 0.152
2911.76914 20.545 0.185
2916.81318 20.478 0.167
2922.80307 19.738 0.146
2925.89160 20.342 0.406
2930.80421 20.399 0.184
2933.84857 20.388 0.156
2939.85686 19.902 0.145
2942.80646 20.022 0.127
2944.85089 20.271 0.216
2946.85280 20.210 0.166
2949.76744 20.116 0.171
2952.84332 20.153 0.168
2956.68254 20.191 0.153
2958.70925 20.397 0.192
2962.72012 20.001 0.127
2965.73920 20.030 0.100
2967.83876 20.269 0.132
2970.80410 20.196 0.117
2974.74194 20.003 0.134
2976.77661 20.242 0.152
2978.75671 20.431 0.249
2980.69677 20.494 0.206
2982.65616 20.530 0.233
2984.70675 19.980 0.128
2986.79003 19.986 0.152
2988.75408 20.520 0.223
2990.62624 20.456 0.199
2992.77684 20.138 0.131
2994.62311 20.268 0.168
2995.63267 20.573 0.145
2997.64165 20.494 0.162
2999.76136 20.132 0.155
3001.73316 20.473 0.188
3003.70670 20.120 0.127
3005.69746 20.190 0.163
3007.71188 20.406 0.187
3009.70994 20.192 0.143
3011.67926 20.191 0.196
3013.68248 20.100 0.146
3017.69291 19.920 0.152
3019.62047 20.337 0.170
3021.73963 20.300 0.135
3023.60160 20.177 0.117
3024.80263 20.050 0.110
3026.79893 20.076 0.106
3028.81091 20.111 0.134
3031.67288 20.423 0.148
3033.73681 20.247 0.118
3035.74317 20.282 0.163
3038.72155 20.129 0.173
3041.58973 20.500 0.309
3043.62513 20.454 0.285
3045.65881 20.309 0.198
3047.61289 20.132 0.170
3049.61850 20.225 0.116
3051.58578 20.342 0.185
3053.58090 20.383 0.185
3055.58005 20.281 0.177
3057.60487 19.838 0.117
3060.62738 19.855 0.118
3064.63170 20.198 0.206
3067.68869 20.390 0.216
3070.53704 20.695 0.330
3073.60455 20.807 0.479
3075.65295 20.133 0.187
3078.57307 20.436 0.287
3082.56244 20.558 0.269
3084.63936 20.132 0.141
3087.60102 20.466 0.195
3090.56480 20.610 0.278
3099.49965 20.422 0.372
3102.53126 19.943 0.162
3105.56506 19.993 0.173
3108.54352 20.040 0.143
3112.51488 20.347 0.248
3116.50217 20.295 0.212
3126.50789 20.278 0.209
3146.47041 20.286 0.245
3241.89543 20.023 0.162
3256.90680 20.463 0.212
3263.88165 20.143 0.105
3268.89723 20.416 0.181
3273.87249 20.369 0.191
3277.86169 20.394 0.184
3281.85180 20.239 0.121
3287.71335 20.300 0.149
3289.86552 20.027 0.125
3294.86098 20.534 0.166
3296.86873 20.065 0.142
3299.71999 20.241 0.145
3301.71972 19.889 0.132
3304.78236 20.249 0.174
3306.86337 20.391 0.210
3308.88016 20.160 0.338
3311.69048 20.038 0.132
3320.73326 20.416 0.160
3327.70228 20.230 0.152
3329.85289 19.945 0.109
3334.75886 20.301 0.221
3338.80898 20.221 0.131
3350.64080 20.227 0.130
3354.64096 20.734 0.363
3358.69444 20.380 0.132
3361.79990 20.154 0.135
3363.74966 20.375 0.201
3367.70345 20.316 0.224
3372.72188 20.246 0.131
3378.63462 20.621 0.246
3382.61281 19.948 0.187
3387.62096 20.273 0.171
3391.70218 20.317 0.192
3395.69360 20.319 0.230
3399.66970 20.069 0.141
3402.68655 20.005 0.118
3404.61712 20.251 0.173
3408.56773 20.393 0.163
3412.61316 20.030 0.146
3416.59656 19.990 0.125
3424.59964 20.303 0.223
3431.50128 19.930 0.207
3437.51229 19.742 0.111
3445.51702 19.731 0.124
3453.53876 20.241 0.214
3462.51404 20.210 0.194
3582.92064 19.873 0.143
3589.92743 20.720 0.203
3617.91283 20.188 0.221
3629.85249 21.330 0.507
3634.81785 20.179 0.136
3639.87075 19.992 0.106
3641.86165 20.254 0.182
3650.85697 20.073 0.099
3653.88483 19.912 0.127
3657.83807 20.807 0.244
3661.82193 20.204 0.194
3666.81814 21.445 0.621
3671.85100 20.598 0.195
3675.83358 20.276 0.138
3683.85468 20.059 0.128
3687.74740 19.918 0.103
3689.84788 20.089 0.132
3692.77174 20.219 0.155
3694.78665 20.425 0.178
3696.72911 20.202 0.128
3699.73167 20.788 0.180
3701.78467 20.149 0.123
3704.69173 19.926 0.105
3706.82053 20.282 0.167
3711.69418 20.091 0.130
3713.70793 20.107 0.139
3716.80707 20.574 0.162
3719.78797 19.634 0.134
3725.77965 20.227 0.164
3727.75444 20.399 0.181
3730.64976 20.242 0.106
3732.67426 20.182 0.111
3734.77223 20.321 0.131
3736.78863 20.280 0.152
3737.67718 20.404 0.148
3739.77619 19.968 0.093
3742.59918 20.051 0.156
3745.71066 20.135 0.130
3747.74024 20.987 0.583
3749.62305 20.135 0.237
3751.72719 20.341 0.185
3753.59883 20.396 0.199
3755.63638 20.892 0.376
3757.66982 20.683 0.267
3759.73347 20.363 0.152
3762.72180 20.065 0.168
3765.74033 20.131 0.107
3770.58185 20.183 0.160
3773.58921 20.316 0.184
3776.58825 20.347 0.181
3779.57829 20.273 0.209
3782.62802 20.413 0.182
3787.55289 19.812 0.111
3791.60009 20.085 0.138
3799.52460 20.130 0.210
3821.50264 19.870 0.109
3945.92731 20.803 0.220
3963.92344 20.423 0.224
3969.85388 20.364 0.191
3975.90392 20.065 0.132
3981.83314 20.327 0.213
3995.88353 20.842 0.306
4001.83662 20.088 0.131
4005.81447 20.209 0.124
4007.81852 20.486 0.180
4011.81867 20.132 0.188
4018.81020 21.013 0.316
4023.84229 20.566 0.203
4026.74864 20.441 0.177
4028.88479 20.060 0.258
4031.77256 19.562 0.127
4037.88166 19.904 0.216
4040.84855 19.895 0.138
4042.86429 20.048 0.141
4046.73927 20.216 0.199
4048.82882 20.512 0.248
4052.67097 20.297 0.146
4053.86861 20.545 0.429
4056.71550 19.797 0.120
4058.65356 20.364 0.194
4063.64759 20.581 0.198
4066.64538 19.659 0.089
4069.71101 19.971 0.118
4071.63962 20.231 0.180
4076.71188 20.667 0.276
4079.72459 20.918 0.387
4083.64150 19.752 0.132
4085.70678 20.031 0.157
4092.82410 19.969 0.128
4104.87092 19.837 0.263
4112.69561 20.551 0.166
4117.68446 19.961 0.143
4121.66051 20.582 0.271
4124.74335 19.793 0.099
4129.75593 20.030 0.156
4142.61494 20.343 0.189
4150.60341 20.393 0.145
4155.51674 20.140 0.152
4166.54560 20.326 0.260
4196.49509 20.014 0.171
4341.87111 20.160 0.203
4347.82102 20.446 0.245
4351.86695 20.433 0.235
4357.87887 20.235 0.219
4363.80351 20.726 0.352
4366.85409 19.898 0.149
4369.89463 20.398 0.214
4372.79756 20.298 0.188
4376.88794 20.624 0.340
4379.89436 20.435 0.305
4386.75550 20.088 0.128
4393.76644 20.179 0.149
4398.84267 20.353 0.180
4403.84909 19.978 0.187
4411.77803 20.229 0.139
4411.83973 20.439 0.205
4418.72885 19.977 0.099
4422.82544 20.388 0.156
4429.75668 19.804 0.223
4432.69361 20.157 0.146
4436.73301 20.229 0.180
4439.79870 20.263 0.244
4443.66839 20.286 0.251
4448.82239 20.189 0.148
4451.66260 20.129 0.175
4455.66139 20.137 0.191
4457.71692 20.217 0.253
4460.74699 20.283 0.233
4464.70967 20.202 0.130
4467.70218 20.309 0.150
4471.70390 20.301 0.164
4476.67094 20.150 0.120
4480.67072 20.139 0.149
4484.74976 20.353 0.253
4488.67228 20.544 0.320
4493.67441 19.820 0.148
4498.65269 20.318 0.149
4501.64573 19.982 0.138
4506.58384 20.664 0.285
4508.59383 20.224 0.173
4510.67312 20.011 0.164
4516.62286 20.090 0.262
4519.69439 19.932 0.178
4521.53803 20.224 0.198
4530.60267 20.067 0.170
4532.63096 20.203 0.168
4537.59260 20.322 0.201
4540.64377 20.279 0.248
4544.59775 20.184 0.235
4547.54033 20.784 0.344
4556.55600 19.993 0.152
4561.53348 20.095 0.156
4568.48816 20.499 0.248
4575.51108 19.922 0.160
4592.50832 20.726 0.443
4600.49182 19.815 0.160
4682.91567 20.284 0.198
4691.92401 20.607 0.291
4719.85195 20.958 0.401
4724.79813 20.524 0.258
4727.88871 20.425 0.269
4733.89497 20.397 0.210
4747.87662 20.050 0.150
4752.83586 20.750 0.342
4754.77596 19.814 0.157
4755.77855 20.398 0.202
4756.84510 20.417 0.198
4757.76495 20.366 0.270
4757.88601 20.636 0.476
4758.73594 20.595 0.244
4758.88321 20.641 0.317
4759.77074 20.298 0.148
4759.88173 20.269 0.249
4760.72796 20.197 0.130
4761.74864 20.101 0.135
4762.70151 20.224 0.168
4762.85174 19.878 0.105
4768.82966 20.226 0.160
4771.87199 20.243 0.308
4775.70536 20.247 0.202
4777.71993 20.111 0.141
4781.68327 20.170 0.150
4788.76709 20.148 0.152
4791.77759 20.184 0.113
4794.74895 20.604 0.219
4797.73017 20.036 0.142
4800.69166 20.302 0.149
4802.80496 20.144 0.114
4805.85218 20.197 0.153
4807.80724 20.206 0.149
4809.84501 20.262 0.146
4812.69405 20.782 0.418
4814.71012 20.246 0.192
4816.70701 20.630 0.263
4818.76301 20.107 0.132
4820.74057 20.673 0.210
4823.76690 20.581 0.221
4825.84045 19.804 0.127
4833.65344 20.366 0.164
4835.67054 20.116 0.153
4837.72836 19.955 0.164
4840.69399 20.073 0.162
4842.67869 20.259 0.156
4844.67787 20.152 0.136
4847.74482 20.239 0.171
4849.74177 19.841 0.173
4850.65579 20.252 0.162
4851.81343 20.233 0.205
4852.75060 20.233 0.149
4853.66993 20.262 0.206
4854.72673 20.076 0.159
4854.75762 20.199 0.157
4855.65741 20.010 0.163
4856.72203 20.169 0.182
4857.63346 20.312 0.178
4865.68788 20.342 0.184
4867.67765 20.071 0.118
4870.69084 20.033 0.152
4875.69339 20.924 0.319
4877.61548 20.288 0.173
4879.67213 20.133 0.162
4884.68456 20.187 0.160
4888.57220 20.609 0.223
4902.60853 19.801 0.180
4911.61787 20.915 0.301
4919.55210 20.008 0.150
4925.56215 20.280 0.184
4929.53351 20.094 0.251
4932.56888 20.297 0.263
4936.53295 19.670 0.138
4938.53152 20.032 0.189
4941.48869 19.755 0.146
4942.49245 20.179 0.184
4943.50413 21.617 0.745
4944.48600 19.895 0.150
4945.48941 20.488 0.226
4946.48788 20.221 0.245
4947.54577 20.175 0.188
4948.47414 19.720 0.143
4949.47260 21.050 0.393
4950.46697 20.396 0.362
4951.46480 20.707 0.447
4953.49464 19.995 0.194
4954.46984 20.698 0.468
