2166.86702 19.881 0.112
2189.87256 19.994 0.161
2192.77508 20.200 0.127
2201.78729 20.034 0.098
2212.81953 20.074 0.150
2217.80392 20.124 0.178
2223.82448 19.850 0.127
2228.84226 19.840 0.124
2230.75570 19.787 0.112
2232.77590 20.096 0.159
2234.76989 19.840 0.096
2238.72050 19.870 0.120
2240.84946 19.719 0.119
2242.85520 19.855 0.165
2248.73644 19.905 0.098
2251.76610 19.926 0.114
2253.78942 19.851 0.094
2255.71197 19.910 0.132
2258.71693 20.019 0.116
2261.68422 19.828 0.118
2264.82006 19.718 0.071
2269.79296 19.874 0.132
2271.74124 19.951 0.119
2273.83160 19.797 0.139
2275.80506 19.824 0.134
2277.80785 19.844 0.107
2279.80466 20.125 0.140
2281.76753 19.767 0.087
2283.82472 19.934 0.096
2289.76159 20.085 0.140
2291.76772 19.884 0.152
2293.73609 20.035 0.166
2295.75712 19.957 0.115
2297.74807 19.626 0.104
2299.78044 20.182 0.175
2301.68590 20.263 0.198
2303.68129 20.094 0.202
2323.58400 19.913 0.106
2326.59101 19.999 0.139
2332.53445 20.230 0.251
2338.55697 19.923 0.120
2356.50019 20.135 0.199
2524.87761 19.697 0.110
2542.84341 20.151 0.146
2544.90250 19.564 0.183
2551.89267 20.128 0.169
2559.83062 19.671 0.110
2563.87584 19.645 0.123
2573.80159 19.699 0.124
2577.86437 20.119 0.170
2583.76081 19.994 0.135
2589.80222 19.949 0.116
2596.69070 20.150 0.262
2605.76974 19.877 0.107
2609.68014 20.139 0.197
2611.68381 19.825 0.161
2617.83042 20.428 0.217
2620.79944 19.975 0.103
2623.77266 19.972 0.138
2626.69778 19.998 0.199
2627.63953 20.831 0.531
2628.86487 19.803 0.266
2630.85364 20.004 0.262
2632.64432 20.092 0.170
2635.63841 20.029 0.124
2637.78282 19.733 0.114
2639.79483 20.056 0.091
2641.67322 19.911 0.127
2643.68180 19.919 0.124
2645.67261 20.217 0.134
2647.59938 20.239 0.166
2651.66837 19.918 0.124
2653.69618 19.637 0.130
2655.67747 20.012 0.131
2657.81045 19.660 0.123
2659.68222 20.154 0.150
2661.70231 19.898 0.115
2665.80422 19.772 0.130
2671.81018 20.013 0.140
2675.74063 19.960 0.107
2679.77010 19.817 0.123
2682.62542 19.715 0.135
2686.61855 19.818 0.139
2691.56389 19.809 0.161
2695.60272 19.954 0.179
2700.55371 19.879 0.136
2713.53889 19.851 0.199
2841.94322 19.787 0.147
2868.90568 20.076 0.166
2890.84876 19.658 0.143
2895.88443 19.991 0.107
2900.84664 19.930 0.116
2906.87109 20.057 0.106
2910.90441 20.119 0.214
2915.90453 20.173 0.413
2922.78471 19.789 0.159
2925.87309 19.727 0.103
2930.78566 19.590 0.094
2933.83007 19.938 0.094
2939.83845 19.802 0.124
2941.85647 19.871 0.095
2943.73132 20.101 0.165
2946.83436 19.753 0.114
2948.82468 19.958 0.115
2952.82067 19.843 0.118
2956.66406 20.141 0.138
2958.69083 20.122 0.154
2962.70173 19.936 0.119
2965.71877 19.847 0.111
2967.81814 20.105 0.114
2970.78370 20.066 0.096
2974.72332 20.057 0.139
2976.75721 19.902 0.112
2978.65170 19.934 0.152
2980.67814 20.017 0.142
2982.63727 20.174 0.201
2984.67841 19.904 0.116
2986.76626 19.975 0.132
2988.73427 19.735 0.111
2990.66759 19.860 0.095
2992.75724 19.858 0.104
2994.66853 20.059 0.177
2996.75536 19.811 0.103
2998.71010 19.975 0.118
2999.80319 19.726 0.104
3001.68085 19.955 0.094
3003.67650 20.043 0.131
3005.63349 20.114 0.166
3007.75198 19.848 0.106
3009.68777 19.904 0.111
3011.63336 20.083 0.211
3013.66402 19.756 0.103
3017.63935 19.917 0.086
3018.73117 20.090 0.142
3020.80643 20.010 0.151
3022.83290 20.092 0.130
3024.78142 20.176 0.119
3026.77878 20.044 0.111
3028.79086 19.941 0.095
3030.79109 19.947 0.096
3033.71845 19.951 0.087
3035.72469 19.928 0.100
3038.70308 19.801 0.116
3040.70273 19.820 0.143
3042.64632 19.918 0.142
3044.58020 19.935 0.136
3046.59570 19.905 0.111
3048.58060 19.897 0.099
3050.59950 19.916 0.080
3052.59658 19.889 0.094
3054.59737 19.980 0.119
3056.59460 19.913 0.103
3058.58833 19.789 0.114
3060.60883 19.841 0.103
3064.61340 19.977 0.152
3067.67032 19.854 0.110
3069.63045 19.891 0.132
3073.54526 19.924 0.177
3075.63460 20.131 0.174
3078.55448 19.811 0.128
3082.54348 20.046 0.166
3084.61993 19.751 0.087
3087.58221 19.962 0.154
3090.53771 20.131 0.214
3098.62691 20.038 0.170
3101.58459 19.813 0.217
3104.55787 19.806 0.120
3107.54202 19.483 0.138
3111.53142 20.033 0.194
3114.52539 19.871 0.142
3126.48983 19.881 0.130
3144.50515 19.763 0.170
3224.90527 19.739 0.122
3247.91015 20.149 0.148
3256.88841 19.888 0.120
3263.86316 20.143 0.099
3268.87896 20.138 0.110
3273.85047 20.024 0.135
3276.86866 20.515 0.269
3281.83352 19.809 0.087
3289.84689 20.027 0.159
3294.84506 19.848 0.088
3296.85042 19.855 0.087
3298.88095 20.309 0.222
3301.70133 19.751 0.123
3303.87036 19.900 0.123
3306.84500 19.954 0.132
3308.86192 19.789 0.118
3311.67203 19.915 0.150
3320.70517 19.982 0.116
3329.83424 19.787 0.084
3334.73400 20.293 0.187
3338.78977 20.027 0.118
3354.76380 19.816 0.095
3358.64532 19.611 0.068
3361.74109 20.218 0.154
3363.73123 19.921 0.136
3367.68476 19.999 0.155
3372.70354 19.999 0.103
3386.76552 20.030 0.084
3391.61091 20.137 0.174
3395.67495 19.931 0.139
3398.72268 20.009 0.124
3402.66793 19.733 0.086
3404.59580 19.820 0.108
3408.54923 20.067 0.142
3412.59446 19.886 0.115
3414.62603 20.121 0.155
3419.59690 19.758 0.111
3426.53238 19.793 0.112
3433.58357 20.030 0.156
3443.55420 19.825 0.103
3453.52062 20.020 0.135
3575.92587 20.039 0.147
3589.90928 19.962 0.100
3617.89414 20.084 0.123
3629.83360 19.952 0.152
3634.79969 19.683 0.084
3640.76881 20.164 0.140
3641.84357 19.683 0.087
3650.83890 19.892 0.084
3653.86683 19.831 0.088
3657.81738 19.959 0.094
3660.78304 19.894 0.146
3664.81850 19.925 0.098
3668.77580 19.762 0.124
3672.76428 19.731 0.080
3676.86578 19.621 0.102
3684.80996 19.981 0.107
3687.72894 19.718 0.084
3689.82754 20.011 0.123
3692.75190 19.969 0.128
3694.82589 19.964 0.106
3696.70115 19.851 0.108
3699.71341 20.088 0.108
3701.76432 20.013 0.111
3704.73078 20.249 0.116
3706.78498 19.988 0.103
3711.67599 20.210 0.138
3713.68965 20.133 0.114
3719.76647 19.890 0.159
3722.82568 19.911 0.134
3726.68889 19.995 0.140
3728.66165 19.875 0.072
3731.76220 20.163 0.119
3733.64841 19.674 0.067
3734.75136 20.353 0.130
3736.77026 20.193 0.136
3737.65890 20.040 0.104
3739.72099 19.767 0.078
3741.82725 19.781 0.147
3743.72513 20.144 0.123
3746.76755 19.811 0.123
3748.72019 20.572 0.285
3750.72637 19.986 0.120
3752.73441 19.934 0.111
3754.75574 19.808 0.106
3755.67547 19.984 0.151
3757.64960 19.860 0.111
3759.61530 19.917 0.122
3762.70011 19.920 0.106
3765.72201 19.865 0.060
3769.76262 20.017 0.099
3772.73098 19.905 0.094
3775.72289 20.020 0.181
3778.70142 19.828 0.103
3782.60956 19.955 0.131
3786.58563 20.068 0.126
3791.58194 20.009 0.118
3798.58169 19.885 0.092
3806.51153 19.997 0.210
3820.51427 20.000 0.140
3945.90929 19.865 0.094
3965.93246 19.987 0.134
3971.82427 19.774 0.119
3974.92457 20.009 0.170
3981.81544 19.952 0.147
3988.90885 19.993 0.174
3995.85029 19.925 0.147
4002.84643 19.820 0.090
4005.79642 19.837 0.091
4007.80064 20.028 0.120
4011.78103 19.841 0.167
4018.76661 19.992 0.148
4023.82010 19.887 0.104
4026.73067 19.673 0.083
4028.86680 20.066 0.090
4031.75448 20.145 0.147
4037.86337 19.979 0.120
4040.83066 20.012 0.130
4042.84540 19.837 0.136
4046.72131 20.117 0.156
4048.81026 19.961 0.173
4052.65308 19.852 0.086
4053.85077 19.964 0.095
4056.69431 19.924 0.159
4059.68154 19.790 0.110
4064.64963 20.081 0.107
4066.62741 20.204 0.162
4069.69302 20.092 0.124
4071.62134 19.733 0.107
4076.69380 19.904 0.165
4079.70641 19.940 0.139
4082.69675 19.972 0.114
4084.77661 19.548 0.094
4087.69606 19.956 0.104
4093.79023 20.194 0.139
4104.82011 19.866 0.171
4113.69961 20.215 0.148
4119.63782 20.001 0.148
4122.68668 20.076 0.103
4125.73414 19.931 0.136
4129.73357 19.589 0.090
4142.59639 20.004 0.130
4150.56840 19.973 0.095
4154.58438 19.969 0.174
4166.52679 19.967 0.181
4184.51971 19.778 0.138
4340.91692 20.023 0.108
4346.90501 19.897 0.122
4351.84544 19.888 0.122
4357.85719 19.964 0.189
4363.78561 19.893 0.140
4365.80924 20.275 0.292
4369.80482 20.031 0.209
4372.77949 19.980 0.115
4376.87005 20.056 0.140
4379.87658 19.716 0.119
4383.88064 20.034 0.132
4388.87456 20.079 0.174
4393.74845 19.641 0.090
4398.82366 19.893 0.119
4403.76425 19.695 0.140
4411.75948 20.000 0.107
4417.84224 19.980 0.110
4421.75466 19.770 0.075
4425.82784 19.868 0.127
4429.73858 20.281 0.320
4432.78017 20.093 0.120
4436.70664 19.803 0.127
4439.75082 19.878 0.138
4442.72819 19.934 0.154
4448.78388 19.888 0.096
4450.78857 19.989 0.146
4453.76438 19.955 0.114
4456.77771 19.861 0.143
4459.68773 19.753 0.096
4462.68974 19.915 0.118
4465.73004 20.049 0.118
4474.68518 20.131 0.130
4478.78793 20.220 0.156
4481.78674 20.180 0.148
4484.69645 20.035 0.156
4487.75884 20.221 0.271
4492.71144 19.857 0.131
4494.74588 19.778 0.128
4499.64244 19.858 0.132
4502.69967 20.220 0.210
4507.65839 19.736 0.115
4509.65564 19.567 0.099
4516.60479 20.365 0.285
4520.67675 19.855 0.170
4522.56382 20.017 0.158
4524.57787 19.772 0.130
4530.58308 19.791 0.136
4532.57506 19.921 0.171
4537.57314 19.824 0.126
4540.62192 19.977 0.170
4549.57834 20.118 0.181
4560.51695 19.803 0.130
4567.52857 19.830 0.174
4574.54957 20.031 0.181
4592.48731 19.697 0.190
4681.94064 19.894 0.209
4691.90629 19.983 0.163
4702.91816 19.866 0.148
4719.83367 20.027 0.158
4726.90804 20.158 0.205
4731.88433 19.795 0.091
4747.85674 20.047 0.118
4752.81786 19.879 0.152
4756.82703 20.018 0.154
4759.87410 20.343 0.183
4762.83383 19.996 0.122
4768.81182 19.943 0.115
4771.85392 20.106 0.166
4774.86329 20.034 0.163
4777.70069 20.115 0.144
4780.84963 20.196 0.158
4783.81955 19.859 0.118
4788.74896 19.894 0.119
4791.72631 20.103 0.096
4794.73066 20.010 0.122
4797.71203 19.906 0.132
4800.75530 19.904 0.088
4802.78691 19.921 0.095
4804.81108 19.904 0.111
4805.83412 19.886 0.120
4807.78501 20.020 0.114
4810.74295 19.720 0.100
4814.69213 19.872 0.148
4816.68899 20.080 0.159
4818.71111 20.025 0.139
4820.71792 20.014 0.111
4823.73156 19.695 0.096
4825.82245 20.001 0.139
4831.86105 19.724 0.169
4832.82130 19.826 0.115
4834.79039 19.675 0.110
4837.69041 19.895 0.169
4839.71895 19.849 0.119
4841.75525 19.926 0.139
4843.75452 19.866 0.179
4846.72328 19.765 0.108
4850.73851 20.376 0.179
4852.73254 20.030 0.132
4855.73996 19.870 0.138
4857.71810 20.059 0.177
4866.68529 20.113 0.166
4868.68341 19.751 0.099
4870.67284 20.326 0.230
4873.70353 19.726 0.112
4875.60054 20.101 0.128
4876.63119 19.875 0.095
4878.65611 19.786 0.086
4882.57541 19.978 0.146
4884.63777 19.942 0.123
4888.55428 19.737 0.099
4900.58593 20.034 0.173
4904.61173 19.783 0.161
4914.56786 20.307 0.206
4918.56618 19.718 0.110
4924.58519 19.969 0.104
4928.57501 19.942 0.136
4930.52620 19.756 0.147
4934.52308 19.845 0.147
4938.51436 19.702 0.136
4942.53092 19.674 0.099
4947.52431 19.840 0.127
