2166.90695 19.827 0.130
2173.82739 19.869 0.116
2192.80040 20.270 0.131
2201.81315 20.359 0.141
2212.84480 20.288 0.179
2223.84945 19.874 0.129
2226.82943 19.984 0.145
2229.64135 19.936 0.159
2230.77993 19.838 0.132
2232.79967 19.977 0.172
2238.76587 20.008 0.130
2241.64090 20.075 0.179
2243.69933 20.309 0.210
2248.77173 20.252 0.139
2251.72917 20.067 0.120
2253.81325 20.432 0.173
2261.71420 20.275 0.234
2264.78954 20.097 0.110
2269.82293 19.780 0.107
2271.77035 20.283 0.137
2274.64007 20.444 0.269
2276.74718 20.084 0.154
2278.64571 19.912 0.133
2280.64389 20.191 0.175
2282.65246 20.096 0.210
2289.78613 19.970 0.135
2291.79422 20.261 0.211
2295.78190 20.045 0.135
2297.77521 19.807 0.132
2299.81577 19.935 0.161
2301.70988 19.943 0.162
2303.70607 20.346 0.299
2327.53602 20.086 0.195
2332.56891 19.968 0.205
2333.53297 19.939 0.249
2339.52117 20.343 0.226
2347.51586 20.061 0.164
2402.50998 20.051 0.218
2542.86714 20.048 0.145
2552.81679 20.200 0.183
2556.80841 20.147 0.147
2559.85653 20.150 0.176
2564.82451 20.136 0.160
2573.82539 19.983 0.156
2578.74955 20.199 0.206
2583.78500 19.932 0.143
2589.82867 20.014 0.123
2596.71690 20.120 0.207
2605.71818 19.928 0.119
2609.70890 20.042 0.169
2614.64355 20.074 0.143
2618.70120 20.217 0.188
2623.80002 20.125 0.138
2629.68756 20.220 0.253
2631.70756 20.342 0.250
2634.73640 20.094 0.145
2635.60778 20.102 0.123
2637.80682 19.979 0.128
2639.63272 20.103 0.097
2641.69898 19.948 0.126
2643.70775 19.987 0.142
2645.69638 20.043 0.101
2647.65414 20.070 0.133
2651.60929 20.135 0.187
2653.63571 20.275 0.206
2655.75667 20.059 0.184
2657.60168 20.175 0.154
2659.62102 20.350 0.210
2661.83467 20.044 0.175
2668.60451 19.984 0.178
2670.60881 19.898 0.147
2672.59541 20.390 0.256
2674.61677 20.027 0.138
2676.60327 20.250 0.144
2678.67602 19.834 0.126
2680.60178 20.027 0.116
2682.65136 20.126 0.181
2686.64584 19.801 0.148
2691.59249 20.548 0.324
2695.62829 20.419 0.219
2700.58379 19.823 0.148
2713.56635 19.988 0.209
2841.90661 20.312 0.240
2885.84878 19.941 0.100
2892.87834 19.887 0.163
2897.84767 19.847 0.148
2903.89343 20.002 0.094
2906.89655 20.007 0.112
2911.77641 20.070 0.116
2916.82613 20.032 0.098
2922.81032 19.937 0.158
2926.73688 20.303 0.182
2930.81142 20.080 0.126
2933.85576 20.068 0.121
2939.86405 20.294 0.182
2942.81462 20.114 0.117
2944.85807 20.486 0.217
2946.85998 20.004 0.130
2949.79756 19.723 0.096
2952.85130 20.063 0.142
2956.68973 20.004 0.123
2958.71640 20.151 0.147
2962.72814 20.214 0.163
2965.74638 19.921 0.093
2967.84592 20.013 0.092
2970.81128 19.999 0.091
2974.74907 20.120 0.123
2976.78379 20.057 0.123
2978.76385 20.299 0.183
2980.70393 20.190 0.144
2982.66667 19.918 0.136
2984.71390 19.995 0.125
2986.79712 20.294 0.182
2988.76125 19.984 0.134
2990.63338 20.334 0.165
2992.78398 20.262 0.156
2994.63027 20.041 0.124
2995.63983 20.213 0.104
2997.64981 20.124 0.118
2999.76854 20.521 0.213
3001.74057 20.052 0.130
3003.71383 20.268 0.138
3005.70459 20.040 0.132
3007.71902 20.145 0.143
3009.71710 19.970 0.116
3011.69662 20.384 0.217
3013.68966 19.996 0.128
3017.70005 19.913 0.128
3019.62767 20.095 0.154
3021.74682 20.097 0.117
3023.60877 19.971 0.090
3024.80977 20.372 0.165
3026.80610 19.879 0.090
3028.81809 20.105 0.147
3031.68007 20.206 0.116
3035.75138 19.946 0.103
3038.72876 20.059 0.154
3041.59695 20.011 0.206
3043.63234 19.788 0.148
3045.66607 20.292 0.189
3047.62009 20.040 0.152
3049.62570 20.054 0.090
3051.59299 20.041 0.130
3053.58813 20.076 0.125
3055.58726 19.924 0.119
3057.61211 20.064 0.130
3060.63462 20.215 0.155
3064.64326 20.555 0.326
3067.69745 20.197 0.157
3070.54430 19.948 0.160
3073.61264 19.931 0.197
3075.66022 20.097 0.205
3078.58036 19.970 0.152
3082.56969 20.096 0.168
3084.64665 19.873 0.104
3087.60970 19.952 0.117
3090.57201 20.161 0.199
3102.53849 20.424 0.233
3105.57228 19.947 0.140
3108.55077 20.115 0.140
3112.52214 20.363 0.215
3116.50937 19.852 0.135
3126.51516 20.145 0.194
3146.47769 20.658 0.377
3241.90262 20.018 0.138
3256.91397 20.036 0.161
3263.88880 20.253 0.113
3268.90440 20.138 0.155
3273.87962 19.984 0.136
3277.86885 19.844 0.107
3281.85890 20.135 0.110
3287.72048 20.039 0.102
3289.87266 19.990 0.108
3294.86809 19.973 0.102
3296.87585 19.948 0.120
3299.73166 20.247 0.133
3301.72678 20.139 0.159
3304.78947 19.999 0.138
3306.87048 20.055 0.139
3309.69980 20.202 0.136
3311.69757 19.867 0.115
3320.74034 20.126 0.139
3327.70936 20.027 0.113
3329.85997 20.048 0.134
3334.76593 19.869 0.175
3338.81602 20.136 0.133
3350.64785 20.210 0.115
3354.64803 20.047 0.165
3358.70151 20.345 0.129
3361.80694 20.239 0.136
3363.75674 20.151 0.146
3367.71051 20.301 0.232
3372.72897 20.252 0.114
3378.64168 20.100 0.139
3383.77106 20.098 0.096
3387.62804 20.008 0.127
3391.70926 20.538 0.219
3395.70071 20.091 0.175
3399.67679 20.216 0.163
3402.69363 20.291 0.141
3404.62420 19.882 0.107
3408.57485 19.907 0.103
3412.62020 20.276 0.157
3416.61067 20.129 0.121
3424.60671 20.006 0.152
3431.50834 19.905 0.107
3437.51937 19.951 0.121
3445.52415 20.092 0.153
3453.54588 19.917 0.154
3462.52119 20.364 0.206
3582.92783 20.050 0.145
3589.93457 20.241 0.149
3629.85957 20.124 0.147
3634.82492 19.877 0.117
3639.87783 20.385 0.149
3641.86874 20.021 0.127
3650.86404 20.136 0.102
3653.89190 20.723 0.378
3657.84509 20.207 0.116
3661.82902 19.929 0.136
3666.82519 20.909 0.412
3671.85800 20.104 0.119
3675.84058 19.841 0.089
3683.86169 20.177 0.144
3687.75441 19.778 0.079
3689.85488 19.768 0.091
3692.77870 19.960 0.118
3694.79363 20.294 0.147
3696.73611 20.146 0.124
3699.73868 20.203 0.104
3701.79166 20.174 0.123
3704.69872 20.154 0.124
3706.82750 20.274 0.138
3711.70115 20.012 0.116
3713.71490 20.159 0.126
3716.81403 20.209 0.133
3719.79496 20.091 0.188
3721.75469 19.917 0.104
3725.78663 19.843 0.137
3727.76141 20.127 0.125
3730.65676 20.153 0.089
3732.68125 20.126 0.095
3734.77920 20.116 0.114
3736.79561 20.320 0.159
3737.68418 19.943 0.092
3739.78320 20.212 0.120
3742.60624 19.970 0.132
3745.71895 20.045 0.119
3747.74724 20.400 0.337
3749.63005 20.955 0.519
3751.73425 20.158 0.152
3753.60584 19.945 0.142
3755.64337 20.252 0.219
3757.67684 20.020 0.119
3759.74153 20.366 0.135
3762.72883 20.166 0.159
3765.74739 20.037 0.085
3770.58890 20.020 0.126
3773.59628 20.224 0.162
3776.59531 20.062 0.147
3779.58536 20.199 0.196
3782.63507 19.947 0.118
3787.56088 20.153 0.138
3791.60719 20.176 0.145
3799.53170 20.129 0.205
3821.50978 20.178 0.135
3945.93452 20.124 0.112
3963.93049 20.103 0.180
3969.86094 20.452 0.253
3975.91095 19.944 0.111
3981.84017 20.062 0.157
3995.89055 20.226 0.220
4001.84361 20.254 0.146
4005.82146 20.246 0.119
4007.82546 19.855 0.098
4011.82563 20.299 0.166
4018.81714 19.981 0.112
4023.84926 20.217 0.157
4026.75559 20.047 0.105
4029.69894 20.393 0.261
4031.77950 19.882 0.095
4038.68868 20.243 0.138
4040.85549 20.419 0.241
4042.87125 19.880 0.129
4046.74622 19.925 0.142
4048.83570 20.415 0.206
4052.67788 20.192 0.122
4054.65096 20.275 0.214
4056.72243 20.204 0.198
4058.66049 20.054 0.150
4063.65447 19.945 0.095
4066.65228 19.971 0.099
4069.71789 19.787 0.114
4071.64650 20.750 0.316
4076.71876 19.763 0.117
4079.73146 19.915 0.142
4083.64837 19.892 0.140
4085.71370 20.075 0.141
4092.83103 20.079 0.117
4112.70252 20.206 0.103
4117.69139 20.107 0.137
4121.66741 19.885 0.131
4124.75029 20.159 0.125
4129.76757 20.064 0.113
4142.62193 20.202 0.169
4150.62896 20.050 0.103
4155.52373 19.978 0.113
4166.55261 19.938 0.179
4196.50214 20.031 0.157
4341.87814 20.052 0.164
4347.82807 20.224 0.174
4351.87395 19.826 0.126
4357.88592 20.045 0.175
4363.81049 19.751 0.141
4366.86112 20.055 0.151
4369.90159 19.753 0.162
4372.80453 20.072 0.137
4376.89494 21.068 0.703
4380.78689 19.968 0.118
4386.76247 20.024 0.121
4393.77336 20.015 0.127
4398.84960 20.136 0.143
4403.85600 19.995 0.201
4411.78495 20.276 0.143
4411.84663 20.145 0.139
4418.73577 20.048 0.099
4422.83236 20.039 0.116
4429.77487 20.054 0.280
4432.70050 20.042 0.147
4436.73990 20.378 0.179
4439.80560 20.060 0.184
4443.67529 19.856 0.156
4448.82931 19.946 0.127
4451.66948 19.904 0.135
4455.66828 20.019 0.158
4457.72380 19.965 0.168
4464.71656 19.833 0.092
4467.70907 20.179 0.119
4471.75532 20.146 0.177
4476.67785 20.306 0.139
4480.67767 20.047 0.129
4484.75670 20.224 0.237
4488.67923 20.259 0.234
4493.68138 20.084 0.190
4498.65927 20.100 0.126
4501.65231 20.280 0.176
4506.59042 19.797 0.130
4508.60043 20.001 0.124
4510.68009 19.935 0.138
4519.70138 20.160 0.208
4521.54506 20.289 0.217
4524.58554 20.052 0.157
4530.60969 20.182 0.184
4532.63798 20.137 0.145
4537.59960 20.061 0.149
4540.65078 19.815 0.160
4544.60479 20.336 0.258
4547.54737 20.234 0.206
4556.56306 20.173 0.163
4561.54055 20.080 0.160
4568.49524 20.328 0.210
4575.51816 20.235 0.216
4592.51543 19.852 0.180
4600.49898 20.243 0.220
4682.92274 19.883 0.125
4691.93106 19.987 0.151
4719.85895 20.393 0.228
4724.80514 20.045 0.158
4727.89571 20.080 0.203
4733.90196 20.155 0.184
4747.88360 20.054 0.177
4752.84282 19.923 0.135
4756.85204 20.106 0.139
4760.73493 20.196 0.121
4762.85868 20.303 0.152
4768.83660 20.599 0.239
4771.87893 20.674 0.686
4775.71229 20.224 0.201
4777.72685 19.881 0.125
4781.69017 20.254 0.158
4783.84443 20.268 0.164
4788.77402 19.876 0.116
4791.78449 20.381 0.136
4794.75590 20.188 0.142
4797.73708 20.481 0.230
4800.69855 19.779 0.099
4802.81188 20.306 0.133
4804.83630 20.292 0.180
4805.85909 20.125 0.184
4807.81414 20.274 0.142
4809.85193 20.099 0.154
4812.70098 20.712 0.410
4814.71701 20.314 0.212
4816.71393 19.863 0.128
4818.76991 20.386 0.173
4820.74744 19.947 0.114
4823.77378 20.155 0.164
4825.84737 20.081 0.149
4833.66031 20.130 0.124
4835.67747 20.206 0.175
4837.73529 20.290 0.209
4840.70090 19.887 0.145
4842.68559 19.926 0.107
4844.68478 20.353 0.172
4847.75175 20.062 0.138
4849.74872 20.586 0.330
4852.75752 20.155 0.148
4854.73375 20.033 0.141
4856.72895 20.126 0.207
4865.69481 20.331 0.177
4867.68461 19.970 0.116
4870.69781 20.113 0.180
4873.72858 20.024 0.188
4875.70033 20.298 0.181
4877.62244 20.287 0.160
4879.67910 19.907 0.138
4884.69157 19.882 0.115
4888.57921 20.064 0.108
4902.61554 20.013 0.207
4911.62488 20.360 0.209
4919.55915 20.232 0.213
4925.56886 20.082 0.166
4929.54021 19.786 0.167
4932.57561 20.001 0.202
4936.53965 20.116 0.180
4938.53825 19.963 0.186
4942.55126 20.099 0.157
4949.51955 19.977 0.110
