2166.88865 13.444 0.006
2173.80914 13.480 0.006
2189.88054 13.652 0.006
2192.78377 13.693 0.006
2201.79658 13.789 0.006
2212.82828 13.907 0.006
2217.81307 13.970 0.006
2223.83293 14.041 0.006
2226.81291 14.108 0.006
2228.84992 14.134 0.006
2232.78322 14.147 0.006
2234.77739 14.169 0.006
2238.74107 14.206 0.006
2242.86317 14.240 0.006
2248.75076 14.355 0.006
2251.71271 14.357 0.006
2255.67175 14.419 0.006
2261.69199 14.506 0.006
2269.80646 14.587 0.006
2271.74901 14.638 0.006
2273.83893 14.599 0.006
2274.62180 14.635 0.006
2276.69492 14.609 0.006
2278.62922 14.688 0.006
2280.62740 14.696 0.006
2282.63596 14.748 0.006
2289.76961 14.784 0.006
2291.77772 14.818 0.006
2293.74349 14.830 0.006
2295.76537 14.835 0.006
2297.75866 14.857 0.006
2299.78784 14.857 0.006
2301.69333 14.912 0.006
2303.68950 14.926 0.006
2327.51782 15.239 0.007
2332.55070 15.263 0.008
2333.51476 15.270 0.008
2339.50290 15.350 0.007
2402.49139 15.980 0.010
2524.88734 16.100 0.010
2537.88729 15.914 0.009
2542.85050 15.862 0.008
2551.90047 15.739 0.009
2556.79023 15.715 0.007
2559.83839 15.677 0.007
2563.88367 15.635 0.007
2564.80639 15.634 0.007
2577.87275 15.297 0.006
2583.76855 15.098 0.006
2589.81065 14.799 0.006
2596.69895 14.426 0.006
2605.70019 13.904 0.006
2609.69091 13.717 0.006
2614.62344 13.568 0.006
2618.68342 13.470 0.006
2620.81147 13.444 0.006
2623.78234 13.399 0.006
2627.64760 13.377 0.006
2629.67113 13.365 0.006
2631.69107 13.448 0.006
2635.59129 13.323 0.006
2637.79036 13.340 0.006
2639.61624 13.341 0.006
2641.68123 13.336 0.006
2645.67994 13.312 0.006
2647.63765 13.315 0.006
2650.85258 13.330 0.006
2653.61922 13.328 0.006
2655.72869 13.327 0.006
2657.58519 13.319 0.006
2659.60020 13.305 0.006
2661.81816 13.335 0.006
2668.58623 13.364 0.006
2670.59225 13.276 0.006
2672.57810 13.256 0.006
2676.58667 13.230 0.006
2680.58515 13.205 0.006
2682.63349 13.196 0.006
2686.62804 13.184 0.006
2691.57325 13.196 0.006
2695.61037 13.158 0.006
2700.56359 13.153 0.006
2706.58326 13.195 0.006
2713.54724 13.182 0.006
2840.92597 14.032 0.006
2892.86036 14.559 0.006
2903.87549 14.692 0.006
2906.87867 14.708 0.006
2911.75850 14.752 0.006
2916.80255 14.799 0.006
2922.79248 14.876 0.006
2930.79361 14.913 0.006
2933.83796 14.947 0.006
2939.84630 15.027 0.006
2942.79284 15.057 0.006
2944.84030 15.071 0.006
2946.84223 15.101 0.006
2948.85865 15.123 0.006
2956.67205 15.180 0.006
2958.69873 15.196 0.006
2962.70961 15.289 0.006
2965.72869 15.339 0.006
2967.82751 15.342 0.006
2970.79361 15.339 0.006
2974.73140 15.363 0.006
2976.76613 15.361 0.006
2978.72993 15.393 0.006
2980.68622 15.409 0.006
2982.64566 15.452 0.006
2984.69621 15.464 0.006
2986.77431 15.419 0.007
2988.74360 15.487 0.006
2990.61581 15.533 0.006
2992.76518 15.527 0.006
2994.61260 15.517 0.006
2995.62217 15.538 0.006
2997.63116 15.538 0.006
2999.74932 15.596 0.007
3001.71892 15.598 0.006
3003.69386 15.601 0.007
3005.68696 15.621 0.007
3007.69885 15.648 0.007
3009.69571 15.660 0.007
3011.66874 15.723 0.008
3013.67199 15.781 0.007
3019.60999 15.876 0.009
3021.72912 15.842 0.007
3022.84083 15.882 0.007
3024.78944 15.869 0.007
3026.78662 15.847 0.007
3028.79883 15.875 0.007
3031.66233 15.946 0.007
3033.72629 15.897 0.007
3035.73262 15.904 0.007
3038.71102 15.932 0.007
3041.57914 15.937 0.009
3043.61459 15.952 0.012
3045.64819 15.978 0.008
3047.60229 15.783 0.008
3049.60790 16.072 0.010
3051.57517 15.878 0.007
3053.57030 15.921 0.008
3055.56942 15.916 0.008
3057.59427 16.047 0.011
3060.61674 15.964 0.008
3064.62105 15.917 0.008
3067.67806 15.936 0.007
3070.52640 15.910 0.010
3073.59305 15.911 0.009
3075.64228 15.913 0.008
3078.56235 15.850 0.008
3082.55177 15.803 0.010
3084.62780 15.878 0.007
3087.59034 15.943 0.008
3099.48890 15.782 0.007
3102.51527 15.769 0.007
3105.55432 15.794 0.008
3108.53273 15.759 0.007
3112.50291 15.764 0.007
3116.49138 15.721 0.007
3126.49707 15.598 0.007
3144.51243 15.333 0.006
3224.86977 13.211 0.006
3241.85376 13.240 0.006
3247.91754 13.213 0.006
3256.89608 13.167 0.006
3263.87103 13.130 0.006
3268.88653 13.103 0.006
3273.86187 13.083 0.006
3276.90202 13.085 0.006
3281.84119 13.071 0.006
3289.85490 13.074 0.006
3294.85296 13.059 0.006
3296.85814 13.092 0.006
3301.70916 13.136 0.006
3303.87813 13.118 0.006
3306.85280 13.156 0.006
3308.86962 13.139 0.006
3311.67996 13.196 0.006
3320.72274 13.288 0.006
3323.67889 13.320 0.006
3327.69179 13.363 0.006
3329.84237 13.366 0.006
3334.74834 13.393 0.006
3338.79844 13.465 0.006
3350.62475 13.594 0.006
3354.63047 13.628 0.006
3358.68392 13.642 0.006
3361.78421 13.696 0.006
3363.73915 13.704 0.006
3367.69295 13.734 0.006
3372.71142 13.796 0.006
3378.62408 13.875 0.006
3382.60231 13.977 0.006
3391.68699 14.012 0.006
3395.68304 14.053 0.006
3402.67600 14.073 0.006
3404.60657 14.103 0.006
3408.55717 14.189 0.006
3412.60265 14.188 0.006
3416.58609 14.234 0.006
3424.58915 14.346 0.006
3437.50168 14.450 0.006
3445.50187 14.519 0.006
3453.52817 14.593 0.006
3462.50339 14.687 0.006
3582.90995 15.892 0.007
3589.91672 15.918 0.007
3617.90221 15.918 0.007
3629.84189 15.886 0.008
3634.80730 15.911 0.007
3639.86019 15.710 0.006
3641.85111 15.716 0.007
3650.84645 15.741 0.006
3653.87433 15.673 0.006
3657.82498 15.614 0.006
3661.80832 15.592 0.006
3666.80548 15.550 0.006
3671.83341 15.474 0.006
3675.82152 15.436 0.006
3683.84426 15.412 0.006
3687.73696 15.333 0.006
3689.83542 15.361 0.006
3692.76131 15.311 0.006
3694.77625 15.303 0.006
3696.71872 15.287 0.006
3699.72128 15.268 0.006
3701.77238 15.244 0.006
3703.85954 15.269 0.006
3706.81013 15.206 0.006
3711.68382 15.102 0.006
3713.69750 15.068 0.006
3716.79667 15.074 0.006
3719.77758 14.995 0.006
3725.76925 14.938 0.006
3727.74403 14.884 0.006
3730.63931 14.805 0.006
3732.66384 14.736 0.006
3734.76183 14.661 0.006
3736.77819 14.560 0.006
3737.66678 14.573 0.006
3739.76582 14.431 0.006
3742.58874 14.271 0.006
3745.70024 14.037 0.006
3747.72982 13.931 0.006
3749.61263 13.835 0.006
3751.71678 13.783 0.006
3753.58836 13.685 0.006
3755.62591 13.632 0.006
3757.65877 13.585 0.006
3759.72298 13.481 0.006
3765.72986 13.419 0.006
3770.57136 13.254 0.006
3773.57872 13.189 0.006
3776.57778 13.128 0.006
3779.56776 13.081 0.006
3782.61749 13.042 0.006
3787.54232 12.950 0.006
3791.58956 12.912 0.006
3799.51408 12.798 0.006
3806.51907 12.672 0.006
3821.49199 12.526 0.006
3945.91657 13.363 0.006
3963.90110 13.520 0.006
3969.84336 13.586 0.006
3975.89335 13.662 0.006
3981.82263 13.732 0.006
3988.91644 13.829 0.006
3995.87308 13.884 0.006
4001.82623 14.007 0.006
4005.80407 14.046 0.006
4007.80818 14.076 0.006
4011.80145 14.121 0.006
4018.79979 14.218 0.006
4023.83190 14.279 0.006
4026.73831 14.334 0.006
4028.87451 14.354 0.006
4031.76217 14.372 0.006
4037.87134 14.463 0.006
4040.83828 14.513 0.006
4042.85394 14.539 0.006
4046.72899 14.591 0.006
4048.81857 14.628 0.006
4052.66070 14.656 0.006
4053.85832 14.675 0.006
4056.70234 14.715 0.006
4058.64328 14.732 0.006
4063.63733 14.840 0.006
4066.63514 14.860 0.006
4069.70075 14.902 0.006
4071.62934 14.945 0.006
4076.70162 15.013 0.006
4079.71431 15.045 0.006
4083.63122 15.114 0.006
4085.64719 15.144 0.006
4092.81384 15.248 0.006
4098.60126 15.328 0.006
4104.83340 15.498 0.006
4112.68532 15.546 0.006
4117.67418 15.655 0.006
4121.65020 15.676 0.006
4124.73302 15.689 0.006
4129.74558 15.808 0.007
4142.60456 15.877 0.009
4150.58734 15.995 0.008
4154.59929 16.013 0.010
4166.53511 16.159 0.011
4196.48456 16.347 0.011
4341.85620 13.895 0.006
4347.80387 13.612 0.006
4351.85329 13.461 0.006
4363.79312 13.241 0.006
4366.84368 13.230 0.006
4369.88166 13.179 0.006
4372.78711 13.150 0.006
4376.87755 13.129 0.006
4379.88396 13.111 0.006
4383.88813 13.088 0.006
4386.74509 13.080 0.006
4388.88306 13.080 0.006
4393.75606 13.064 0.006
4398.83232 13.090 0.006
4403.83874 13.115 0.006
4411.76770 13.170 0.006
4411.82941 13.165 0.006
4418.71857 13.213 0.006
4422.81515 13.228 0.006
4425.85787 13.252 0.006
4429.74638 13.286 0.006
4432.68332 13.293 0.006
4436.72270 13.308 0.006
4439.78845 13.319 0.006
4443.65813 13.341 0.006
4448.81209 13.340 0.006
4451.65233 13.369 0.006
4455.65113 13.403 0.006
4457.70663 13.410 0.006
4460.72046 13.412 0.006
4464.69937 13.433 0.006
4467.69190 13.452 0.006
4476.66064 13.502 0.006
4480.66042 13.535 0.006
4484.73944 13.548 0.006
4488.66193 13.559 0.006
4493.66408 13.563 0.006
4498.64284 13.613 0.006
4501.63590 13.628 0.006
4506.57398 13.676 0.006
4508.58398 13.694 0.006
4510.66271 13.714 0.006
4516.61245 13.745 0.006
4519.67686 13.787 0.006
4521.52762 13.795 0.006
4524.51280 13.823 0.006
4530.59224 13.894 0.006
4532.62051 13.898 0.006
4537.58213 13.925 0.006
4540.62945 13.982 0.006
4544.58728 14.020 0.006
4547.52982 14.046 0.006
4556.54550 14.148 0.006
4561.52298 14.246 0.006
4568.47765 14.304 0.006
4575.50050 14.380 0.006
4592.49775 14.584 0.006
4600.48120 14.676 0.006
4682.90511 15.598 0.007
4691.91347 15.679 0.008
4704.91615 15.806 0.008
4719.84150 15.939 0.008
4724.78770 16.022 0.008
4727.87827 16.030 0.009
4731.90490 16.029 0.009
4747.86625 16.168 0.009
4752.82552 16.160 0.010
4756.83468 16.175 0.009
4760.71274 16.216 0.009
4762.84139 16.214 0.009
4768.81934 16.179 0.008
4771.86169 16.244 0.010
4775.69506 16.259 0.010
4777.70961 16.248 0.009
4781.67300 16.176 0.009
4783.82718 16.184 0.009
4788.75679 16.230 0.009
4791.76726 16.195 0.008
4794.73869 16.132 0.008
4797.71989 16.124 0.009
4800.68140 16.151 0.008
4802.79470 16.007 0.008
4804.81911 16.143 0.009
4805.84190 16.121 0.008
4807.79691 16.089 0.008
4812.68375 16.043 0.009
4814.69986 15.995 0.008
4816.69673 15.992 0.008
4818.75270 15.995 0.007
4820.73027 15.988 0.007
4823.75665 15.959 0.007
4825.83015 15.925 0.007
4832.82906 15.878 0.008
4835.66026 15.968 0.009
4837.71806 15.832 0.008
4840.68365 15.774 0.007
4842.66842 15.743 0.007
4844.66754 15.736 0.007
4847.73457 15.758 0.007
4849.73143 15.745 0.008
4852.74030 15.756 0.006
4854.71603 15.671 0.007
4856.71170 15.622 0.007
4863.67959 15.570 0.007
4865.67753 15.539 0.006
4867.66727 15.536 0.006
4869.62540 15.482 0.007
4870.68050 15.477 0.006
4873.71119 15.488 0.006
4875.68302 15.437 0.006
4877.60505 15.427 0.006
4879.66174 15.414 0.006
4884.67417 15.266 0.006
4888.56178 15.219 0.006
4902.59806 14.498 0.006
4911.60741 13.901 0.006
4919.54159 13.567 0.006
4925.55215 13.417 0.006
4929.52350 13.359 0.006
4932.55883 13.315 0.006
4936.52288 13.261 0.006
4938.52145 13.223 0.006
4942.53771 13.177 0.006
4949.50601 13.105 0.006
