 726.82108 13.535 0.006
 728.88490 13.534 0.006
 739.85488 13.507 0.006
 744.76321 13.485 0.006
 745.84783 13.478 0.006
 746.83371 13.469 0.006
 747.72914 13.468 0.006
 748.68118 13.458 0.006
 750.79411 13.433 0.006
 751.79489 13.425 0.006
 752.85271 13.410 0.006
 754.79897 13.391 0.006
 755.77692 13.376 0.006
 759.70279 13.316 0.006
 761.78399 13.261 0.006
 766.83368 13.131 0.006
 773.78923 12.964 0.006
 776.81442 12.925 0.006
 778.84383 12.906 0.006
 780.77478 12.890 0.006
 782.80342 12.871 0.006
 788.83084 12.816 0.006
 792.74088 12.769 0.006
 795.82620 12.737 0.006
 798.75049 12.709 0.006
 817.74873 12.671 0.006
 819.82538 12.660 0.006
 824.69606 12.695 0.006
 826.78871 12.705 0.006
 827.68548 12.714 0.006
 828.74513 12.722 0.006
 829.69274 12.727 0.006
 830.75086 12.742 0.006
 831.58810 12.743 0.006
 832.57073 12.751 0.006
 832.75773 12.760 0.006
 833.57729 12.757 0.006
 834.71194 12.756 0.006
 835.79903 12.770 0.006
 837.66093 12.785 0.006
 839.65935 12.813 0.006
 841.74837 12.828 0.006
 842.73833 12.838 0.006
 844.59322 12.865 0.006
 846.76516 12.877 0.006
 850.75598 12.943 0.006
 854.77319 12.989 0.006
 855.70288 13.001 0.006
 856.66487 13.015 0.006
 857.72354 13.027 0.006
 858.68671 13.035 0.006
 859.75344 13.055 0.006
 860.64640 13.061 0.006
 865.56369 13.136 0.006
 867.61880 13.172 0.006
 874.68246 13.289 0.006
 876.59852 13.323 0.006
 876.70100 13.329 0.006
 878.68855 13.363 0.006
 880.62285 13.398 0.006
 885.58196 13.495 0.006
 887.66707 13.545 0.006
 890.69069 13.606 0.006
 892.53746 13.608 0.006
 893.70369 13.672 0.006
 896.50541 13.738 0.006
 900.55888 13.836 0.006
 919.56077 14.273 0.006
 925.51385 14.401 0.006
 931.57186 14.530 0.006
 934.52066 14.598 0.006
 950.51388 14.918 0.006
 951.50738 14.932 0.006
1072.89700 14.136 0.006
1079.80539 14.048 0.006
1080.80897 14.050 0.006
1083.81951 14.033 0.006
1084.81496 14.015 0.006
1086.84298 13.969 0.006
1090.77065 13.931 0.006
1091.87845 13.920 0.006
1092.82104 13.915 0.006
1093.83310 13.898 0.006
1106.76202 13.795 0.006
1108.78302 13.808 0.006
1114.79246 13.787 0.006
1119.83569 13.785 0.006
1120.74023 13.789 0.006
1126.76003 13.776 0.006
1129.82433 13.791 0.006
1131.83028 13.777 0.006
1132.81988 13.790 0.006
1137.80204 13.775 0.006
1138.84335 13.773 0.006
1142.77002 13.768 0.006
1152.72763 13.684 0.006
1154.74315 13.649 0.006
1155.69938 13.628 0.006
1157.75326 13.598 0.006
1159.75895 13.559 0.006
1161.82295 13.509 0.006
1163.82484 13.453 0.006
1164.83975 13.444 0.006
1166.75723 13.414 0.006
1167.78345 13.381 0.006
1168.76609 13.350 0.006
1171.73499 13.283 0.006
1175.73235 13.179 0.006
1179.78174 13.097 0.006
1181.74523 13.063 0.006
1183.83013 13.025 0.006
1185.82750 12.997 0.006
1187.78281 12.965 0.006
1189.71925 12.945 0.006
1191.75794 12.925 0.006
1192.81673 12.909 0.006
1193.80864 12.898 0.006
1194.68429 12.894 0.006
1201.77278 12.847 0.006
1202.76689 12.846 0.006
1204.68849 12.841 0.006
1206.78867 12.851 0.006
1207.69890 12.839 0.006
1211.67541 12.840 0.006
1213.63884 12.838 0.006
1214.71759 12.839 0.006
1215.54368 12.845 0.006
1216.61175 12.844 0.006
1217.67937 12.843 0.006
1219.61660 12.844 0.006
1221.58723 12.850 0.006
1223.67738 12.866 0.006
1224.55706 12.871 0.006
1226.56531 12.884 0.006
1227.57237 12.892 0.006
1232.66196 12.900 0.006
1235.56312 12.925 0.006
1237.54705 12.943 0.006
1238.64907 12.945 0.006
1241.54929 12.969 0.006
1242.62029 12.969 0.006
1243.56640 12.975 0.006
1245.53496 13.003 0.006
1247.66933 13.016 0.006
1248.63706 13.029 0.006
1251.59162 13.077 0.006
1254.54549 13.105 0.006
1255.57849 13.114 0.006
1257.61014 13.135 0.006
1260.59620 13.185 0.006
1264.58662 13.240 0.006
1266.58835 13.267 0.006
1267.60447 13.278 0.006
1274.58751 13.394 0.006
1275.52688 13.412 0.006
1278.50952 13.458 0.006
1281.51759 13.510 0.006
1290.48732 13.661 0.006
1296.57818 13.784 0.006
1300.52430 13.841 0.006
1305.50273 13.935 0.006
1308.53372 13.984 0.006
1315.49294 14.115 0.006
1318.47562 14.160 0.006
1329.46125 14.374 0.006
1331.48025 14.395 0.006
1431.82360 14.757 0.006
1433.82017 14.700 0.006
1435.86806 14.652 0.006
1437.86079 14.612 0.006
1440.89975 14.543 0.006
1443.79108 14.475 0.006
1447.76483 14.381 0.006
1448.85560 14.366 0.006
1453.77563 14.262 0.006
1454.89164 14.213 0.006
1455.77377 14.195 0.006
1458.75975 14.120 0.006
1459.88130 14.082 0.006
1460.76192 14.061 0.006
1461.72765 14.045 0.006
1471.73811 13.765 0.006
1475.83253 13.693 0.006
1478.75725 13.619 0.006
1481.81945 13.574 0.006
1484.82376 13.524 0.006
1487.81656 13.497 0.006
1488.86461 13.482 0.006
1491.75530 13.462 0.006
1493.69721 13.454 0.006
1495.74064 13.430 0.006
1498.66181 13.413 0.006
1500.80235 13.398 0.006
1503.69264 13.398 0.006
1505.79948 13.384 0.006
1507.69548 13.387 0.006
1508.81212 13.381 0.006
1509.67362 13.378 0.006
1510.63914 13.375 0.006
1511.72180 13.377 0.006
1512.75581 13.372 0.006
1514.77028 13.368 0.006
1516.81607 13.365 0.006
1517.84798 13.361 0.006
1518.68791 13.363 0.006
1520.71322 13.355 0.006
1522.71391 13.349 0.006
1523.71409 13.340 0.006
1525.69003 13.341 0.006
1527.75537 13.333 0.006
1528.68129 13.329 0.006
1529.80675 13.325 0.006
1531.69868 13.306 0.006
1538.65582 13.277 0.006
1541.61164 13.239 0.006
1542.76599 13.226 0.006
1544.66832 13.192 0.006
1546.67754 13.157 0.006
1546.69300 13.168 0.006
1547.69459 13.140 0.006
1548.67176 13.132 0.006
1551.70111 13.057 0.006
1552.63405 13.032 0.006
1553.65776 13.006 0.006
1554.63637 12.980 0.006
1555.66080 12.946 0.006
1556.63497 12.936 0.006
1560.62670 12.852 0.006
1564.54582 12.786 0.006
1568.62253 12.739 0.006
1571.63218 12.715 0.006
1575.64657 12.703 0.006
1578.68688 12.697 0.006
1580.69767 12.689 0.006
1582.63218 12.698 0.006
1585.62297 12.690 0.006
1588.62620 12.698 0.006
1591.59004 12.709 0.006
1595.58328 12.712 0.006
1599.64929 12.717 0.006
1600.60219 12.737 0.006
1601.60931 12.748 0.006
1602.67578 12.751 0.006
1604.60737 12.755 0.006
1606.56434 12.772 0.006
1609.52056 12.791 0.006
1610.53546 12.811 0.006
1611.59560 12.818 0.006
1613.57595 12.830 0.006
1614.64701 12.850 0.006
1616.50464 12.874 0.006
1618.65017 12.897 0.006
1619.54389 12.908 0.006
1621.54004 12.931 0.006
1623.63721 12.948 0.006
1625.61826 12.977 0.006
1627.58851 13.003 0.006
1628.52840 13.011 0.006
1630.50010 13.055 0.006
1631.49789 13.043 0.006
1633.61332 13.066 0.006
1635.49633 13.094 0.006
1643.57233 13.219 0.006
1644.49933 13.204 0.006
1645.50542 13.238 0.006
1653.49073 13.358 0.006
1655.53470 13.399 0.006
1657.54415 13.430 0.006
1660.51902 13.480 0.006
1662.52636 13.527 0.006
1664.54943 13.558 0.006
1669.51935 13.637 0.006
1672.49201 13.691 0.006
1687.48970 13.976 0.006
1695.47506 14.137 0.006
1766.86780 15.188 0.007
1768.85345 15.228 0.007
1773.91180 15.270 0.006
1782.84302 15.296 0.006
1788.85144 15.310 0.006
1804.84671 15.207 0.006
1811.86726 15.087 0.006
1815.84343 14.967 0.006
1818.88574 14.886 0.006
1822.72513 14.791 0.006
1829.87439 14.564 0.006
1844.78222 14.153 0.006
1850.76358 13.992 0.006
1854.82061 13.950 0.006
1858.76769 13.873 0.006
1860.81006 13.840 0.006
1863.78317 13.812 0.006
1866.73388 13.767 0.006
1868.71497 13.750 0.006
1870.83602 13.726 0.006
1872.85183 13.723 0.006
1874.75677 13.698 0.006
2166.85243 15.635 0.007
2172.90243 15.661 0.007
2183.89570 15.709 0.008
2189.85811 15.709 0.007
2192.76180 15.719 0.007
2201.77173 15.616 0.006
2212.80630 15.425 0.006
2217.79070 15.320 0.006
2223.81128 15.126 0.006
2226.78564 15.059 0.006
2228.82907 15.009 0.006
2232.76274 14.876 0.006
2234.75669 14.797 0.006
2238.70735 14.637 0.006
2240.83629 14.572 0.006
2242.84203 14.492 0.006
2248.72329 14.322 0.006
2251.75292 14.219 0.006
2253.77052 14.172 0.006
2255.69883 14.108 0.006
2258.69829 14.046 0.006
2269.77979 13.864 0.006
2271.72327 13.856 0.006
2273.81842 13.828 0.006
2275.79191 13.822 0.006
2277.79467 13.820 0.006
2279.79152 13.812 0.006
2281.75434 13.805 0.006
2283.81153 13.787 0.006
2291.75449 13.770 0.006
2295.74391 13.749 0.006
2297.73483 13.733 0.006
2299.76725 13.716 0.006
2301.67267 13.720 0.006
2303.66804 13.701 0.006
2326.57647 13.564 0.006
2332.51987 13.524 0.006
2338.54243 13.471 0.006
2355.50784 13.293 0.006
2387.49816 12.769 0.006
2521.91793 14.850 0.006
2542.83008 15.257 0.006
2544.88798 15.299 0.007
2551.87821 15.403 0.006
2559.81612 15.526 0.007
2563.86136 15.578 0.007
2577.85114 15.648 0.007
2583.74762 15.632 0.007
2589.78788 15.572 0.007
2594.80471 15.493 0.007
2599.85951 15.394 0.007
2609.66576 15.146 0.006
2611.66969 15.086 0.006
2617.81636 14.895 0.006
2620.78536 14.795 0.006
2623.75858 14.704 0.006
2626.68368 14.641 0.006
2627.62546 14.603 0.006
2628.85077 14.569 0.006
2630.83952 14.500 0.006
2632.63025 14.476 0.006
2635.62525 14.394 0.006
2639.78166 14.286 0.006
2641.65595 14.255 0.006
2643.66764 14.218 0.006
2645.65943 14.181 0.006
2647.58618 14.140 0.006
2651.65425 14.094 0.006
2653.67846 14.068 0.006
2655.66349 14.057 0.006
2657.79724 14.030 0.006
2659.66443 14.021 0.006
2661.68910 14.005 0.006
2665.79103 13.973 0.006
2671.79696 13.929 0.006
2673.72989 13.905 0.006
2675.72739 13.892 0.006
2679.75284 13.854 0.006
2682.61117 13.854 0.006
2686.58562 13.834 0.006
2691.53109 13.844 0.006
2695.58845 13.816 0.006
2700.53944 13.828 0.006
2706.52086 13.852 0.006
2713.52449 13.845 0.006
2841.92868 13.437 0.006
2890.83442 14.186 0.006
2895.87016 14.297 0.006
2900.82580 14.371 0.006
2906.85681 14.474 0.006
2910.89015 14.546 0.006
2915.89032 14.617 0.006
2921.88904 14.707 0.006
2925.85887 14.750 0.006
2930.77145 14.799 0.006
2933.81586 14.855 0.006
2939.82428 14.902 0.006
2941.84237 14.936 0.006
2943.71714 14.952 0.006
2946.82019 14.950 0.006
2948.81049 14.973 0.006
2952.80653 14.978 0.006
2955.86143 14.998 0.006
2958.67671 15.019 0.006
2962.68767 15.028 0.006
2965.70470 15.026 0.006
2967.80407 14.993 0.006
2970.71726 14.984 0.006
2974.70924 14.940 0.006
2976.74308 14.915 0.006
2978.63762 14.901 0.006
2980.66403 14.877 0.006
2982.62321 14.858 0.006
2984.66437 14.819 0.006
2986.75219 14.779 0.006
2988.72017 14.742 0.006
2990.65356 14.709 0.006
2992.74008 14.649 0.006
2994.65094 14.604 0.006
2996.74125 14.544 0.006
2998.69603 14.475 0.006
2999.78805 14.458 0.006
3001.66679 14.394 0.006
3003.66244 14.334 0.006
3005.61941 14.267 0.006
3007.73787 14.181 0.006
3009.67371 14.120 0.006
3011.61927 14.052 0.006
3013.64994 13.998 0.006
3017.62523 13.858 0.006
3018.71707 13.818 0.006
3020.79227 13.761 0.006
3022.81879 13.701 0.006
3024.76732 13.653 0.006
3026.76465 13.606 0.006
3028.77213 13.542 0.006
3030.77700 13.511 0.006
3033.70429 13.460 0.006
3035.71058 13.412 0.006
3038.68892 13.351 0.006
3040.68855 13.337 0.006
3042.63209 13.303 0.006
3044.56602 13.287 0.006
3046.58150 13.263 0.006
3048.56644 13.249 0.006
3050.58532 13.218 0.006
3052.58234 13.205 0.006
3054.58317 13.188 0.006
3056.58038 13.187 0.006
3060.59462 13.164 0.006
3064.59248 13.140 0.006
3067.65611 13.125 0.006
3069.61620 13.130 0.006
3073.52559 13.154 0.006
3075.62030 13.143 0.006
3078.54017 13.149 0.006
3082.52915 13.152 0.006
3084.60509 13.148 0.006
3087.56664 13.168 0.006
3090.52229 13.169 0.006
3093.50363 13.196 0.006
3098.61256 13.164 0.006
3101.57025 13.184 0.006
3104.54347 13.155 0.006
3111.51695 13.145 0.006
3114.51093 13.128 0.006
3115.53524 13.114 0.006
3126.47537 12.985 0.006
3144.49066 12.701 0.006
3224.89084 13.063 0.006
3239.92483 13.359 0.006
3247.89578 13.533 0.006
3256.87408 13.759 0.006
3263.84102 13.939 0.006
3268.86468 14.040 0.006
3273.83630 14.165 0.006
3276.85436 14.248 0.006
3281.81929 14.380 0.006
3289.83275 14.611 0.006
3294.83092 14.719 0.006
3296.83625 14.740 0.006
3298.86679 14.800 0.006
3301.68717 14.851 0.006
3303.85619 14.894 0.006
3306.83080 14.970 0.006
3308.84782 15.001 0.006
3311.65796 15.100 0.006
3320.69107 15.281 0.006
3323.64405 15.375 0.006
3329.82011 15.437 0.006
3334.71994 15.489 0.006
3338.77568 15.538 0.006
3349.79197 15.596 0.006
3351.77677 15.589 0.006
3354.74493 15.606 0.007
3358.63123 15.567 0.006
3361.72701 15.504 0.006
3363.71716 15.480 0.006
3367.67068 15.443 0.006
3372.68946 15.335 0.006
3377.72562 15.225 0.006
3380.74126 15.135 0.006
3386.75142 14.925 0.006
3391.59674 14.746 0.006
3395.66081 14.610 0.006
3398.70850 14.506 0.006
3402.65380 14.380 0.006
3404.58162 14.340 0.006
3408.53507 14.274 0.006
3412.58041 14.165 0.006
3414.61197 14.128 0.006
3419.57919 14.056 0.006
3426.51831 14.001 0.006
3433.56944 13.945 0.006
3443.54003 13.895 0.006
3453.50640 13.885 0.006
3574.94128 13.261 0.006
3588.93195 13.334 0.006
3589.88298 13.339 0.006
3614.92326 13.486 0.006
3617.87994 13.523 0.006
3629.81943 13.658 0.006
3634.78555 13.724 0.006
3639.89581 13.780 0.006
3641.82945 13.820 0.006
3650.82481 13.978 0.006
3653.85276 14.015 0.006
3657.80330 14.099 0.006
3660.76904 14.159 0.006
3664.80449 14.226 0.006
3668.74079 14.318 0.006
3671.87635 14.366 0.006
3676.85174 14.469 0.006
3684.79592 14.630 0.006
3687.71498 14.666 0.006
3689.81356 14.715 0.006
3692.73796 14.768 0.006
3694.81188 14.816 0.006
3696.68720 14.842 0.006
3699.69946 14.922 0.006
3701.75031 14.937 0.006
3704.71686 14.993 0.006
3706.77105 15.021 0.006
3711.66204 15.138 0.006
3713.67571 15.147 0.006
3716.72476 15.185 0.006
3719.75251 15.227 0.006
3722.81072 15.243 0.006
3726.67498 15.308 0.006
3728.64773 15.318 0.006
3731.74829 15.355 0.006
3733.63444 15.362 0.006
3734.73741 15.364 0.006
3736.75630 15.378 0.006
3737.64489 15.379 0.006
3739.70703 15.389 0.006
3743.71119 15.393 0.006
3746.75358 15.354 0.006
3748.70620 15.372 0.006
3750.71237 15.364 0.006
3752.72044 15.341 0.006
3754.74170 15.323 0.006
3755.66149 15.314 0.006
3757.63560 15.313 0.006
3759.60122 15.282 0.006
3762.68609 15.224 0.006
3765.70802 15.166 0.006
3769.74861 15.105 0.006
3772.71691 15.039 0.006
3775.70885 14.955 0.006
3778.68736 14.875 0.006
3782.59548 14.786 0.006
3786.57153 14.641 0.006
3791.56787 14.459 0.006
3798.56754 14.259 0.006
3805.55472 14.068 0.006
3820.50005 13.729 0.006
3944.93363 12.881 0.006
3961.93035 12.839 0.006
3968.91241 12.883 0.006
3974.90838 12.914 0.006
3981.80140 12.978 0.006
3988.87734 13.061 0.006
3995.83634 13.145 0.006
4002.83245 13.267 0.006
4005.78249 13.305 0.006
4007.78669 13.352 0.006
4011.76713 13.410 0.006
4018.75270 13.549 0.006
4023.80621 13.638 0.006
4026.71686 13.704 0.006
4028.85290 13.735 0.006
4031.74063 13.798 0.006
4037.84952 13.929 0.006
4040.81687 13.998 0.006
4042.83166 14.043 0.006
4046.70748 14.133 0.006
4048.79642 14.176 0.006
4052.63931 14.247 0.006
4053.83699 14.292 0.006
4059.66778 14.419 0.006
4064.63228 14.538 0.006
4066.61187 14.586 0.006
4069.67925 14.665 0.006
4071.60432 14.682 0.006
4076.65741 14.807 0.006
4079.69266 14.877 0.006
4082.68301 14.946 0.006
4084.76287 14.979 0.006
4087.68233 15.013 0.006
4093.77135 15.113 0.006
4102.65956 15.292 0.006
4104.80636 15.351 0.006
4109.66723 15.382 0.006
4113.68582 15.427 0.006
4119.62403 15.470 0.006
4122.67291 15.483 0.006
4125.72028 15.487 0.006
4129.71974 15.492 0.006
4142.57797 15.449 0.007
4150.55444 15.359 0.006
4154.53619 15.273 0.007
4165.58216 15.023 0.006
4184.50226 14.478 0.006
4340.90288 13.200 0.006
4346.89097 13.199 0.006
4350.90956 13.211 0.006
4357.84318 13.271 0.006
4363.77162 13.301 0.006
4365.79526 13.319 0.006
4369.79087 13.334 0.006
4372.76555 13.330 0.006
4376.85610 13.395 0.006
4379.86266 13.417 0.006
4383.86674 13.452 0.006
4388.86071 13.516 0.006
4393.73461 13.559 0.006
4398.80981 13.623 0.006
4403.75043 13.702 0.006
4411.74560 13.798 0.006
4417.82846 13.871 0.006
4421.74085 13.922 0.006
4425.81407 13.991 0.006
4429.72482 14.075 0.006
4432.76637 14.095 0.006
4436.69288 14.179 0.006
4439.73706 14.226 0.006
4442.71444 14.293 0.006
4448.77012 14.393 0.006
4450.77481 14.448 0.006
4453.75062 14.512 0.006
4456.76396 14.566 0.006
4459.67398 14.598 0.006
4462.67597 14.668 0.006
4465.71621 14.705 0.006
4469.66935 14.772 0.006
4474.67137 14.876 0.006
4478.77413 14.937 0.006
4481.77292 15.027 0.006
4484.68265 15.025 0.006
4487.74501 15.062 0.006
4492.69759 15.102 0.006
4494.73202 15.120 0.006
4499.61366 15.199 0.006
4502.68649 15.185 0.006
4507.64524 15.220 0.006
4509.64251 15.260 0.006
4522.54988 15.210 0.006
4524.56389 15.204 0.006
4530.56906 15.169 0.006
4532.56110 15.138 0.006
4537.55915 15.026 0.006
4540.60790 14.975 0.006
4549.56432 14.734 0.006
4560.50283 14.388 0.006
4567.51440 14.140 0.006
4574.53542 13.938 0.006
4592.47308 13.552 0.006
4681.92649 13.072 0.006
4691.89218 12.980 0.006
4702.90411 12.901 0.006
4719.81967 12.852 0.006
4722.90844 12.864 0.006
4726.89406 12.838 0.006
4731.87042 12.864 0.006
4747.84281 12.996 0.006
4751.88911 13.027 0.006
4756.81316 13.096 0.006
4759.86023 13.130 0.006
4762.82000 13.184 0.006
4768.79795 13.257 0.006
4771.84008 13.335 0.006
4774.84947 13.387 0.006
4777.68690 13.446 0.006
4780.83586 13.509 0.006
4783.80575 13.576 0.006
4788.73515 13.683 0.006
4791.71255 13.762 0.006
4794.71687 13.825 0.006
4797.69831 13.903 0.006
4800.74153 13.960 0.006
4802.77315 14.022 0.006
4804.79728 14.063 0.006
4805.82038 14.091 0.006
4807.77124 14.131 0.006
4810.72919 14.197 0.006
4812.78876 14.254 0.006
4814.67835 14.276 0.006
4816.67515 14.316 0.006
4818.69733 14.361 0.006
4820.70416 14.398 0.006
4823.71776 14.458 0.006
4825.80495 14.497 0.006
4831.84732 14.598 0.006
4832.80754 14.635 0.006
4834.77663 14.676 0.006
4837.67662 14.727 0.006
4839.70517 14.725 0.006
4841.74149 14.776 0.006
4843.74071 14.801 0.006
4846.70666 14.848 0.006
4850.72470 14.939 0.006
4852.71874 14.985 0.006
4855.72614 15.022 0.006
4857.70429 15.022 0.006
4863.65834 15.081 0.006
4866.67143 15.113 0.006
4868.66951 15.095 0.006
4870.65897 15.129 0.006
4873.68958 15.199 0.006
4875.58661 15.168 0.006
4876.61728 15.217 0.006
4878.64221 15.200 0.006
4882.56145 15.213 0.006
4884.62388 15.203 0.006
4888.54030 15.243 0.006
4900.57193 15.164 0.006
4904.59766 15.154 0.006
4913.57544 15.033 0.006
4918.55204 14.952 0.006
4924.56625 14.857 0.006
4928.56164 14.781 0.006
4930.51286 14.723 0.006
4934.50967 14.636 0.006
4938.50091 14.545 0.006
4942.51750 14.465 0.006
4947.51084 14.344 0.006
