2187.76828 14.858 0.007
2193.83746 14.954 0.007
2202.83722 15.138 0.007
2215.79004 15.433 0.007
2222.78989 15.604 0.007
2224.83747 15.658 0.007
2227.74842 15.738 0.007
2229.75412 15.798 0.007
2231.72266 15.834 0.007
2233.69087 15.866 0.007
2237.61010 15.962 0.008
2239.67114 16.011 0.008
2241.76278 16.052 0.008
2243.83304 16.119 0.009
2248.69258 16.209 0.008
2250.72402 16.244 0.008
2252.82114 16.283 0.009
2254.73909 16.327 0.008
2257.75664 16.375 0.008
2260.76622 16.428 0.008
2265.70467 16.462 0.008
2266.78463 16.506 0.009
2270.81610 16.542 0.009
2272.66367 16.520 0.009
2274.79460 16.541 0.009
2276.84995 16.566 0.011
2278.80896 16.556 0.011
2280.78867 16.566 0.009
2282.79247 16.550 0.009
2290.68385 16.517 0.009
2293.80333 16.488 0.011
2295.82719 16.477 0.009
2297.81397 16.443 0.009
2299.83042 16.385 0.009
2302.79972 16.344 0.011
2303.72250 16.287 0.009
2328.57235 15.545 0.007
2334.57045 15.428 0.007
2340.56210 15.304 0.007
2346.50274 15.260 0.007
2360.49764 15.141 0.007
2391.49855 14.813 0.007
2540.87638 16.147 0.009
2548.81343 16.212 0.009
2553.78014 16.249 0.009
2557.84554 16.257 0.009
2561.84355 16.254 0.008
2565.84917 16.284 0.009
2574.80625 16.233 0.008
2578.86284 16.224 0.009
2586.76414 16.153 0.008
2590.83745 16.117 0.008
2596.84446 16.047 0.008
2606.74074 15.887 0.008
2609.85009 15.852 0.008
2614.81178 15.775 0.008
2619.68846 15.683 0.007
2621.81575 15.663 0.007
2624.71286 15.601 0.007
2630.60235 15.510 0.007
2632.75321 15.480 0.007
2636.70305 15.393 0.007
2638.74730 15.364 0.007
2641.79570 15.323 0.007
2643.79302 15.297 0.007
2645.79083 15.261 0.007
2649.66639 15.213 0.007
2651.74618 15.184 0.007
2653.74011 15.180 0.007
2655.77458 15.157 0.007
2657.75860 15.137 0.007
2659.81976 15.107 0.007
2661.61991 15.078 0.007
2663.86500 15.042 0.007
2666.60382 15.021 0.007
2668.83158 15.004 0.007
2673.77756 14.912 0.007
2676.75785 14.885 0.007
2678.80380 14.849 0.007
2684.57812 14.778 0.007
2688.55181 14.704 0.007
2692.52624 14.600 0.007
2697.54114 14.453 0.007
2702.54275 14.355 0.007
2708.56956 14.276 0.007
2725.50205 14.246 0.007
2875.86951 16.583 0.011
2884.89277 16.517 0.011
2890.91271 16.417 0.012
2896.86764 16.367 0.009
2902.79868 16.254 0.008
2912.80259 16.087 0.007
2917.81085 15.959 0.008
2923.81356 15.873 0.008
2926.86601 15.809 0.007
2931.79475 15.784 0.008
2934.83492 15.750 0.007
2940.81519 15.745 0.007
2943.81997 15.715 0.007
2947.82816 15.689 0.007
2954.77052 15.631 0.008
2956.81078 15.613 0.007
2958.85530 15.596 0.007
2963.74669 15.584 0.007
2966.76691 15.557 0.007
2968.73564 15.548 0.007
2971.79766 15.500 0.007
2974.82070 15.460 0.007
2976.68058 15.437 0.007
2979.66452 15.415 0.007
2981.68509 15.372 0.008
2983.81696 15.303 0.007
2985.78403 15.247 0.007
2987.74055 15.170 0.007
2989.68074 15.098 0.007
2991.75461 15.017 0.007
2993.76074 14.939 0.007
2995.83604 14.865 0.007
2997.80716 14.803 0.007
2998.75261 14.765 0.007
3000.76113 14.710 0.007
3002.75270 14.671 0.007
3004.74566 14.616 0.007
3006.73886 14.569 0.007
3008.69843 14.524 0.007
3010.79955 14.495 0.007
3012.80511 14.469 0.007
3016.74954 14.392 0.007
3018.78018 14.396 0.007
3020.84377 14.392 0.007
3021.86872 14.401 0.007
3023.73006 14.386 0.007
3025.73322 14.387 0.007
3027.75178 14.391 0.007
3029.73623 14.386 0.007
3031.80821 14.401 0.007
3034.63330 14.394 0.007
3036.66353 14.386 0.007
3039.60557 14.395 0.007
3041.68839 14.422 0.007
3042.71341 14.424 0.007
3044.65247 14.429 0.007
3046.63863 14.459 0.007
3048.67178 14.472 0.007
3050.66358 14.478 0.007
3052.66504 14.501 0.007
3054.67057 14.515 0.007
3056.65837 14.532 0.007
3058.65159 14.568 0.007
3060.70106 14.579 0.007
3066.58882 14.650 0.007
3068.61697 14.687 0.007
3071.51534 14.734 0.007
3073.70543 14.753 0.007
3076.62900 14.820 0.007
3079.63139 14.863 0.007
3082.69818 14.897 0.007
3085.60162 14.971 0.007
3088.55840 15.020 0.007
3091.56275 15.077 0.007
3096.60922 15.184 0.007
3100.52087 15.252 0.007
3102.64499 15.314 0.007
3106.56093 15.410 0.007
3109.54546 15.477 0.007
3113.56297 15.577 0.007
3127.52091 15.890 0.007
3133.53658 16.011 0.008
3230.91132 16.050 0.008
3242.88572 15.773 0.007
3249.85270 15.611 0.007
3260.84466 15.433 0.007
3264.88667 15.390 0.007
3271.83507 15.344 0.007
3274.83839 15.303 0.007
3279.79206 15.305 0.007
3282.85764 15.269 0.007
3295.80104 15.174 0.007
3301.87190 15.045 0.007
3305.76281 14.973 0.007
3307.78763 14.934 0.007
3309.82412 14.908 0.007
3311.81765 14.888 0.007
3315.85711 14.829 0.007
3321.72421 14.749 0.007
3324.83214 14.708 0.007
3327.83836 14.675 0.007
3333.82193 14.620 0.007
3336.66391 14.594 0.007
3339.84580 14.574 0.007
3353.74737 14.569 0.007
3357.77499 14.582 0.007
3360.75286 14.590 0.007
3363.82741 14.614 0.007
3370.78467 14.656 0.007
3376.73673 14.695 0.007
3378.76195 14.723 0.007
3394.64544 14.929 0.007
3396.67181 14.948 0.007
3399.79901 15.011 0.007
3402.70901 15.033 0.007
3409.55752 15.176 0.007
3413.55617 15.271 0.007
3413.60073 15.289 0.007
3418.54836 15.390 0.007
3426.54411 15.603 0.007
3432.52996 15.762 0.007
3439.50607 15.940 0.007
3447.53150 16.085 0.008
3457.50842 16.322 0.009
3594.92119 14.906 0.007
3603.86240 14.841 0.007
3619.91800 14.781 0.007
3620.89872 14.771 0.007
3630.80983 14.721 0.007
3637.74947 14.696 0.007
3640.80644 14.682 0.007
3651.83900 14.596 0.007
3654.88513 14.580 0.007
3658.85111 14.527 0.007
3660.84848 14.516 0.007
3664.85808 14.518 0.007
3666.85466 14.509 0.007
3668.84198 14.502 0.007
3672.83064 14.493 0.007
3676.71740 14.481 0.007
3685.78729 14.515 0.007
3688.72142 14.533 0.007
3690.79618 14.547 0.007
3693.69788 14.571 0.007
3695.86279 14.575 0.007
3699.75328 14.620 0.007
3701.80638 14.642 0.007
3703.80509 14.667 0.007
3706.68067 14.700 0.007
3711.71587 14.774 0.007
3713.80375 14.812 0.007
3715.78027 14.841 0.007
3718.74917 14.895 0.007
3722.64407 14.948 0.007
3726.72624 15.053 0.007
3727.86220 15.061 0.007
3728.78857 15.088 0.007
3730.75833 15.158 0.007
3732.83381 15.189 0.007
3734.82670 15.233 0.007
3735.67504 15.246 0.007
3737.83358 15.323 0.007
3739.85226 15.370 0.007
3741.59052 15.415 0.007
3743.76246 15.461 0.007
3746.80485 15.528 0.007
3748.78360 15.590 0.007
3750.79837 15.655 0.007
3753.67143 15.729 0.007
3755.75302 15.786 0.007
3757.77246 15.837 0.007
3760.75213 15.935 0.007
3763.70505 16.009 0.007
3766.72184 16.118 0.008
3770.74929 16.179 0.008
3774.62263 16.251 0.008
3777.58121 16.333 0.008
3779.70547 16.404 0.009
3781.74552 16.473 0.009
3786.59791 16.508 0.009
3793.54755 16.603 0.009
3801.53748 16.645 0.009
3811.53003 16.636 0.011
3828.49389 16.395 0.009
3958.91930 14.717 0.007
3965.87275 14.747 0.007
3970.89291 14.788 0.007
3982.84349 14.898 0.007
3993.79663 14.979 0.007
4002.85706 15.083 0.007
4004.87535 15.131 0.007
4006.78484 15.142 0.007
4008.80590 15.175 0.007
4013.81749 15.197 0.007
4019.82028 15.270 0.007
4024.81178 15.314 0.007
4026.88082 15.335 0.007
4029.82683 15.347 0.007
4032.86160 15.366 0.007
4039.69380 15.424 0.007
4041.76754 15.441 0.007
4043.77261 15.452 0.007
4046.86565 15.468 0.007
4049.73579 15.487 0.007
4052.79731 15.501 0.007
4056.84259 15.533 0.007
4059.73726 15.548 0.007
4064.85103 15.586 0.007
4066.80745 15.593 0.007
4068.84229 15.639 0.007
4070.76468 15.641 0.007
4074.80352 15.670 0.007
4077.85231 15.705 0.007
4080.73206 15.731 0.007
4083.71872 15.772 0.007
4085.78233 15.777 0.008
4095.64364 15.857 0.007
4103.77408 15.947 0.007
4106.60484 15.911 0.008
4112.77915 15.938 0.007
4117.76166 15.907 0.007
4121.77366 15.830 0.007
4126.75316 15.766 0.007
4129.78676 15.690 0.007
4143.56358 15.296 0.007
4157.56157 14.962 0.007
4169.51850 14.806 0.007
4199.48791 14.561 0.007
4343.88040 16.008 0.008
4348.85313 16.098 0.008
4353.88070 16.200 0.008
4358.83289 16.259 0.009
4363.84973 16.301 0.009
4367.83790 16.342 0.009
4371.78743 16.405 0.009
4378.72686 16.477 0.009
4381.76245 16.499 0.012
4386.87998 16.510 0.011
4390.84201 16.521 0.009
4395.70884 16.485 0.011
4399.86748 16.504 0.011
4408.72134 16.460 0.011
4412.80485 16.407 0.009
4427.75637 16.122 0.008
4430.75972 16.080 0.008
4433.77717 15.984 0.008
4437.70376 15.903 0.008
4440.72340 15.825 0.007
4443.84100 15.780 0.008
4449.78276 15.668 0.007
4451.81837 15.656 0.007
4455.78806 15.605 0.007
4458.76673 15.527 0.007
4462.76077 15.514 0.007
4464.80632 15.486 0.007
4467.77743 15.472 0.007
4472.69335 15.462 0.007
4476.78035 15.404 0.007
4480.73079 15.380 0.007
4484.81021 15.307 0.007
4488.73111 15.241 0.007
4492.75037 15.194 0.007
4497.75467 15.152 0.007
4500.62773 15.131 0.007
4502.73753 15.064 0.007
4507.74154 15.021 0.007
4509.69224 14.986 0.007
4512.74062 14.934 0.007
4518.68939 14.766 0.007
4521.72689 14.704 0.007
4524.62648 14.640 0.007
4530.65253 14.525 0.007
4533.61820 14.498 0.007
4538.63569 14.461 0.007
4542.54244 14.437 0.007
4545.62735 14.444 0.007
4551.51866 14.486 0.007
4558.57960 14.521 0.007
4565.53292 14.579 0.007
4573.53579 14.678 0.007
4588.50403 14.882 0.007
4618.47100 15.586 0.008
4685.91021 16.260 0.008
4699.87341 16.207 0.008
4709.82438 16.107 0.008
4720.87118 15.978 0.007
4725.81181 15.940 0.008
4729.79134 15.920 0.008
4734.88592 15.845 0.008
4740.80180 15.761 0.008
4749.71819 15.665 0.007
4753.87842 15.605 0.007
4757.85166 15.531 0.007
4760.87379 15.508 0.007
4766.67790 15.454 0.007
4769.78254 15.389 0.007
4772.81461 15.359 0.007
4775.83219 15.321 0.007
4777.84574 15.280 0.007
4782.69610 15.196 0.007
4786.74683 15.112 0.007
4789.70796 15.052 0.007
4792.82540 14.979 0.007
4795.77909 14.901 0.007
4798.73458 14.801 0.007
4799.76287 14.774 0.007
4801.69560 14.689 0.007
4803.71613 14.613 0.007
4806.68924 14.516 0.007
4808.75149 14.452 0.007
4810.82448 14.401 0.007
4813.79198 14.336 0.007
4815.77585 14.317 0.007
4817.77325 14.299 0.007
4819.78228 14.290 0.007
4822.76214 14.282 0.007
4824.78011 14.271 0.007
4831.62172 14.259 0.007
4834.80216 14.250 0.007
4836.77720 14.266 0.007
4838.78585 14.250 0.007
4841.82706 14.249 0.007
4843.82104 14.262 0.007
4846.81097 14.273 0.007
4850.78793 14.319 0.007
4852.79738 14.336 0.007
4854.79896 14.342 0.007
4856.80514 14.350 0.007
4857.78352 14.347 0.007
4861.76042 14.405 0.007
4867.74050 14.452 0.007
4869.69301 14.471 0.007
4871.70872 14.475 0.007
4874.64189 14.509 0.007
4876.68506 14.553 0.007
4878.72060 14.561 0.007
4880.63222 14.593 0.007
4885.70024 14.644 0.007
4890.56206 14.732 0.007
4900.66717 14.875 0.007
4903.60649 14.929 0.007
4914.57942 15.144 0.007
4918.57753 15.229 0.007
4924.59578 15.370 0.007
4928.58554 15.474 0.007
4930.59042 15.487 0.007
4933.55247 15.560 0.007
4937.55207 15.655 0.007
4941.56510 15.763 0.007
4946.56166 15.870 0.007
4950.54033 15.953 0.008
