2177.78263 13.530 0.006
2187.86044 13.597 0.006
2188.83396 13.606 0.006
2194.82734 13.700 0.006
2194.86303 13.700 0.006
2206.83647 13.942 0.006
2208.77007 13.975 0.006
2211.77633 14.031 0.006
2216.82752 14.137 0.006
2221.81169 14.232 0.006
2225.76218 14.286 0.006
2225.78995 14.302 0.006
2225.81769 14.281 0.006
2227.83638 14.331 0.006
2228.71289 14.334 0.006
2229.84225 14.360 0.006
2231.81064 14.393 0.006
2231.83788 14.386 0.006
2233.77872 14.407 0.006
2233.80585 14.389 0.006
2237.69854 14.450 0.006
2237.72936 14.426 0.006
2239.75937 14.464 0.006
2240.69614 14.461 0.006
2242.65252 14.495 0.006
2242.69133 14.463 0.006
2244.73059 14.489 0.006
2244.75787 14.497 0.006
2250.66467 14.481 0.006
2250.69179 14.461 0.006
2252.75797 14.458 0.006
2252.78888 14.452 0.006
2254.81708 14.430 0.006
2254.84800 14.412 0.006
2256.79403 14.403 0.006
2256.82370 14.386 0.006
2258.75829 14.376 0.006
2258.79283 14.374 0.006
2262.72686 14.297 0.006
2262.76291 14.314 0.006
2266.82260 14.235 0.006
2269.68978 14.191 0.006
2270.70953 14.161 0.006
2271.69331 14.144 0.006
2272.80353 14.133 0.006
2273.70011 14.112 0.006
2275.69987 14.079 0.006
2277.85871 14.035 0.006
2278.73981 14.020 0.006
2279.68945 14.004 0.006
2280.69693 13.977 0.006
2281.86336 13.938 0.006
2282.68356 13.918 0.006
2283.65619 13.906 0.006
2288.66219 13.799 0.006
2288.86376 13.790 0.006
2289.65758 13.783 0.006
2290.66390 13.770 0.006
2292.67941 13.763 0.006
2294.85377 13.747 0.006
2295.65960 13.739 0.006
2296.66707 13.746 0.006
2297.64680 13.731 0.006
2298.65025 13.742 0.006
2299.85429 13.721 0.006
2301.82725 13.719 0.006
2302.61670 13.727 0.006
2302.83712 13.723 0.006
2303.81817 13.713 0.006
2304.59236 13.736 0.006
2304.62082 13.722 0.006
2315.73373 13.673 0.006
2324.60249 13.625 0.006
2329.56248 13.613 0.006
2329.59440 13.617 0.006
2330.52862 13.620 0.006
2336.51967 13.638 0.006
2341.57738 13.662 0.006
2342.52920 13.678 0.006
2356.52471 13.787 0.006
2359.51039 13.835 0.006
2371.51093 14.065 0.006
2391.60375 14.534 0.006
2392.51414 14.548 0.006
2550.81868 14.521 0.006
2550.84822 14.491 0.006
2553.88346 14.559 0.006
2554.80944 14.560 0.006
2558.80018 14.612 0.006
2558.82977 14.612 0.006
2562.81396 14.648 0.006
2562.84342 14.638 0.006
2571.77951 14.657 0.006
2576.82618 14.614 0.006
2576.85339 14.592 0.006
2579.83025 14.543 0.006
2579.85749 14.532 0.006
2587.71486 14.420 0.006
2588.77748 14.400 0.006
2591.84722 14.350 0.006
2593.76430 14.329 0.006
2598.81417 14.260 0.006
2598.84370 14.247 0.006
2606.84398 14.180 0.006
2607.78361 14.139 0.006
2610.77350 14.111 0.006
2610.81710 14.112 0.006
2615.68938 14.000 0.006
2615.71930 14.019 0.006
2619.78185 13.960 0.006
2619.82483 13.926 0.006
2622.62015 13.911 0.006
2622.67913 13.922 0.006
2625.74502 13.845 0.006
2628.70887 13.791 0.006
2628.76212 13.779 0.006
2630.74824 13.770 0.006
2630.77545 13.767 0.006
2631.81840 13.733 0.006
2634.80399 13.731 0.006
2635.76233 13.723 0.006
2636.81762 13.719 0.006
2637.85688 13.708 0.006
2639.73360 13.703 0.006
2639.76079 13.690 0.006
2642.83864 13.681 0.006
2644.81125 13.687 0.006
2644.84041 13.679 0.006
2646.79826 13.667 0.006
2649.82086 13.658 0.006
2649.85084 13.654 0.006
2651.84051 13.655 0.006
2652.83958 13.661 0.006
2653.71707 13.652 0.006
2654.86858 13.658 0.006
2656.80095 13.659 0.006
2656.82838 13.664 0.006
2658.79623 13.672 0.006
2660.82996 13.689 0.006
2660.85782 13.690 0.006
2662.82802 13.709 0.006
2662.85595 13.709 0.006
2665.60000 13.743 0.006
2665.63117 13.728 0.006
2668.63124 13.770 0.006
2671.83107 13.814 0.006
2672.70283 13.825 0.006
2674.75238 13.851 0.006
2675.83315 13.854 0.006
2676.82642 13.900 0.006
2678.60541 13.913 0.006
2679.59521 13.936 0.006
2680.80089 13.964 0.006
2684.65614 14.024 0.006
2685.54336 14.054 0.006
2689.57798 14.131 0.006
2689.61044 14.116 0.006
2693.59500 14.207 0.006
2694.59420 14.239 0.006
2698.52802 14.327 0.006
2698.55877 14.324 0.006
2703.54701 14.443 0.006
2710.52256 14.593 0.006
2710.55186 14.570 0.006
2728.50346 14.836 0.006
2729.50770 14.816 0.006
2877.90265 14.627 0.006
2886.88698 14.876 0.006
2894.90623 14.952 0.006
2896.91154 14.957 0.006
2899.91339 14.944 0.006
2905.87081 14.858 0.006
2908.79018 14.774 0.006
2908.87384 14.779 0.006
2912.89668 14.665 0.006
2915.76048 14.587 0.006
2918.84990 14.511 0.006
2918.88168 14.494 0.006
2924.78659 14.333 0.006
2924.82520 14.331 0.006
2927.81779 14.256 0.006
2927.85451 14.262 0.006
2932.77122 14.176 0.006
2932.80235 14.176 0.006
2935.79075 14.159 0.006
2935.82621 14.161 0.006
2941.74946 14.150 0.006
2941.77856 14.144 0.006
2944.78071 14.144 0.006
2944.80972 14.138 0.006
2948.74382 14.129 0.006
2948.77278 14.126 0.006
2951.79930 14.097 0.006
2951.84152 14.091 0.006
2955.67904 14.026 0.006
2955.71658 14.027 0.006
2957.82367 13.958 0.006
2957.85283 13.968 0.006
2961.84211 13.832 0.006
2962.84647 13.804 0.006
2964.78969 13.739 0.006
2964.82366 13.745 0.006
2967.70956 13.674 0.006
2967.73863 13.692 0.006
2971.72266 13.623 0.006
2974.80150 13.583 0.006
2975.72925 13.557 0.006
2976.72064 13.539 0.006
2977.84314 13.538 0.006
2978.79145 13.519 0.006
2979.70558 13.528 0.006
2980.81213 13.508 0.006
2981.75104 13.519 0.006
2982.80822 13.508 0.006
2984.83685 13.504 0.006
2985.70273 13.496 0.006
2988.85124 13.507 0.006
2989.83936 13.494 0.006
2990.83374 13.512 0.006
2991.85023 13.514 0.006
2992.83946 13.523 0.006
2993.84287 13.528 0.006
2996.81071 13.556 0.006
2996.84239 13.561 0.006
2998.82249 13.559 0.006
2999.67383 13.581 0.006
3000.83299 13.579 0.006
3001.84053 13.604 0.006
3002.82654 13.601 0.006
3003.82068 13.621 0.006
3004.84849 13.627 0.006
3005.79254 13.644 0.006
3006.83514 13.660 0.006
3007.80499 13.660 0.006
3007.83524 13.659 0.006
3009.79829 13.705 0.006
3009.84238 13.696 0.006
3011.85508 13.750 0.006
3013.83965 13.771 0.006
3013.87344 13.772 0.006
3016.85231 13.836 0.006
3017.86077 13.845 0.006
3019.78555 13.906 0.006
3019.81449 13.905 0.006
3021.69924 13.961 0.006
3023.82449 13.998 0.006
3023.85500 13.999 0.006
3025.82714 14.056 0.006
3025.85618 14.071 0.006
3027.84815 14.095 0.006
3027.87710 14.105 0.006
3029.83084 14.142 0.006
3030.63858 14.166 0.006
3032.67953 14.197 0.006
3032.70957 14.211 0.006
3034.76226 14.233 0.006
3034.79139 14.228 0.006
3036.78904 14.273 0.006
3036.81803 14.273 0.006
3040.64143 14.373 0.006
3041.78890 14.382 0.006
3042.78747 14.395 0.006
3043.73993 14.445 0.006
3044.72174 14.449 0.006
3044.75084 14.426 0.006
3046.73294 14.469 0.006
3046.76196 14.471 0.006
3048.76601 14.480 0.006
3049.70639 14.503 0.006
3049.75613 14.498 0.006
3051.67573 14.535 0.006
3051.70463 14.552 0.006
3053.65088 14.545 0.006
3053.68014 14.551 0.006
3055.66813 14.565 0.006
3055.69714 14.582 0.006
3057.71852 14.555 0.006
3057.74750 14.562 0.006
3059.69200 14.544 0.006
3059.73811 14.553 0.006
3062.59401 14.549 0.006
3066.68258 14.500 0.006
3066.71148 14.489 0.006
3068.69402 14.484 0.006
3069.67807 14.470 0.006
3071.61156 14.444 0.006
3071.63639 14.447 0.006
3074.62689 14.385 0.006
3074.65920 14.394 0.006
3077.52672 14.318 0.006
3077.55846 14.346 0.006
3081.51786 14.229 0.006
3081.54720 14.248 0.006
3083.62909 14.192 0.006
3083.66632 14.186 0.006
3086.59580 14.132 0.006
3086.62535 14.134 0.006
3088.65812 14.100 0.006
3089.60570 14.098 0.006
3091.66491 14.050 0.006
3092.61769 14.053 0.006
3097.58769 13.952 0.006
3097.61661 13.973 0.006
3100.62333 13.914 0.006
3100.65241 13.925 0.006
3103.63242 13.848 0.006
3104.61041 13.843 0.006
3110.61525 13.722 0.006
3111.57992 13.737 0.006
3114.57358 13.678 0.006
3114.60456 13.696 0.006
3123.54737 13.663 0.006
3129.53944 13.680 0.006
3129.56875 13.646 0.006
3134.55832 13.700 0.006
3244.92614 14.287 0.006
3245.90211 14.298 0.006
3250.90447 14.233 0.006
3251.86639 14.211 0.006
3261.83031 14.100 0.006
3261.85926 14.106 0.006
3267.82894 14.067 0.006
3272.80014 13.942 0.006
3272.83320 13.952 0.006
3275.74718 13.842 0.006
3275.78365 13.842 0.006
3279.88609 13.739 0.006
3280.84719 13.713 0.006
3283.74908 13.673 0.006
3283.77812 13.676 0.006
3288.83611 13.636 0.006
3296.76183 13.587 0.006
3298.72657 13.580 0.006
3300.75096 13.560 0.006
3300.78298 13.577 0.006
3302.83101 13.549 0.006
3302.86004 13.549 0.006
3305.85646 13.550 0.006
3306.68777 13.531 0.006
3308.67949 13.537 0.006
3308.70848 13.534 0.006
3310.70795 13.543 0.006
3314.85499 13.541 0.006
3315.72966 13.560 0.006
3321.81885 13.584 0.006
3321.86670 13.595 0.006
3324.70817 13.607 0.006
3324.75315 13.608 0.006
3329.65945 13.675 0.006
3329.71774 13.682 0.006
3335.73160 13.769 0.006
3335.76392 13.783 0.006
3340.75225 13.878 0.006
3340.78141 13.887 0.006
3351.65287 14.181 0.006
3354.81605 14.239 0.006
3357.85613 14.328 0.006
3359.82708 14.380 0.006
3360.81573 14.415 0.006
3360.85164 14.427 0.006
3375.85094 14.881 0.006
3376.84013 14.859 0.006
3378.86330 14.903 0.006
3380.71864 14.967 0.006
3385.63641 14.976 0.006
3385.79529 15.005 0.006
3388.80721 14.985 0.006
3389.70518 14.990 0.006
3394.80094 14.901 0.006
3394.83510 14.914 0.006
3396.80751 14.858 0.006
3396.84148 14.870 0.006
3399.84290 14.809 0.006
3402.78164 14.712 0.006
3403.78842 14.688 0.006
3405.57677 14.653 0.006
3409.66417 14.546 0.006
3413.64033 14.453 0.006
3414.57052 14.435 0.006
3418.59506 14.311 0.006
3419.61952 14.317 0.006
3426.58926 14.222 0.006
3427.52564 14.220 0.006
3433.51178 14.169 0.006
3433.54881 14.162 0.006
3439.55675 14.009 0.006
3439.58980 13.995 0.006
3449.51521 13.733 0.006
3449.54435 13.727 0.006
3459.50042 13.578 0.006
3459.52928 13.576 0.006
3607.89852 13.673 0.006
3625.90980 13.503 0.006
3630.90462 13.488 0.006
3631.78667 13.499 0.006
3631.83054 13.479 0.006
3638.85620 13.503 0.006
3638.88499 13.495 0.006
3652.81199 13.561 0.006
3652.84188 13.544 0.006
3655.84925 13.581 0.006
3659.83298 13.620 0.006
3659.86193 13.637 0.006
3663.79654 13.694 0.006
3663.83025 13.703 0.006
3669.86675 13.786 0.006
3670.87341 13.804 0.006
3671.81779 13.836 0.006
3673.77832 13.879 0.006
3673.85844 13.891 0.006
3681.83970 14.049 0.006
3683.70838 14.085 0.006
3686.73726 14.140 0.006
3686.76625 14.162 0.006
3688.84328 14.207 0.006
3689.68499 14.255 0.006
3692.80377 14.298 0.006
3694.71264 14.337 0.006
3694.74182 14.347 0.006
3696.83377 14.397 0.006
3699.84634 14.458 0.006
3700.66998 14.508 0.006
3702.70712 14.508 0.006
3702.74644 14.517 0.006
3704.80412 14.534 0.006
3704.83281 14.538 0.006
3711.78379 14.598 0.006
3714.66879 14.608 0.006
3714.69764 14.581 0.006
3717.85021 14.574 0.006
3718.82178 14.511 0.006
3724.82252 14.434 0.006
3726.82661 14.380 0.006
3728.85706 14.325 0.006
3730.82304 14.296 0.006
3733.78889 14.245 0.006
3735.83171 14.201 0.006
3735.86039 14.189 0.006
3736.85100 14.186 0.006
3738.80437 14.173 0.006
3738.83320 14.176 0.006
3740.86811 14.155 0.006
3741.64568 14.162 0.006
3743.82592 14.129 0.006
3743.85541 14.134 0.006
3746.84961 14.112 0.006
3747.62383 14.080 0.006
3748.83380 14.081 0.006
3749.85489 14.067 0.006
3750.84539 14.040 0.006
3752.81436 14.021 0.006
3753.77946 13.980 0.006
3754.82011 13.969 0.006
3757.75349 13.925 0.006
3757.82910 13.927 0.006
3760.80300 13.876 0.006
3762.81397 13.833 0.006
3763.81122 13.805 0.006
3768.70639 13.712 0.006
3771.72451 13.672 0.006
3774.71655 13.649 0.006
3774.74551 13.644 0.006
3777.70615 13.652 0.006
3777.73490 13.646 0.006
3780.60220 13.652 0.006
3780.63090 13.649 0.006
3784.60859 13.639 0.006
3784.63753 13.644 0.006
3789.57491 13.611 0.006
3789.60451 13.608 0.006
3795.57695 13.574 0.006
3796.54336 13.583 0.006
3803.50621 13.565 0.006
3803.53494 13.574 0.006
3814.50269 13.615 0.006
3814.53143 13.621 0.006
3960.92530 13.722 0.006
3966.89038 13.704 0.006
3975.83118 13.772 0.006
3975.86368 13.733 0.006
3986.79978 13.870 0.006
3986.88449 13.850 0.006
3994.84836 13.971 0.006
4003.82733 14.144 0.006
4006.88254 14.196 0.006
4009.81639 14.281 0.006
4009.86591 14.255 0.006
4016.77123 14.451 0.006
4016.79977 14.451 0.006
4020.80509 14.549 0.006
4021.76562 14.591 0.006
4025.77282 14.676 0.006
4025.80124 14.643 0.006
4027.80839 14.708 0.006
4028.70837 14.759 0.006
4030.75577 14.782 0.006
4030.78418 14.777 0.006
4036.81509 14.906 0.006
4036.84337 14.888 0.006
4039.78565 14.901 0.006
4040.67919 14.977 0.006
4041.86162 14.915 0.006
4042.69505 14.975 0.006
4045.76663 14.934 0.006
4047.77475 14.924 0.006
4048.65480 14.961 0.006
4050.69969 14.888 0.006
4050.72797 14.871 0.006
4053.67155 14.875 0.006
4053.69986 14.855 0.006
4055.62057 14.825 0.006
4055.64885 14.830 0.006
4057.83028 14.790 0.006
4057.85865 14.757 0.006
4061.65771 14.670 0.006
4064.81786 14.542 0.006
4065.82722 14.551 0.006
4066.84700 14.528 0.006
4068.79539 14.465 0.006
4069.81987 14.421 0.006
4070.84013 14.415 0.006
4075.67398 14.263 0.006
4076.82249 14.225 0.006
4078.84686 14.206 0.006
4082.77805 14.162 0.006
4084.84800 14.128 0.006
4087.71738 14.110 0.006
4096.70971 13.932 0.006
4104.64703 13.808 0.006
4104.67985 13.820 0.006
4106.73979 13.794 0.006
4106.77498 13.786 0.006
4109.85071 13.753 0.006
4113.80511 13.724 0.006
4113.83782 13.689 0.006
4122.77850 13.669 0.006
4125.59838 13.654 0.006
4128.71014 13.668 0.006
4128.79719 13.662 0.006
4149.67107 13.768 0.006
4158.58432 13.905 0.006
4160.53653 13.938 0.006
4170.54198 14.187 0.006
4174.51620 14.275 0.006
4344.89431 14.121 0.006
4349.83155 14.233 0.006
4354.87587 14.355 0.006
4362.85133 14.532 0.006
4365.89436 14.553 0.006
4366.88582 14.551 0.006
4369.86588 14.570 0.006
4373.88104 14.552 0.006
4378.83843 14.493 0.006
4382.79477 14.402 0.006
4387.79662 14.289 0.006
4387.82523 14.277 0.006
4391.80240 14.182 0.006
4391.83068 14.177 0.006
4396.83465 14.085 0.006
4400.84256 14.015 0.006
4408.85416 13.883 0.006
4409.73601 13.869 0.006
4415.77824 13.722 0.006
4415.81021 13.726 0.006
4424.71762 13.610 0.006
4424.78133 13.622 0.006
4428.73906 13.595 0.006
4428.76768 13.588 0.006
4431.66405 13.553 0.006
4431.69312 13.584 0.006
4434.69233 13.554 0.006
4434.72204 13.544 0.006
4437.81024 13.552 0.006
4438.70460 13.540 0.006
4440.84110 13.532 0.006
4441.78617 13.510 0.006
4444.78264 13.521 0.006
4444.81104 13.501 0.006
4450.81084 13.485 0.006
4452.84188 13.492 0.006
4455.85264 13.481 0.006
4458.85967 13.485 0.006
4463.85456 13.514 0.006
4464.84760 13.535 0.006
4466.79419 13.540 0.006
4469.81863 13.576 0.006
4471.79952 13.602 0.006
4472.81404 13.612 0.006
4480.83305 13.750 0.006
4484.84976 13.840 0.006
4488.79945 13.941 0.006
4492.78959 14.036 0.006
4492.81827 14.038 0.006
4494.80052 14.105 0.006
4497.68778 14.188 0.006
4498.75755 14.230 0.006
4501.59851 14.308 0.006
4501.75474 14.320 0.006
4506.69256 14.462 0.006
4508.73927 14.534 0.006
4511.77320 14.627 0.006
4518.76295 14.821 0.006
4519.75186 14.839 0.006
4522.61475 14.873 0.006
4522.64763 14.899 0.006
4525.59681 14.943 0.006
4525.69595 14.917 0.006
4531.68419 14.970 0.006
4532.60647 14.960 0.006
4535.67976 14.957 0.006
4536.66118 14.920 0.006
4539.65062 14.885 0.006
4539.67966 14.848 0.006
4542.65165 14.813 0.006
4542.68017 14.805 0.006
4546.53659 14.712 0.006
4551.61144 14.595 0.006
4560.61337 14.501 0.006
4567.61738 14.396 0.006
4573.57527 14.273 0.006
4576.52398 14.240 0.006
4591.53151 13.989 0.006
4600.53920 13.727 0.006
4609.50335 13.595 0.006
4688.92076 14.864 0.006
4700.91736 14.891 0.006
4709.91967 14.714 0.006
4715.90944 14.565 0.006
4721.88662 14.443 0.006
4726.87095 14.356 0.006
4729.88833 14.320 0.006
4741.85661 14.155 0.006
4749.83668 13.861 0.006
4754.86523 13.744 0.006
4758.79971 13.679 0.006
4761.83422 13.652 0.006
4767.71277 13.636 0.006
4769.87435 13.611 0.006
4773.76666 13.600 0.006
4776.70753 13.593 0.006
4778.82457 13.584 0.006
4782.78831 13.585 0.006
4786.83879 13.572 0.006
4787.80448 13.577 0.006
4790.69919 13.580 0.006
4793.80991 13.582 0.006
4796.79648 13.592 0.006
4799.82704 13.618 0.006
4801.82208 13.642 0.006
4804.72815 13.683 0.006
4806.78140 13.710 0.006
4808.86121 13.742 0.006
4809.75977 13.748 0.006
4814.79870 13.853 0.006
4818.81993 13.941 0.006
4821.79054 14.009 0.006
4823.84805 14.063 0.006
4826.84078 14.137 0.006
4833.81140 14.321 0.006
4837.84540 14.456 0.006
4840.80747 14.528 0.006
4842.86365 14.570 0.006
4844.80509 14.627 0.006
4847.84172 14.682 0.006
4850.85222 14.756 0.006
4852.83653 14.791 0.006
4857.82256 14.823 0.006
4863.75819 14.831 0.006
4869.76842 14.763 0.006
4874.75014 14.648 0.006
4875.75057 14.638 0.006
4876.74881 14.601 0.006
4877.73698 14.578 0.006
4880.70971 14.508 0.006
4881.74203 14.499 0.006
4883.61507 14.444 0.006
4886.60516 14.358 0.006
4891.57938 14.225 0.006
4903.56327 13.967 0.006
4914.64767 13.737 0.006
4917.61489 13.662 0.006
4919.65246 13.603 0.006
4925.63415 13.485 0.006
4928.62277 13.467 0.006
4930.62741 13.461 0.006
4936.58725 13.461 0.006
4940.60199 13.458 0.006
4944.57003 13.465 0.006
4948.56476 13.489 0.006
4953.55786 13.535 0.006
