2177.79396 13.383 0.005
2187.84239 13.475 0.005
2194.81077 13.536 0.005
2206.81992 13.684 0.005
2215.86452 13.833 0.005
2216.81097 13.854 0.005
2225.74569 14.022 0.005
2225.77346 14.024 0.005
2227.81984 14.057 0.005
2229.82580 14.095 0.005
2231.79415 14.131 0.005
2233.76223 14.179 0.005
2237.68205 14.247 0.005
2239.74289 14.306 0.005
2241.85158 14.352 0.005
2244.71414 14.437 0.005
2250.64739 14.582 0.005
2252.74152 14.609 0.005
2254.79668 14.657 0.005
2256.77673 14.704 0.005
2258.77300 14.766 0.005
2262.73761 14.846 0.005
2266.80612 14.942 0.005
2270.69302 15.028 0.005
2272.78707 15.042 0.005
2275.67866 15.088 0.005
2277.84227 15.135 0.005
2279.67296 15.208 0.005
2281.84691 15.233 0.005
2282.85813 15.245 0.005
2288.84726 15.366 0.005
2289.64105 15.374 0.005
2291.64980 15.393 0.005
2293.85754 15.433 0.006
2295.63908 15.442 0.005
2297.63026 15.480 0.006
2299.63592 15.500 0.006
2301.81072 15.561 0.007
2302.82051 15.560 0.007
2303.80159 15.553 0.006
2304.60426 15.548 0.006
2325.60484 15.690 0.007
2329.54435 15.690 0.007
2336.50153 15.648 0.008
2341.55927 15.630 0.006
2359.49211 15.348 0.006
2391.58534 14.583 0.005
2553.86544 14.520 0.005
2558.78217 14.649 0.005
2562.79593 14.768 0.005
2566.81794 14.839 0.005
2576.80961 15.063 0.006
2579.81646 15.118 0.006
2586.85446 15.241 0.005
2591.82930 15.302 0.005
2598.79389 15.429 0.006
2606.82608 15.622 0.006
2610.75565 15.681 0.007
2615.70180 15.789 0.007
2619.76433 15.824 0.007
2622.66157 15.868 0.007
2625.72745 15.890 0.007
2628.69242 15.940 0.007
2634.78754 15.996 0.007
2636.80117 16.024 0.007
2639.71715 15.985 0.007
2642.79494 16.039 0.007
2644.79365 15.968 0.007
2646.78066 16.045 0.007
2649.80324 16.059 0.007
2651.82294 16.003 0.007
2653.70059 16.079 0.007
2656.78442 16.028 0.007
2658.77973 16.030 0.008
2660.81345 15.984 0.007
2662.81151 15.981 0.007
2665.58348 16.032 0.007
2668.61224 15.989 0.007
2671.81455 15.925 0.007
2674.73582 15.846 0.007
2676.80985 15.854 0.007
2679.57862 15.836 0.007
2680.78428 15.770 0.006
2685.52555 15.744 0.007
2689.56026 15.675 0.007
2693.57723 15.591 0.006
2698.51016 15.524 0.006
2703.52921 15.462 0.006
2704.50821 15.442 0.006
2710.50473 15.354 0.006
2728.48546 14.898 0.005
2877.88466 14.630 0.005
2894.88837 14.985 0.005
2899.89557 15.047 0.005
2905.85300 15.158 0.006
2908.85600 15.203 0.006
2912.87890 15.248 0.005
2918.83216 15.322 0.006
2924.76889 15.408 0.006
2927.80005 15.431 0.006
2931.87822 15.461 0.006
2935.77308 15.502 0.006
2941.73182 15.571 0.006
2944.76312 15.592 0.006
2948.72625 15.607 0.006
2951.78171 15.591 0.006
2955.66150 15.608 0.007
2957.80610 15.597 0.007
2961.82459 15.626 0.006
2964.77209 15.625 0.007
2966.85110 15.569 0.005
2970.84603 15.569 0.006
2974.78397 15.530 0.006
2976.70313 15.508 0.006
2978.77395 15.487 0.006
2980.79461 15.452 0.006
2982.79078 15.419 0.006
2984.84908 15.394 0.006
2987.81908 15.380 0.006
2989.82184 15.316 0.006
2991.83273 15.305 0.006
2993.82511 15.246 0.005
2996.79323 15.207 0.005
2998.80492 15.161 0.005
3000.81548 15.138 0.006
3002.80904 15.098 0.005
3004.83092 15.066 0.005
3006.81757 14.991 0.005
3007.81770 15.001 0.005
3009.78076 14.947 0.005
3011.83752 14.930 0.005
3013.80677 14.905 0.005
3016.82999 14.849 0.005
3017.81432 14.840 0.005
3019.76794 14.836 0.005
3021.65469 14.797 0.005
3023.80692 14.771 0.005
3025.80957 14.713 0.005
3027.83057 14.682 0.005
3029.81325 14.650 0.005
3032.66198 14.557 0.005
3034.74454 14.495 0.005
3036.77141 14.439 0.005
3039.68181 14.357 0.005
3041.77124 14.311 0.005
3043.72230 14.231 0.005
3044.73321 14.189 0.005
3046.71527 14.111 0.005
3048.74831 14.035 0.005
3049.73842 13.993 0.005
3051.65804 13.900 0.005
3053.63320 13.796 0.005
3055.65039 13.684 0.005
3057.70081 13.564 0.005
3059.67428 13.441 0.005
3062.57631 13.288 0.005
3066.66483 13.152 0.005
3069.66030 13.063 0.005
3071.59373 13.026 0.005
3074.60719 12.990 0.005
3077.50889 12.955 0.005
3079.71311 12.981 0.005
3083.61050 12.932 0.005
3086.57491 12.905 0.005
3088.63809 12.887 0.005
3091.64239 12.888 0.005
3097.56972 12.892 0.005
3100.60334 12.891 0.005
3103.61443 12.899 0.005
3110.59723 12.930 0.005
3114.55563 12.967 0.005
3123.57349 13.050 0.005
3129.55071 13.124 0.005
3135.48705 13.207 0.005
3146.48594 13.388 0.005
3244.90825 15.420 0.006
3250.88659 15.506 0.006
3261.81247 15.657 0.006
3266.82682 15.720 0.006
3272.77706 15.785 0.007
3279.86834 15.830 0.006
3283.73134 15.876 0.005
3295.87809 15.880 0.006
3300.73332 15.881 0.007
3301.84963 15.799 0.007
3301.85588 15.816 0.007
3301.85870 15.796 0.007
3301.86123 15.805 0.007
3302.77075 15.834 0.007
3305.83889 15.820 0.006
3307.86380 15.792 0.007
3310.69034 15.775 0.007
3314.83741 15.726 0.006
3321.80125 15.679 0.006
3324.73560 15.658 0.006
3329.64193 15.580 0.006
3335.71404 15.483 0.006
3340.73472 15.407 0.005
3351.60421 15.190 0.005
3354.79853 15.080 0.005
3357.83126 14.932 0.005
3359.85521 14.830 0.005
3366.79500 14.511 0.005
3376.82259 14.083 0.005
3378.84573 14.013 0.005
3385.61883 13.797 0.005
3388.78543 13.719 0.005
3394.78334 13.615 0.005
3396.78987 13.606 0.005
3402.76403 13.537 0.005
3405.55910 13.529 0.005
3413.62290 13.517 0.005
3418.57756 13.496 0.005
3426.57168 13.465 0.005
3432.58806 13.461 0.005
3439.53911 13.437 0.005
3449.49749 13.475 0.005
3459.48263 13.518 0.005
3607.88076 15.662 0.006
3625.89209 15.484 0.006
3630.88700 15.416 0.005
3631.76904 15.417 0.006
3638.83857 15.344 0.005
3640.88815 15.293 0.005
3652.79448 15.130 0.005
3655.83171 15.057 0.005
3659.81551 15.040 0.005
3663.77902 15.016 0.005
3669.84925 14.867 0.005
3670.85591 14.852 0.005
3673.76094 14.788 0.005
3681.82229 14.474 0.005
3686.71490 14.296 0.005
3688.82589 14.226 0.005
3692.78636 14.089 0.005
3694.69522 14.014 0.005
3696.81635 13.938 0.005
3699.82898 13.828 0.005
3702.68976 13.718 0.005
3704.78678 13.619 0.005
3706.86031 13.513 0.005
3711.76643 13.313 0.005
3714.65138 13.235 0.005
3717.83278 13.141 0.005
3722.85485 13.057 0.005
3726.80924 13.018 0.005
3730.80570 12.973 0.005
3733.77150 12.961 0.005
3735.81428 12.961 0.005
3738.78697 12.964 0.005
3740.85075 12.985 0.005
3742.86066 12.970 0.005
3746.82701 13.002 0.005
3748.80563 12.999 0.005
3750.82801 13.001 0.005
3752.84040 13.021 0.005
3753.81645 13.025 0.005
3755.82925 13.030 0.005
3757.73601 13.039 0.005
3762.79653 13.101 0.005
3767.61235 13.092 0.005
3771.70701 13.107 0.005
3774.69908 13.127 0.005
3777.68858 13.156 0.005
3780.61336 13.170 0.005
3784.59108 13.219 0.005
3789.55731 13.267 0.005
3795.55936 13.350 0.005
3802.55759 13.450 0.005
3813.53039 13.672 0.005
3832.48250 14.091 0.005
3960.90772 15.354 0.005
3975.81365 15.131 0.005
3983.91871 14.972 0.005
3986.78235 14.943 0.005
3994.83097 14.757 0.005
4003.80996 14.486 0.005
4006.86516 14.375 0.005
4009.79904 14.272 0.005
4016.78243 14.019 0.005
4020.78779 13.889 0.005
4024.88671 13.722 0.005
4027.79117 13.670 0.005
4030.73102 13.617 0.005
4036.79787 13.563 0.005
4039.76840 13.545 0.005
4041.84439 13.536 0.005
4045.74941 13.537 0.005
4047.72717 13.530 0.005
4050.68250 13.564 0.005
4053.65438 13.561 0.005
4057.81313 13.554 0.005
4060.72688 13.589 0.005
4065.81011 13.593 0.005
4068.77819 13.609 0.005
4070.82303 13.611 0.005
4075.65686 13.617 0.005
4078.82973 13.629 0.005
4082.76093 13.645 0.005
4084.83085 13.647 0.005
4087.70029 13.664 0.005
4096.69256 13.726 0.005
4103.85881 13.804 0.005
4106.72264 13.830 0.005
4113.78792 13.923 0.005
4122.76131 14.066 0.005
4128.68896 14.177 0.005
4145.67310 14.534 0.005
4149.65371 14.603 0.005
4158.56687 14.752 0.005
4170.52453 14.922 0.005
4344.87683 13.431 0.005
4349.81406 13.366 0.005
4354.85612 13.301 0.005
4361.88487 13.277 0.005
4362.83392 13.273 0.005
4365.87691 13.252 0.005
4369.84848 13.232 0.005
4372.89832 13.238 0.005
4373.86365 13.221 0.005
4378.82107 13.198 0.005
4382.77745 13.199 0.005
4387.77935 13.200 0.005
4391.78511 13.233 0.005
4396.81737 13.236 0.005
4400.82529 13.259 0.005
4408.83695 13.298 0.005
4415.79300 13.341 0.005
4424.70049 13.439 0.005
4428.72188 13.481 0.005
4430.84790 13.505 0.005
4434.67511 13.559 0.005
4437.79308 13.588 0.005
4440.82101 13.627 0.005
4444.76552 13.694 0.005
4450.79371 13.809 0.005
4452.82468 13.847 0.005
4455.83543 13.911 0.005
4458.84256 13.949 0.005
4463.83045 14.068 0.005
4466.77700 14.119 0.005
4469.80139 14.183 0.005
4472.79685 14.267 0.005
4480.81581 14.431 0.005
4484.83256 14.518 0.005
4488.78222 14.594 0.005
4492.77228 14.663 0.005
4497.67134 14.778 0.005
4501.58206 14.859 0.005
4506.67610 14.955 0.005
4508.72279 14.994 0.005
4518.74019 15.169 0.006
4520.74434 15.168 0.006
4522.59733 15.226 0.006
4524.70532 15.249 0.005
4525.70707 15.285 0.005
4531.66676 15.397 0.006
4535.65040 15.436 0.006
4539.63244 15.487 0.006
4542.63415 15.502 0.006
4546.51914 15.533 0.007
4551.59392 15.585 0.006
4560.59577 15.617 0.006
4567.59976 15.550 0.006
4573.55758 15.564 0.006
4576.50632 15.549 0.007
4591.51382 15.361 0.006
4600.52145 15.206 0.006
4609.48559 15.075 0.006
4688.90313 13.562 0.005
4700.89983 13.539 0.005
4709.90217 13.495 0.005
4715.89195 13.474 0.005
4721.86920 13.458 0.005
4726.85347 13.453 0.005
4729.87095 13.454 0.005
4741.83924 13.508 0.005
4749.81939 13.589 0.005
4754.84783 13.658 0.005
4758.78241 13.729 0.005
4761.81702 13.757 0.005
4767.69553 13.848 0.005
4769.85713 13.877 0.005
4773.74942 13.967 0.005
4776.69028 14.004 0.005
4778.80736 14.038 0.005
4782.77115 14.113 0.005
4786.82165 14.176 0.005
4786.85930 14.186 0.005
4787.78733 14.195 0.005
4790.68206 14.259 0.005
4793.79275 14.312 0.005
4795.85620 14.359 0.005
4796.77936 14.372 0.005
4799.80991 14.431 0.005
4801.80488 14.466 0.005
4804.71099 14.538 0.005
4806.76422 14.574 0.005
4808.84406 14.615 0.005
4809.74263 14.629 0.005
4811.72183 14.686 0.005
4814.78158 14.719 0.005
4815.85073 14.746 0.005
4816.77532 14.770 0.005
4817.85382 14.766 0.005
4818.80276 14.818 0.005
4821.77340 14.859 0.005
4823.83094 14.897 0.005
4826.82360 14.940 0.005
4833.79424 15.045 0.005
4837.82824 15.131 0.005
4840.79033 15.198 0.005
4842.84645 15.205 0.006
4844.78792 15.246 0.005
4847.82453 15.355 0.005
4850.83500 15.361 0.005
4852.81931 15.424 0.005
4857.80531 15.435 0.005
4863.74092 15.530 0.006
4867.79129 15.573 0.006
4869.75117 15.567 0.006
4874.73279 15.632 0.007
4875.73324 15.634 0.006
4876.73151 15.674 0.006
4877.71963 15.668 0.006
4880.69235 15.667 0.006
4881.72466 15.699 0.006
4883.59767 15.640 0.006
4886.58778 15.607 0.006
4891.56199 15.615 0.006
4903.54576 15.432 0.006
4914.63014 15.243 0.005
4917.59738 15.184 0.005
4919.63492 15.118 0.005
4921.59403 15.095 0.005
4925.61746 14.983 0.005
4928.60603 14.936 0.005
4930.61070 14.894 0.005
4933.59965 14.852 0.005
4936.57049 14.789 0.005
4940.58521 14.664 0.005
4944.55319 14.598 0.005
4948.54791 14.468 0.005
4953.54100 14.283 0.005
