2167.83125 13.871 0.006
2173.83864 13.784 0.006
2190.77641 13.727 0.006
2192.81178 13.724 0.006
2212.86579 13.780 0.006
2214.77915 13.803 0.006
2224.73592 13.928 0.006
2226.84011 13.960 0.006
2229.65203 13.998 0.006
2232.81062 14.053 0.006
2234.80503 14.089 0.006
2239.59000 14.194 0.006
2241.65153 14.238 0.006
2243.71011 14.287 0.006
2248.78252 14.409 0.006
2250.83364 14.474 0.006
2252.64175 14.503 0.006
2254.63266 14.556 0.006
2257.63657 14.634 0.006
2259.68950 14.678 0.006
2266.63421 14.830 0.006
2270.63032 14.867 0.006
2271.78113 14.890 0.006
2273.75505 14.882 0.006
2275.81803 14.866 0.006
2277.63967 14.889 0.006
2279.81202 14.872 0.006
2281.79883 14.858 0.006
2283.83305 14.819 0.006
2288.73919 14.726 0.006
2290.77758 14.668 0.006
2292.75406 14.629 0.006
2294.72912 14.556 0.006
2296.73951 14.515 0.006
2298.75889 14.450 0.006
2300.71196 14.410 0.006
2302.68851 14.368 0.006
2332.58766 14.256 0.006
2333.54599 14.241 0.006
2333.55724 14.243 0.006
2339.53369 14.169 0.006
2357.50486 13.915 0.006
2395.50574 13.914 0.006
2526.89800 13.792 0.006
2537.90645 13.722 0.006
2542.87754 13.696 0.006
2552.82811 13.677 0.006
2556.81968 13.680 0.006
2559.86795 13.709 0.006
2564.83616 13.735 0.006
2578.76053 13.908 0.006
2583.81497 13.973 0.006
2589.84575 14.080 0.006
2596.73042 14.237 0.006
2605.73345 14.453 0.006
2609.72968 14.515 0.006
2614.68965 14.566 0.006
2618.72023 14.573 0.006
2621.62774 14.560 0.006
2623.81148 14.550 0.006
2627.67543 14.511 0.006
2629.69849 14.464 0.006
2631.75031 14.427 0.006
2634.75247 14.356 0.006
2635.67225 14.336 0.006
2638.64335 14.273 0.006
2639.64347 14.242 0.006
2641.71057 14.208 0.006
2643.71927 14.164 0.006
2645.70745 14.134 0.006
2647.66526 14.101 0.006
2650.82631 14.050 0.006
2652.72802 14.021 0.006
2654.66282 13.988 0.006
2656.63490 13.970 0.006
2658.59880 13.959 0.006
2660.61195 13.937 0.006
2662.59908 13.925 0.006
2664.60659 13.907 0.006
2666.66057 13.877 0.006
2668.64969 13.852 0.006
2670.61969 13.842 0.006
2672.72898 13.831 0.006
2674.62734 13.822 0.006
2676.61393 13.820 0.006
2678.70157 13.811 0.006
2680.61227 13.807 0.006
2682.66267 13.784 0.006
2687.53523 13.799 0.006
2691.60556 13.749 0.006
2696.52832 13.715 0.006
2701.51048 13.696 0.006
2707.50787 13.683 0.006
2714.50674 13.687 0.006
2839.93812 13.932 0.006
2867.90887 13.766 0.006
2879.89783 13.764 0.006
2888.90230 13.811 0.006
2894.83738 13.845 0.006
2899.83831 13.909 0.006
2905.82801 13.984 0.006
2908.88902 14.038 0.006
2911.78735 14.086 0.006
2916.83759 14.184 0.006
2922.82143 14.314 0.006
2926.74811 14.385 0.006
2930.82262 14.460 0.006
2933.86704 14.517 0.006
2940.70353 14.640 0.006
2942.82596 14.666 0.006
2947.71851 14.747 0.006
2949.80870 14.757 0.006
2952.86285 14.786 0.006
2956.70125 14.815 0.006
2958.72755 14.823 0.006
2962.73942 14.798 0.006
2965.75884 14.756 0.006
2967.85827 14.711 0.006
2972.85710 14.582 0.006
2975.83159 14.515 0.006
2976.82685 14.491 0.006
2978.80749 14.443 0.006
2982.67861 14.382 0.006
2984.72613 14.353 0.006
2986.80872 14.340 0.006
2988.77329 14.323 0.006
2989.78924 14.309 0.006
2991.62965 14.315 0.006
2993.61705 14.292 0.006
2995.71618 14.290 0.006
2997.69564 14.288 0.006
2999.71739 14.278 0.006
3001.75356 14.274 0.006
3003.72517 14.271 0.006
3005.60093 14.259 0.006
3007.66349 14.244 0.006
3009.72979 14.233 0.006
3011.70402 14.229 0.006
3013.70996 14.208 0.006
3017.71135 14.147 0.006
3019.63936 14.100 0.006
3021.75817 14.044 0.006
3023.61995 14.008 0.006
3024.82108 13.996 0.006
3026.81770 13.956 0.006
3029.62209 13.926 0.006
3031.69201 13.880 0.006
3033.75552 13.868 0.006
3035.76256 13.845 0.006
3038.74006 13.812 0.006
3040.71069 13.792 0.006
3042.65462 13.777 0.006
3044.58850 13.771 0.006
3045.67748 13.766 0.006
3047.63121 13.748 0.006
3049.63692 13.754 0.006
3051.60510 13.740 0.006
3053.59939 13.742 0.006
3055.59856 13.754 0.006
3057.62398 13.751 0.006
3059.56790 13.765 0.006
3061.56094 13.755 0.006
3068.50227 13.824 0.006
3070.55790 13.848 0.006
3073.55862 13.897 0.006
3075.67160 13.931 0.006
3078.59180 13.961 0.006
3082.58105 14.022 0.006
3084.65813 14.058 0.006
3087.62078 14.115 0.006
3090.58422 14.146 0.006
3096.49118 14.270 0.006
3099.57214 14.329 0.006
3102.55095 14.378 0.006
3105.58368 14.458 0.006
3108.56160 14.525 0.006
3112.53331 14.606 0.006
3116.52023 14.683 0.006
3127.48662 14.842 0.006
3140.47627 14.796 0.006
3223.87647 13.646 0.006
3241.86279 13.704 0.006
3248.82623 13.763 0.006
3257.85411 13.868 0.006
3263.90006 13.978 0.006
3270.84310 14.134 0.006
3273.89109 14.211 0.006
3277.82716 14.326 0.006
3281.86998 14.433 0.006
3287.73200 14.578 0.006
3289.88373 14.634 0.006
3294.87906 14.764 0.006
3295.68429 14.787 0.006
3301.74485 14.886 0.006
3304.80076 14.911 0.006
3307.67561 14.921 0.006
3309.71100 14.883 0.006
3311.70884 14.870 0.006
3320.75160 14.659 0.006
3323.68648 14.582 0.006
3327.72322 14.451 0.006
3330.68207 14.368 0.006
3334.78133 14.270 0.006
3338.82779 14.181 0.006
3340.84288 14.160 0.006
3354.70773 14.024 0.006
3358.78442 14.012 0.006
3361.82149 14.014 0.006
3365.72389 14.008 0.006
3372.74018 13.958 0.006
3378.65289 13.890 0.006
3391.72061 13.761 0.006
3394.73216 13.736 0.006
3396.61122 13.725 0.006
3399.68938 13.709 0.006
3403.67661 13.687 0.006
3408.58601 13.680 0.006
3412.63136 13.697 0.006
3417.55878 13.742 0.006
3425.56699 13.842 0.006
3437.53043 14.076 0.006
3445.53576 14.292 0.006
3460.48398 14.770 0.006
3477.47863 14.962 0.006
3583.92075 13.698 0.006
3593.91904 13.778 0.006
3601.85598 13.892 0.006
3618.89013 14.238 0.006
3629.87141 14.544 0.006
3634.83806 14.645 0.006
3639.83135 14.696 0.006
3643.84073 14.715 0.006
3644.78612 14.703 0.006
3650.87501 14.632 0.006
3654.77427 14.566 0.006
3657.85646 14.471 0.006
3660.79095 14.390 0.006
3664.82605 14.260 0.006
3668.78405 14.144 0.006
3672.77226 14.053 0.006
3675.85195 14.002 0.006
3684.76005 13.932 0.006
3687.76571 13.937 0.006
3689.86633 13.939 0.006
3692.86602 13.925 0.006
3695.74018 13.936 0.006
3698.73379 13.919 0.006
3700.76268 13.898 0.006
3702.85031 13.893 0.006
3705.75712 13.890 0.006
3708.71570 13.875 0.006
3712.70258 13.855 0.006
3714.71296 13.849 0.006
3716.85457 13.844 0.006
3719.80622 13.822 0.006
3725.80009 13.772 0.006
3730.66788 13.743 0.006
3732.69260 13.725 0.006
3734.79064 13.711 0.006
3736.80692 13.706 0.006
3737.69529 13.700 0.006
3739.79440 13.705 0.006
3742.68023 13.699 0.006
3745.75593 13.708 0.006
3747.75860 13.723 0.006
3749.65030 13.717 0.006
3750.73532 13.728 0.006
3752.74600 13.748 0.006
3754.76371 13.753 0.006
3756.58726 13.760 0.006
3758.75693 13.796 0.006
3761.77250 13.838 0.006
3764.72692 13.890 0.006
3767.58678 13.930 0.006
3770.60316 13.991 0.006
3773.60735 14.048 0.006
3776.60670 14.117 0.006
3779.59629 14.198 0.006
3782.64697 14.271 0.006
3787.57194 14.390 0.006
3792.51931 14.518 0.006
3799.60246 14.708 0.006
3809.51280 14.916 0.006
3822.49265 14.945 0.006
3946.89485 14.040 0.006
3964.85178 14.366 0.006
3969.87163 14.469 0.006
3975.92178 14.577 0.006
3981.85072 14.617 0.006
3989.87772 14.583 0.006
3995.90146 14.448 0.006
4001.85449 14.267 0.006
4005.83215 14.157 0.006
4007.83631 14.111 0.006
4011.83661 14.017 0.006
4018.82824 13.934 0.006
4023.86038 13.923 0.006
4026.76884 13.937 0.006
4029.71008 13.948 0.006
4031.79045 13.954 0.006
4038.69957 13.958 0.006
4040.86641 13.956 0.006
4043.66505 13.937 0.006
4046.75720 13.897 0.006
4048.84666 13.865 0.006
4052.68958 13.801 0.006
4056.73363 13.728 0.006
4058.76594 13.690 0.006
4063.66551 13.640 0.006
4066.72275 13.616 0.006
4068.81028 13.612 0.006
4070.65272 13.607 0.006
4073.81211 13.591 0.006
4076.78028 13.583 0.006
4079.74258 13.594 0.006
4083.65943 13.615 0.006
4085.72491 13.619 0.006
4092.84340 13.685 0.006
4102.81990 13.835 0.006
4105.67881 13.891 0.006
4109.72174 13.982 0.006
4109.75193 13.987 0.006
4113.70770 14.068 0.006
4120.73810 14.232 0.006
4122.69450 14.273 0.006
4125.74576 14.352 0.006
4131.59908 14.498 0.006
4142.63564 14.687 0.006
4156.51879 14.698 0.006
4166.56350 14.478 0.006
4196.51283 14.116 0.006
4341.88879 14.697 0.006
4347.83873 14.552 0.006
4357.90013 14.399 0.006
4362.77591 14.404 0.006
4365.81740 14.413 0.006
4368.89472 14.429 0.006
4371.84531 14.430 0.006
4377.78115 14.380 0.006
4380.79767 14.317 0.006
4386.77334 14.126 0.006
4390.73530 13.979 0.006
4393.84940 13.857 0.006
4398.86067 13.736 0.006
4403.86765 13.690 0.006
4411.85921 13.643 0.006
4418.78042 13.652 0.006
4422.84641 13.666 0.006
4426.72473 13.692 0.006
4429.78619 13.707 0.006
4429.83072 13.704 0.006
4432.71164 13.716 0.006
4436.75099 13.735 0.006
4439.81657 13.762 0.006
4443.68634 13.790 0.006
4448.85347 13.835 0.006
4449.67106 13.844 0.006
4451.68061 13.879 0.006
4454.69712 13.917 0.006
4455.67940 13.940 0.006
4458.73778 13.981 0.006
4461.65471 14.030 0.006
4465.73780 14.109 0.006
4468.70635 14.156 0.006
4473.67570 14.257 0.006
4477.73378 14.318 0.006
4481.67138 14.389 0.006
4485.71946 14.419 0.006
4489.70293 14.455 0.006
4493.69277 14.457 0.006
4498.66980 14.435 0.006
4501.66710 14.410 0.006
4506.60104 14.330 0.006
4508.61105 14.317 0.006
4510.69094 14.248 0.006
4516.64068 14.157 0.006
4521.60096 14.067 0.006
4523.61683 14.029 0.006
4525.53620 14.020 0.006
4531.55819 13.940 0.006
4533.56061 13.934 0.006
4537.61059 13.901 0.006
4539.52901 13.899 0.006
4541.58179 13.900 0.006
4543.64265 13.870 0.006
4545.50094 13.866 0.006
4549.58576 13.839 0.006
4560.52831 13.755 0.006
4567.57744 13.705 0.006
4571.52227 13.661 0.006
4581.49920 13.571 0.006
4610.46729 13.803 0.006
4683.89118 14.786 0.006
4694.90969 14.654 0.006
4697.84784 14.627 0.006
4707.89865 14.598 0.006
4719.91702 14.480 0.006
4720.76397 14.463 0.006
4724.81725 14.311 0.006
4728.80475 14.108 0.006
4733.81446 13.924 0.006
4743.88316 13.737 0.006
4747.89455 13.717 0.006
4752.85359 13.704 0.006
4756.86291 13.703 0.006
4760.74603 13.694 0.006
4762.86951 13.688 0.006
4768.84750 13.671 0.006
4772.69383 13.684 0.006
4775.72322 13.703 0.006
4777.73799 13.721 0.006
4781.73445 13.775 0.006
4784.68803 13.843 0.006
4788.78509 13.921 0.006
4791.79556 13.998 0.006
4794.76704 14.068 0.006
4797.78627 14.154 0.006
4800.76313 14.248 0.006
4802.83014 14.312 0.006
4804.84737 14.364 0.006
4806.84350 14.429 0.006
4809.69124 14.511 0.006
4811.68754 14.574 0.006
4813.70932 14.616 0.006
4814.72819 14.638 0.006
4816.72505 14.685 0.006
4818.72428 14.721 0.006
4820.64362 14.757 0.006
4820.78387 14.760 0.006
4822.68014 14.784 0.006
4824.66899 14.786 0.006
4826.67338 14.823 0.006
4833.67133 14.809 0.006
4835.72370 14.813 0.006
4838.72831 14.752 0.006
4840.71253 14.733 0.006
4842.69655 14.696 0.006
4844.69576 14.662 0.006
4847.76276 14.613 0.006
4850.75584 14.563 0.006
4853.73232 14.504 0.006
4855.74779 14.455 0.006
4857.72588 14.429 0.006
4863.68715 14.333 0.006
4865.58736 14.309 0.006
4868.69095 14.275 0.006
4869.63615 14.271 0.006
4872.66543 14.260 0.006
4874.55858 14.256 0.006
4876.58225 14.245 0.006
4878.60705 14.228 0.006
4882.68013 14.175 0.006
4885.53835 14.153 0.006
4888.60554 14.133 0.006
4900.60930 14.011 0.006
4905.57440 13.861 0.006
4908.53298 13.774 0.006
4916.54939 13.616 0.006
4920.58039 13.582 0.006
4926.53656 13.545 0.006
4930.53311 13.535 0.006
4934.52987 13.543 0.006
4937.52160 13.540 0.006
4940.53762 13.555 0.006
4946.53119 13.607 0.006
4951.51094 13.658 0.006
