 455.65253 14.124 0.005
 455.73131 14.123 0.005
 455.77889 14.131 0.005
 456.59898 14.136 0.005
 456.64870 14.138 0.005
 456.71944 14.143 0.005
 456.76691 14.138 0.005
 456.81834 14.140 0.005
 457.56669 14.147 0.005
 457.61062 14.148 0.005
 457.66927 14.146 0.005
 457.72784 14.148 0.005
 457.78650 14.153 0.005
 457.84522 14.151 0.005
 458.64307 14.163 0.005
 458.70172 14.170 0.005
 459.56028 14.180 0.005
 459.60645 14.179 0.005
 459.66503 14.175 0.005
 459.72447 14.182 0.005
 459.76830 14.184 0.005
 459.81210 14.181 0.005
 461.57118 14.207 0.005
 461.61497 14.211 0.005
 461.67362 14.209 0.005
 461.73977 14.211 0.005
 461.80178 14.216 0.005
 462.57171 14.229 0.005
 462.63034 14.224 0.005
 462.67633 14.228 0.005
 465.67519 14.286 0.005
 465.72287 14.274 0.005
 465.80764 14.286 0.005
 466.65890 14.297 0.005
 466.72542 14.297 0.005
 466.81043 14.296 0.005
 467.66256 14.310 0.005
 467.76716 14.316 0.005
 467.83311 14.322 0.005
 468.66924 14.332 0.005
 468.73943 14.334 0.005
 468.79802 14.338 0.005
 468.84917 14.338 0.005
 469.67011 14.349 0.005
 469.74823 14.350 0.005
 469.80715 14.353 0.005
 470.74489 14.376 0.005
 471.65595 14.392 0.005
 471.79273 14.392 0.005
 472.63055 14.414 0.005
 472.67440 14.411 0.005
 472.71820 14.413 0.005
 472.78415 14.418 0.005
 474.71011 14.462 0.005
 474.77655 14.454 0.005
 475.54449 14.470 0.005
 475.60329 14.482 0.005
 475.66942 14.482 0.005
 475.72155 14.480 0.005
 476.75556 14.506 0.005
 477.54124 14.520 0.005
 477.59256 14.527 0.005
 477.74001 14.521 0.005
 477.82088 14.533 0.005
 478.54738 14.549 0.005
 478.76778 14.554 0.005
 478.82675 14.558 0.005
 479.54622 14.572 0.005
 479.59014 14.570 0.005
 479.75303 14.579 0.005
 479.82774 14.585 0.005
 480.58228 14.595 0.005
 480.66345 14.606 0.005
 480.75700 14.600 0.005
 480.80113 14.595 0.005
 481.56747 14.625 0.005
 481.71583 14.630 0.005
 481.75982 14.627 0.005
 481.80377 14.621 0.005
 482.71670 14.660 0.005
 482.79461 14.649 0.005
 483.58298 14.676 0.005
 483.62742 14.679 0.005
 483.67127 14.685 0.005
 483.71528 14.685 0.005
 483.75917 14.682 0.005
 483.80308 14.689 0.005
 484.58165 14.709 0.005
 484.69031 14.715 0.005
 484.73469 14.709 0.005
 484.77868 14.711 0.005
 485.58528 14.732 0.005
 485.73224 14.736 0.005
 485.77631 14.732 0.005
 486.58180 14.756 0.005
 486.62731 14.758 0.005
 486.72386 14.760 0.005
 486.76906 14.768 0.005
 487.60874 14.781 0.005
 487.65703 14.785 0.005
 487.70479 14.779 0.005
 487.74895 14.789 0.005
 487.79313 14.790 0.005
 488.59425 14.816 0.005
 488.63821 14.815 0.005
 488.70708 14.815 0.005
 488.75108 14.826 0.005
 488.79513 14.812 0.005
 489.57000 14.842 0.005
 489.65898 14.840 0.005
 489.70289 14.846 0.005
 489.74680 14.853 0.005
 490.56322 14.874 0.005
 490.70044 14.873 0.005
 490.74452 14.873 0.005
 490.78854 14.872 0.005
 491.58774 14.892 0.005
 491.63956 14.894 0.005
 491.79709 14.897 0.005
 492.57191 14.922 0.005
 492.64624 14.924 0.005
 493.57496 14.961 0.005
 493.61945 14.966 0.005
 494.56967 14.985 0.005
 494.61359 14.986 0.005
 494.65782 14.986 0.005
 494.70215 14.993 0.005
 494.74712 14.990 0.005
 495.57247 15.017 0.005
 495.64613 15.018 0.005
 495.69958 15.008 0.005
 496.56787 15.041 0.005
 496.61264 15.034 0.005
 496.65669 15.040 0.005
 496.70157 15.026 0.005
 497.74103 15.083 0.005
 498.56692 15.095 0.005
 498.61098 15.108 0.005
 498.72473 15.111 0.005
 498.76865 15.111 0.005
 499.56188 15.122 0.005
 499.60758 15.131 0.005
 499.74789 15.121 0.005
 500.56027 15.133 0.005
 500.60460 15.133 0.005
 500.64950 15.137 0.005
 500.70065 15.144 0.005
 500.74509 15.154 0.005
 501.56878 15.167 0.005
 501.68754 15.158 0.005
 507.55723 15.310 0.005
 507.60240 15.307 0.005
 507.67422 15.271 0.005
 509.55308 15.350 0.005
 509.60016 15.354 0.005
 509.65247 15.358 0.005
 510.59471 15.358 0.005
 510.64028 15.357 0.005
 510.68787 15.358 0.005
 511.68015 15.367 0.005
 512.58682 15.400 0.005
 512.63517 15.399 0.005
 512.70946 15.418 0.005
 512.75497 15.416 0.005
 513.56712 15.392 0.005
 513.61271 15.424 0.005
 513.70439 15.441 0.005
 513.75161 15.426 0.005
 514.57536 15.429 0.005
 514.64442 15.433 0.005
 514.69478 15.441 0.005
 514.74165 15.438 0.005
 515.56951 15.450 0.005
 515.62427 15.444 0.005
 515.67251 15.465 0.005
 516.57582 15.423 0.005
 516.63004 15.449 0.005
 516.67696 15.457 0.005
 516.72351 15.452 0.005
 517.57381 15.455 0.005
 517.62364 15.450 0.005
 517.67363 15.455 0.005
 517.71981 15.443 0.005
 518.61118 15.453 0.005
 518.65641 15.471 0.005
 518.70549 15.455 0.005
 519.57180 15.459 0.005
 519.61841 15.474 0.005
 519.70084 15.458 0.005
 520.71257 15.454 0.005
 521.56807 15.440 0.005
 521.61322 15.431 0.005
 521.67598 15.459 0.005
 523.57722 15.467 0.005
 523.62977 15.472 0.005
 523.67964 15.487 0.005
 524.56958 15.477 0.005
 524.61961 15.457 0.005
 526.55676 15.450 0.005
 526.65873 15.441 0.005
 527.68190 15.510 0.005
 530.57203 15.478 0.005
 531.56946 15.478 0.005
 532.55894 15.482 0.005
 533.57616 15.454 0.005
 534.56533 15.440 0.005
 534.60950 15.461 0.005
 534.66125 15.454 0.005
 535.54998 15.458 0.005
 535.61027 15.437 0.005
 535.68398 15.422 0.005
 536.52909 15.460 0.005
 536.57433 15.446 0.005
 536.62476 15.445 0.005
 537.52371 15.434 0.005
 537.62387 15.444 0.005
 537.67075 15.442 0.005
 538.51166 15.422 0.005
 538.56345 15.429 0.005
 539.52030 15.408 0.005
 539.63143 15.408 0.005
 539.67552 15.411 0.005
 540.68157 15.389 0.005
 541.53070 15.360 0.005
 541.58773 15.361 0.005
 542.51979 15.332 0.005
 542.57170 15.344 0.005
 542.61915 15.340 0.005
 542.66329 15.316 0.005
 543.55800 15.327 0.005
 543.60208 15.315 0.005
 543.63915 15.319 0.005
 544.51080 15.286 0.005
 544.55510 15.271 0.005
 544.59937 15.278 0.005
 544.64459 15.271 0.005
 551.50052 15.027 0.005
 552.50884 14.969 0.005
 553.51728 14.948 0.005
 553.62801 14.952 0.005
 554.49404 14.904 0.005
 554.57950 14.900 0.005
 555.50035 14.849 0.005
 557.60094 14.745 0.005
 558.54770 14.712 0.005
 559.53152 14.680 0.005
 560.50957 14.643 0.005
 561.50961 14.609 0.005
 562.51117 14.573 0.005
 564.51230 14.490 0.005
 565.51813 14.460 0.005
 566.51213 14.425 0.005
 567.51318 14.392 0.005
 568.49845 14.364 0.005
 569.50827 14.320 0.005
 571.49408 14.265 0.005
 572.52331 14.238 0.005
 573.52717 14.207 0.005
 574.48555 14.189 0.005
 575.48419 14.169 0.005
 576.49927 14.153 0.005
 577.49315 14.128 0.005
 578.50620 14.111 0.005
 582.48886 14.056 0.005
 583.49160 14.043 0.005
 672.87700 14.067 0.005
 689.90748 14.319 0.005
 699.91089 14.543 0.005
 701.82781 14.585 0.005
 704.87031 14.666 0.005
 706.85174 14.716 0.005
 714.81918 14.956 0.005
 716.78378 15.022 0.005
 720.84012 15.105 0.005
 728.77897 15.399 0.005
 729.77896 15.419 0.005
 730.73451 15.428 0.005
 733.82551 15.481 0.006
 741.82876 15.702 0.006
 745.78357 15.789 0.006
 747.83200 15.827 0.006
 753.77996 15.789 0.006
 759.82041 15.737 0.006
 766.79458 15.556 0.006
 772.81365 15.277 0.005
 775.79538 15.154 0.005
 779.81404 14.977 0.005
 787.79046 14.692 0.005
 789.77445 14.636 0.005
 790.78494 14.610 0.005
 795.74255 14.486 0.005
 796.81446 14.464 0.005
 797.74221 14.439 0.005
 798.71419 14.417 0.005
 805.79910 14.300 0.005
 816.77013 14.184 0.005
 817.68933 14.177 0.005
 819.78903 14.153 0.005
 822.80323 14.116 0.005
 824.83250 14.094 0.005
 826.65597 14.074 0.005
 829.72659 14.041 0.005
 832.68281 13.997 0.005
 836.78164 13.945 0.005
 840.66100 13.912 0.005
 843.66147 13.886 0.005
 850.63504 13.864 0.005
 854.66579 13.849 0.005
 855.63978 13.852 0.005
 856.60609 13.848 0.005
 858.57866 13.847 0.005
 864.68182 13.875 0.005
 866.64076 13.896 0.005
 875.55397 13.926 0.005
 879.64050 13.966 0.005
 880.53959 13.975 0.005
 887.55287 14.046 0.005
 892.63642 14.120 0.005
 895.52731 14.156 0.005
 898.53415 14.215 0.005
 918.52128 14.541 0.005
 922.60150 14.605 0.005
 928.52747 14.721 0.005
 931.54938 14.766 0.005
 933.55913 14.820 0.005
 947.49879 15.023 0.005
 951.54875 15.090 0.005
1045.88715 13.901 0.005
1051.86742 13.927 0.005
1052.90262 13.933 0.005
1053.88281 13.934 0.005
1054.89852 13.932 0.005
1055.87099 13.931 0.005
1059.88377 13.942 0.005
1061.89351 13.944 0.005
1068.89161 13.949 0.005
1076.86290 13.956 0.005
1081.86602 13.964 0.005
1087.81308 13.978 0.005
1091.81559 13.984 0.005
1102.79804 14.062 0.005
1106.85306 14.108 0.005
1107.78082 14.114 0.005
1113.79361 14.187 0.005
1119.79834 14.257 0.005
1126.82139 14.363 0.005
1131.69217 14.447 0.005
1132.74415 14.461 0.005
1136.77743 14.535 0.005
1138.80159 14.574 0.005
1142.66861 14.655 0.005
1144.73754 14.698 0.005
1151.76338 14.841 0.005
1155.76266 14.922 0.005
1158.76020 14.981 0.005
1161.73813 15.033 0.005
1165.75885 15.082 0.005
1169.75376 15.132 0.005
1174.72758 15.198 0.005
1179.74440 15.245 0.005
1181.81644 15.265 0.005
1186.77087 15.259 0.005
1187.83215 15.268 0.005
1189.84099 15.249 0.005
1196.71087 15.172 0.005
1201.71974 15.070 0.005
1203.73959 15.013 0.005
1207.59653 14.901 0.005
1211.63427 14.787 0.005
1214.63513 14.710 0.005
1217.61002 14.617 0.005
1220.61485 14.516 0.005
1223.64108 14.410 0.005
1225.58200 14.338 0.005
1227.66253 14.266 0.005
1231.55842 14.128 0.005
1234.60666 14.054 0.005
1236.61416 14.015 0.005
1240.56663 13.942 0.005
1242.66831 13.921 0.005
1244.61795 13.905 0.005
1247.54849 13.895 0.005
1252.66438 13.885 0.005
1256.53323 13.897 0.005
1260.55874 13.917 0.005
1265.53369 13.937 0.005
1273.57959 13.978 0.005
1277.51586 13.980 0.005
1281.57488 13.984 0.005
1288.51415 13.996 0.005
1290.58152 13.987 0.005
1296.51891 13.973 0.005
1298.55681 13.961 0.005
1301.49854 13.965 0.005
1305.54432 13.964 0.005
1308.47384 13.978 0.005
1313.52032 14.000 0.005
1316.51221 14.014 0.005
1319.48845 14.032 0.005
1329.51281 14.093 0.005
1332.48805 14.123 0.005
1340.45995 14.209 0.005
1412.84676 15.112 0.005
1418.84400 14.986 0.005
1430.89848 14.794 0.005
1432.83235 14.755 0.005
1435.80837 14.703 0.005
1437.79225 14.678 0.005
1440.83993 14.603 0.005
1446.85201 14.434 0.005
1447.87753 14.406 0.005
1451.77266 14.274 0.005
1455.84060 14.156 0.005
1459.77926 14.073 0.005
1462.78354 14.018 0.005
1470.84392 13.923 0.005
1475.75652 13.898 0.005
1478.71190 13.903 0.005
1478.84677 13.897 0.005
1481.68558 13.891 0.005
1487.71495 13.884 0.005
1490.71181 13.893 0.005
1492.70489 13.891 0.005
1495.70340 13.907 0.005
1497.82959 13.915 0.005
1499.66119 13.919 0.005
1502.65641 13.946 0.005
1505.69703 13.945 0.005
1507.83048 13.955 0.005
1510.80648 13.967 0.005
1512.70319 13.979 0.005
1514.81432 13.987 0.005
1517.64978 13.995 0.005
1519.72345 14.008 0.005
1521.65917 14.015 0.005
1523.77994 14.035 0.005
1525.77429 14.043 0.005
1527.70323 14.059 0.005
1528.74957 14.066 0.005
1529.77071 14.068 0.005
1531.76380 14.089 0.005
1538.72036 14.150 0.005
1541.67646 14.172 0.005
1542.70634 14.176 0.005
1544.63231 14.193 0.005
1547.75926 14.211 0.005
1548.73685 14.217 0.005
1549.73112 14.227 0.005
1552.59587 14.247 0.005
1554.72233 14.267 0.005
1555.72905 14.273 0.005
1562.73200 14.321 0.005
1564.61057 14.331 0.005
1567.70321 14.356 0.005
1570.60852 14.370 0.005
1574.76573 14.402 0.005
1577.71744 14.435 0.005
1580.75148 14.465 0.005
1583.63683 14.497 0.005
1585.72348 14.524 0.005
1588.73118 14.564 0.005
1591.70407 14.603 0.005
1593.58067 14.653 0.005
1595.71919 14.679 0.005
1596.69912 14.696 0.005
1599.62098 14.747 0.005
1601.69704 14.773 0.005
1604.57853 14.819 0.005
1606.61346 14.845 0.005
1609.65480 14.878 0.005
1610.63989 14.888 0.005
1613.53096 14.910 0.005
1615.56289 14.927 0.005
1617.63425 14.952 0.005
1619.61792 14.962 0.005
1620.56910 14.966 0.005
1622.51925 14.972 0.005
1624.51582 14.994 0.005
1626.51665 15.003 0.005
1627.63776 15.002 0.005
1629.51678 15.025 0.005
1630.59821 15.027 0.005
1632.53475 15.034 0.005
1634.51245 15.035 0.005
1643.50439 14.942 0.005
1646.50333 14.854 0.005
1650.55930 14.699 0.005
1654.54180 14.523 0.005
1656.52799 14.430 0.005
1659.53546 14.306 0.005
1661.55942 14.230 0.005
1664.52109 14.138 0.005
1667.52629 14.069 0.005
1670.54805 14.000 0.005
1672.53701 13.967 0.005
1681.48843 13.894 0.005
1691.53633 13.829 0.005
1694.49290 13.839 0.005
1769.87994 14.232 0.005
1771.90676 14.235 0.005
1772.88660 14.243 0.005
1775.88769 14.265 0.005
1784.87228 14.333 0.005
1789.86097 14.365 0.005
1804.81057 14.500 0.005
1808.89116 14.529 0.005
1812.80571 14.568 0.005
1816.81704 14.605 0.005
1821.80762 14.638 0.005
1823.84975 14.653 0.005
1826.83282 14.664 0.005
1829.80652 14.674 0.005
1830.81984 14.681 0.005
1834.85880 14.683 0.005
1845.85621 14.627 0.005
1859.79593 14.420 0.005
1861.58799 14.394 0.005
1861.81315 14.387 0.005
1864.79057 14.351 0.005
1865.77076 14.349 0.005
1868.81012 14.311 0.005
1870.74343 14.276 0.005
1871.82739 14.263 0.005
1873.78698 14.235 0.005
2167.87173 14.066 0.005
2186.84550 14.273 0.005
2190.83091 14.305 0.005
2192.87354 14.322 0.005
2193.79512 14.336 0.005
2202.79458 14.430 0.005
2214.84223 14.510 0.005
2221.78422 14.519 0.005
2224.79666 14.511 0.005
2227.70753 14.513 0.005
2229.71301 14.502 0.005
2231.68136 14.503 0.005
2233.64970 14.494 0.005
2236.66205 14.492 0.005
2239.63007 14.472 0.005
2241.71700 14.476 0.005
2243.78688 14.471 0.005
2247.85258 14.477 0.005
2248.85526 14.475 0.005
2250.78760 14.477 0.005
2252.70639 14.474 0.005
2254.69754 14.475 0.005
2257.70181 14.483 0.005
2260.70724 14.501 0.005
2266.69861 14.488 0.005
2270.76576 14.483 0.005
2271.84682 14.469 0.005
2272.75196 14.470 0.005
2274.74351 14.451 0.005
2276.80490 14.442 0.005
2278.66914 14.423 0.005
2280.74750 14.411 0.005
2282.74340 14.398 0.005
2289.80686 14.367 0.005
2292.82331 14.351 0.005
2296.81211 14.335 0.005
2298.80576 14.307 0.005
2300.78337 14.294 0.005
2302.75649 14.273 0.005
2315.68225 14.149 0.005
2324.54046 14.019 0.005
2328.52739 13.961 0.005
2334.52069 13.895 0.005
2340.51749 13.870 0.005
2364.51016 13.875 0.005
2385.52764 14.024 0.005
2529.87176 14.023 0.005
2539.87173 13.889 0.005
2545.83858 13.856 0.005
2552.89744 13.847 0.005
2556.88611 13.839 0.005
2560.79534 13.844 0.005
2561.79685 13.838 0.005
2565.80298 13.844 0.005
2574.75304 13.829 0.005
2578.82138 13.823 0.005
2586.74377 13.843 0.005
2590.79205 13.863 0.005
2596.79876 13.913 0.005
2605.83855 13.983 0.005
2609.80359 14.018 0.005
2610.63614 14.019 0.005
2610.74162 14.020 0.005
2610.84798 14.020 0.005
2611.64822 14.027 0.005
2611.71853 14.042 0.005
2613.62940 14.044 0.005
2613.70724 14.050 0.005
2614.67741 14.063 0.005
2614.76078 14.069 0.005
2614.85236 14.058 0.005
2615.66143 14.071 0.005
2615.78356 14.066 0.005
2615.84128 14.069 0.005
2617.74454 14.083 0.005
2617.85300 14.088 0.005
2618.66671 14.092 0.005
2618.76029 14.094 0.005
2619.62341 14.094 0.005
2619.73018 14.100 0.005
2619.85452 14.099 0.005
2620.65334 14.110 0.005
2620.73853 14.104 0.005
2620.85526 14.110 0.005
2621.68750 14.129 0.005
2621.76301 14.121 0.005
2621.85622 14.119 0.005
2622.65331 14.128 0.005
2622.85562 14.127 0.005
2623.65204 14.136 0.005
2623.74012 14.138 0.005
2623.85144 14.137 0.005
2624.68260 14.149 0.005
2624.75370 14.148 0.005
2624.84850 14.150 0.005
2625.66762 14.154 0.005
2625.71950 14.149 0.005
2626.63646 14.165 0.005
2627.74422 14.180 0.005
2627.76500 14.175 0.005
2627.81813 14.177 0.005
2628.66101 14.186 0.005
2628.73807 14.189 0.005
2628.80515 14.186 0.005
2629.65673 14.193 0.005
2629.76509 14.197 0.005
2629.78595 14.194 0.005
2629.84486 14.198 0.005
2630.64460 14.197 0.005
2630.72411 14.204 0.005
2630.80450 14.214 0.005
2631.65608 14.223 0.005
2631.73886 14.225 0.005
2631.84821 14.224 0.005
2632.61205 14.230 0.005
2632.68576 14.214 0.005
2632.73882 14.227 0.005
2632.81937 14.219 0.005
2634.61085 14.254 0.005
2634.70087 14.255 0.005
2635.66104 14.260 0.005
2635.73837 14.263 0.005
2635.78639 14.265 0.005
2635.84131 14.262 0.005
2636.68893 14.279 0.005
2636.76930 14.282 0.005
2636.84899 14.275 0.005
2637.65097 14.294 0.005
2637.72956 14.290 0.005
2637.83268 14.287 0.005
2638.63223 14.295 0.005
2638.70419 14.296 0.005
2638.73317 14.295 0.005
2638.83262 14.297 0.005
2639.60532 14.312 0.005
2639.68566 14.316 0.005
2639.84171 14.314 0.005
2640.61426 14.323 0.005
2640.75625 14.324 0.005
2641.61439 14.339 0.005
2641.75081 14.341 0.005
2641.86162 14.343 0.005
2642.61252 14.350 0.005
2642.71428 14.357 0.005
2643.61944 14.364 0.005
2643.76310 14.369 0.005
2644.60207 14.384 0.005
2644.71262 14.384 0.005
2645.61691 14.390 0.012
2645.75295 14.396 0.005
2645.85934 14.393 0.005
2646.62173 14.408 0.005
2646.71780 14.410 0.005
2646.74698 14.410 0.005
2649.61911 14.444 0.005
2649.71156 14.448 0.005
2650.63929 14.454 0.005
2650.70085 14.459 0.005
2650.81063 14.464 0.005
2651.63533 14.463 0.005
2651.73111 14.467 0.005
2652.60050 14.469 0.005
2652.67946 14.483 0.005
2652.77704 14.482 0.005
2652.86345 14.477 0.005
2653.60835 14.484 0.005
2653.78515 14.492 0.005
2654.62699 14.495 0.005
2654.70403 14.494 0.005
2654.79249 14.492 0.005
2654.84465 14.488 0.005
2655.61263 14.500 0.005
2655.81616 14.505 0.005
2656.62411 14.511 0.005
2656.69796 14.508 0.005
2656.77310 14.513 0.005
2656.87038 14.511 0.005
2657.62650 14.516 0.005
2657.86684 14.522 0.005
2658.58802 14.532 0.005
2658.66041 14.520 0.005
2658.68757 14.527 0.005
2658.76857 14.531 0.005
2659.64605 14.532 0.005
2659.78121 14.533 0.005
2660.60075 14.538 0.005
2660.67957 14.545 0.005
2660.75408 14.555 0.005
2661.60582 14.547 0.005
2661.65961 14.527 0.005
2661.86454 14.545 0.005
2662.64451 14.556 0.005
2662.69413 14.559 0.005
2662.78016 14.561 0.005
2663.65913 14.574 0.005
2664.66913 14.573 0.005
2664.70682 14.571 0.005
2665.69457 14.580 0.005
2665.82669 14.584 0.005
2666.64895 14.573 0.005
2666.73859 14.586 0.005
2666.76674 14.579 0.005
2666.83277 14.593 0.005
2667.68391 14.595 0.005
2668.72558 14.605 0.005
2668.75827 14.594 0.005
2670.71135 14.616 0.005
2671.69385 14.623 0.005
2672.67099 14.620 0.005
2672.77502 14.616 0.005
2672.81930 14.628 0.005
2674.67588 14.622 0.005
2674.72516 14.629 0.005
2674.79798 14.622 0.005
2675.65463 14.636 0.005
2675.76145 14.632 0.005
2676.71434 14.640 0.005
2676.74402 14.637 0.005
2677.66138 14.642 0.005
2677.72009 14.645 0.005
2678.63444 14.646 0.005
2678.76615 14.642 0.005
2678.78669 14.646 0.005
2679.65496 14.656 0.005
2679.79087 14.649 0.005
2680.67344 14.652 0.005
2680.77692 14.650 0.005
2681.61547 14.651 0.005
2681.72698 14.656 0.005
2682.59286 14.671 0.005
2683.62802 14.659 0.005
2687.60744 14.680 0.005
2692.62115 14.701 0.005
2696.59736 14.713 0.005
2701.58905 14.754 0.005
2708.51874 14.797 0.005
2715.51437 14.772 0.005
2870.93268 14.475 0.005
2890.86718 14.835 0.005
2895.90302 14.895 0.005
2900.86726 14.947 0.005
2911.85264 15.014 0.005
2917.76660 15.026 0.005
2922.88880 14.985 0.005
2926.82169 14.921 0.005
2931.74994 14.849 0.005
2934.79076 14.784 0.005
2940.77126 14.697 0.005
2943.77543 14.630 0.005
2947.78408 14.541 0.005
2950.69786 14.476 0.005
2954.72120 14.394 0.005
2956.76655 14.351 0.005
2958.80821 14.304 0.005
2962.80535 14.224 0.005
2965.82836 14.155 0.005
2968.69607 14.087 0.005
2973.76954 13.979 0.005
2976.63599 13.922 0.005
2978.83706 13.893 0.005
2980.75201 13.864 0.005
2982.76011 13.838 0.005
2984.79168 13.829 0.005
2987.67309 13.824 0.005
2989.63150 13.816 0.005
2991.70359 13.804 0.005
2993.71549 13.801 0.005
2995.79031 13.798 0.005
2997.76092 13.793 0.005
2999.66062 13.793 0.005
3000.70954 13.786 0.005
3002.69782 13.791 0.005
3004.69869 13.788 0.005
3006.64215 13.786 0.005
3008.79708 13.792 0.005
3010.71666 13.800 0.005
3011.77162 13.812 0.005
3015.78919 13.816 0.005
3017.77687 13.824 0.005
3019.73059 13.846 0.005
3021.82355 13.851 0.005
3023.68565 13.863 0.005
3025.65709 13.887 0.005
3027.70264 13.902 0.005
3029.68757 13.925 0.005
3031.75763 13.941 0.005
3033.82121 13.965 0.005
3036.61972 13.999 0.005
3039.56157 14.031 0.005
3041.66962 14.064 0.005
3043.68033 14.099 0.005
3045.74318 14.118 0.005
3047.69687 14.144 0.005
3048.62809 14.156 0.005
3050.64507 14.174 0.005
3052.64648 14.203 0.005
3054.65099 14.228 0.005
3056.63910 14.256 0.005
3058.63308 14.277 0.005
3060.68271 14.294 0.005
3066.54467 14.325 0.005
3068.56857 14.342 0.005
3073.66066 14.366 0.005
3076.58451 14.392 0.005
3078.67132 14.405 0.005
3082.64830 14.426 0.005
3085.55181 14.449 0.005
3088.51376 14.476 0.005
3090.65546 14.485 0.005
3093.53808 14.514 0.005
3099.52499 14.563 0.005
3102.61808 14.569 0.005
3105.62382 14.609 0.005
3111.55016 14.680 0.005
3129.49250 14.932 0.005
3134.51336 14.963 0.005
3216.90720 13.726 0.005
3242.84194 13.865 0.005
3248.89468 13.922 0.005
3258.87124 14.045 0.005
3264.84231 14.114 0.005
3274.79435 14.229 0.005
3278.84929 14.277 0.005
3282.82547 14.330 0.005
3287.79885 14.385 0.005
3295.75647 14.460 0.005
3301.81005 14.497 0.005
3304.87451 14.528 0.005
3307.74391 14.538 0.005
3309.77604 14.544 0.005
3311.77401 14.562 0.005
3320.82164 14.621 0.005
3327.78955 14.692 0.005
3330.74793 14.721 0.005
3334.84739 14.773 0.005
3339.79524 14.836 0.005
3353.84150 15.051 0.005
3357.63257 15.104 0.005
3360.67065 15.122 0.005
3363.77888 15.146 0.005
3369.85618 15.111 0.005
3375.79256 14.958 0.005
3378.71812 14.858 0.005
3394.60123 14.415 0.005
3396.65207 14.361 0.005
3399.75467 14.279 0.005
3403.74202 14.164 0.005
3408.62649 14.062 0.005
3413.58146 13.970 0.005
3417.59855 13.883 0.005
3425.60670 13.814 0.005
3431.59469 13.785 0.005
3437.57025 13.787 0.005
3446.53935 13.845 0.005
3456.51928 13.902 0.005
3474.48751 14.012 0.005
3603.92968 14.534 0.005
3619.87270 14.234 0.005
3633.84916 13.922 0.005
3639.81562 13.806 0.005
3644.85167 13.747 0.005
3651.79411 13.712 0.005
3654.84186 13.708 0.005
3658.80545 13.696 0.005
3660.83027 13.701 0.005
3665.82423 13.727 0.005
3670.79397 13.771 0.005
3673.80408 13.801 0.005
3676.80412 13.821 0.005
3684.85811 13.898 0.005
3687.83047 13.908 0.005
3690.75042 13.931 0.005
3693.78793 13.959 0.005
3695.81923 13.975 0.005
3698.80881 14.002 0.005
3700.82742 14.016 0.005
3703.76151 14.038 0.005
3705.82569 14.061 0.005
3708.81351 14.076 0.005
3712.77102 14.118 0.005
3714.84181 14.129 0.005
3717.73419 14.158 0.005
3720.82225 14.175 0.005
3724.73992 14.216 0.005
3727.81450 14.243 0.005
3728.77725 14.245 0.005
3731.78078 14.282 0.005
3732.76387 14.296 0.005
3735.62029 14.337 0.005
3737.79018 14.356 0.005
3740.75207 14.393 0.005
3742.75945 14.423 0.005
3745.79535 14.473 0.005
3747.79798 14.499 0.005
3748.76518 14.513 0.005
3750.77589 14.542 0.005
3752.78540 14.576 0.005
3754.80319 14.604 0.005
3757.58418 14.647 0.005
3759.78925 14.683 0.005
3763.66121 14.747 0.005
3766.61761 14.801 0.005
3770.70413 14.864 0.005
3773.73690 14.930 0.005
3776.70862 14.999 0.005
3779.66191 15.046 0.005
3783.57853 15.122 0.005
3788.55130 15.190 0.005
3792.58876 15.264 0.005
3800.57065 15.394 0.005
3810.52871 15.386 0.005
3824.49893 14.868 0.005
3950.92248 14.192 0.005
3964.92123 14.380 0.005
3970.84609 14.510 0.005
3981.91465 14.728 0.005
3990.90335 14.924 0.005
3998.90716 15.071 0.005
4003.72081 15.150 0.005
4005.89654 15.171 0.005
4006.74210 15.188 0.005
4008.76290 15.215 0.005
4013.76344 15.213 0.005
4019.87248 15.191 0.005
4024.75994 15.133 0.005
4026.83761 15.114 0.005
4029.78216 15.057 0.005
4032.81301 14.973 0.005
4038.76475 14.823 0.005
4041.72472 14.747 0.005
4043.72965 14.723 0.005
4046.82303 14.638 0.005
4049.69219 14.556 0.005
4052.75351 14.472 0.005
4056.79949 14.383 0.005
4058.84661 14.347 0.005
4063.72945 14.272 0.005
4065.85260 14.252 0.005
4067.69448 14.222 0.005
4070.71670 14.177 0.005
4074.78544 14.138 0.005
4077.83422 14.118 0.005
4080.71082 14.095 0.005
4084.63914 14.066 0.005
4086.79486 14.067 0.005
4093.83624 14.039 0.005
4105.85446 13.957 0.005
4111.77357 13.931 0.005
4117.71400 13.931 0.005
4121.69195 13.960 0.005
4124.77422 13.975 0.005
4132.73012 14.035 0.005
4142.75187 14.152 0.005
4156.58702 14.326 0.005
4168.54752 14.455 0.005
4198.50169 14.684 0.005
4343.83767 13.947 0.005
4347.90472 14.000 0.005
4353.83788 14.052 0.005
4358.78929 14.098 0.005
4363.83180 14.134 0.005
4367.79158 14.169 0.005
4370.82836 14.181 0.005
4373.82779 14.208 0.005
4377.84678 14.244 0.005
4380.89144 14.277 0.005
4386.83730 14.349 0.005
4390.79929 14.406 0.005
4394.81686 14.458 0.005
4399.77346 14.546 0.005
4407.73639 14.690 0.005
4412.75999 14.776 0.005
4418.84551 14.856 0.005
4422.73760 14.907 0.005
4427.71325 14.923 0.005
4430.71659 14.923 0.005
4433.73420 14.939 0.005
4436.81555 14.949 0.005
4440.67644 14.952 0.005
4443.76888 14.958 0.005
4449.73151 14.945 0.005
4451.77109 14.941 0.005
4452.75040 14.937 0.005
4455.74057 14.906 0.005
4457.77080 14.860 0.005
4459.73547 14.810 0.005
4462.71327 14.716 0.005
4464.78361 14.642 0.005
4467.75934 14.529 0.005
4471.81728 14.378 0.005
4472.64669 14.343 0.005
4476.70020 14.201 0.005
4480.80368 14.104 0.005
4483.79199 14.054 0.005
4486.81825 14.022 0.005
4492.67607 13.985 0.005
4497.73753 13.964 0.005
4500.61060 13.958 0.005
4502.72039 13.953 0.005
4507.72328 13.943 0.005
4509.67497 13.941 0.005
4518.63743 13.897 0.005
4521.67184 13.888 0.005
4523.65688 13.879 0.005
4525.62153 13.873 0.005
4531.59968 13.879 0.005
4533.59989 13.874 0.005
4537.64996 13.888 0.005
4539.56912 13.888 0.005
4541.65133 13.895 0.005
4545.57872 13.899 0.005
4547.62840 13.920 0.005
4559.56910 13.975 0.005
4565.50996 14.013 0.005
4580.49588 14.139 0.005
4609.47396 14.434 0.005
4697.91890 14.267 0.005
4708.88993 13.962 0.005
4720.82831 13.948 0.005
4725.76814 13.969 0.005
4728.87582 13.980 0.005
4734.83704 14.003 0.005
4748.86023 14.047 0.005
4753.86052 14.070 0.005
4757.80870 14.078 0.005
4760.81028 14.077 0.005
4763.86924 14.082 0.005
4769.73950 14.077 0.005
4772.77162 14.073 0.005
4777.80223 14.079 0.005
4781.86040 14.099 0.005
4784.75278 14.097 0.005
4789.75817 14.092 0.005
4792.74563 14.094 0.005
4794.84871 14.094 0.005
4797.85081 14.100 0.005
4799.74456 14.089 0.005
4801.67746 14.094 0.005
4803.67313 14.102 0.005
4805.77139 14.102 0.005
4808.67178 14.105 0.005
4810.76372 14.117 0.005
4813.74876 14.135 0.005
4815.73261 14.138 0.005
4817.73017 14.149 0.005
4819.73915 14.168 0.005
4822.71901 14.193 0.005
4824.71615 14.212 0.005
4826.75001 14.233 0.005
4833.75246 14.322 0.005
4835.76287 14.364 0.005
4838.76755 14.401 0.005
4840.75052 14.434 0.005
4842.73860 14.469 0.005
4844.73489 14.510 0.005
4846.76696 14.562 0.005
4848.79080 14.595 0.005
4853.81260 14.674 0.005
4861.70353 14.760 0.005
4865.63417 14.761 0.005
4868.75946 14.779 0.005
4870.73209 14.780 0.005
4873.75013 14.784 0.005
4875.72178 14.792 0.005
4877.66887 14.787 0.005
4879.72533 14.791 0.005
4885.64058 14.725 0.005
4889.61422 14.681 0.005
4896.61046 14.571 0.005
4900.64893 14.507 0.005
4907.60624 14.377 0.005
4917.58612 14.213 0.005
4921.55791 14.145 0.005
4927.55280 14.065 0.005
4932.53340 14.011 0.005
4936.56001 13.981 0.005
4940.57488 13.933 0.005
4945.54163 13.892 0.005
4950.52346 13.874 0.005
4955.51692 13.853 0.005
