 455.66534 14.358 0.006
 455.74167 14.362 0.006
 455.78924 14.363 0.006
 456.60936 14.346 0.006
 456.65910 14.343 0.006
 456.72985 14.343 0.006
 456.77728 14.341 0.006
 456.82871 14.332 0.006
 457.57704 14.328 0.006
 457.62100 14.326 0.006
 457.67963 14.322 0.006
 457.73822 14.326 0.006
 457.79685 14.323 0.006
 458.65344 14.316 0.006
 458.72251 14.309 0.006
 459.57064 14.301 0.006
 459.61681 14.301 0.006
 459.67539 14.300 0.006
 459.73481 14.297 0.006
 459.77868 14.298 0.006
 459.82248 14.298 0.006
 461.58154 14.276 0.006
 461.62533 14.273 0.006
 461.68399 14.273 0.006
 461.75013 14.274 0.006
 461.81214 14.276 0.006
 462.58208 14.269 0.006
 462.64072 14.262 0.006
 462.68669 14.264 0.006
 465.68555 14.247 0.006
 465.73323 14.252 0.006
 465.81801 14.242 0.006
 466.66925 14.237 0.006
 466.73578 14.239 0.006
 466.82078 14.238 0.006
 467.67293 14.235 0.006
 467.77751 14.235 0.006
 467.84348 14.237 0.006
 468.68384 14.232 0.006
 468.74978 14.228 0.006
 468.80839 14.230 0.006
 468.84496 14.232 0.006
 469.68052 14.234 0.006
 469.75861 14.232 0.006
 469.81752 14.221 0.006
 470.75524 14.227 0.006
 471.66631 14.228 0.006
 471.80309 14.221 0.006
 472.64097 14.232 0.006
 472.68477 14.226 0.006
 472.72857 14.234 0.006
 472.79450 14.240 0.006
 474.72049 14.224 0.006
 475.55485 14.235 0.006
 475.61364 14.232 0.006
 475.67977 14.233 0.006
 475.73190 14.242 0.006
 476.76591 14.237 0.006
 477.55161 14.233 0.006
 477.60290 14.232 0.006
 477.75038 14.230 0.006
 477.83124 14.229 0.006
 478.55776 14.238 0.006
 478.77814 14.235 0.006
 478.83709 14.236 0.006
 479.55658 14.240 0.006
 479.60047 14.240 0.006
 479.74880 14.240 0.006
 479.83809 14.247 0.006
 480.59263 14.241 0.006
 480.67379 14.237 0.006
 480.76737 14.242 0.006
 480.81150 14.244 0.006
 481.57781 14.240 0.006
 481.72619 14.238 0.006
 481.77017 14.240 0.006
 481.81412 14.236 0.006
 482.72704 14.242 0.006
 482.80496 14.243 0.006
 483.59332 14.240 0.006
 483.63779 14.240 0.006
 483.68163 14.239 0.006
 483.72562 14.241 0.006
 483.76953 14.238 0.006
 483.81344 14.236 0.006
 484.59200 14.234 0.006
 484.70068 14.240 0.006
 484.74503 14.240 0.006
 484.78905 14.241 0.006
 485.59563 14.244 0.006
 485.74258 14.240 0.006
 485.78669 14.240 0.006
 486.59216 14.238 0.006
 486.63773 14.237 0.006
 486.73423 14.241 0.006
 486.77942 14.236 0.006
 487.61912 14.237 0.006
 487.66738 14.229 0.006
 487.71521 14.237 0.006
 487.75930 14.229 0.006
 487.80347 14.235 0.006
 488.60459 14.232 0.006
 488.64856 14.229 0.006
 488.71742 14.226 0.006
 488.76141 14.231 0.006
 488.80549 14.231 0.006
 489.58035 14.234 0.006
 489.66934 14.227 0.006
 489.71323 14.231 0.006
 489.75718 14.227 0.006
 490.57358 14.228 0.006
 490.71077 14.228 0.006
 490.75487 14.225 0.006
 490.79888 14.229 0.006
 491.59808 14.231 0.006
 491.64990 14.224 0.006
 491.69404 14.221 0.006
 491.80746 14.235 0.006
 492.58227 14.227 0.006
 492.65659 14.223 0.006
 493.62979 14.226 0.006
 494.58003 14.225 0.006
 494.62395 14.221 0.006
 494.66818 14.223 0.006
 494.71251 14.222 0.006
 494.75748 14.226 0.006
 495.58283 14.217 0.006
 495.65647 14.218 0.006
 495.70995 14.221 0.006
 496.57821 14.214 0.006
 496.62300 14.212 0.006
 496.66707 14.210 0.006
 496.71198 14.216 0.006
 498.57728 14.197 0.006
 498.62132 14.205 0.006
 498.73507 14.200 0.006
 498.77901 14.200 0.006
 499.57224 14.196 0.006
 499.61795 14.195 0.006
 499.75825 14.205 0.006
 500.55606 14.193 0.006
 500.61495 14.194 0.006
 500.65985 14.190 0.006
 500.71099 14.190 0.006
 500.75546 14.200 0.006
 501.57914 14.183 0.006
 501.69788 14.182 0.006
 507.56758 14.160 0.006
 507.61275 14.164 0.006
 507.68457 14.169 0.006
 509.56340 14.159 0.006
 509.61050 14.157 0.006
 509.66283 14.157 0.006
 510.60506 14.154 0.006
 510.65063 14.157 0.006
 510.69820 14.151 0.006
 511.69051 14.157 0.006
 512.59719 14.161 0.006
 512.64550 14.172 0.006
 512.71983 14.159 0.006
 513.57747 14.155 0.006
 513.62304 14.159 0.006
 513.71475 14.148 0.006
 514.58571 14.160 0.006
 514.65480 14.163 0.006
 514.70513 14.158 0.006
 514.75201 14.169 0.006
 515.57986 14.161 0.006
 515.63460 14.157 0.006
 515.68285 14.161 0.006
 516.58617 14.164 0.006
 516.64038 14.167 0.006
 516.68735 14.164 0.006
 516.73385 14.169 0.006
 517.58417 14.167 0.006
 517.63399 14.167 0.006
 517.68398 14.166 0.006
 517.73013 14.165 0.006
 518.62151 14.171 0.006
 518.66675 14.168 0.006
 518.71583 14.173 0.006
 519.58212 14.177 0.006
 519.62876 14.175 0.006
 519.71118 14.174 0.006
 520.72292 14.184 0.006
 521.57843 14.193 0.006
 521.62355 14.191 0.006
 521.68633 14.189 0.006
 523.58762 14.206 0.006
 523.64031 14.206 0.006
 523.69019 14.204 0.006
 524.58000 14.208 0.006
 524.63001 14.209 0.006
 526.56711 14.235 0.006
 527.69225 14.238 0.006
 530.58239 14.264 0.006
 531.57981 14.273 0.006
 532.56927 14.278 0.006
 533.58650 14.296 0.006
 534.57571 14.292 0.006
 534.61983 14.302 0.006
 534.67159 14.299 0.006
 535.56030 14.309 0.006
 535.62060 14.305 0.006
 536.53946 14.327 0.006
 536.58464 14.330 0.006
 536.63514 14.321 0.006
 537.53403 14.338 0.006
 537.63424 14.330 0.006
 537.68108 14.336 0.006
 538.52202 14.339 0.006
 538.57377 14.348 0.006
 539.53066 14.351 0.006
 539.64177 14.358 0.006
 539.68583 14.354 0.006
 541.54104 14.376 0.006
 541.59807 14.378 0.006
 542.53014 14.389 0.006
 542.58202 14.394 0.006
 542.62949 14.384 0.006
 542.67363 14.389 0.006
 543.56836 14.407 0.006
 543.61242 14.397 0.006
 543.64947 14.398 0.006
 544.52115 14.408 0.006
 544.56543 14.415 0.006
 544.60971 14.416 0.006
 544.65492 14.417 0.006
 551.51088 14.498 0.006
 552.52234 14.514 0.006
 553.52763 14.538 0.006
 554.50440 14.544 0.006
 554.58985 14.551 0.006
 555.51071 14.554 0.006
 557.61129 14.582 0.006
 558.55807 14.600 0.006
 559.54189 14.612 0.006
 560.51991 14.624 0.006
 561.51995 14.636 0.006
 562.52151 14.652 0.006
 564.52268 14.667 0.006
 565.52850 14.688 0.006
 566.52248 14.703 0.006
 567.52353 14.707 0.006
 568.50879 14.700 0.006
 569.51859 14.725 0.006
 571.50442 14.740 0.006
 572.53445 14.755 0.006
 574.49627 14.772 0.006
 575.49485 14.775 0.006
 577.50384 14.789 0.006
 578.51735 14.798 0.006
 582.49954 14.840 0.006
 583.50229 14.847 0.006
 672.88773 14.412 0.006
 689.87173 14.269 0.006
 699.87294 14.238 0.006
 701.83853 14.238 0.006
 704.88104 14.239 0.006
 706.86246 14.234 0.006
 714.82992 14.248 0.006
 716.79450 14.257 0.006
 720.85084 14.275 0.006
 728.78967 14.327 0.006
 729.78970 14.332 0.006
 730.74524 14.349 0.006
 733.83625 14.384 0.006
 741.83949 14.489 0.006
 745.79433 14.540 0.006
 747.84272 14.569 0.006
 753.79660 14.634 0.006
 759.83113 14.693 0.006
 766.80530 14.750 0.006
 772.82438 14.802 0.006
 775.80613 14.836 0.006
 779.82478 14.862 0.006
 787.80117 14.924 0.006
 789.78520 14.936 0.006
 790.79565 14.942 0.006
 795.75329 14.962 0.006
 796.82519 14.975 0.006
 797.75295 14.968 0.006
 798.72491 14.971 0.006
 805.80981 14.974 0.006
 816.78082 15.007 0.006
 817.70004 15.026 0.006
 819.79973 15.030 0.006
 822.81394 15.056 0.006
 824.84324 15.070 0.006
 826.66667 15.071 0.006
 829.73730 15.061 0.006
 832.69351 15.095 0.006
 836.79234 15.093 0.006
 840.67170 15.086 0.006
 843.67216 15.079 0.006
 850.64574 15.022 0.006
 854.68354 14.969 0.006
 855.65046 14.942 0.006
 856.61680 14.920 0.006
 858.58936 14.884 0.006
 864.73944 14.714 0.006
 866.65147 14.686 0.006
 875.56469 14.542 0.006
 880.55027 14.481 0.006
 887.56357 14.426 0.006
 892.69185 14.379 0.006
 895.53799 14.339 0.006
 898.54483 14.308 0.006
 918.53198 14.243 0.006
 922.61218 14.234 0.006
 928.53816 14.259 0.006
 931.56007 14.279 0.006
 933.56982 14.306 0.006
 947.50948 14.439 0.006
 952.50328 14.478 0.006
1045.89787 14.897 0.006
1051.87812 14.860 0.006
1052.91333 14.843 0.006
1053.89355 14.841 0.006
1054.90925 14.841 0.006
1055.88172 14.832 0.006
1059.89449 14.814 0.006
1061.90426 14.804 0.006
1068.90233 14.751 0.006
1076.87364 14.619 0.006
1081.87676 14.518 0.006
1087.82382 14.389 0.006
1091.82634 14.315 0.006
1102.80875 14.179 0.006
1106.86379 14.143 0.006
1107.79156 14.137 0.006
1113.80433 14.108 0.006
1119.80907 14.106 0.006
1126.86512 14.123 0.006
1131.70288 14.156 0.006
1132.75489 14.159 0.006
1136.78819 14.190 0.006
1138.81231 14.215 0.006
1142.67934 14.245 0.006
1144.74825 14.269 0.006
1151.77409 14.320 0.006
1155.77339 14.354 0.006
1158.77092 14.390 0.006
1161.74885 14.420 0.006
1165.76958 14.454 0.006
1169.76446 14.507 0.006
1174.73830 14.565 0.006
1179.75510 14.641 0.006
1181.82717 14.676 0.006
1186.78159 14.728 0.006
1187.84286 14.750 0.006
1189.85166 14.778 0.006
1196.72161 14.855 0.006
1201.73043 14.918 0.006
1203.75030 14.936 0.006
1207.60722 14.992 0.006
1211.64496 15.032 0.006
1214.64584 15.080 0.006
1217.62072 15.113 0.006
1220.62554 15.146 0.006
1223.65178 15.170 0.006
1225.59270 15.206 0.006
1227.67322 15.188 0.006
1231.56913 15.211 0.006
1234.61737 15.253 0.006
1236.62485 15.234 0.006
1240.57732 15.244 0.006
1242.67903 15.230 0.006
1244.62863 15.229 0.006
1247.55920 15.187 0.006
1252.67507 15.138 0.006
1256.54392 15.106 0.006
1260.56941 15.048 0.006
1265.54438 14.976 0.006
1273.59027 14.808 0.006
1277.52655 14.755 0.006
1281.57031 14.653 0.006
1288.52482 14.489 0.006
1290.59222 14.431 0.006
1296.52957 14.318 0.006
1298.56748 14.274 0.006
1301.50922 14.232 0.006
1305.55501 14.179 0.006
1308.48453 14.176 0.006
1313.53102 14.167 0.006
1316.52289 14.173 0.006
1319.49916 14.174 0.006
1329.50824 14.264 0.006
1332.48350 14.289 0.006
1340.47065 14.382 0.006
1412.85751 14.897 0.006
1418.85474 14.990 0.006
1430.90925 15.144 0.006
1432.84308 15.147 0.006
1435.81910 15.153 0.006
1437.80299 15.181 0.006
1440.85064 15.194 0.006
1446.86274 15.208 0.006
1447.88826 15.186 0.006
1451.87253 15.175 0.006
1455.85134 15.122 0.007
1459.79000 15.091 0.006
1462.79427 15.053 0.006
1470.85465 14.983 0.006
1475.76726 14.930 0.006
1478.72263 14.868 0.006
1481.69630 14.824 0.006
1487.72570 14.735 0.006
1490.72253 14.681 0.006
1492.71565 14.652 0.006
1495.71414 14.596 0.006
1499.67192 14.546 0.006
1502.66716 14.493 0.006
1505.70776 14.465 0.006
1507.84121 14.437 0.006
1510.81719 14.413 0.006
1512.71397 14.394 0.006
1514.82505 14.382 0.006
1517.66053 14.375 0.006
1519.73416 14.357 0.006
1521.66991 14.343 0.006
1523.79067 14.333 0.006
1525.78502 14.322 0.006
1527.71398 14.315 0.006
1528.76033 14.322 0.006
1529.78142 14.315 0.006
1531.77453 14.316 0.006
1538.73107 14.330 0.006
1541.68717 14.324 0.006
1542.71703 14.330 0.006
1544.64306 14.336 0.006
1547.77000 14.333 0.006
1548.74759 14.352 0.006
1549.74184 14.361 0.006
1552.60658 14.368 0.006
1554.73306 14.369 0.006
1555.73977 14.374 0.006
1562.74273 14.425 0.006
1564.62129 14.425 0.006
1567.71389 14.441 0.006
1570.61924 14.454 0.006
1574.76117 14.457 0.006
1577.71084 14.455 0.006
1580.74691 14.473 0.006
1583.63228 14.476 0.006
1585.75416 14.490 0.006
1589.63710 14.507 0.006
1592.62888 14.538 0.006
1595.67479 14.556 0.006
1599.61642 14.614 0.006
1601.69244 14.617 0.006
1604.57399 14.659 0.006
1606.60886 14.677 0.006
1609.65022 14.714 0.006
1610.63534 14.729 0.006
1613.52637 14.756 0.006
1615.55833 14.777 0.006
1617.62969 14.809 0.006
1619.61335 14.833 0.006
1620.56453 14.836 0.006
1622.51469 14.875 0.006
1624.51125 14.897 0.006
1626.51207 14.919 0.006
1627.63318 14.937 0.006
1629.51221 14.975 0.006
1630.59360 14.986 0.006
1632.53016 15.010 0.006
1634.50788 15.042 0.006
1643.49981 15.120 0.006
1646.49877 15.125 0.006
1650.56998 15.151 0.007
1654.53721 15.196 0.006
1656.52342 15.196 0.006
1659.53090 15.194 0.006
1661.55486 15.201 0.006
1663.58047 15.199 0.006
1667.52173 15.144 0.006
1670.54348 15.099 0.006
1673.51393 15.066 0.006
1681.48386 14.956 0.006
1691.53178 14.888 0.006
1694.48833 14.855 0.006
1769.87541 14.417 0.006
1771.90222 14.430 0.006
1772.88208 14.440 0.006
1775.88315 14.440 0.006
1784.86777 14.451 0.006
1789.85644 14.454 0.006
1804.80608 14.500 0.006
1808.88663 14.520 0.006
1812.80117 14.536 0.006
1816.81252 14.560 0.006
1821.80310 14.598 0.006
1823.84522 14.615 0.006
1826.82830 14.642 0.006
1829.80198 14.671 0.006
1830.81527 14.679 0.006
1834.85426 14.708 0.006
1845.85169 14.820 0.006
1851.84908 14.891 0.006
1859.79140 15.057 0.006
1861.80859 15.077 0.006
1864.78605 15.136 0.006
1865.76623 15.145 0.006
1867.82001 15.159 0.006
1868.80559 15.180 0.006
1870.73889 15.199 0.006
1871.82288 15.215 0.006
1873.78246 15.232 0.006
2167.86807 14.094 0.006
2186.84186 14.178 0.006
2190.82726 14.224 0.006
2192.87023 14.241 0.006
2193.79178 14.250 0.006
2202.79126 14.353 0.006
2214.83893 14.514 0.006
2221.78093 14.612 0.006
2224.79337 14.639 0.006
2227.70424 14.687 0.006
2229.70971 14.709 0.006
2231.67808 14.735 0.006
2233.64640 14.753 0.006
2236.65875 14.788 0.006
2239.62679 14.823 0.006
2241.71371 14.852 0.006
2243.76742 14.879 0.006
2247.84931 14.938 0.006
2248.85196 14.946 0.006
2250.78200 14.962 0.006
2252.69899 14.962 0.006
2254.69027 14.971 0.006
2257.69848 15.001 0.006
2260.70395 15.030 0.006
2266.69531 15.017 0.006
2270.76248 15.014 0.006
2271.84323 15.014 0.006
2272.74868 14.997 0.006
2274.74022 14.977 0.006
2276.80160 14.965 0.006
2278.66585 14.949 0.006
2280.74419 14.935 0.006
2282.74010 14.931 0.006
2289.80358 14.879 0.006
2292.82001 14.877 0.006
2296.80881 14.846 0.006
2298.80244 14.842 0.006
2300.78007 14.841 0.006
2302.75319 14.831 0.006
2315.67893 14.753 0.006
2324.53678 14.617 0.006
2328.52368 14.537 0.006
2334.51697 14.405 0.006
2364.50646 14.105 0.006
2385.52393 14.257 0.006
2529.86808 14.619 0.006
2539.86806 14.446 0.006
2545.83527 14.348 0.006
2552.89377 14.235 0.006
2556.88243 14.203 0.006
2560.79169 14.177 0.006
2561.79321 14.175 0.006
2565.79967 14.168 0.006
2574.74973 14.176 0.006
2578.81808 14.199 0.006
2586.74015 14.231 0.006
2590.78842 14.283 0.006
2596.79513 14.327 0.006
2605.83493 14.400 0.006
2609.79999 14.443 0.006
2614.77734 14.501 0.006
2618.80793 14.544 0.006
2621.73308 14.569 0.006
2624.65264 14.608 0.006
2627.76172 14.641 0.006
2629.78266 14.663 0.006
2632.68247 14.709 0.006
2635.78309 14.749 0.006
2638.70089 14.799 0.006
2640.79758 14.839 0.006
2642.75583 14.861 0.006
2644.75481 14.889 0.006
2646.71449 14.921 0.006
2650.76579 14.983 0.006
2652.86017 15.028 0.006
2654.78918 15.037 0.006
2656.69466 15.071 0.006
2658.65709 15.085 0.006
2660.67627 15.130 0.006
2662.69085 15.148 0.006
2664.66583 15.176 0.006
2666.73138 15.193 0.006
2668.72228 15.242 0.006
2672.81599 15.284 0.006
2674.72185 15.298 0.006
2676.71102 15.347 0.006
2678.78338 15.351 0.006
2680.67012 15.391 0.007
2682.71544 15.401 0.007
2687.60386 15.460 0.007
2692.60254 15.512 0.007
2696.59376 15.530 0.007
2701.58545 15.562 0.007
2708.51512 15.575 0.008
2715.51075 15.562 0.008
2870.92906 14.887 0.006
2890.86355 15.116 0.007
2895.89942 15.164 0.006
2900.86365 15.205 0.006
2911.84905 15.228 0.006
2917.76302 15.223 0.006
2922.88518 15.202 0.007
2926.81812 15.167 0.006
2931.74637 15.070 0.006
2934.78715 14.983 0.006
2940.76767 14.789 0.006
2943.77186 14.694 0.006
2947.78050 14.601 0.006
2949.87036 14.564 0.006
2950.69431 14.553 0.006
2954.71764 14.501 0.006
2956.76299 14.470 0.006
2958.80465 14.458 0.006
2962.80179 14.438 0.006
2965.82480 14.390 0.006
2968.69250 14.354 0.006
2973.76601 14.336 0.006
2976.63244 14.325 0.006
2978.83351 14.316 0.006
2980.74848 14.314 0.006
2982.75655 14.315 0.006
2984.78814 14.317 0.006
2987.66953 14.321 0.006
2989.62763 14.317 0.006
2991.69160 14.310 0.006
2993.71192 14.315 0.006
2995.78677 14.318 0.006
2997.75738 14.314 0.006
2999.65707 14.320 0.006
3000.70597 14.319 0.006
3002.69426 14.320 0.006
3004.69512 14.318 0.006
3006.63861 14.305 0.006
3008.79352 14.312 0.006
3010.71309 14.326 0.006
3011.76805 14.333 0.006
3015.78562 14.342 0.006
3017.77331 14.335 0.006
3019.72702 14.349 0.006
3021.82000 14.338 0.006
3023.68208 14.349 0.006
3025.65351 14.357 0.006
3027.69908 14.359 0.006
3029.68399 14.375 0.006
3031.75406 14.385 0.006
3033.81765 14.387 0.006
3036.61613 14.415 0.006
3039.55801 14.435 0.006
3041.66605 14.471 0.006
3043.67676 14.484 0.006
3045.73963 14.502 0.006
3047.69328 14.508 0.006
3048.62449 14.518 0.006
3050.64151 14.546 0.006
3052.64290 14.570 0.006
3054.64738 14.592 0.006
3056.63554 14.612 0.006
3058.62948 14.643 0.006
3060.67910 14.646 0.006
3066.52541 14.721 0.006
3068.56496 14.731 0.006
3070.63721 14.761 0.006
3073.65705 14.801 0.006
3076.58090 14.849 0.006
3078.66769 14.880 0.006
3082.64469 14.937 0.006
3085.54713 14.987 0.006
3088.51013 15.033 0.006
3090.65184 15.068 0.006
3093.53444 15.119 0.006
3098.64375 15.165 0.006
3102.61446 15.181 0.006
3105.62019 15.236 0.006
3108.59815 15.246 0.006
3111.54653 15.248 0.007
3129.48884 15.171 0.006
3134.50970 15.093 0.006
3216.90355 14.328 0.006
3242.83830 14.273 0.006
3248.89105 14.288 0.006
3258.86763 14.347 0.006
3264.83869 14.401 0.006
3270.90539 14.463 0.006
3274.79075 14.527 0.006
3278.84570 14.594 0.006
3282.82188 14.661 0.006
3287.79529 14.747 0.006
3295.75289 14.922 0.006
3301.80648 15.031 0.006
3304.87092 15.104 0.006
3307.74035 15.145 0.006
3309.77250 15.171 0.006
3311.77045 15.206 0.006
3320.81808 15.325 0.006
3327.78599 15.362 0.006
3330.74435 15.370 0.006
3334.84384 15.392 0.007
3339.79167 15.362 0.006
3350.72801 15.208 0.006
3353.83797 15.166 0.006
3357.62826 15.067 0.006
3360.66709 15.001 0.006
3363.77535 14.931 0.006
3369.85265 14.807 0.006
3375.78900 14.711 0.006
3378.71453 14.679 0.006
3394.59764 14.567 0.006
3396.64849 14.560 0.006
3399.75111 14.527 0.006
3403.73847 14.507 0.006
3408.62292 14.482 0.006
3413.57790 14.453 0.006
3417.59499 14.419 0.006
3425.60314 14.437 0.006
3431.59113 14.438 0.006
3437.56667 14.468 0.006
3446.53576 14.500 0.006
3456.49730 14.549 0.006
3474.48389 14.689 0.006
3603.92609 14.254 0.006
3619.86910 14.292 0.006
3633.84559 14.390 0.006
3639.81205 14.406 0.006
3644.84810 14.448 0.006
3651.79055 14.449 0.006
3654.83832 14.458 0.006
3658.80191 14.449 0.006
3660.82671 14.457 0.006
3665.82070 14.448 0.006
3670.79042 14.438 0.006
3673.80054 14.462 0.006
3676.80058 14.437 0.006
3684.85458 14.483 0.006
3687.82694 14.506 0.006
3690.74688 14.529 0.006
3693.78439 14.564 0.006
3695.81571 14.625 0.006
3698.80528 14.645 0.006
3700.82391 14.700 0.006
3703.75798 14.740 0.006
3705.82218 14.776 0.006
3708.80998 14.847 0.006
3712.76750 14.934 0.006
3714.83827 14.983 0.006
3717.73067 15.031 0.006
3720.81876 15.095 0.006
3724.73639 15.163 0.006
3727.81098 15.211 0.007
3728.77373 15.232 0.006
3731.77727 15.278 0.006
3732.76036 15.299 0.006
3735.61678 15.332 0.006
3737.78665 15.349 0.006
3740.74857 15.371 0.006
3742.75588 15.387 0.007
3745.79184 15.379 0.006
3747.79444 15.350 0.007
3748.76165 15.371 0.007
3750.77183 15.360 0.006
3752.78189 15.337 0.006
3754.79968 15.319 0.006
3757.58065 15.271 0.006
3759.78574 15.247 0.006
3763.65767 15.134 0.006
3766.61407 15.051 0.006
3770.70060 14.945 0.006
3773.73335 14.889 0.006
3776.70506 14.861 0.006
3779.65834 14.822 0.006
3783.57501 14.781 0.006
3788.54773 14.708 0.006
3792.58520 14.659 0.006
3800.56708 14.548 0.006
3810.52513 14.448 0.006
3824.49532 14.382 0.006
3950.91893 15.193 0.006
3964.91767 15.191 0.006
3970.84256 15.104 0.007
3981.91111 14.886 0.006
3990.89983 14.647 0.006
3998.90362 14.486 0.006
4003.71731 14.399 0.006
4005.89303 14.374 0.006
4006.73859 14.357 0.006
4008.75938 14.352 0.006
4013.75992 14.281 0.006
4018.89250 14.254 0.006
4024.75646 14.229 0.006
4026.83410 14.217 0.006
4029.77869 14.222 0.006
4032.80953 14.221 0.006
4038.76126 14.220 0.006
4041.72123 14.216 0.006
4043.72617 14.227 0.006
4046.81955 14.233 0.006
4049.68871 14.273 0.006
4052.75003 14.309 0.006
4056.79600 14.334 0.006
4058.84316 14.351 0.006
4063.72598 14.414 0.006
4065.84912 14.429 0.006
4067.69102 14.428 0.006
4070.71325 14.467 0.006
4074.78199 14.460 0.006
4077.83076 14.481 0.006
4080.70734 14.517 0.006
4084.63566 14.534 0.006
4086.79139 14.537 0.006
4093.83277 14.583 0.006
4105.85098 14.754 0.006
4111.77011 14.847 0.006
4117.71051 14.962 0.006
4121.68847 14.979 0.006
4124.77073 15.038 0.006
4132.72664 15.148 0.006
4142.74838 15.263 0.007
4156.58349 15.318 0.007
4168.54399 15.283 0.006
4198.49812 14.649 0.006
4343.83412 15.185 0.006
4347.90118 15.239 0.006
4353.83435 15.335 0.007
4358.78576 15.358 0.008
4363.82827 15.362 0.007
4367.78807 15.353 0.007
4370.82483 15.333 0.007
4373.82426 15.306 0.006
4377.84327 15.270 0.006
4380.88794 15.206 0.006
4386.83380 15.041 0.006
4390.79580 14.929 0.006
4394.81339 14.818 0.006
4399.76996 14.680 0.006
4407.73288 14.525 0.006
4412.75651 14.445 0.006
4418.84202 14.353 0.006
4422.73413 14.312 0.006
4427.70978 14.285 0.006
4430.71310 14.283 0.006
4433.73072 14.279 0.006
4436.81208 14.293 0.006
4440.67297 14.288 0.006
4443.76542 14.295 0.006
4449.72804 14.328 0.006
4451.76762 14.319 0.006
4452.74693 14.339 0.006
4455.73711 14.359 0.006
4457.76732 14.340 0.006
4459.73199 14.350 0.006
4462.70980 14.359 0.006
4464.78014 14.360 0.006
4467.75588 14.377 0.006
4471.81380 14.375 0.006
4472.64319 14.394 0.006
4476.69674 14.415 0.006
4480.80021 14.464 0.006
4483.78849 14.476 0.006
4486.81477 14.489 0.006
4492.67256 14.536 0.006
4500.57591 14.579 0.006
4502.71711 14.590 0.006
4507.72000 14.615 0.006
4509.67169 14.642 0.006
4521.66832 14.766 0.006
4523.65334 14.785 0.006
4525.61801 14.828 0.006
4531.59400 14.946 0.006
4533.59637 14.978 0.006
4537.64645 15.057 0.006
4539.56558 15.114 0.006
4541.64776 15.156 0.006
4545.57517 15.238 0.006
4547.62488 15.268 0.007
4559.56558 15.467 0.007
4565.50640 15.522 0.008
4571.55519 15.543 0.007
4580.49229 15.540 0.007
4600.51729 15.142 0.006
4684.93656 14.433 0.006
4697.91534 14.472 0.006
4708.88639 14.515 0.006
4720.82477 14.612 0.006
4725.76459 14.682 0.006
4728.87230 14.720 0.006
4734.83355 14.815 0.006
4748.85669 15.034 0.006
4753.85703 15.110 0.006
4757.80518 15.169 0.006
4760.80677 15.221 0.006
4763.86575 15.264 0.007
4769.73600 15.329 0.007
4772.76813 15.336 0.006
4775.78558 15.354 0.007
4777.79874 15.357 0.006
4781.85692 15.318 0.006
4784.74933 15.276 0.006
4788.84624 15.224 0.006
4792.74214 15.148 0.006
4794.84520 15.107 0.006
4797.84736 15.057 0.006
4799.74108 15.023 0.006
4801.67398 14.977 0.006
4803.66966 14.919 0.006
4805.76791 14.876 0.006
4808.66831 14.772 0.006
4810.76024 14.712 0.006
4813.74529 14.637 0.006
4815.72912 14.583 0.006
4817.72671 14.542 0.006
4819.73565 14.515 0.006
4822.71554 14.472 0.006
4824.71268 14.454 0.006
4825.68229 14.451 0.006
4826.74655 14.438 0.006
4833.74899 14.398 0.006
4835.75940 14.418 0.006
4838.76409 14.407 0.006
4840.74705 14.404 0.006
4842.73512 14.401 0.006
4844.73140 14.413 0.006
4846.76344 14.418 0.006
4848.78728 14.424 0.006
4853.80909 14.427 0.006
4861.70002 14.423 0.006
4865.63071 14.415 0.006
4866.61322 14.406 0.006
4867.60601 14.416 0.006
4867.72515 14.415 0.006
4868.62612 14.403 0.006
4868.75597 14.398 0.006
4870.72858 14.403 0.006
4873.74662 14.386 0.006
4875.71825 14.374 0.006
4877.66537 14.368 0.006
4879.72181 14.350 0.006
4884.55848 14.303 0.006
4884.66602 14.290 0.006
4885.53082 14.295 0.006
4885.62254 14.290 0.006
4885.63706 14.285 0.006
4885.66305 14.287 0.006
4886.52973 14.279 0.006
4886.62766 14.285 0.006
4886.67233 14.287 0.006
4886.70392 14.291 0.006
4887.52928 14.278 0.006
4887.59636 14.277 0.006
4888.52637 14.282 0.006
4888.59828 14.287 0.006
4888.64223 14.283 0.006
4889.59597 14.280 0.006
4889.61070 14.288 0.006
4889.66157 14.283 0.006
4890.52422 14.274 0.006
4890.63247 14.278 0.006
4890.67302 14.282 0.006
4891.54080 14.272 0.006
4891.60178 14.271 0.006
4891.66192 14.270 0.006
4892.52870 14.267 0.006
4892.60088 14.270 0.006
4892.66945 14.270 0.006
4893.54313 14.269 0.006
4893.60757 14.279 0.006
4893.64769 14.290 0.006
4894.56166 14.266 0.006
4894.62668 14.268 0.006
4894.65818 14.265 0.006
4895.52702 14.273 0.006
4895.61020 14.271 0.006
4895.67193 14.279 0.006
4896.51547 14.271 0.006
4896.58294 14.276 0.006
4896.60693 14.271 0.006
4897.51727 14.274 0.006
4897.57403 14.267 0.006
4897.62250 14.278 0.006
4898.53915 14.288 0.006
4898.59126 14.281 0.006
4899.51799 14.290 0.006
4899.61418 14.289 0.006
4900.51674 14.296 0.006
4900.55789 14.300 0.006
4900.60203 14.296 0.006
4900.64540 14.308 0.006
4901.51937 14.312 0.006
4902.56237 14.327 0.006
4903.51466 14.337 0.006
4904.52322 14.340 0.006
4904.57893 14.346 0.006
4905.51668 14.345 0.006
4907.56987 14.371 0.006
4907.60269 14.372 0.006
4908.50662 14.386 0.006
4911.57488 14.448 0.006
4913.51010 14.464 0.006
4914.55934 14.492 0.006
4916.51718 14.522 0.006
4917.50223 14.541 0.006
4917.58256 14.541 0.006
4918.50211 14.556 0.006
4919.50156 14.587 0.006
4921.49984 14.634 0.006
4921.55434 14.639 0.006
4924.49837 14.697 0.006
4925.49701 14.714 0.006
4927.51214 14.755 0.006
4927.54944 14.753 0.006
4928.52421 14.765 0.006
4929.49243 14.805 0.006
4930.49945 14.811 0.006
4931.51962 14.828 0.006
4932.53005 14.856 0.006
4933.48715 14.865 0.006
4934.49636 14.875 0.007
4935.48616 14.894 0.006
4936.49244 14.915 0.006
4936.55666 14.910 0.006
4937.49124 14.916 0.006
4938.48752 14.936 0.006
4939.49334 14.930 0.006
4940.50453 14.949 0.006
4940.57153 14.964 0.006
4941.50057 14.976 0.006
4942.50417 14.990 0.006
4943.48500 14.985 0.006
4944.50545 15.009 0.006
4945.50112 15.006 0.006
4945.53828 15.013 0.006
4946.50709 15.017 0.006
4947.49014 15.033 0.006
4948.48589 15.050 0.006
4949.48440 15.054 0.006
4950.47873 15.054 0.006
4951.47715 15.062 0.006
4953.50620 15.101 0.006
4955.47210 15.128 0.006
4955.51356 15.122 0.006
