 457.76850 14.804 0.006
 458.75289 14.784 0.006
 459.70565 14.770 0.006
 461.72058 14.720 0.006
 461.84315 14.722 0.006
 462.55296 14.716 0.006
 465.84832 14.646 0.006
 466.70713 14.623 0.006
 467.81501 14.603 0.006
 468.72142 14.586 0.006
 469.72895 14.558 0.006
 470.78929 14.547 0.006
 471.84128 14.525 0.006
 472.76614 14.508 0.006
 473.67797 14.484 0.006
 474.75839 14.468 0.006
 475.65118 14.451 0.006
 476.80338 14.422 0.006
 477.78805 14.404 0.006
 478.59534 14.387 0.006
 479.79376 14.377 0.006
 480.63041 14.351 0.006
 481.61553 14.335 0.006
 482.77650 14.321 0.006
 483.56427 14.313 0.006
 484.56209 14.294 0.006
 485.56669 14.278 0.006
 487.58588 14.251 0.006
 488.55049 14.251 0.006
 488.68885 14.228 0.006
 489.64078 14.216 0.006
 490.61123 14.197 0.006
 491.56938 14.182 0.006
 492.55369 14.170 0.006
 492.62812 14.174 0.006
 493.55674 14.150 0.006
 494.55156 14.145 0.006
 495.55389 14.131 0.006
 496.54940 14.119 0.006
 496.76549 14.118 0.006
 498.54814 14.104 0.006
 499.54363 14.100 0.006
 500.53483 14.089 0.006
 501.53539 14.081 0.006
 507.65294 14.000 0.006
 508.53910 14.013 0.006
 508.60582 14.001 0.006
 510.54378 13.953 0.006
 511.65335 13.930 0.006
 512.69069 13.916 0.006
 513.68262 13.898 0.006
 514.55576 13.885 0.006
 515.54743 13.877 0.006
 516.55093 13.863 0.006
 517.55242 13.852 0.006
 518.59121 13.839 0.006
 519.54185 13.818 0.006
 521.54272 13.801 0.006
 523.55462 13.779 0.006
 524.53354 13.761 0.006
 526.53699 13.730 0.006
 526.63805 13.747 0.006
 527.53433 13.725 0.006
 530.62231 13.704 0.006
 531.54920 13.694 0.006
 532.53467 13.691 0.006
 533.53816 13.694 0.006
 534.54544 13.692 0.006
 535.65998 13.680 0.006
 552.64329 13.705 0.006
 553.49900 13.706 0.006
 554.55782 13.719 0.006
 561.55826 13.771 0.006
 566.49382 13.829 0.006
 567.49461 13.835 0.006
 569.48905 13.865 0.006
 571.54327 13.894 0.006
 572.49950 13.915 0.006
 573.50707 13.925 0.006
 574.53580 13.948 0.006
 575.51918 13.968 0.006
 577.47341 14.010 0.006
 578.48647 14.023 0.006
 583.47156 14.132 0.006
 673.86144 14.407 0.006
 689.84762 14.174 0.006
 699.83474 13.950 0.006
 701.87960 13.914 0.006
 704.82350 13.887 0.006
 706.82744 13.874 0.006
 707.87685 13.895 0.006
 712.89922 13.860 0.006
 715.86462 13.861 0.006
 720.81947 13.874 0.006
 726.88467 13.877 0.006
 728.84880 13.889 0.006
 729.83116 13.901 0.006
 733.88347 13.924 0.006
 742.82395 13.989 0.006
 745.75545 14.025 0.006
 747.81220 14.059 0.006
 748.76699 14.078 0.006
 750.85984 14.111 0.006
 751.75239 14.124 0.006
 755.71089 14.198 0.006
 759.78018 14.289 0.006
 760.83235 14.313 0.006
 763.82831 14.385 0.006
 771.84779 14.588 0.006
 775.83978 14.695 0.006
 778.80627 14.773 0.006
 780.83711 14.828 0.006
 787.84482 14.976 0.006
 792.77881 15.045 0.006
 796.79472 15.087 0.006
 798.81197 15.098 0.006
 816.82040 15.000 0.006
 817.80984 14.986 0.006
 822.76798 14.880 0.006
 826.63620 14.806 0.006
 827.74690 14.781 0.006
 830.82706 14.714 0.006
 831.67234 14.693 0.006
 832.80330 14.687 0.006
 833.70474 14.670 0.006
 834.79578 14.659 0.006
 837.80170 14.614 0.006
 839.62745 14.599 0.006
 841.81072 14.580 0.006
 843.73379 14.558 0.006
 844.68290 14.550 0.006
 850.70370 14.509 0.006
 854.72575 14.471 0.006
 855.77223 14.447 0.006
 856.71731 14.437 0.006
 858.63716 14.393 0.006
 860.72841 14.356 0.006
 864.72336 14.248 0.006
 874.73639 14.020 0.006
 876.65269 13.997 0.006
 879.61254 13.930 0.006
 881.54451 13.894 0.006
 887.62670 13.798 0.006
 892.59162 13.750 0.006
 895.57232 13.732 0.006
 895.58893 13.723 0.006
 900.54128 13.700 0.006
 918.57723 13.763 0.006
 920.54241 13.793 0.006
 925.49461 13.839 0.006
 933.50874 13.954 0.006
 951.52171 14.257 0.006
1040.91506 14.253 0.006
1051.91091 13.938 0.006
1065.87146 13.732 0.006
1068.83354 13.716 0.006
1069.82400 13.706 0.006
1071.84116 13.698 0.006
1077.88057 13.673 0.006
1079.78832 13.676 0.006
1083.80202 13.687 0.006
1088.86674 13.708 0.006
1093.86341 13.730 0.006
1102.84140 13.791 0.006
1107.82428 13.846 0.006
1113.83810 13.934 0.006
1119.77091 14.046 0.006
1126.74237 14.192 0.006
1130.70848 14.283 0.006
1132.71704 14.344 0.006
1136.83630 14.441 0.006
1142.72829 14.585 0.006
1151.82343 14.745 0.006
1154.83197 14.789 0.006
1157.78353 14.812 0.006
1161.78154 14.828 0.006
1163.75309 14.823 0.006
1166.78954 14.819 0.006
1170.83753 14.792 0.006
1174.82016 14.755 0.006
1178.73719 14.713 0.006
1181.70376 14.674 0.006
1185.78634 14.612 0.006
1187.73828 14.585 0.006
1189.80275 14.547 0.006
1192.72233 14.501 0.006
1196.59839 14.449 0.006
1202.66023 14.367 0.006
1204.76560 14.340 0.006
1207.65901 14.307 0.006
1211.73947 14.271 0.006
1214.75595 14.268 0.006
1217.71708 14.252 0.006
1219.70177 14.243 0.006
1223.60924 14.192 0.006
1226.70417 14.097 0.006
1230.65255 13.916 0.006
1234.57897 13.788 0.006
1238.58252 13.738 0.006
1239.71519 13.720 0.006
1241.69179 13.699 0.006
1243.54965 13.710 0.006
1245.51823 13.707 0.006
1253.59742 13.697 0.006
1256.57669 13.685 0.006
1259.62776 13.678 0.006
1261.57277 13.679 0.006
1265.59045 13.679 0.006
1268.57536 13.681 0.006
1276.52878 13.717 0.006
1279.52330 13.738 0.006
1288.55683 13.836 0.006
1291.58787 13.880 0.006
1296.56125 13.972 0.006
1300.50759 14.046 0.006
1305.48204 14.152 0.006
1308.51679 14.224 0.006
1313.49231 14.354 0.006
1317.51992 14.452 0.006
1320.48186 14.531 0.006
1330.48460 14.787 0.006
1333.48937 14.860 0.006
1336.46792 14.918 0.006
1397.91334 14.267 0.006
1412.89096 14.016 0.006
1431.80587 13.772 0.006
1432.89121 13.770 0.006
1435.85125 13.760 0.006
1437.84408 13.755 0.006
1440.88271 13.760 0.006
1443.88063 13.756 0.006
1447.80375 13.764 0.006
1449.84545 13.765 0.006
1454.75962 13.776 0.006
1455.88329 13.775 0.006
1458.79726 13.783 0.006
1459.86462 13.795 0.006
1462.73584 13.802 0.006
1470.81684 13.878 0.006
1475.81557 13.926 0.006
1477.70243 13.953 0.006
1479.74265 13.982 0.006
1484.75807 14.072 0.006
1487.79969 14.144 0.006
1491.71415 14.241 0.006
1493.82343 14.300 0.006
1496.60925 14.383 0.006
1498.75179 14.438 0.006
1501.83587 14.528 0.006
1503.73062 14.592 0.006
1505.83722 14.659 0.006
1507.78436 14.716 0.006
1511.65707 14.843 0.006
1514.70413 14.917 0.006
1517.69367 14.995 0.006
1519.69605 15.029 0.006
1521.71873 15.050 0.006
1522.69633 15.053 0.006
1523.75277 15.055 0.006
1525.72942 15.083 0.006
1527.81658 15.070 0.006
1528.71902 15.085 0.006
1531.73666 15.042 0.006
1538.69336 14.923 0.006
1541.64946 14.825 0.006
1542.74936 14.792 0.006
1544.70615 14.720 0.006
1547.73222 14.611 0.006
1548.70962 14.592 0.006
1549.77497 14.558 0.006
1551.73883 14.498 0.006
1552.67209 14.474 0.006
1554.76506 14.414 0.006
1555.70187 14.390 0.006
1556.67254 14.370 0.006
1562.70489 14.263 0.006
1564.58351 14.240 0.006
1564.67957 14.234 0.006
1567.63700 14.203 0.006
1570.73443 14.173 0.006
1574.73007 14.125 0.006
1576.62981 14.113 0.006
1578.73139 14.110 0.006
1581.64528 14.084 0.006
1584.62379 14.063 0.006
1587.61161 14.066 0.006
1590.61872 14.065 0.006
1595.69135 14.023 0.006
1599.70271 13.978 0.006
1600.67723 13.952 0.006
1604.52788 13.878 0.006
1606.54164 13.843 0.006
1609.56088 13.807 0.006
1610.60512 13.786 0.006
1611.63656 13.783 0.006
1612.53091 13.766 0.006
1613.62233 13.754 0.006
1614.52317 13.745 0.006
1615.52808 13.734 0.006
1616.54246 13.724 0.006
1617.52744 13.713 0.006
1618.53410 13.708 0.006
1619.58321 13.710 0.006
1620.60426 13.706 0.006
1621.52239 13.697 0.006
1622.58980 13.693 0.006
1623.54471 13.689 0.006
1624.55236 13.688 0.006
1625.56431 13.677 0.006
1626.65681 13.678 0.006
1627.57194 13.694 0.006
1628.51089 13.686 0.006
1630.53777 13.691 0.006
1631.53546 13.676 0.006
1632.58072 13.674 0.006
1633.52627 13.683 0.006
1634.56590 13.686 0.006
1635.53416 13.685 0.006
1643.55493 13.726 0.006
1644.58458 13.729 0.006
1650.51547 13.783 0.006
1653.59144 13.805 0.006
1656.57204 13.848 0.006
1658.54949 13.878 0.006
1660.57474 13.926 0.006
1663.50499 13.966 0.006
1665.52115 14.012 0.006
1671.51705 14.126 0.006
1676.51156 14.260 0.006
1684.51153 14.467 0.006
1694.51310 14.715 0.006
1766.90604 14.139 0.006
1768.89346 14.111 0.006
1782.88068 13.855 0.006
1789.82662 13.776 0.006
1804.77600 13.807 0.006
1809.83799 13.848 0.006
1812.86081 13.846 0.006
1814.87597 13.855 0.006
1817.87785 13.874 0.006
1822.82165 13.905 0.006
1828.88589 13.957 0.006
1829.85748 13.964 0.006
1833.81226 14.005 0.006
1843.83731 14.163 0.006
1847.86635 14.255 0.006
1850.81714 14.303 0.006
1852.75399 14.351 0.006
1855.81982 14.429 0.006
1860.79306 14.536 0.006
1863.76661 14.597 0.006
1865.82144 14.629 0.006
1867.79017 14.658 0.006
1869.76363 14.685 0.006
1872.76230 14.727 0.006
2167.83852 13.828 0.006
2173.84588 13.853 0.006
2190.78366 13.991 0.006
2192.81843 14.027 0.006
2214.78575 14.502 0.006
2224.74253 14.758 0.006
2226.84669 14.808 0.006
2229.65861 14.873 0.006
2232.81719 14.927 0.006
2234.81161 14.947 0.006
2239.59656 15.027 0.006
2241.65811 15.044 0.006
2243.71669 15.046 0.006
2248.79332 15.026 0.006
2250.84219 15.007 0.006
2252.64834 14.984 0.006
2254.63927 14.949 0.006
2257.64314 14.871 0.006
2261.75749 14.748 0.006
2266.64079 14.591 0.006
2270.63690 14.486 0.006
2271.78770 14.446 0.006
2273.72418 14.397 0.006
2275.82461 14.367 0.006
2277.64625 14.330 0.006
2279.81860 14.296 0.006
2281.80543 14.276 0.006
2283.83965 14.251 0.006
2288.74579 14.236 0.006
2290.78416 14.220 0.006
2292.76068 14.218 0.006
2296.74612 14.214 0.006
2298.76553 14.216 0.006
2300.71855 14.204 0.006
2302.69635 14.180 0.006
2327.55448 13.720 0.006
2333.56449 13.709 0.006
2339.54097 13.707 0.006
2357.51217 13.744 0.006
2395.51312 14.382 0.006
2526.90528 13.637 0.006
2542.88422 13.726 0.006
2556.82690 13.949 0.006
2559.87673 14.019 0.006
2564.84336 14.104 0.006
2578.76713 14.500 0.006
2583.82159 14.643 0.006
2589.85295 14.793 0.006
2596.73758 14.908 0.006
2605.74060 14.938 0.006
2609.73685 14.911 0.006
2614.70304 14.847 0.006
2618.72732 14.780 0.006
2621.63489 14.737 0.006
2623.81853 14.702 0.006
2627.68200 14.628 0.006
2629.70504 14.587 0.006
2631.75738 14.549 0.006
2634.75950 14.482 0.006
2635.67882 14.455 0.006
2638.64992 14.399 0.006
2639.65003 14.381 0.006
2641.71766 14.350 0.006
2643.72634 14.324 0.006
2645.71405 14.295 0.006
2647.67185 14.277 0.006
2650.83336 14.231 0.006
2652.73463 14.191 0.006
2654.66944 14.161 0.006
2656.64237 14.112 0.006
2658.60540 14.057 0.006
2660.62282 13.989 0.006
2662.60567 13.923 0.006
2664.61320 13.877 0.006
2666.67141 13.846 0.006
2668.65631 13.829 0.006
2670.62631 13.805 0.006
2672.73559 13.781 0.006
2674.63396 13.769 0.006
2676.62053 13.761 0.006
2678.70821 13.744 0.006
2680.61888 13.750 0.006
2682.66979 13.737 0.006
2687.54233 13.743 0.006
2691.61268 13.742 0.006
2696.53545 13.733 0.006
2701.51762 13.770 0.006
2707.51500 13.813 0.006
2714.51391 13.876 0.006
2840.90300 13.936 0.006
2867.91561 13.654 0.006
2888.90948 13.744 0.006
2894.84455 13.810 0.006
2899.84616 13.881 0.006
2905.83513 13.988 0.006
2908.89618 14.040 0.006
2911.79448 14.116 0.006
2916.84468 14.225 0.006
2922.82853 14.363 0.006
2926.75595 14.450 0.006
2930.82970 14.552 0.006
2933.87411 14.630 0.006
2940.71125 14.806 0.006
2942.83304 14.852 0.006
2947.72557 14.927 0.006
2949.81574 14.940 0.006
2953.68247 14.976 0.006
2956.70829 14.995 0.006
2958.73459 14.990 0.006
2962.74643 14.966 0.006
2965.76586 14.918 0.006
2967.86531 14.887 0.006
2973.84947 14.768 0.006
2975.83863 14.711 0.006
2976.83389 14.682 0.006
2978.85350 14.638 0.006
2982.68564 14.567 0.006
2984.73315 14.538 0.006
2986.81575 14.522 0.006
2988.78034 14.500 0.006
2989.79627 14.495 0.006
2991.63668 14.484 0.006
2993.62410 14.469 0.006
2995.72372 14.465 0.006
2997.70267 14.457 0.006
2999.72487 14.436 0.006
3001.76153 14.422 0.006
3003.73219 14.411 0.006
3005.63746 14.394 0.006
3007.67052 14.386 0.006
3009.73682 14.366 0.006
3011.71255 14.344 0.006
3013.71700 14.323 0.006
3017.71843 14.235 0.006
3019.64642 14.201 0.006
3021.76519 14.154 0.006
3023.62698 14.112 0.006
3024.82812 14.101 0.006
3026.82479 14.082 0.006
3029.62915 14.065 0.006
3031.69910 14.054 0.006
3033.76261 14.045 0.006
3035.76964 14.017 0.006
3038.74712 13.995 0.006
3040.71776 13.969 0.006
3042.66167 13.962 0.006
3044.59558 13.960 0.006
3045.68456 13.970 0.006
3047.63830 13.946 0.006
3049.64400 13.954 0.006
3051.61218 13.951 0.006
3055.60565 13.957 0.006
3057.63110 13.961 0.006
3059.57499 13.963 0.006
3061.56803 13.967 0.006
3068.50936 13.982 0.006
3070.56505 13.976 0.006
3073.56576 14.018 0.006
3075.67872 14.026 0.006
3078.61072 14.057 0.006
3082.58822 14.103 0.006
3084.66526 14.140 0.006
3087.62795 14.183 0.006
3090.59135 14.231 0.006
3096.49839 14.366 0.006
3099.57936 14.417 0.006
3102.55814 14.468 0.006
3105.59085 14.534 0.006
3108.56881 14.624 0.006
3112.54610 14.723 0.006
3116.52744 14.812 0.006
3127.49485 15.059 0.006
3140.48350 15.220 0.006
3223.88372 13.978 0.006
3241.86998 13.955 0.006
3248.83340 13.959 0.006
3257.86126 13.991 0.006
3263.90724 14.030 0.006
3270.85021 14.094 0.006
3273.89822 14.129 0.006
3277.83425 14.187 0.006
3281.87803 14.253 0.006
3287.73909 14.343 0.006
3295.69138 14.482 0.006
3301.75189 14.575 0.006
3304.80782 14.621 0.006
3307.68265 14.633 0.006
3309.71804 14.649 0.006
3311.71589 14.659 0.006
3320.75868 14.633 0.006
3323.69350 14.594 0.006
3327.73026 14.523 0.006
3330.68910 14.460 0.006
3334.78836 14.348 0.006
3338.83482 14.277 0.006
3340.84990 14.233 0.006
3350.66834 14.092 0.006
3354.71475 14.033 0.006
3358.79571 13.964 0.006
3361.82852 13.913 0.006
3365.73092 13.838 0.006
3372.74722 13.714 0.006
3378.65993 13.674 0.006
3391.72765 13.670 0.006
3394.73921 13.673 0.006
3396.61919 13.662 0.006
3399.69641 13.675 0.006
3403.68367 13.671 0.006
3408.59310 13.676 0.006
3412.63834 13.682 0.006
3417.56579 13.706 0.006
3425.57401 13.751 0.006
3431.53570 13.791 0.006
3437.53748 13.869 0.006
3445.54284 13.990 0.006
3460.49108 14.317 0.006
3477.48581 14.724 0.006
3583.92791 13.734 0.006
3593.92617 13.708 0.006
3601.86312 13.714 0.006
3618.89723 13.897 0.006
3629.87849 14.084 0.006
3634.84509 14.196 0.006
3639.83840 14.327 0.006
3644.79318 14.454 0.006
3650.88205 14.600 0.006
3654.78128 14.694 0.006
3657.86353 14.773 0.006
3660.79798 14.827 0.006
3664.83306 14.913 0.006
3668.79102 14.948 0.006
3672.77924 14.975 0.006
3675.85892 14.956 0.006
3684.76703 14.822 0.006
3687.77268 14.727 0.006
3690.66314 14.686 0.006
3693.72652 14.613 0.006
3695.74806 14.574 0.006
3698.74078 14.518 0.006
3700.76964 14.485 0.006
3702.85729 14.448 0.006
3705.76406 14.402 0.006
3708.72265 14.359 0.006
3712.70954 14.319 0.006
3714.71989 14.292 0.006
3716.86152 14.299 0.006
3719.81316 14.252 0.006
3725.80704 14.159 0.006
3727.77945 14.110 0.006
3730.67486 14.048 0.006
3732.69958 13.991 0.006
3734.79763 13.909 0.006
3736.81390 13.851 0.006
3737.70225 13.824 0.006
3739.80137 13.772 0.006
3742.68723 13.725 0.006
3745.76291 13.703 0.006
3747.76560 13.698 0.006
3749.65733 13.695 0.006
3750.74229 13.689 0.006
3752.75298 13.682 0.006
3754.77072 13.693 0.006
3756.59425 13.684 0.006
3758.76712 13.675 0.006
3761.77951 13.658 0.006
3764.73394 13.653 0.006
3767.59378 13.645 0.006
3770.61149 13.661 0.006
3773.61433 13.661 0.006
3776.61374 13.667 0.006
3779.60328 13.682 0.006
3782.65401 13.701 0.006
3787.57897 13.728 0.006
3792.53070 13.775 0.006
3809.51993 14.073 0.006
3822.50574 14.441 0.006
3946.90204 13.741 0.006
3964.85887 13.770 0.006
3969.88299 13.823 0.006
3981.85775 13.941 0.006
3989.88478 14.058 0.006
3995.90848 14.167 0.006
4001.86148 14.288 0.006
4005.83915 14.373 0.006
4007.84333 14.427 0.006
4011.84360 14.529 0.006
4018.83518 14.715 0.006
4023.86732 14.851 0.006
4026.77578 14.917 0.006
4029.71705 14.970 0.006
4031.79739 15.015 0.006
4038.70650 15.081 0.006
4040.87334 15.070 0.006
4043.67199 15.064 0.006
4046.76410 15.005 0.006
4048.85362 14.949 0.006
4052.69649 14.838 0.006
4056.74054 14.693 0.006
4058.77286 14.618 0.006
4063.67241 14.457 0.006
4066.72969 14.368 0.006
4068.81719 14.318 0.006
4070.65963 14.274 0.006
4073.81901 14.217 0.006
4076.78716 14.180 0.006
4079.74951 14.150 0.006
4083.66634 14.119 0.006
4085.73184 14.094 0.006
4092.85030 14.006 0.006
4102.82684 13.952 0.006
4105.68573 13.933 0.006
4109.72862 13.903 0.006
4109.75885 13.911 0.006
4113.71461 13.879 0.006
4120.74503 13.868 0.006
4122.70144 13.856 0.006
4125.75267 13.866 0.006
4131.60602 13.870 0.006
4142.64261 13.827 0.006
4156.52928 13.866 0.006
4166.57052 13.957 0.006
4196.51994 14.508 0.006
4341.89587 13.983 0.006
4347.84578 14.089 0.006
4357.90716 14.287 0.006
4362.78294 14.410 0.006
4365.82442 14.468 0.006
4368.90172 14.536 0.006
4371.85232 14.596 0.006
4377.78815 14.716 0.006
4380.80466 14.771 0.006
4386.78031 14.833 0.006
4390.74231 14.856 0.006
4393.85638 14.849 0.006
4398.86766 14.823 0.006
4403.87460 14.764 0.006
4411.86614 14.607 0.006
4418.78730 14.497 0.006
4422.85337 14.454 0.006
4426.73169 14.416 0.006
4429.83767 14.393 0.006
4432.71854 14.359 0.006
4436.75791 14.322 0.006
4439.82350 14.300 0.006
4443.69322 14.268 0.006
4448.86039 14.150 0.006
4449.67795 14.106 0.006
4451.68752 14.039 0.006
4454.70403 13.933 0.006
4455.68629 13.922 0.006
4458.74473 13.875 0.006
4461.66164 13.853 0.006
4465.74475 13.824 0.006
4468.71330 13.808 0.006
4473.68262 13.794 0.006
4477.74074 13.780 0.006
4481.67832 13.774 0.006
4485.72637 13.775 0.006
4489.70988 13.794 0.006
4493.69972 13.795 0.006
4498.67637 13.820 0.006
4501.67369 13.849 0.006
4506.60763 13.879 0.006
4508.61762 13.899 0.006
4510.69790 13.930 0.006
4521.60798 14.092 0.006
4523.62383 14.110 0.006
4525.54322 14.155 0.006
4531.56525 14.276 0.006
4533.56762 14.323 0.006
4537.61763 14.388 0.006
4539.53661 14.436 0.006
4541.58887 14.473 0.006
4543.64971 14.524 0.006
4545.50801 14.555 0.006
4549.59281 14.639 0.006
4560.53542 14.821 0.006
4567.58455 14.905 0.006
4571.52938 14.932 0.006
4581.50631 14.896 0.006
4610.47439 14.271 0.006
4683.89829 13.645 0.006
4694.91675 13.811 0.006
4697.85493 13.860 0.006
4707.90572 14.105 0.006
4720.77101 14.488 0.006
4724.82429 14.628 0.006
4728.81178 14.763 0.006
4733.82150 14.918 0.006
4743.89018 15.190 0.006
4748.82752 15.264 0.006
4752.86057 15.284 0.006
4756.86989 15.260 0.006
4760.75300 15.225 0.006
4761.74103 15.223 0.006
4762.68976 15.195 0.006
4762.87644 15.196 0.006
4768.85446 15.063 0.006
4772.70079 14.997 0.006
4775.73015 14.941 0.006
4777.74493 14.894 0.006
4781.74137 14.860 0.006
4784.69497 14.839 0.006
4788.79197 14.825 0.006
4791.80248 14.834 0.006
4794.77397 14.835 0.006
4797.79317 14.866 0.006
4800.77004 14.867 0.006
4802.83705 14.869 0.006
4804.85429 14.860 0.006
4806.85042 14.835 0.006
4809.69816 14.786 0.006
4811.69447 14.761 0.006
4813.71625 14.704 0.006
4814.73509 14.676 0.006
4816.73196 14.621 0.006
4818.73117 14.549 0.006
4819.71722 14.515 0.006
4820.65054 14.475 0.006
4820.79079 14.475 0.006
4821.73277 14.423 0.006
4821.83444 14.420 0.006
4822.68705 14.387 0.006
4822.78764 14.381 0.006
4823.74900 14.339 0.006
4823.81069 14.336 0.006
4824.67594 14.298 0.006
4825.65827 14.272 0.006
4826.68031 14.244 0.006
4833.67825 14.097 0.006
4835.73064 14.083 0.006
4838.73524 14.053 0.006
4840.71946 14.048 0.006
4842.70346 14.037 0.006
4844.70271 14.038 0.006
4847.76969 14.036 0.006
4850.76278 14.053 0.006
4853.73926 14.064 0.006
4855.75471 14.069 0.006
4857.73282 14.072 0.006
4863.69412 14.114 0.006
4865.59432 14.124 0.006
4868.69790 14.139 0.006
4869.64313 14.144 0.006
4870.58339 14.161 0.006
4870.71001 14.152 0.006
4871.56928 14.164 0.006
4871.69772 14.165 0.006
4872.58607 14.188 0.006
4872.67242 14.181 0.006
4873.64274 14.190 0.006
4874.56556 14.189 0.006
4876.58921 14.226 0.006
4878.61402 14.245 0.006
4882.68716 14.292 0.006
4885.54534 14.326 0.006
4888.61255 14.374 0.006
4900.61633 14.536 0.006
4905.58144 14.615 0.006
4908.54005 14.665 0.006
4916.55646 14.781 0.006
4920.58706 14.805 0.006
4926.54323 14.873 0.006
4930.53982 14.888 0.006
4934.53658 14.907 0.006
4936.48464 14.914 0.006
4937.52832 14.910 0.006
4938.47990 14.898 0.006
4939.48565 14.884 0.006
4940.48111 14.872 0.006
4940.54432 14.881 0.006
4941.48498 14.876 0.006
4942.47758 14.870 0.006
4943.49274 14.866 0.006
4946.53793 14.800 0.006
4951.51769 14.690 0.006
