2167.82762 19.970 0.141
2173.83503 19.889 0.126
2190.77281 19.788 0.124
2192.80846 19.856 0.097
2212.86250 19.750 0.118
2214.77586 19.953 0.148
2224.73262 20.340 0.188
2226.83683 19.808 0.144
2229.64873 19.831 0.149
2232.80734 19.973 0.156
2234.80174 19.788 0.097
2239.58671 19.824 0.172
2241.64824 19.888 0.175
2243.70681 19.660 0.120
2248.77925 19.727 0.094
2250.83037 20.021 0.138
2252.63847 19.870 0.116
2254.62939 19.980 0.138
2257.63329 19.822 0.107
2259.68622 19.805 0.118
2261.74762 19.799 0.114
2266.63091 19.744 0.151
2270.62704 19.737 0.099
2271.77782 20.053 0.134
2273.71431 19.768 0.115
2275.80944 19.865 0.153
2277.63638 19.874 0.102
2279.80872 19.789 0.122
2281.79555 19.735 0.102
2283.82975 19.703 0.090
2290.77428 19.860 0.122
2292.75076 19.909 0.182
2294.72581 20.148 0.240
2296.73621 20.161 0.270
2298.75449 19.933 0.163
2300.70864 20.594 0.298
2302.68519 20.071 0.177
2327.54370 20.112 0.204
2332.58407 19.759 0.176
2333.54237 19.882 0.207
2333.55363 19.919 0.202
2339.53010 19.924 0.207
2357.50126 20.064 0.328
2395.50209 20.014 0.238
2526.89437 19.809 0.098
2537.90284 19.915 0.218
2542.87422 19.929 0.124
2552.82452 19.903 0.148
2556.81608 19.794 0.106
2559.86438 19.962 0.151
2564.83258 19.808 0.132
2578.75723 19.862 0.163
2583.81165 20.052 0.160
2589.84219 19.911 0.127
2596.72685 19.772 0.166
2605.72992 19.832 0.114
2609.72612 19.741 0.141
2614.68614 19.751 0.148
2618.71678 19.728 0.130
2621.62420 19.951 0.135
2623.80800 19.798 0.124
2627.67215 19.801 0.176
2629.69521 20.228 0.234
2631.74683 19.912 0.169
2634.74898 19.845 0.129
2635.66895 19.730 0.095
2638.64006 19.744 0.114
2639.64018 19.796 0.084
2641.70705 20.055 0.154
2643.71581 20.177 0.203
2645.70416 20.021 0.112
2647.66198 20.449 0.209
2650.82283 19.768 0.101
2652.72472 19.851 0.138
2654.65953 19.841 0.166
2656.63160 19.754 0.137
2658.59549 19.889 0.167
2660.60865 19.956 0.149
2662.59475 19.791 0.120
2664.60329 19.994 0.191
2666.65725 19.721 0.094
2668.64638 19.742 0.140
2670.61636 19.799 0.143
2672.72565 19.655 0.109
2674.62401 20.072 0.136
2676.61061 19.798 0.100
2678.69826 19.774 0.122
2680.60896 19.901 0.112
2682.65915 20.627 0.330
2687.53169 20.707 0.535
2691.60206 19.558 0.150
2696.51973 19.720 0.176
2701.50695 19.486 0.167
2707.50430 19.829 0.216
2714.50319 19.558 0.182
2839.93453 19.851 0.150
2867.90551 19.933 0.128
2879.89429 19.682 0.133
2888.89877 19.910 0.114
2894.83384 19.747 0.133
2899.83475 19.977 0.130
2905.82448 19.977 0.149
2908.88549 19.857 0.101
2911.78379 19.806 0.094
2916.83407 19.967 0.102
2922.81794 19.720 0.142
2926.74458 19.917 0.133
2930.81909 19.851 0.114
2933.86353 19.984 0.135
2940.70006 19.974 0.116
2947.71499 20.443 0.233
2949.80520 19.758 0.102
2952.85935 19.859 0.134
2956.69774 19.906 0.118
2958.72407 19.819 0.124
2962.73595 19.780 0.106
2965.75536 19.785 0.095
2967.85478 19.798 0.095
2972.85362 19.933 0.122
2975.82810 19.733 0.108
2976.82337 19.958 0.132
2978.80400 20.244 0.202
2982.67511 19.833 0.136
2984.72262 20.278 0.164
2986.80526 20.000 0.151
2988.76979 19.871 0.119
2989.78576 19.814 0.099
2991.62619 19.918 0.108
2993.61358 19.821 0.098
2995.71006 19.790 0.095
2997.69216 20.061 0.129
2999.71242 19.908 0.107
3001.75009 19.940 0.126
3003.72169 19.915 0.106
3005.59746 19.838 0.136
3007.66002 19.725 0.104
3009.72631 19.813 0.112
3011.70052 20.023 0.190
3013.70649 19.978 0.136
3017.70786 20.103 0.142
3019.63587 19.817 0.126
3021.75467 20.178 0.132
3023.61645 19.857 0.097
3024.81756 19.796 0.125
3026.81422 19.885 0.086
3029.61859 20.283 0.155
3031.68852 19.988 0.115
3033.75204 19.841 0.083
3035.75908 19.932 0.118
3038.73656 19.964 0.167
3040.70718 20.070 0.189
3042.65113 19.633 0.124
3044.58499 19.728 0.125
3045.67395 19.961 0.139
3047.62772 20.152 0.176
3049.63340 19.849 0.081
3051.60157 19.997 0.138
3053.59584 19.886 0.121
3055.59506 19.792 0.123
3057.62044 19.828 0.113
3059.56438 19.853 0.106
3068.49873 20.258 0.420
3070.55438 19.951 0.155
3073.55508 19.992 0.205
3075.66805 19.760 0.143
3078.58825 19.851 0.134
3082.57750 19.720 0.115
3084.65457 19.869 0.112
3086.65774 19.807 0.191
3087.61722 19.835 0.109
3090.58067 19.637 0.133
3096.48762 19.723 0.195
3099.56858 19.825 0.158
3102.54739 20.065 0.202
3105.58013 20.486 0.234
3108.55801 19.885 0.121
3112.52974 19.921 0.166
3116.51663 19.648 0.121
3127.48305 19.901 0.113
3140.47269 20.145 0.221
3223.87292 20.092 0.199
3241.85925 19.809 0.140
3248.82267 19.818 0.175
3257.85059 19.773 0.090
3263.89654 19.732 0.074
3270.83958 19.700 0.095
3273.88757 19.942 0.136
3277.82361 19.938 0.152
3281.86645 19.783 0.092
3287.72849 19.804 0.096
3289.88021 19.721 0.107
3294.87555 20.050 0.129
3295.68079 20.080 0.097
3301.74134 19.835 0.139
3304.79729 19.731 0.119
3306.87849 19.655 0.154
3309.70752 20.010 0.140
3311.70532 20.195 0.156
3320.74809 19.746 0.108
3323.68301 20.656 0.309
3327.71972 20.409 0.168
3330.67857 20.405 0.262
3334.77782 20.102 0.205
3338.82433 19.798 0.108
3340.83939 19.804 0.120
3350.65780 19.926 0.091
3354.70425 19.899 0.121
3358.77646 19.804 0.070
3361.81582 20.028 0.130
3365.72042 19.720 0.142
3372.73670 19.701 0.070
3378.64942 20.013 0.127
3391.71708 19.826 0.123
3394.72865 19.963 0.143
3396.60773 20.115 0.156
3399.68588 19.864 0.158
3403.67312 19.779 0.127
3408.58251 19.862 0.113
3412.62790 19.930 0.163
3417.55530 19.566 0.115
3425.56350 19.954 0.218
3431.52517 19.600 0.105
3437.52691 19.859 0.112
3445.53223 19.970 0.146
3460.48046 19.595 0.148
3477.47509 19.769 0.158
3583.91720 19.779 0.120
3593.91553 19.887 0.142
3601.85245 19.779 0.148
3618.88660 19.756 0.086
3629.86789 20.526 0.235
3633.88789 19.793 0.146
3634.83457 20.404 0.178
3639.82783 19.883 0.088
3643.83723 19.806 0.130
3644.78263 19.750 0.086
3650.87152 19.836 0.097
3654.77080 20.020 0.126
3657.85299 19.931 0.094
3660.78746 19.715 0.120
3664.82258 19.997 0.118
3668.78057 20.065 0.152
3672.76879 20.142 0.126
3675.84848 19.724 0.082
3684.75660 20.088 0.110
3687.76227 19.732 0.087
3689.86288 20.162 0.155
3692.86258 19.727 0.115
3695.73674 19.793 0.102
3698.73034 20.041 0.162
3700.75923 19.923 0.106
3702.84686 19.823 0.086
3705.75367 20.362 0.136
3708.71226 19.891 0.141
3712.69911 19.874 0.101
3714.70953 19.926 0.099
3716.85112 19.895 0.115
3719.80277 19.891 0.155
3725.79666 19.835 0.114
3727.76904 19.984 0.127
3730.66444 19.864 0.074
3732.68914 19.896 0.092
3734.78718 19.945 0.121
3736.80346 19.713 0.095
3737.69183 19.810 0.093
3739.79094 19.976 0.110
3742.67679 19.915 0.155
3745.75246 19.883 0.104
3747.75513 19.773 0.238
3749.64685 19.958 0.249
3750.73186 20.160 0.240
3752.74203 19.810 0.106
3754.76023 19.722 0.115
3756.58380 19.912 0.101
3758.75347 20.543 0.262
3761.76903 19.849 0.094
3764.72345 19.795 0.101
3767.58331 19.664 0.080
3770.59967 19.797 0.106
3773.60387 19.970 0.133
3776.60321 19.732 0.094
3779.59279 19.835 0.139
3782.64348 19.656 0.092
3787.56844 19.840 0.113
3792.51579 19.767 0.141
3799.59895 19.523 0.123
3809.50930 19.732 0.178
3822.48912 20.097 0.240
3946.89132 19.975 0.166
3964.84830 19.893 0.098
3969.86814 19.432 0.090
3975.91830 20.171 0.168
3981.84726 20.067 0.172
3989.87426 19.688 0.114
3995.89800 19.852 0.134
4001.85103 19.798 0.102
4005.82872 19.924 0.096
4007.83288 20.244 0.154
4011.83316 20.324 0.177
4018.82481 19.812 0.099
4023.85696 19.960 0.137
4026.76541 20.147 0.114
4029.70665 19.700 0.160
4031.78703 19.867 0.092
4038.69616 19.789 0.095
4040.86300 20.419 0.227
4043.66163 19.857 0.167
4046.75380 19.981 0.149
4048.84324 20.504 0.316
4052.68617 20.126 0.110
4056.73021 19.958 0.151
4058.76253 20.180 0.120
4063.66211 19.798 0.098
4066.71935 19.992 0.125
4068.80688 19.963 0.097
4070.64930 20.075 0.140
4073.80872 20.136 0.177
4076.77689 20.249 0.184
4079.73919 19.630 0.110
4083.65603 19.855 0.132
4085.72151 19.857 0.126
4092.83998 19.805 0.097
4102.81649 19.667 0.123
4105.67540 19.967 0.119
4109.71831 19.886 0.088
4109.74853 19.717 0.085
4113.70428 20.059 0.110
4120.73469 19.860 0.079
4122.69109 19.832 0.085
4125.74233 20.067 0.146
4131.59564 19.675 0.073
4142.63221 19.987 0.158
4156.51532 19.912 0.202
4166.56005 19.977 0.190
4196.50933 19.831 0.155
4341.88532 19.681 0.133
4347.83527 19.954 0.161
4357.89667 20.021 0.186
4362.77245 19.739 0.136
4365.81396 19.929 0.208
4368.89127 19.985 0.220
4371.84188 19.840 0.111
4377.77772 19.905 0.140
4380.79422 19.782 0.101
4386.76992 20.038 0.147
4390.73187 19.945 0.146
4393.84599 20.218 0.170
4398.85726 19.899 0.137
4403.86421 19.942 0.191
4411.85579 19.773 0.106
4418.77703 19.832 0.094
4422.84302 19.847 0.098
4426.72130 20.183 0.264
4429.78278 19.622 0.195
4429.81954 19.959 0.258
4432.70821 20.049 0.132
4436.74756 20.115 0.161
4439.81318 20.156 0.226
4443.68294 19.683 0.142
4448.85007 19.996 0.126
4449.66763 19.778 0.099
4451.67721 19.925 0.155
4454.69373 19.700 0.098
4455.67602 19.845 0.133
4458.73435 19.927 0.142
4461.65129 19.760 0.102
4465.73437 19.820 0.092
4468.70296 19.666 0.073
4473.67228 20.351 0.170
4477.73038 19.940 0.138
4481.66799 20.334 0.176
4485.71604 20.089 0.178
4489.69952 20.026 0.231
4493.68933 19.539 0.120
4498.66652 19.850 0.109
4501.66382 19.950 0.140
4506.59777 19.768 0.127
4508.60775 19.921 0.132
4510.68751 20.157 0.178
4520.68178 19.699 0.169
4521.59753 19.945 0.157
4523.61339 19.914 0.149
4525.53275 19.910 0.142
4531.55475 19.869 0.128
4533.55716 19.642 0.118
4537.60712 19.794 0.126
4539.52555 20.006 0.165
4541.57832 19.796 0.151
4543.63918 19.752 0.169
4545.49744 19.862 0.160
4549.58228 19.916 0.171
4560.52483 19.917 0.150
4567.57395 19.898 0.156
4571.51875 19.997 0.196
4581.49569 19.708 0.147
4610.46378 19.763 0.223
4682.92962 19.885 0.170
4683.88765 19.854 0.107
4694.90620 20.028 0.224
4697.84434 20.536 0.342
4707.89519 20.035 0.141
4719.91354 20.084 0.185
4720.76049 20.375 0.233
4724.81378 19.808 0.132
4727.90722 20.200 0.282
4728.80128 19.893 0.135
4733.81100 19.702 0.099
4734.81819 20.349 0.157
4737.79478 19.903 0.129
4740.77791 19.880 0.150
4740.89159 20.064 0.196
4743.87972 19.812 0.111
4747.89111 19.932 0.172
4752.85016 19.829 0.125
4756.85950 19.872 0.123
4760.74260 19.889 0.100
4762.86609 19.808 0.106
4768.84407 19.964 0.127
4772.69043 20.081 0.169
4775.71982 20.264 0.233
4777.73456 20.300 0.190
4781.73103 20.044 0.143
4784.68463 19.709 0.186
4788.78166 19.743 0.112
4791.79216 19.879 0.091
4794.76363 19.827 0.110
4797.78286 19.919 0.122
4800.75973 19.857 0.091
4802.82675 19.791 0.088
4804.84394 20.020 0.148
4806.84011 19.882 0.116
4809.68784 19.942 0.130
4811.68412 20.435 0.291
4813.70590 19.965 0.221
4814.72476 20.046 0.181
4816.72163 20.328 0.180
4818.72089 20.061 0.115
4819.71357 19.843 0.085
4820.62729 20.307 0.148
4820.64024 20.050 0.119
4820.78047 19.869 0.102
4821.72920 19.950 0.083
4821.83090 19.682 0.079
4822.67671 19.926 0.109
4822.78406 19.824 0.080
4823.73615 20.053 0.152
4823.80711 19.744 0.082
4824.66559 20.143 0.136
4825.66233 19.853 0.099
4826.66998 20.161 0.155
4833.66792 20.124 0.120
4835.72028 19.884 0.112
4838.72491 19.761 0.107
4840.70913 19.969 0.143
4842.69315 19.949 0.128
4844.69236 19.709 0.107
4847.75933 20.127 0.178
4850.75241 19.782 0.120
4853.72891 20.211 0.188
4855.74437 19.999 0.168
4857.72245 19.994 0.155
4863.68372 19.667 0.123
4865.57898 19.862 0.121
4865.58393 19.736 0.112
4868.68751 19.851 0.113
4869.63272 19.912 0.160
4872.66200 19.482 0.157
4874.55514 19.793 0.113
4876.57883 19.880 0.099
4878.60360 19.698 0.092
4882.67670 19.897 0.125
4885.53490 19.741 0.118
4888.60209 19.873 0.098
4900.60583 19.742 0.136
4902.58260 19.747 0.183
4903.53631 19.906 0.154
4904.52737 20.007 0.207
4905.52047 20.035 0.153
4905.57094 19.801 0.164
4907.58306 19.825 0.122
4908.52954 19.804 0.125
4916.54591 19.938 0.150
4920.57706 19.909 0.123
4926.53322 20.013 0.239
4930.52977 19.920 0.176
4934.52651 19.459 0.110
4937.51825 20.311 0.153
4940.53427 19.849 0.114
4946.52781 19.761 0.127
4951.50756 19.518 0.155
