2166.89956 17.077 0.012
2173.81998 17.080 0.012
2189.89136 17.120 0.015
2192.79375 17.080 0.011
2201.80654 17.105 0.011
2212.83820 17.090 0.012
2223.84281 17.104 0.014
2226.82280 17.090 0.014
2228.85981 17.108 0.014
2232.79308 17.088 0.014
2234.78727 17.102 0.012
2238.75098 17.077 0.012
2241.63430 17.077 0.014
2243.69273 17.106 0.014
2248.76063 17.090 0.012
2251.72256 17.084 0.012
2253.80666 17.092 0.012
2255.68162 17.112 0.014
2261.70187 17.085 0.012
2269.81635 17.079 0.012
2271.76374 17.081 0.011
2273.84879 17.107 0.014
2274.63345 17.115 0.015
2276.74058 17.100 0.014
2278.63909 17.077 0.012
2280.63730 17.105 0.012
2282.64586 17.093 0.014
2289.77951 17.104 0.012
2291.78759 17.114 0.015
2293.75335 17.198 0.016
2295.77527 17.112 0.012
2297.76860 17.087 0.012
2299.80916 17.101 0.015
2301.70327 17.078 0.015
2303.69947 17.100 0.018
2327.52864 17.110 0.014
2332.56153 17.091 0.018
2333.52559 17.121 0.018
2339.51379 17.093 0.014
2347.50846 17.104 0.015
2402.50247 17.117 0.018
2524.89819 17.113 0.015
2537.89815 17.168 0.016
2542.86048 17.102 0.014
2552.80779 17.098 0.014
2556.80103 17.099 0.012
2559.84920 17.084 0.014
2563.89447 17.064 0.023
2564.81717 17.092 0.015
2578.74295 17.113 0.015
2583.77842 17.087 0.014
2589.82139 17.086 0.012
2596.70963 17.072 0.016
2605.71088 17.079 0.014
2609.70163 17.125 0.015
2614.63639 17.128 0.014
2618.69412 17.080 0.014
2620.82200 17.091 0.012
2623.79288 17.109 0.012
2627.65745 17.128 0.019
2629.68099 17.091 0.015
2631.70096 17.121 0.016
2634.72923 17.091 0.012
2635.60118 17.112 0.012
2637.80023 17.100 0.015
2639.62614 17.098 0.011
2641.69181 17.103 0.012
2643.70058 17.089 0.012
2645.68981 17.094 0.011
2647.64754 17.097 0.012
2650.86314 17.107 0.014
2651.60211 17.103 0.015
2653.62912 17.101 0.014
2655.74240 17.083 0.014
2657.59509 17.098 0.014
2659.61008 17.106 0.014
2661.82808 17.099 0.016
2663.84215 17.115 0.018
2665.84805 17.107 0.018
2668.59704 17.095 0.015
2670.60218 17.093 0.014
2672.58876 17.086 0.015
2674.61015 17.095 0.014
2676.59663 17.081 0.012
2678.66939 17.110 0.015
2680.59512 17.103 0.012
2682.64410 17.099 0.015
2686.63864 17.114 0.015
2695.62102 17.110 0.014
2700.57515 17.078 0.014
2706.59396 17.093 0.016
2713.55904 17.109 0.016
2840.93682 17.096 0.016
2868.87654 17.087 0.014
2885.84151 17.086 0.012
2892.87107 17.123 0.016
2897.84039 17.018 0.015
2903.88620 17.076 0.011
2906.88933 17.089 0.012
2911.76914 17.079 0.012
2916.81318 17.114 0.012
2922.80307 17.094 0.016
2925.89160 17.082 0.022
2930.80421 17.104 0.014
2933.84857 17.096 0.012
2939.85686 17.102 0.014
2942.80646 17.083 0.012
2944.85089 17.104 0.015
2946.85280 17.081 0.012
2949.76744 17.096 0.014
2952.84332 17.210 0.015
2956.68254 17.103 0.012
2958.70925 17.100 0.014
2962.72012 17.096 0.012
2965.73920 17.118 0.011
2967.83876 17.097 0.011
2970.80410 17.092 0.011
2974.74194 17.087 0.012
2976.77661 17.087 0.012
2978.75671 17.098 0.015
2980.69677 17.169 0.014
2982.65616 17.096 0.014
2984.70675 17.117 0.012
2986.79003 17.083 0.014
2988.75408 17.113 0.014
2990.62624 17.118 0.012
2992.77684 17.108 0.012
2994.62311 17.125 0.014
2995.63267 17.095 0.011
2997.64165 17.097 0.011
2999.76136 17.110 0.012
3001.73316 17.172 0.012
3003.70670 17.091 0.012
3005.69746 17.104 0.014
3007.71188 17.094 0.012
3009.70994 17.098 0.012
3011.67926 17.112 0.015
3013.68248 17.084 0.012
3017.69291 17.110 0.014
3019.62047 17.080 0.012
3021.73963 17.101 0.011
3023.60160 17.096 0.011
3024.80263 17.101 0.011
3026.79893 17.115 0.011
3028.81091 17.096 0.012
3031.67288 17.105 0.011
3033.73681 17.093 0.011
3035.74317 17.121 0.012
3038.72155 17.099 0.014
3041.58973 17.091 0.015
3043.62513 17.145 0.015
3045.65881 17.088 0.012
3047.61289 17.106 0.014
3049.61850 17.086 0.011
3051.58578 17.113 0.012
3053.58090 17.113 0.012
3055.58005 17.105 0.012
3057.60487 17.108 0.012
3060.62738 17.104 0.012
3064.63170 17.097 0.014
3067.68869 17.134 0.014
3070.53704 17.078 0.014
3073.60455 17.133 0.018
3075.65295 17.123 0.014
3078.57307 17.131 0.015
3082.56244 17.096 0.014
3084.63936 17.107 0.012
3087.60102 17.114 0.012
3090.56480 17.129 0.014
3099.49965 17.106 0.018
3102.53126 17.128 0.014
3105.56506 17.108 0.015
3108.54352 17.098 0.012
3112.51488 17.120 0.015
3116.50217 17.089 0.014
3126.50789 17.095 0.014
3146.47041 17.097 0.015
3241.89543 17.078 0.014
3256.90680 17.080 0.012
3263.88165 17.102 0.011
3268.89723 17.113 0.012
3273.87249 17.114 0.012
3277.86169 17.094 0.012
3281.85180 17.106 0.011
3287.71335 17.160 0.011
3289.86552 17.109 0.011
3294.86098 17.121 0.010
3296.86873 17.081 0.011
3301.71972 17.116 0.014
3304.78236 17.082 0.012
3306.86337 17.118 0.012
3308.88016 17.080 0.019
3311.69048 17.079 0.012
3320.73326 17.106 0.011
3327.70228 17.114 0.012
3329.85289 17.089 0.011
3334.75886 17.092 0.014
3338.80898 17.106 0.011
3350.64080 17.096 0.010
3354.64096 17.113 0.015
3358.69444 17.089 0.010
3361.79990 17.096 0.011
3363.74966 17.122 0.012
3367.70345 17.115 0.014
3372.72188 17.109 0.011
3378.63462 17.097 0.012
3382.61281 17.156 0.016
3391.70218 17.096 0.012
3395.69360 17.178 0.014
3399.66970 17.076 0.011
3402.68655 17.161 0.011
3404.61712 17.089 0.012
3408.56773 17.079 0.011
3412.61316 17.093 0.012
3416.59656 17.132 0.012
3424.59964 17.116 0.014
3431.50128 17.123 0.016
3437.51229 17.121 0.011
3445.51702 17.139 0.014
3453.53876 17.124 0.014
3462.51404 17.119 0.014
3582.92064 17.107 0.012
3589.92743 17.083 0.011
3617.91283 17.079 0.014
3629.85249 17.104 0.014
3634.81785 17.088 0.011
3639.87075 17.201 0.011
3641.86165 17.113 0.012
3650.85697 17.084 0.010
3653.88483 17.167 0.012
3657.83807 17.092 0.011
3661.82193 17.090 0.014
3666.81814 17.054 0.012
3671.85100 17.091 0.011
3675.83358 17.091 0.011
3683.85468 17.112 0.011
3687.74740 17.084 0.011
3689.84788 17.095 0.011
3692.77174 17.094 0.011
3694.78665 17.112 0.011
3696.72911 17.107 0.011
3699.73167 17.092 0.010
3701.78467 17.098 0.011
3704.69173 17.087 0.011
3706.82053 17.086 0.011
3711.69418 17.096 0.012
3713.70793 17.089 0.012
3716.80707 17.079 0.011
3719.78797 17.114 0.016
3725.77965 17.104 0.012
3727.75444 17.119 0.011
3730.64976 17.098 0.010
3732.67426 17.113 0.011
3734.77223 17.084 0.011
3736.78863 17.092 0.011
3737.67718 17.083 0.011
3739.77619 17.090 0.011
3742.59918 17.109 0.014
3745.71066 17.088 0.011
3747.74024 17.129 0.018
3749.62305 17.095 0.016
3751.72719 17.084 0.012
3753.59883 17.089 0.012
3755.63638 17.075 0.014
3757.66982 17.084 0.012
3759.73347 17.087 0.011
3762.72180 17.094 0.014
3765.74033 17.078 0.010
3770.58185 17.111 0.012
3773.58921 17.132 0.012
3776.58825 17.093 0.012
3779.57829 17.091 0.014
3782.62802 17.098 0.011
3787.55289 17.111 0.012
3791.60009 17.091 0.012
3799.52460 17.120 0.015
3821.50264 17.120 0.012
3945.92731 17.106 0.011
3963.92344 17.127 0.014
3969.85388 17.089 0.012
3975.90392 17.100 0.011
3981.83314 17.098 0.014
3995.88353 17.105 0.012
4001.83662 17.097 0.011
4005.81447 17.107 0.011
4007.81852 17.116 0.011
4011.81867 17.057 0.014
4018.81020 17.092 0.012
4023.84229 17.093 0.011
4026.74864 17.085 0.011
4028.88479 17.105 0.018
4031.77256 17.102 0.015
4037.88166 17.078 0.016
4040.84855 17.084 0.022
4042.86429 17.096 0.012
4046.73927 17.129 0.014
4048.82882 17.122 0.014
4052.67097 17.102 0.011
4053.86861 17.060 0.018
4056.71550 17.103 0.012
4058.65356 17.100 0.012
4063.64759 17.106 0.011
4066.64538 17.105 0.011
4069.71101 17.073 0.011
4071.63962 17.103 0.012
4076.71188 17.091 0.012
4079.72459 17.137 0.014
4083.64150 17.105 0.014
4085.70678 17.119 0.012
4092.82410 17.109 0.012
4104.87092 17.133 0.023
4112.69561 17.081 0.010
4117.68446 17.230 0.014
4121.66051 17.097 0.012
4124.74335 17.119 0.011
4129.75593 17.124 0.014
4142.61494 17.086 0.014
4150.60341 17.087 0.011
4155.51674 17.072 0.012
4166.54560 17.148 0.016
4196.49509 17.094 0.015
4341.87111 17.081 0.015
4347.82102 17.197 0.015
4351.86695 17.101 0.014
4357.87887 17.115 0.015
4363.80351 17.095 0.015
4366.85409 17.097 0.015
4369.89463 17.115 0.014
4372.79756 17.083 0.014
4376.88794 17.117 0.016
4379.89436 17.107 0.016
4386.75550 17.085 0.012
4393.76644 17.092 0.012
4398.84267 17.083 0.012
4403.84909 17.115 0.015
4411.77803 17.093 0.012
4411.83973 17.117 0.014
4418.72885 17.085 0.011
4422.82544 17.107 0.012
4429.75668 17.105 0.020
4432.69361 17.094 0.012
4436.73301 17.115 0.014
4439.79870 17.084 0.015
4443.66839 17.102 0.016
4448.82239 17.119 0.012
4451.66260 17.095 0.014
4455.66139 17.089 0.015
4457.71692 17.101 0.016
4464.70967 17.090 0.011
4467.70218 17.111 0.011
4471.70390 17.097 0.011
4476.67094 17.102 0.011
4480.67072 17.097 0.012
4484.74976 17.095 0.015
4488.67228 17.099 0.015
4493.67441 17.104 0.015
4498.65269 17.088 0.011
4501.64573 17.085 0.012
4506.58384 17.112 0.014
4508.59383 17.113 0.012
4510.67312 17.078 0.014
4516.62286 17.066 0.018
4519.69439 17.106 0.015
4521.53803 17.106 0.014
4530.60267 17.118 0.014
4532.63096 17.170 0.014
4537.59260 17.122 0.014
4544.59775 17.128 0.016
4547.54033 17.098 0.014
4556.55600 17.093 0.012
4561.53348 17.112 0.012
4568.48816 17.110 0.014
4575.51108 17.125 0.014
4592.50832 17.091 0.018
4600.49182 17.124 0.015
4682.91567 17.112 0.014
4691.92401 17.130 0.015
4719.85195 17.134 0.014
4724.79813 17.093 0.014
4727.88871 17.111 0.015
4733.89497 17.097 0.014
4747.87662 17.092 0.012
4752.83586 17.105 0.015
4754.77596 17.110 0.015
4755.77855 17.088 0.012
4756.84510 17.095 0.012
4757.76495 17.081 0.015
4757.88601 17.106 0.019
4758.73594 17.112 0.014
4758.88321 17.096 0.015
4759.77074 17.084 0.011
4759.88173 17.082 0.015
4760.72796 17.120 0.012
4761.74864 17.089 0.012
4762.70151 17.096 0.012
4762.85174 17.186 0.012
4768.82966 17.091 0.012
4771.87199 17.065 0.018
4775.70536 17.082 0.014
4777.71993 17.113 0.012
4781.68327 17.097 0.012
4788.76709 17.092 0.012
4791.77759 17.110 0.011
4794.74895 17.095 0.012
4797.73017 17.229 0.014
4800.69166 17.095 0.011
4802.80496 17.110 0.011
4804.82939 17.104 0.012
4805.85218 17.090 0.012
4807.80724 17.095 0.012
4809.84501 17.087 0.011
4812.69405 17.069 0.016
4814.71012 17.093 0.014
4816.70701 17.095 0.014
4818.76301 17.096 0.011
4820.74057 17.122 0.011
4823.76690 17.087 0.012
4825.84045 17.098 0.014
4833.65344 17.104 0.011
4835.67054 17.103 0.012
4837.72836 17.089 0.014
4840.69399 17.090 0.012
4842.67869 17.093 0.012
4844.67787 17.101 0.011
4847.74482 17.094 0.012
4849.74177 17.092 0.015
4850.65579 17.088 0.011
4851.81343 17.097 0.014
4852.75060 17.080 0.011
4853.66993 17.104 0.014
4854.72673 17.076 0.012
4854.75762 17.106 0.012
4855.65741 17.110 0.014
4856.72203 17.090 0.014
4857.63346 17.109 0.012
4865.68788 17.087 0.012
4867.67765 17.104 0.011
4870.69084 17.088 0.014
4873.72160 17.088 0.014
4875.69339 17.086 0.012
4877.61548 17.096 0.012
4879.67213 17.057 0.014
4884.68456 17.105 0.012
4888.57220 17.096 0.012
4902.60853 17.061 0.016
4919.55210 17.098 0.014
4925.56215 17.110 0.014
4929.53351 17.065 0.018
4932.56888 17.091 0.016
4936.53295 17.081 0.015
4938.53152 17.118 0.015
4941.48869 17.101 0.015
4942.49245 17.111 0.014
4943.50413 17.112 0.014
4944.48600 17.102 0.014
4945.48941 17.104 0.012
4946.48788 17.104 0.015
4947.54577 17.075 0.014
4948.47414 17.094 0.015
4949.47260 17.111 0.012
4950.46697 17.110 0.019
4951.46480 17.106 0.018
4953.49464 17.091 0.015
4954.46984 17.154 0.019
