2177.78263 17.199 0.016
2188.83396 17.203 0.019
2194.86303 17.195 0.014
2208.77007 17.248 0.017
2211.77633 17.219 0.016
2221.81169 17.203 0.018
2225.81769 17.194 0.013
2228.71289 17.183 0.015
2231.83788 17.220 0.014
2233.80585 17.204 0.014
2237.72936 17.201 0.014
2240.69614 17.193 0.014
2242.69133 17.188 0.016
2244.75787 17.198 0.022
2250.69179 17.202 0.014
2252.78888 17.221 0.014
2254.84800 17.191 0.013
2256.82370 17.219 0.013
2258.75829 17.197 0.013
2262.72686 17.218 0.013
2269.68978 17.185 0.016
2271.69331 17.216 0.015
2273.70011 17.183 0.015
2278.73981 17.210 0.015
2280.69693 17.198 0.013
2282.68356 17.189 0.013
2288.66219 17.180 0.011
2290.66390 17.181 0.014
2292.67941 17.176 0.015
2294.85377 17.203 0.019
2296.66707 17.240 0.022
2298.65025 17.199 0.014
2302.61670 17.217 0.014
2304.59236 17.221 0.018
2324.60249 17.206 0.014
2329.59440 17.193 0.016
2330.52862 17.220 0.018
2342.52920 17.203 0.018
2356.52471 17.220 0.018
2392.51414 17.220 0.019
2550.84822 17.226 0.018
2554.80944 17.231 0.017
2558.82977 17.218 0.016
2562.84342 17.201 0.015
2576.85339 17.204 0.016
2579.85749 17.223 0.015
2588.77748 17.219 0.015
2593.76430 17.197 0.015
2598.84370 17.191 0.016
2607.78361 17.183 0.014
2610.81710 17.237 0.018
2615.68938 17.215 0.014
2619.82483 17.206 0.013
2622.62015 17.191 0.016
2628.76212 17.226 0.019
2630.77545 17.209 0.017
2631.81840 17.203 0.018
2635.76233 17.204 0.013
2637.85688 17.200 0.014
2639.76079 17.199 0.013
2642.83864 17.205 0.016
2644.84041 17.221 0.015
2649.85084 17.197 0.014
2652.83958 17.220 0.013
2654.86858 17.204 0.014
2656.82838 17.206 0.016
2660.85782 17.212 0.017
2662.85595 17.207 0.018
2665.63117 17.201 0.013
2672.70283 17.208 0.014
2675.83315 17.210 0.014
2678.60541 17.206 0.015
2684.65614 17.191 0.014
2689.61044 17.181 0.017
2694.59420 17.304 0.017
2698.55877 17.204 0.014
2710.55186 17.209 0.017
2729.50770 17.210 0.019
2896.91154 17.188 0.020
2908.79018 17.226 0.017
2915.76048 17.210 0.015
2918.88168 17.197 0.016
2924.82520 17.212 0.015
2927.85451 17.213 0.017
2932.80235 17.192 0.015
2935.82621 17.222 0.016
2941.77856 17.217 0.014
2944.80972 17.213 0.016
2948.77278 17.190 0.016
2951.84152 17.202 0.015
2955.71658 17.191 0.018
2957.85283 17.171 0.017
2962.84647 17.206 0.013
2964.82366 17.219 0.014
2967.73863 17.225 0.016
2971.72266 17.233 0.014
2975.72925 17.204 0.015
2977.84314 17.217 0.014
2979.70558 17.185 0.015
2981.75104 17.223 0.022
2984.83685 17.210 0.014
2988.85124 17.185 0.014
2990.83374 17.208 0.014
2992.83946 17.186 0.014
2996.84239 17.195 0.014
2999.67383 17.213 0.015
3001.84053 17.211 0.014
3003.82068 17.203 0.015
3005.79254 17.202 0.013
3007.80499 17.220 0.013
3009.84238 17.226 0.014
3013.87344 17.236 0.024
3017.86077 17.228 0.017
3019.81449 17.216 0.015
3021.69924 17.237 0.011
3023.85500 17.208 0.016
3025.85618 17.216 0.014
3027.87710 17.177 0.018
3030.63858 17.198 0.014
3032.70957 17.215 0.013
3034.79139 17.231 0.014
3036.81803 17.232 0.014
3040.64143 17.219 0.019
3042.78747 17.213 0.018
3044.72174 17.207 0.016
3046.76196 17.225 0.018
3049.70639 17.192 0.013
3051.70463 17.212 0.015
3053.68014 17.219 0.013
3055.69714 17.317 0.015
3057.74750 17.291 0.014
3059.73811 17.220 0.013
3066.71148 17.206 0.014
3068.69402 17.198 0.016
3071.63639 17.211 0.020
3074.65920 17.219 0.017
3077.55846 17.231 0.015
3081.54720 17.209 0.014
3083.66632 17.220 0.013
3086.62535 17.203 0.014
3089.60570 17.230 0.015
3092.61769 17.207 0.018
3097.61661 17.213 0.016
3100.65241 17.216 0.018
3104.61041 17.206 0.016
3111.57992 17.167 0.018
3114.60456 17.187 0.013
3123.54737 17.228 0.019
3129.53944 17.182 0.017
3134.55832 17.207 0.015
3245.90211 17.215 0.015
3251.86639 17.217 0.013
3261.85926 17.193 0.015
3267.82894 17.196 0.010
3272.83320 17.190 0.016
3275.78365 17.237 0.023
3280.84719 17.188 0.014
3283.77812 17.183 0.011
3288.83611 17.210 0.011
3296.76183 17.191 0.011
3298.72657 17.263 0.011
3300.78298 17.202 0.015
3302.86004 17.235 0.015
3306.68777 17.207 0.017
3308.70848 17.222 0.016
3315.72966 17.182 0.013
3321.86670 17.234 0.015
3324.70817 17.206 0.016
3329.71774 17.196 0.011
3335.76392 17.178 0.019
3340.78141 17.206 0.014
3351.65287 17.199 0.014
3359.82708 17.203 0.011
3360.85164 17.196 0.013
3375.85094 17.190 0.013
3380.71864 17.202 0.016
3385.79529 17.184 0.013
3389.70518 17.173 0.016
3394.83510 17.208 0.015
3396.84148 17.182 0.014
3399.84290 17.195 0.017
3403.78842 17.183 0.013
3409.66417 17.211 0.013
3414.57052 17.263 0.015
3419.61952 17.215 0.014
3427.52564 17.207 0.015
3433.54881 17.219 0.014
3439.58980 17.203 0.013
3449.54435 17.198 0.014
3459.52928 17.200 0.013
3631.83054 17.223 0.019
3638.88499 17.199 0.013
3641.89484 17.213 0.015
3652.84188 17.202 0.013
3655.87785 17.182 0.013
3659.86193 17.208 0.015
3663.83025 17.215 0.016
3671.81779 17.211 0.013
3673.85844 17.194 0.013
3683.70838 17.204 0.014
3686.76625 17.206 0.013
3689.68499 17.200 0.014
3692.83272 17.238 0.014
3694.74182 17.220 0.014
3696.86363 17.192 0.018
3702.74644 17.188 0.011
3704.83281 17.187 0.011
3711.81244 17.230 0.013
3714.69764 17.216 0.013
3718.82178 17.199 0.014
3724.82252 17.201 0.013
3728.85706 17.197 0.014
3733.82280 17.216 0.013
3735.86039 17.197 0.013
3736.85100 17.178 0.011
3738.83320 17.204 0.015
3741.64568 17.228 0.015
3743.85541 17.186 0.015
3747.62383 17.195 0.017
3749.85489 17.209 0.019
3752.81436 17.197 0.016
3754.82011 17.219 0.015
3757.82910 17.221 0.013
3760.80300 17.193 0.014
3763.81122 17.216 0.016
3768.70639 17.208 0.013
3774.74551 17.293 0.014
3777.73490 17.294 0.015
3780.60220 17.208 0.014
3784.63753 17.192 0.013
3789.60451 17.176 0.011
3796.54336 17.200 0.015
3803.53494 17.204 0.014
3814.53143 17.206 0.013
3966.89038 17.226 0.015
3975.86368 17.222 0.017
3986.88449 17.228 0.019
4003.85571 17.213 0.013
4007.87852 17.185 0.013
4009.86591 17.239 0.014
4016.77123 17.217 0.016
4021.76562 17.195 0.015
4025.80124 17.219 0.013
4028.70837 17.215 0.014
4030.78418 17.175 0.014
4036.84337 17.224 0.013
4040.67919 17.236 0.017
4042.69505 17.204 0.019
4045.79488 17.223 0.017
4048.65480 17.200 0.018
4050.72797 17.213 0.014
4053.69986 17.228 0.014
4055.64885 17.187 0.017
4057.85865 17.200 0.015
4064.81786 17.197 0.010
4066.84700 17.204 0.014
4069.81987 17.195 0.011
4072.85031 17.194 0.013
4076.82249 17.198 0.013
4079.80999 17.175 0.014
4085.84952 17.202 0.014
4096.76821 17.197 0.013
4098.82423 17.199 0.013
4104.64703 17.189 0.017
4106.77498 17.211 0.015
4109.85071 17.179 0.014
4113.83782 17.242 0.013
4117.85260 17.214 0.017
4122.80687 17.203 0.011
4125.59838 17.227 0.014
4128.79719 17.216 0.014
4141.77258 17.201 0.014
4160.53653 17.199 0.016
4174.51620 17.196 0.016
4349.86809 17.223 0.016
4354.90793 17.223 0.017
4366.88582 17.221 0.015
4370.85666 17.205 0.015
4378.86672 17.199 0.014
4382.82386 17.209 0.017
4387.82523 17.208 0.015
4391.83068 17.194 0.014
4396.86320 17.203 0.014
4400.87245 17.203 0.015
4409.73601 17.213 0.015
4415.77824 17.230 0.015
4424.78133 17.203 0.016
4428.76768 17.210 0.018
4431.66405 17.195 0.017
4434.72204 17.196 0.014
4438.70460 17.206 0.014
4441.78617 17.231 0.016
4444.81104 17.219 0.017
4450.84232 17.210 0.016
4454.83991 17.200 0.013
4456.83213 17.189 0.013
4459.83069 17.210 0.015
4464.84760 17.203 0.014
4467.84155 17.198 0.015
4471.79952 17.211 0.014
4479.85385 17.215 0.014
4482.86950 17.203 0.015
4488.82957 17.223 0.020
4492.81827 17.190 0.015
4494.80052 17.225 0.016
4498.75755 17.301 0.014
4501.75474 17.231 0.015
4506.71960 17.219 0.017
4508.76619 17.233 0.015
4511.77320 17.216 0.014
4519.75186 17.223 0.018
4522.64763 17.190 0.017
4525.69595 17.234 0.014
4532.60647 17.181 0.015
4536.66118 17.214 0.016
4539.67966 17.207 0.014
4542.68017 17.198 0.017
4546.56545 17.207 0.019
4551.63978 17.236 0.016
4558.61955 17.228 0.013
4565.59976 17.227 0.014
4570.61064 17.192 0.016
4579.51840 17.210 0.017
4592.54081 17.235 0.018
4616.50273 17.222 0.018
4690.89737 17.195 0.015
4701.92288 17.209 0.016
4719.87275 17.222 0.015
4725.90403 17.199 0.015
4730.81535 17.200 0.013
4741.88557 17.203 0.014
4749.86513 17.204 0.013
4755.80381 17.203 0.014
4758.82811 17.216 0.015
4761.86253 17.204 0.013
4767.74112 17.213 0.014
4771.70298 17.208 0.013
4773.79529 17.254 0.015
4776.73592 17.169 0.014
4778.85284 17.190 0.015
4782.81662 17.216 0.014
4787.75850 17.213 0.019
4790.75312 17.225 0.014
4793.83843 17.220 0.015
4796.82510 17.206 0.015
4801.85051 17.208 0.014
4804.75660 17.204 0.015
4806.81390 17.194 0.015
4809.78815 17.215 0.013
4812.74065 17.206 0.018
4814.82946 17.194 0.016
4816.82394 17.189 0.016
4818.84843 17.231 0.015
4821.81939 17.204 0.011
4826.81246 17.207 0.013
4833.84029 17.198 0.013
4836.85731 17.195 0.011
4839.76744 17.211 0.015
4842.82046 17.179 0.016
4844.83369 17.206 0.015
4847.87080 17.221 0.017
4854.84627 17.198 0.015
4863.78682 17.202 0.015
4868.81296 17.223 0.014
4870.78556 17.239 0.019
4875.77884 17.225 0.015
4876.77710 17.198 0.014
4878.75981 17.205 0.014
4883.64323 17.209 0.014
4886.64949 17.217 0.014
4891.62403 17.229 0.013
4901.59276 17.207 0.016
4908.67483 17.205 0.015
4914.61914 17.178 0.015
4915.65340 17.205 0.015
4919.62411 17.204 0.013
4924.63295 17.199 0.013
4927.62704 17.211 0.016
4929.60726 17.190 0.016
4934.59795 17.192 0.018
4938.58587 17.225 0.017
4943.57838 17.206 0.014
4947.57723 17.217 0.014
