2166.85961 19.141 0.065
2185.82550 19.246 0.128
2189.86524 19.449 0.103
2192.76843 19.222 0.059
2201.77885 19.196 0.052
2212.81291 19.202 0.076
2217.79730 19.218 0.080
2223.81787 19.186 0.072
2226.79223 19.240 0.068
2228.83565 19.455 0.080
2232.76932 19.229 0.067
2234.76327 19.150 0.054
2238.71395 19.207 0.065
2240.84287 19.300 0.079
2242.84860 19.244 0.095
2248.72986 19.162 0.054
2251.75951 19.135 0.052
2253.78287 19.114 0.049
2255.70541 19.320 0.087
2258.70486 19.311 0.061
2269.78637 19.220 0.070
2271.73468 19.302 0.073
2273.82502 19.429 0.095
2275.79848 19.212 0.078
2277.80126 19.180 0.057
2279.79809 19.202 0.059
2281.76094 19.205 0.049
2283.81813 19.296 0.056
2289.75499 19.189 0.061
2291.76111 19.098 0.084
2293.72947 19.301 0.087
2295.75051 19.135 0.050
2297.74144 19.064 0.062
2299.77384 19.143 0.070
2303.67467 19.291 0.096
2326.58363 19.229 0.073
2332.52706 19.265 0.094
2338.54960 19.140 0.059
2356.49276 19.129 0.090
2387.50545 19.222 0.141
2524.87020 19.270 0.080
2537.87189 19.307 0.132
2542.83676 19.547 0.093
2544.89515 19.354 0.098
2551.88535 19.226 0.076
2559.82327 19.104 0.070
2563.86848 19.151 0.086
2577.85776 19.218 0.071
2583.75419 19.109 0.072
2589.79498 19.169 0.059
2594.81177 19.422 0.147
2605.76248 19.158 0.059
2609.67284 19.199 0.079
2611.67665 19.145 0.094
2617.82328 19.379 0.094
2620.79230 19.137 0.054
2623.76551 19.163 0.068
2626.69061 19.174 0.073
2627.63239 19.478 0.140
2628.85773 19.239 0.090
2630.84647 19.184 0.103
2632.63716 19.128 0.070
2635.63181 19.281 0.068
2637.77201 19.246 0.071
2639.78826 19.210 0.089
2641.66253 19.269 0.075
2643.67461 19.360 0.076
2645.66603 19.284 0.059
2647.59279 19.329 0.078
2651.66122 19.232 0.072
2653.68578 19.183 0.091
2655.67087 19.204 0.074
2657.80383 19.136 0.081
2659.67184 19.607 0.093
2661.69573 19.140 0.063
2665.79762 19.159 0.071
2671.80354 19.155 0.062
2675.73402 19.406 0.068
2677.76893 19.252 0.101
2679.75947 19.271 0.087
2682.61820 19.183 0.081
2686.61134 19.290 0.089
2691.55665 19.160 0.087
2695.59548 19.386 0.105
2700.54648 19.174 0.079
2713.53159 19.290 0.112
2841.93586 19.397 0.101
2868.89838 19.301 0.081
2890.84148 19.115 0.085
2895.87718 19.095 0.053
2900.83287 19.425 0.078
2906.86384 19.158 0.046
2910.89719 19.209 0.056
2915.89734 19.529 0.100
2922.77751 19.145 0.090
2925.86588 19.201 0.074
2930.77847 19.177 0.061
2933.82287 19.226 0.048
2939.83126 19.183 0.070
2941.84930 19.223 0.057
2943.72413 19.468 0.089
2946.82717 19.259 0.080
2948.81749 19.106 0.062
2952.81352 19.246 0.072
2956.65690 19.281 0.056
2958.68371 19.475 0.085
2962.69460 19.176 0.066
2965.71165 19.163 0.057
2967.81101 19.149 0.057
2970.77661 19.246 0.054
2974.71617 19.263 0.067
2976.75004 19.201 0.060
2978.64456 19.221 0.077
2980.67100 19.181 0.070
2982.63013 19.233 0.071
2984.67128 19.199 0.061
2986.75914 19.228 0.076
2988.72710 19.505 0.085
2990.66050 19.130 0.049
2992.75015 19.265 0.058
2994.65792 19.165 0.056
2996.74823 19.229 0.065
2998.70295 19.174 0.057
2999.79609 19.132 0.066
3001.67370 19.345 0.059
3003.66937 19.243 0.063
3005.62638 19.208 0.078
3007.74482 19.151 0.058
3009.68065 19.247 0.065
3011.62624 19.112 0.081
3013.65690 19.232 0.065
3017.63219 19.373 0.056
3018.72405 19.384 0.080
3020.79927 19.264 0.090
3022.82574 19.200 0.061
3024.77428 19.254 0.062
3026.77161 19.305 0.054
3028.78367 19.169 0.045
3030.78393 19.242 0.056
3033.71125 19.387 0.051
3035.71753 19.194 0.058
3038.69592 19.141 0.074
3040.69554 19.259 0.084
3042.63911 19.311 0.093
3044.57301 19.378 0.086
3046.58848 19.370 0.068
3048.57344 19.260 0.053
3050.59230 19.170 0.053
3052.58935 19.187 0.055
3054.59019 19.280 0.067
3056.58739 19.218 0.061
3058.58116 19.331 0.071
3060.60161 19.408 0.072
3064.60616 19.360 0.090
3067.66313 19.275 0.068
3069.62322 19.175 0.081
3073.53801 19.247 0.096
3075.62736 19.301 0.074
3078.54722 19.182 0.075
3082.53622 19.197 0.089
3084.61215 19.165 0.052
3087.57445 19.260 0.074
3090.53043 19.350 0.095
3093.51073 19.212 0.105
3098.61965 19.187 0.079
3101.57732 19.173 0.123
3104.55056 19.360 0.090
3111.52409 19.229 0.093
3114.51807 19.267 0.083
3126.48249 19.180 0.079
3144.49779 19.181 0.089
3224.89797 19.198 0.080
3239.93193 19.185 0.087
3247.90288 19.210 0.064
3256.88113 19.222 0.062
3263.85595 19.171 0.043
3268.87170 19.216 0.050
3273.84328 19.385 0.071
3276.86139 19.167 0.085
3281.82631 19.140 0.047
3289.83974 19.306 0.075
3294.83789 19.136 0.049
3296.84323 19.205 0.055
3298.87379 19.173 0.057
3301.69415 19.248 0.083
3303.86318 19.431 0.089
3306.83780 19.067 0.062
3308.85478 19.179 0.062
3311.66489 19.270 0.082
3320.69803 19.262 0.060
3323.65099 18.999 0.056
3329.82706 19.137 0.045
3334.72686 19.148 0.081
3338.78264 19.257 0.060
3349.79885 19.221 0.060
3351.78371 19.093 0.059
3354.75184 19.219 0.059
3358.63818 19.391 0.053
3361.73395 19.262 0.063
3363.72410 19.107 0.059
3367.67764 19.076 0.070
3372.69641 19.227 0.054
3377.73258 19.342 0.093
3386.75837 19.219 0.045
3391.60372 19.188 0.069
3395.66779 19.154 0.072
3398.71551 19.181 0.063
3402.66077 19.188 0.052
3404.58863 19.455 0.078
3408.54205 19.319 0.068
3412.58734 19.263 0.070
3414.61890 19.157 0.070
3419.58976 19.288 0.074
3426.52524 19.301 0.076
3433.57644 19.654 0.114
3443.55819 19.248 0.063
3453.51340 19.239 0.071
3575.91858 19.021 0.060
3589.89001 19.303 0.063
3617.88693 19.336 0.066
3629.82641 19.216 0.075
3634.79255 19.221 0.059
3639.90277 19.215 0.086
3641.83640 19.077 0.054
3650.83174 19.154 0.044
3653.85974 19.166 0.050
3657.81024 19.160 0.044
3660.77593 19.453 0.094
3664.81141 19.168 0.053
3668.74770 19.347 0.080
3672.75722 19.327 0.058
3676.85865 19.433 0.077
3684.80285 19.104 0.049
3687.72185 19.173 0.050
3689.82042 19.325 0.065
3692.74483 19.333 0.076
3694.81882 19.298 0.065
3696.69410 19.119 0.055
3699.70631 19.227 0.057
3701.75724 19.289 0.056
3704.72372 19.337 0.054
3706.77791 19.314 0.053
3711.66891 19.190 0.054
3713.68257 19.205 0.050
3716.73164 19.408 0.121
3719.75940 19.481 0.107
3722.81861 19.199 0.065
3726.68184 19.139 0.053
3728.65459 19.075 0.043
3731.75513 19.201 0.053
3733.64132 19.386 0.055
3734.74428 19.429 0.059
3736.76317 19.194 0.055
3737.65182 19.179 0.047
3739.71392 19.147 0.048
3741.82018 19.217 0.084
3743.71805 19.184 0.055
3746.76045 19.253 0.085
3748.71309 19.473 0.104
3750.71926 19.152 0.059
3752.72733 19.224 0.059
3754.74863 19.134 0.055
3755.66839 19.245 0.069
3757.64250 19.180 0.059
3759.60815 19.113 0.070
3762.69300 19.365 0.064
3765.71494 19.211 0.039
3769.75553 19.167 0.045
3772.72384 19.140 0.050
3775.71579 19.170 0.083
3778.69428 19.242 0.061
3782.60243 19.247 0.076
3786.57848 19.054 0.054
3791.57481 19.510 0.080
3798.57453 19.170 0.048
3805.56171 19.414 0.074
3820.50707 19.287 0.079
3945.90201 19.389 0.059
3961.93727 19.272 0.102
3968.91936 19.172 0.060
3974.91529 19.601 0.106
3981.80832 19.219 0.075
3988.89020 19.185 0.075
3995.84325 19.315 0.066
4002.83935 19.189 0.050
4005.78937 19.116 0.044
4007.79357 19.092 0.048
4011.77400 19.425 0.087
4018.75956 19.234 0.070
4023.81307 19.282 0.061
4026.72367 19.283 0.065
4028.85973 19.163 0.043
4031.74746 19.361 0.082
4037.85636 19.264 0.059
4040.82366 19.307 0.067
4042.83845 19.099 0.058
4046.71430 19.345 0.071
4048.80323 19.258 0.076
4052.64610 19.247 0.047
4053.84383 19.167 0.049
4056.68734 19.407 0.094
4059.67456 19.310 0.061
4064.64269 19.321 0.053
4066.62044 19.384 0.080
4069.68603 19.067 0.048
4071.61395 19.248 0.073
4076.68287 19.436 0.103
4079.69945 19.277 0.075
4082.68979 19.160 0.052
4084.76966 19.135 0.068
4087.68910 19.238 0.056
4093.77812 19.332 0.063
4102.66637 19.402 0.105
4104.81315 19.202 0.080
4109.67402 19.066 0.047
4113.69261 19.166 0.052
4119.63085 19.272 0.084
4122.67969 19.372 0.064
4125.72709 19.331 0.072
4129.72655 19.293 0.065
4142.58934 19.146 0.067
4150.56135 19.170 0.050
4166.51966 19.303 0.102
4184.50923 19.265 0.102
4340.90980 19.226 0.054
4346.89792 19.282 0.082
4350.91648 19.320 0.086
4357.85007 19.160 0.083
4363.77852 19.403 0.100
4365.80215 19.365 0.133
4369.79775 19.201 0.075
4372.77244 19.170 0.058
4376.86298 19.565 0.108
4379.86952 19.162 0.066
4383.87358 19.157 0.057
4388.86754 19.242 0.083
4393.74143 19.104 0.064
4398.81663 19.125 0.062
4403.75726 19.179 0.088
4411.75245 19.116 0.051
4417.83526 19.252 0.061
4421.74766 19.235 0.052
4425.82086 19.177 0.081
4429.73161 19.167 0.118
4432.77320 19.209 0.059
4436.69968 19.278 0.075
4439.74383 19.138 0.074
4442.72123 19.111 0.077
4448.77691 19.266 0.056
4450.78160 19.488 0.099
4453.75741 19.302 0.069
4456.77075 19.133 0.076
4459.68077 19.185 0.064
4462.68280 19.244 0.068
4465.72302 19.355 0.066
4469.67614 19.171 0.080
4474.67817 19.341 0.069
4478.78095 19.232 0.069
4481.77972 19.309 0.077
4484.68945 19.139 0.074
4487.75183 19.110 0.110
4492.70443 19.310 0.078
4494.73888 19.505 0.101
4499.63586 19.202 0.072
4502.69308 19.304 0.087
4507.65183 19.475 0.087
4509.64907 19.162 0.079
4516.59773 19.283 0.102
4520.66968 19.238 0.088
4522.55677 19.267 0.081
4524.57079 19.221 0.090
4530.57599 19.137 0.080
4532.56800 19.395 0.111
4537.56608 19.277 0.085
4540.61481 19.227 0.090
4549.57124 19.252 0.090
4560.50981 19.330 0.095
4567.52138 19.108 0.084
4574.54242 19.175 0.087
4592.48008 19.252 0.117
4681.93344 19.224 0.067
4691.89912 19.367 0.098
4702.91104 19.094 0.060
4719.82659 19.461 0.089
4726.90096 19.226 0.072
4731.87729 19.143 0.050
4747.84968 19.139 0.053
4752.81084 19.305 0.095
4756.81998 19.083 0.066
4759.86704 19.183 0.063
4762.82681 19.334 0.065
4768.80477 19.167 0.061
4771.84691 19.209 0.070
4774.85628 19.188 0.068
4777.69369 19.366 0.074
4780.84265 19.218 0.072
4783.81259 19.184 0.067
4788.74194 19.050 0.064
4791.71934 19.419 0.056
4794.72367 19.220 0.059
4797.70506 19.253 0.070
4800.74833 19.139 0.050
4802.77994 19.141 0.050
4804.80408 19.195 0.060
4805.82715 19.141 0.064
4807.77804 19.330 0.065
4810.73597 19.183 0.060
4812.79555 19.248 0.100
4814.68516 19.348 0.084
4816.68199 19.122 0.065
4818.70412 19.183 0.059
4820.71095 19.243 0.057
4823.72454 19.255 0.070
4825.81173 19.105 0.068
4831.85409 19.124 0.088
4832.81434 19.333 0.069
4834.78341 19.469 0.104
4837.68341 19.453 0.106
4839.71196 19.232 0.073
4841.74828 19.322 0.079
4843.74752 19.247 0.091
4846.71345 19.179 0.079
4850.73152 19.173 0.057
4852.72552 19.589 0.095
4855.73296 19.203 0.077
4857.71112 19.168 0.078
4863.66735 18.937 0.069
4866.67826 19.455 0.090
4868.67635 19.154 0.060
4870.66582 19.192 0.075
4873.69645 19.282 0.080
4875.59348 19.192 0.056
4876.62416 19.090 0.048
4878.64908 19.191 0.055
4882.56832 19.223 0.068
4884.63071 19.232 0.068
4888.54718 19.139 0.054
4900.57883 19.186 0.083
4904.60457 19.095 0.084
4913.58240 19.269 0.083
4918.55901 19.275 0.079
4924.57851 19.409 0.070
4928.56831 19.397 0.090
4930.51954 19.302 0.094
4934.51636 19.252 0.088
4938.50764 19.674 0.143
4942.52420 19.317 0.095
4947.51758 19.251 0.085
