2187.82816 19.592 0.130
2194.79347 19.915 0.138
2206.80188 19.650 0.139
2215.84710 19.944 0.151
2222.84508 19.489 0.114
2225.72809 20.543 0.284
2227.80259 19.552 0.089
2229.80853 19.491 0.114
2231.77692 19.736 0.142
2233.74506 19.711 0.110
2237.66464 19.477 0.107
2239.72545 19.575 0.086
2241.83384 19.943 0.170
2244.69686 20.152 0.197
2249.80911 19.739 0.107
2251.66341 19.520 0.102
2253.82791 19.634 0.093
2255.63641 19.426 0.113
2257.84598 19.584 0.070
2260.83285 19.469 0.092
2262.78742 19.499 0.085
2262.79779 19.580 0.085
2265.83176 19.646 0.113
2266.71611 19.629 0.098
2270.74774 19.979 0.138
2272.76971 19.871 0.154
2274.82500 19.627 0.120
2276.66342 19.537 0.119
2279.65448 19.663 0.093
2281.82972 20.053 0.129
2283.67388 19.635 0.092
2288.82964 19.537 0.098
2290.83777 19.444 0.114
2292.84599 20.118 0.244
2294.81408 19.600 0.175
2298.85077 19.500 0.111
2301.79021 19.884 0.213
2303.78098 19.645 0.153
2329.52485 19.752 0.209
2335.54178 19.682 0.145
2341.54056 19.645 0.107
2349.49964 19.608 0.148
2391.56153 19.920 0.227
2548.87834 19.615 0.117
2553.84199 19.426 0.108
2558.76238 19.594 0.111
2562.77386 19.627 0.130
2576.79225 19.725 0.154
2579.79098 19.595 0.110
2586.82736 19.776 0.113
2591.79805 19.533 0.092
2598.77528 19.593 0.116
2606.80450 19.692 0.104
2610.70231 19.459 0.114
2615.73885 19.697 0.096
2619.74514 19.627 0.089
2622.69779 19.627 0.132
2625.68253 19.597 0.107
2628.67512 19.508 0.110
2630.68612 19.698 0.124
2632.83364 19.571 0.108
2636.78353 19.574 0.102
2639.69991 19.535 0.096
2642.77765 19.768 0.141
2644.77339 19.631 0.095
2646.76190 19.718 0.113
2649.77984 19.576 0.090
2651.80461 19.557 0.086
2653.83209 20.543 0.357
2655.85774 19.558 0.114
2658.73469 19.716 0.212
2660.79601 19.565 0.108
2662.79419 19.540 0.113
2664.78584 19.859 0.252
2667.59099 19.546 0.092
2672.63689 19.801 0.147
2675.77548 19.637 0.077
2677.81067 19.486 0.158
2679.82921 19.981 0.228
2683.64328 19.589 0.133
2688.62246 19.675 0.119
2693.61705 19.475 0.073
2697.60006 20.266 0.224
2703.50816 19.903 0.203
2709.55270 19.672 0.117
2727.50190 19.762 0.181
2877.86637 19.680 0.114
2885.92012 19.665 0.136
2894.86986 19.620 0.105
2899.87158 19.558 0.089
2905.77923 19.909 0.173
2908.83774 20.147 0.172
2912.86065 19.540 0.073
2917.87661 19.550 0.085
2923.87892 19.541 0.114
2927.78075 20.004 0.201
2931.85959 19.672 0.107
2935.75310 19.615 0.120
2941.71351 19.442 0.080
2944.74457 19.420 0.095
2948.70786 19.703 0.127
2951.76319 19.486 0.096
2954.83520 19.855 0.215
2957.78253 19.687 0.120
2964.75366 19.630 0.129
2966.83285 19.561 0.076
2968.79403 19.612 0.095
2971.74237 19.516 0.090
2975.68427 19.590 0.110
2977.80557 19.499 0.092
2979.72467 19.658 0.096
2980.84820 19.737 0.142
2981.71435 19.762 0.238
2983.84618 19.672 0.126
2985.75794 19.603 0.083
2987.80076 19.460 0.110
2989.74149 19.802 0.090
2991.81414 19.615 0.092
2992.80268 19.581 0.086
2994.82670 19.733 0.090
2997.83620 19.623 0.099
2999.81673 19.386 0.107
3001.81616 19.620 0.089
3003.78458 19.569 0.086
3005.74593 19.651 0.096
3007.76835 19.638 0.085
3009.76226 19.793 0.108
3011.81679 19.560 0.150
3013.78822 19.703 0.126
3016.81008 19.636 0.098
3017.79575 19.569 0.104
3019.74949 20.095 0.144
3020.87327 19.629 0.203
3023.78833 19.520 0.082
3025.79128 19.980 0.093
3027.81195 19.561 0.129
3029.79460 19.477 0.085
3032.64338 19.575 0.099
3034.72544 19.622 0.077
3036.72147 19.579 0.090
3039.66343 20.161 0.187
3041.75292 19.509 0.121
3043.69910 19.451 0.147
3045.76170 20.175 0.191
3046.69692 19.590 0.132
3047.74093 19.629 0.098
3048.72985 19.632 0.110
3050.72700 19.769 0.102
3052.72309 19.548 0.070
3054.72929 19.894 0.129
3056.71614 19.533 0.083
3057.68244 19.566 0.076
3059.65596 20.010 0.116
3062.55794 19.641 0.110
3066.64665 19.521 0.092
3069.64195 19.803 0.110
3071.57514 19.500 0.121
3074.58842 20.573 0.271
3076.69260 19.592 0.117
3079.69290 19.546 0.083
3083.56297 19.596 0.157
3085.66091 19.852 0.136
3088.61878 19.481 0.099
3091.62266 19.709 0.114
3097.54849 19.508 0.136
3100.58423 19.558 0.120
3103.59446 19.545 0.126
3106.62110 19.623 0.135
3109.60428 19.573 0.123
3110.57862 19.790 0.161
3114.53718 19.863 0.139
3125.52828 19.787 0.198
3132.50767 19.667 0.179
3224.91593 19.603 0.120
3244.89012 19.627 0.120
3245.92080 20.606 0.292
3250.85115 19.802 0.105
3260.90303 19.819 0.129
3265.90105 20.088 0.157
3271.89318 19.781 0.111
3279.84982 19.742 0.116
3283.71143 19.534 0.082
3295.85907 19.670 0.070
3300.71474 19.868 0.135
3302.73715 19.439 0.120
3305.82064 19.996 0.120
3307.84550 19.569 0.133
3310.67195 19.568 0.127
3315.76338 20.366 0.188
3321.78274 19.749 0.093
3324.77298 19.572 0.113
3329.62280 20.167 0.188
3335.66860 19.818 0.210
3340.71429 19.995 0.135
3350.84449 19.640 0.080
3352.85531 19.632 0.085
3356.84389 19.544 0.073
3359.73635 19.558 0.068
3366.77671 20.359 0.221
3375.81437 19.609 0.095
3378.82716 19.658 0.113
3384.74525 19.792 0.110
3388.76690 19.844 0.153
3394.76501 19.667 0.127
3402.79627 19.903 0.133
3405.54082 19.913 0.138
3410.65722 19.663 0.089
3416.56414 19.498 0.096
3425.53032 20.107 0.197
3432.56006 19.681 0.076
3438.51906 19.683 0.107
3448.55082 19.596 0.116
3458.52023 19.596 0.113
3607.91832 20.077 0.142
3625.87213 19.839 0.150
3630.86899 19.652 0.129
3637.82000 19.976 0.166
3640.86996 19.639 0.096
3652.77422 19.630 0.096
3655.81367 19.685 0.087
3659.79744 19.676 0.139
3663.76081 19.365 0.090
3670.83768 19.842 0.119
3673.74260 19.652 0.108
3681.80156 19.324 0.090
3685.86083 19.459 0.077
3688.79271 19.720 0.093
3690.85380 19.560 0.107
3693.86137 19.944 0.161
3696.79792 19.648 0.095
3699.81070 19.610 0.077
3702.67141 19.608 0.095
3704.76838 19.579 0.074
3706.84212 19.630 0.087
3711.83070 19.592 0.080
3713.86129 19.644 0.176
3717.78160 19.604 0.098
3722.83676 19.522 0.096
3726.78870 19.675 0.095
3730.78741 19.757 0.089
3733.75306 20.043 0.105
3735.79599 19.784 0.095
3738.76879 20.124 0.144
3740.83234 19.669 0.126
3743.79224 20.083 0.150
3747.59886 20.203 0.206
3749.81891 20.184 0.287
3751.83420 19.507 0.135
3753.79818 19.580 0.102
3755.81104 19.412 0.111
3758.79297 19.720 0.181
3761.80786 19.577 0.089
3764.75937 19.782 0.092
3766.77941 19.380 0.090
3771.68879 19.452 0.080
3774.68025 19.583 0.083
3777.63989 19.609 0.090
3780.64891 19.755 0.157
3784.57288 19.777 0.135
3789.53907 19.584 0.082
3795.54117 19.539 0.141
3802.53950 19.835 0.129
3813.51217 19.601 0.110
3831.48823 19.659 0.126
3959.91245 19.568 0.163
3966.84660 19.611 0.107
3973.85590 19.530 0.098
3982.90260 19.469 0.087
3990.84722 19.500 0.090
4002.88534 19.666 0.080
4003.79206 19.806 0.087
4006.84153 19.734 0.113
4008.86235 19.494 0.068
4013.87446 19.528 0.105
4019.89130 19.595 0.139
4024.86875 19.797 0.120
4027.77315 19.631 0.102
4030.70765 19.992 0.172
4036.76232 19.543 0.068
4039.75043 19.731 0.111
4041.82417 19.465 0.077
4045.73090 19.898 0.241
4047.70718 19.755 0.179
4050.66469 19.596 0.098
4052.85376 19.575 0.074
4057.76585 19.591 0.135
4060.70526 19.570 0.074
4065.78935 19.745 0.080
4068.75938 19.653 0.071
4070.80512 19.522 0.095
4074.86037 19.900 0.178
4078.81181 19.726 0.107
4082.74278 19.740 0.111
4084.81289 19.517 0.104
4086.83801 19.545 0.120
4096.67262 19.345 0.076
4103.83685 19.517 0.113
4106.68372 19.414 0.105
4112.84039 19.668 0.113
4120.80746 19.567 0.067
4124.79323 19.581 0.071
4128.67128 19.562 0.113
4141.70928 19.527 0.083
4158.54806 19.505 0.089
4170.50663 19.564 0.110
4343.90897 19.712 0.119
4348.91015 19.663 0.113
4354.83814 19.710 0.136
4361.86550 19.807 0.194
4365.85911 19.543 0.153
4369.83055 19.593 0.130
4372.81856 19.592 0.099
4378.80220 19.498 0.092
4382.75963 19.565 0.108
4387.76153 19.593 0.098
4391.76296 19.707 0.114
4396.79937 19.944 0.164
4400.80738 19.897 0.234
4408.81900 19.720 0.151
4415.82870 19.541 0.082
4423.84877 19.581 0.107
4428.70379 19.798 0.190
4430.81652 19.569 0.124
4433.84754 19.572 0.113
4437.77507 19.578 0.136
4440.78010 19.611 0.105
4444.72520 19.414 0.120
4449.83975 19.445 0.093
4452.80220 19.871 0.141
4455.81709 19.761 0.113
4458.82431 19.670 0.114
4462.82976 19.714 0.120
4465.84133 19.721 0.119
4467.80632 20.158 0.141
4472.75444 19.931 0.104
4479.78926 19.555 0.093
4483.85124 19.899 0.167
4487.84738 19.713 0.193
4493.60770 19.773 0.138
4497.80884 19.814 0.142
4500.68178 19.526 0.085
4502.79145 19.627 0.157
4506.75089 19.516 0.139
4508.70566 19.523 0.096
4510.74911 19.476 0.104
4519.71620 19.466 0.116
4522.57846 19.466 0.105
4524.68736 19.618 0.113
4531.64869 19.698 0.093
4534.67826 19.851 0.130
4536.67933 19.614 0.111
4539.61423 19.639 0.107
4542.61565 20.188 0.195
4545.65616 19.655 0.126
4551.57551 19.610 0.107
4560.56655 19.751 0.132
4568.58596 19.344 0.098
4576.48489 20.301 0.327
4591.49583 19.376 0.108
4686.91403 19.482 0.071
4700.88207 19.626 0.126
4709.88419 19.520 0.098
4721.84736 19.676 0.105
4725.86853 19.513 0.096
4729.85300 19.568 0.083
4740.86693 19.603 0.116
4741.78090 19.558 0.092
4749.80140 19.504 0.102
4754.82998 19.626 0.179
4758.76450 19.776 0.120
4761.79924 19.596 0.092
4766.83230 19.540 0.095
4769.83904 19.533 0.111
4772.87542 19.631 0.253
4776.67221 19.770 0.198
4778.76053 19.836 0.119
4782.75272 19.481 0.080
4786.80367 19.549 0.096
4789.73707 19.531 0.085
4792.66764 20.297 0.253
4795.83820 19.569 0.086
4796.85803 19.532 0.108
4799.79179 19.834 0.126
4801.72439 19.546 0.079
4804.69293 19.463 0.117
4806.74599 19.576 0.093
4808.82599 19.509 0.102
4811.66520 19.700 0.147
4813.84867 19.774 0.175
4815.83277 19.221 0.104
4817.83583 19.565 0.095
4819.84512 20.022 0.138
4820.81559 19.558 0.083
4822.80711 19.558 0.068
4824.83668 20.194 0.160
4831.69342 19.530 0.095
4835.81901 19.561 0.080
4837.80563 19.841 0.175
4839.84076 19.691 0.096
4842.78498 19.409 0.107
4846.83971 19.524 0.079
4850.81667 19.892 0.119
4853.83108 19.714 0.102
4862.62755 19.632 0.076
4865.76782 19.508 0.119
4868.77760 19.603 0.090
4870.75027 19.639 0.150
4874.70030 19.884 0.176
4876.71371 19.588 0.098
4877.75468 19.590 0.098
4882.74956 19.667 0.127
4883.57658 19.996 0.121
4886.56956 19.536 0.089
4890.64371 19.577 0.086
4901.55617 19.614 0.144
4904.62346 20.173 0.195
4915.60226 19.720 0.141
4920.63794 19.566 0.092
4927.59335 19.376 0.114
4931.60062 19.561 0.169
4934.56425 19.841 0.144
4938.55216 19.558 0.130
4941.54175 19.544 0.108
4945.55860 19.560 0.095
4949.55678 20.139 0.129
4955.53385 19.518 0.093
