2187.76460 16.583 0.014
2190.86970 16.614 0.011
2193.83414 16.712 0.011
2202.83391 16.582 0.011
2215.78674 16.696 0.013
2222.78661 16.657 0.013
2224.83418 16.626 0.012
2227.74514 16.671 0.013
2229.75083 16.613 0.012
2231.71935 16.605 0.013
2233.68758 16.603 0.011
2237.60681 16.629 0.014
2239.66784 16.607 0.012
2241.75948 16.610 0.011
2248.68929 16.592 0.011
2250.72072 16.598 0.011
2252.81786 16.621 0.013
2254.73581 16.665 0.011
2257.74961 16.594 0.010
2260.76295 16.588 0.011
2265.70137 16.586 0.011
2266.76317 16.632 0.012
2270.81281 16.590 0.011
2272.66038 16.581 0.011
2274.79132 16.591 0.012
2276.84666 16.609 0.012
2278.80568 16.623 0.013
2280.78537 16.653 0.011
2282.78468 16.613 0.012
2290.68057 16.641 0.012
2293.80003 16.611 0.013
2295.82389 16.623 0.011
2297.81068 16.661 0.012
2299.82712 16.620 0.013
2301.72121 16.587 0.012
2302.79642 16.711 0.015
2303.71919 16.616 0.014
2328.56868 16.587 0.015
2334.56678 16.651 0.013
2340.55842 16.590 0.012
2346.49904 16.616 0.014
2360.49393 16.607 0.014
2391.49482 16.605 0.014
2540.87271 16.602 0.014
2548.80976 16.632 0.013
2553.77648 16.644 0.014
2557.84187 16.576 0.012
2561.83989 16.575 0.012
2565.84585 16.703 0.015
2574.80294 16.563 0.012
2578.85953 16.573 0.013
2586.75883 16.567 0.012
2590.83382 16.585 0.012
2596.84082 16.586 0.013
2606.73712 16.607 0.011
2609.84645 16.601 0.014
2614.80823 16.570 0.012
2619.68488 16.599 0.011
2621.81219 16.586 0.012
2624.70927 16.571 0.012
2627.82938 16.591 0.014
2630.59908 16.561 0.013
2632.74994 16.564 0.011
2636.69976 16.591 0.011
2643.78945 16.602 0.012
2645.78750 16.643 0.012
2649.66280 16.578 0.012
2651.74260 16.571 0.012
2653.73683 16.603 0.013
2655.76745 16.582 0.012
2657.75531 16.698 0.013
2659.81646 16.628 0.014
2661.61661 16.579 0.011
2666.60052 16.559 0.011
2666.62475 16.571 0.011
2668.82748 16.578 0.012
2673.77424 16.564 0.014
2676.75452 16.593 0.012
2678.80048 16.598 0.011
2680.69265 16.567 0.012
2684.57212 16.638 0.013
2688.54819 16.573 0.012
2692.52262 16.594 0.012
2697.53752 16.606 0.012
2702.53911 16.598 0.014
2708.56592 16.610 0.012
2725.49840 16.609 0.013
2875.86555 16.596 0.013
2884.88663 16.617 0.013
2890.90774 16.621 0.015
2896.86062 16.650 0.013
2902.79504 16.595 0.011
2912.79896 16.582 0.010
2917.80727 16.602 0.012
2923.80995 16.600 0.012
2926.86239 16.569 0.011
2931.79114 16.594 0.012
2934.83132 16.613 0.012
2940.81160 16.607 0.011
2943.81639 16.583 0.011
2947.82458 16.623 0.011
2950.74097 16.600 0.012
2954.76693 16.712 0.014
2956.80720 16.605 0.012
2958.85174 16.618 0.013
2963.74309 16.600 0.014
2966.76332 16.666 0.010
2968.73207 16.621 0.011
2971.79410 16.696 0.013
2974.81714 16.593 0.011
2976.67703 16.667 0.012
2979.66096 16.609 0.013
2981.68152 16.723 0.020
2983.81338 16.656 0.013
2985.78045 16.626 0.011
2987.73699 16.580 0.012
2989.67719 16.583 0.011
2991.75104 16.619 0.012
2993.75719 16.626 0.012
2995.83246 16.700 0.012
2997.80361 16.610 0.012
2998.74903 16.616 0.012
3000.75224 16.682 0.012
3002.74911 16.611 0.012
3004.74210 16.595 0.011
3006.73526 16.603 0.012
3010.79598 16.608 0.012
3012.80154 16.693 0.016
3016.74596 16.584 0.011
3018.77660 16.604 0.012
3020.84017 16.589 0.012
3021.86512 16.606 0.013
3023.72647 16.580 0.012
3025.72962 16.616 0.011
3027.74819 16.607 0.012
3029.73264 16.713 0.012
3031.80460 16.636 0.012
3034.62969 16.622 0.011
3036.65995 16.610 0.011
3039.60196 16.689 0.012
3041.68482 16.608 0.013
3042.70983 16.595 0.012
3044.64887 16.635 0.012
3046.63501 16.634 0.013
3048.66818 16.594 0.011
3050.65997 16.584 0.011
3052.66143 16.582 0.011
3054.66697 16.580 0.012
3056.65476 16.679 0.011
3058.64798 16.606 0.012
3060.69745 16.627 0.011
3066.58518 16.632 0.013
3068.61335 16.677 0.014
3071.51172 16.635 0.012
3073.70178 16.620 0.013
3076.62537 16.625 0.016
3079.62778 16.581 0.011
3082.69455 16.609 0.010
3085.59798 16.690 0.011
3088.55476 16.613 0.012
3091.53788 16.601 0.012
3100.51724 16.678 0.016
3102.63335 16.636 0.013
3106.55727 16.598 0.011
3109.54182 16.612 0.012
3113.55929 16.601 0.014
3127.51723 16.621 0.011
3133.53291 16.610 0.013
3230.90766 16.604 0.011
3242.88209 16.579 0.012
3249.84904 16.621 0.014
3258.91702 16.689 0.020
3260.84103 16.632 0.011
3264.88306 16.584 0.010
3271.83145 16.612 0.013
3274.83477 16.602 0.013
3279.78843 16.587 0.011
3282.85404 16.662 0.011
3295.79745 16.631 0.010
3301.86833 16.640 0.014
3305.75923 16.605 0.011
3307.78405 16.626 0.015
3309.82054 16.706 0.011
3311.81407 16.597 0.011
3315.85352 16.611 0.011
3321.72063 16.630 0.011
3324.82858 16.610 0.011
3327.83480 16.610 0.011
3336.66035 16.736 0.013
3339.84222 16.611 0.012
3353.74380 16.636 0.011
3357.77140 16.602 0.011
3360.74927 16.683 0.011
3363.82385 16.593 0.011
3370.78108 16.627 0.012
3376.73315 16.581 0.012
3378.75837 16.582 0.011
3394.64187 16.714 0.013
3396.66820 16.604 0.011
3399.79541 16.616 0.013
3402.70542 16.621 0.010
3404.63702 16.638 0.012
3409.55397 16.633 0.011
3413.55260 16.605 0.011
3413.59715 16.632 0.010
3418.54480 16.622 0.012
3426.54052 16.623 0.012
3432.52636 16.595 0.010
3439.50245 16.602 0.013
3447.52793 16.592 0.013
3457.50481 16.618 0.013
3582.93837 16.629 0.012
3594.91643 16.616 0.012
3603.85877 16.626 0.011
3619.91439 16.574 0.011
3620.89513 16.680 0.010
3630.80624 16.702 0.014
3637.74462 16.619 0.013
3640.80287 16.640 0.011
3651.83540 16.626 0.012
3654.88156 16.730 0.011
3658.84755 16.608 0.011
3660.84491 16.608 0.012
3664.85451 16.642 0.010
3666.85111 16.659 0.013
3668.83842 16.618 0.011
3672.82708 16.586 0.010
3676.71387 16.590 0.010
3685.78374 16.616 0.011
3688.71788 16.642 0.010
3690.79264 16.622 0.011
3693.69432 16.629 0.011
3695.85924 16.703 0.012
3699.74973 16.588 0.010
3701.80285 16.608 0.010
3703.80156 16.598 0.010
3706.67687 16.614 0.010
3711.71234 16.597 0.011
3713.80021 16.580 0.011
3715.77676 16.633 0.011
3718.74562 16.598 0.011
3722.64053 16.620 0.011
3726.72268 16.594 0.011
3727.85865 16.625 0.012
3730.75479 16.587 0.010
3732.83026 16.624 0.010
3734.82316 16.679 0.011
3735.67151 16.608 0.010
3737.83004 16.600 0.010
3739.84870 16.636 0.011
3741.58698 16.610 0.011
3743.75890 16.612 0.012
3746.80130 16.727 0.013
3748.78005 16.614 0.013
3750.79481 16.596 0.011
3753.66789 16.600 0.011
3755.74946 16.579 0.011
3757.76891 16.591 0.011
3760.74855 16.581 0.011
3763.70152 16.618 0.008
3766.71828 16.592 0.011
3770.74572 16.627 0.012
3774.61908 16.612 0.011
3777.57767 16.595 0.011
3779.70191 16.579 0.013
3781.74196 16.594 0.011
3786.59433 16.615 0.011
3793.54396 16.681 0.012
3801.53390 16.583 0.010
3811.52644 16.609 0.012
3828.49028 16.593 0.011
3958.91574 16.683 0.014
3965.86917 16.610 0.010
3970.88934 16.597 0.010
3982.83993 16.609 0.011
3993.79308 16.604 0.012
4002.85351 16.669 0.010
4004.87182 16.636 0.010
4006.78133 16.596 0.010
4008.80235 16.604 0.010
4013.81397 16.605 0.012
4019.81674 16.686 0.011
4024.80827 16.602 0.010
4026.87730 16.725 0.013
4029.82329 16.628 0.010
4032.85805 16.604 0.012
4039.69027 16.622 0.011
4041.76403 16.639 0.011
4043.76911 16.657 0.012
4046.86215 16.611 0.012
4049.73228 16.604 0.010
4052.79381 16.599 0.010
4056.83908 16.588 0.010
4059.73379 16.603 0.010
4064.84752 16.586 0.009
4066.80396 16.602 0.010
4068.83880 16.592 0.010
4070.76120 16.652 0.011
4074.80004 16.617 0.011
4077.84882 16.633 0.011
4080.72855 16.612 0.011
4083.71525 16.583 0.011
4085.77880 16.594 0.014
4095.64012 16.598 0.010
4103.77058 16.603 0.013
4106.60134 16.633 0.012
4112.77563 16.640 0.010
4117.75814 16.598 0.012
4121.77013 16.675 0.012
4126.74965 16.642 0.012
4129.78324 16.618 0.010
4143.56003 16.665 0.012
4157.55803 16.584 0.013
4169.51495 16.609 0.012
4199.48431 16.633 0.013
4343.87684 16.614 0.012
4348.84956 16.596 0.012
4353.87716 16.591 0.012
4358.82934 16.605 0.014
4363.84616 16.606 0.014
4367.83433 16.620 0.012
4371.78390 16.627 0.012
4378.72334 16.605 0.012
4381.75892 16.611 0.014
4386.87644 16.619 0.012
4390.83851 16.603 0.012
4395.70532 16.607 0.014
4399.86396 16.577 0.012
4408.71781 16.709 0.013
4412.80135 16.618 0.013
4427.75286 16.623 0.013
4430.75621 16.606 0.014
4433.77366 16.585 0.012
4437.70028 16.680 0.014
4440.71991 16.603 0.012
4443.83751 16.590 0.013
4449.77924 16.699 0.014
4451.81486 16.651 0.013
4455.78457 16.575 0.013
4458.76325 16.607 0.012
4462.75726 16.572 0.011
4464.80285 16.581 0.012
4467.77393 16.581 0.011
4472.68986 16.581 0.011
4476.77683 16.608 0.011
4480.72729 16.593 0.010
4484.80668 16.582 0.011
4488.72759 16.615 0.014
4492.74684 16.598 0.012
4497.75140 16.626 0.012
4500.62443 16.677 0.011
4502.73425 16.665 0.014
4507.73826 16.693 0.014
4509.68895 16.590 0.012
4512.73710 16.646 0.011
4518.67701 16.610 0.016
4521.72335 16.595 0.013
4524.62293 16.618 0.012
4530.64901 16.605 0.012
4533.61467 16.583 0.010
4534.59610 16.714 0.014
4538.63213 16.612 0.013
4542.53886 16.608 0.014
4545.62380 16.562 0.012
4551.51508 16.638 0.013
4558.57600 16.618 0.011
4565.52935 16.609 0.013
4573.53220 16.655 0.013
4588.50040 16.626 0.013
4618.46740 16.586 0.016
4685.90662 16.681 0.012
4699.86985 16.586 0.012
4709.82083 16.596 0.012
4720.86763 16.588 0.011
4725.80827 16.603 0.012
4729.78782 16.722 0.013
4734.88239 16.600 0.013
4740.79829 16.597 0.013
4749.71465 16.613 0.014
4753.87488 16.701 0.014
4757.84815 16.616 0.012
4760.87028 16.678 0.011
4766.67440 16.617 0.012
4769.77902 16.580 0.012
4772.81109 16.611 0.014
4775.82870 16.612 0.012
4777.84222 16.688 0.012
4782.69259 16.613 0.012
4784.86596 16.637 0.018
4786.74333 16.598 0.012
4789.70447 16.620 0.011
4792.82189 16.603 0.013
4795.77560 16.600 0.011
4798.73107 16.590 0.012
4799.75938 16.664 0.013
4801.69208 16.597 0.012
4803.71264 16.584 0.012
4806.68576 16.590 0.012
4808.74798 16.602 0.012
4810.82100 16.599 0.010
4813.78849 16.591 0.014
4815.77234 16.612 0.013
4817.76975 16.601 0.011
4819.77877 16.599 0.011
4822.75866 16.578 0.010
4824.77663 16.593 0.010
4831.61822 16.711 0.013
4834.79866 16.577 0.012
4836.77372 16.599 0.011
4838.78235 16.627 0.011
4841.82354 16.625 0.012
4843.81754 16.626 0.014
4846.80746 16.583 0.011
4850.78442 16.635 0.012
4852.79388 16.680 0.013
4854.79533 16.589 0.011
4856.80162 16.587 0.011
4857.78001 16.633 0.013
4861.75688 16.604 0.012
4865.75650 16.593 0.013
4867.73697 16.642 0.011
4869.68949 16.584 0.011
4871.70518 16.589 0.013
4876.68153 16.571 0.011
4878.71708 16.593 0.011
4880.62870 16.595 0.011
4885.69671 16.566 0.011
4890.55853 16.569 0.011
4900.66361 16.586 0.013
4903.60292 16.587 0.012
4914.57584 16.585 0.012
4918.57396 16.649 0.012
4924.59244 16.583 0.011
4928.58220 16.594 0.011
4930.58708 16.697 0.013
4933.54912 16.616 0.012
4937.54872 16.617 0.011
4941.56173 16.581 0.012
4946.55831 16.573 0.012
4950.53695 16.607 0.014
