2166.90695 16.086 0.009
2173.82739 16.053 0.008
2192.80040 16.065 0.009
2201.81315 16.071 0.008
2212.84480 16.079 0.008
2223.84945 16.073 0.009
2226.82943 16.081 0.008
2229.64135 16.064 0.009
2232.79967 16.059 0.009
2238.76587 16.060 0.008
2241.64090 16.066 0.009
2243.69933 16.046 0.008
2248.77173 16.054 0.008
2251.72917 16.058 0.008
2253.81325 16.060 0.008
2261.71420 16.050 0.009
2269.82293 16.054 0.008
2271.77035 16.039 0.007
2274.64007 16.019 0.009
2276.74718 16.032 0.008
2278.64571 16.046 0.008
2280.64389 16.045 0.008
2282.65246 16.066 0.009
2289.78613 16.048 0.008
2291.79422 16.057 0.009
2295.78190 16.055 0.008
2297.77521 16.127 0.009
2299.81577 16.067 0.009
2301.70988 16.053 0.009
2303.70607 16.036 0.009
2327.53602 16.058 0.009
2332.56891 16.052 0.009
2333.53297 16.059 0.010
2339.52117 16.049 0.009
2347.51586 16.058 0.009
2402.50998 16.039 0.009
2542.86714 16.057 0.009
2552.81679 16.063 0.009
2556.80841 16.056 0.009
2559.85653 16.063 0.009
2564.82451 16.079 0.009
2578.74955 16.055 0.009
2583.78500 16.059 0.009
2589.82867 16.324 0.009
2596.71690 16.065 0.009
2605.71818 16.053 0.008
2609.70890 16.067 0.009
2614.64355 16.063 0.008
2618.70120 16.054 0.009
2623.80002 16.061 0.008
2629.68756 16.064 0.010
2631.70756 16.053 0.009
2634.73640 16.059 0.008
2635.60778 16.055 0.008
2637.80682 16.056 0.008
2639.63272 16.067 0.008
2641.69898 16.049 0.008
2643.70775 16.058 0.009
2645.69638 16.063 0.008
2647.65414 16.211 0.009
2651.60929 16.060 0.009
2653.63571 16.061 0.009
2655.75667 16.056 0.009
2657.60168 16.192 0.009
2659.62102 16.057 0.009
2661.83467 16.040 0.009
2668.60451 16.049 0.009
2670.60881 16.071 0.009
2672.59541 16.063 0.009
2674.61677 16.067 0.008
2676.60327 16.057 0.008
2678.67602 16.057 0.009
2680.60178 16.063 0.008
2682.65136 16.054 0.009
2686.64584 16.044 0.009
2691.59249 16.056 0.009
2695.62829 16.139 0.009
2700.58379 16.310 0.009
2713.56635 16.063 0.009
2841.90661 16.080 0.009
2885.84878 16.057 0.008
2892.87834 16.059 0.009
2897.84767 16.064 0.009
2903.89343 16.056 0.007
2906.89655 16.306 0.009
2911.77641 16.209 0.008
2916.82613 16.250 0.009
2922.81032 16.049 0.009
2926.73688 16.071 0.009
2930.81142 16.051 0.008
2933.85576 16.055 0.008
2939.86405 16.054 0.009
2942.81462 16.062 0.008
2944.85807 16.046 0.009
2946.85998 16.070 0.008
2949.79756 16.060 0.008
2952.85130 16.046 0.008
2956.68973 16.060 0.008
2958.71640 16.052 0.008
2962.72814 16.062 0.008
2965.74638 16.055 0.008
2967.84592 16.048 0.008
2970.81128 16.055 0.008
2974.74907 16.207 0.009
2976.78379 16.068 0.008
2978.76385 16.055 0.009
2980.70393 16.064 0.008
2982.66667 16.063 0.009
2984.71390 16.188 0.009
2986.79712 16.069 0.009
2988.76125 16.054 0.009
2990.63338 16.056 0.008
2992.78398 16.069 0.008
2994.63027 16.067 0.008
2995.63983 16.059 0.008
2997.64981 16.060 0.008
2999.76854 16.141 0.009
3001.74057 16.065 0.008
3003.71383 16.051 0.008
3005.70459 16.055 0.008
3007.71902 16.073 0.008
3009.71710 16.058 0.008
3011.69662 16.063 0.009
3013.68966 16.040 0.008
3017.70005 16.171 0.009
3019.62767 16.050 0.009
3021.74682 16.058 0.008
3023.60877 16.062 0.008
3024.80977 16.055 0.008
3026.80610 16.050 0.008
3028.81809 16.062 0.009
3031.68007 16.044 0.008
3035.75138 16.062 0.008
3038.72876 16.068 0.009
3041.59695 16.051 0.009
3043.63234 16.071 0.009
3045.66607 16.048 0.009
3047.62009 16.131 0.009
3049.62570 16.053 0.007
3051.59299 16.052 0.008
3053.58813 16.051 0.008
3055.58726 16.060 0.008
3057.61211 16.070 0.008
3060.63462 16.050 0.008
3064.64326 16.067 0.009
3067.69745 16.067 0.008
3070.54430 16.075 0.009
3073.61264 16.078 0.009
3075.66022 16.058 0.009
3078.58036 16.067 0.009
3082.56969 16.064 0.009
3084.64665 16.053 0.008
3087.60970 16.071 0.008
3090.57201 16.222 0.009
3102.53849 16.062 0.009
3105.57228 16.208 0.009
3108.55077 16.050 0.008
3112.52214 16.062 0.009
3116.50937 16.064 0.009
3126.51516 16.060 0.009
3146.47769 16.066 0.009
3241.90262 16.066 0.008
3256.91397 16.047 0.009
3263.88880 16.081 0.007
3268.90440 16.065 0.008
3273.87962 16.064 0.009
3277.86885 16.059 0.008
3281.85890 16.135 0.008
3287.72048 16.073 0.007
3289.87266 16.060 0.007
3294.86809 16.061 0.007
3296.87585 16.221 0.008
3301.72678 16.171 0.009
3304.78947 16.061 0.008
3306.87048 16.213 0.009
3309.69980 16.070 0.008
3311.69757 16.073 0.008
3320.74034 16.058 0.008
3327.70936 16.071 0.008
3329.85997 16.081 0.008
3334.76593 16.136 0.009
3338.81602 16.064 0.008
3350.64785 16.070 0.007
3354.64803 16.267 0.009
3358.70151 16.065 0.007
3361.80694 16.066 0.008
3363.75674 16.075 0.008
3367.71051 16.061 0.009
3372.72897 16.056 0.007
3378.64168 16.065 0.008
3391.70926 16.049 0.008
3395.70071 16.054 0.008
3399.67679 16.070 0.008
3402.69363 16.095 0.008
3404.62420 16.058 0.008
3408.57485 16.073 0.008
3412.62020 16.213 0.008
3416.61067 16.052 0.007
3424.60671 16.049 0.008
3431.50834 16.045 0.008
3437.51937 16.070 0.008
3445.52415 16.062 0.008
3453.54588 16.043 0.008
3462.52119 16.074 0.008
3582.92783 16.066 0.007
3589.93457 16.080 0.007
3629.85957 16.049 0.008
3634.82492 16.051 0.008
3639.87783 16.061 0.007
3641.86874 16.069 0.008
3650.86404 16.051 0.007
3653.89190 16.071 0.009
3657.84509 16.056 0.008
3661.82902 16.193 0.009
3666.82519 16.314 0.009
3671.85800 16.299 0.009
3675.84058 16.049 0.007
3683.86169 16.073 0.008
3687.75441 16.063 0.007
3689.85488 16.062 0.008
3692.77870 16.059 0.008
3694.79363 16.058 0.008
3696.73611 16.077 0.008
3699.73868 16.059 0.007
3701.79166 16.057 0.007
3704.69872 16.078 0.008
3706.82750 16.079 0.008
3711.70115 16.061 0.009
3713.71490 16.063 0.008
3716.81403 16.056 0.008
3719.79496 16.060 0.009
3721.75469 16.068 0.008
3725.78663 16.062 0.009
3727.76141 16.064 0.007
3730.65676 16.056 0.007
3732.68125 16.072 0.007
3734.77920 16.136 0.008
3736.79561 16.072 0.008
3737.68418 16.067 0.007
3739.78320 16.177 0.008
3742.60624 16.059 0.008
3745.71895 16.067 0.008
3747.74724 16.069 0.009
3749.63005 16.162 0.012
3751.73425 16.070 0.008
3753.60584 16.056 0.008
3755.64337 16.068 0.009
3757.67684 16.067 0.008
3759.74153 16.217 0.008
3762.72883 16.072 0.008
3765.74739 16.064 0.007
3770.58890 16.055 0.008
3773.59628 16.081 0.008
3776.59531 16.069 0.008
3779.58536 16.070 0.009
3782.63507 16.133 0.008
3787.56088 16.313 0.009
3791.60719 16.066 0.008
3799.53170 16.080 0.009
3821.50978 16.049 0.007
3945.93452 16.220 0.008
3963.93049 16.071 0.008
3969.86094 16.081 0.009
3975.91095 16.059 0.008
3981.84017 16.077 0.008
3995.89055 16.067 0.009
4001.84361 16.068 0.007
4005.82146 16.088 0.007
4007.82546 16.058 0.007
4011.82563 16.068 0.008
4018.81714 16.062 0.007
4023.84926 16.082 0.008
4026.75559 16.064 0.007
4029.69894 16.064 0.012
4031.77950 16.058 0.007
4038.68868 16.064 0.007
4040.85549 16.068 0.009
4042.87125 16.073 0.008
4046.74622 16.205 0.009
4048.83570 16.081 0.008
4052.67788 16.059 0.007
4056.72243 16.214 0.009
4058.66049 16.071 0.008
4063.65447 16.065 0.007
4066.65228 16.158 0.007
4069.71789 16.073 0.008
4071.64650 16.125 0.009
4076.71876 16.157 0.008
4079.73146 16.083 0.008
4083.64837 16.060 0.008
4085.71370 16.067 0.008
4092.83103 16.068 0.007
4112.70252 16.075 0.007
4117.69139 16.064 0.007
4121.66741 16.060 0.008
4124.75029 16.313 0.008
4129.76757 16.329 0.008
4150.62896 16.050 0.008
4155.52373 16.050 0.008
4166.55261 16.059 0.009
4196.50214 16.050 0.009
4341.87814 16.049 0.009
4347.82807 16.058 0.009
4351.87395 16.060 0.009
4357.88592 16.043 0.009
4363.81049 16.164 0.009
4366.86112 16.062 0.009
4369.90159 16.053 0.009
4376.89494 16.047 0.010
4380.78689 16.063 0.008
4386.76247 16.063 0.008
4393.77336 16.170 0.008
4398.84960 16.204 0.009
4403.85600 16.203 0.010
4411.78495 16.064 0.008
4411.84663 16.051 0.008
4418.73577 16.048 0.008
4422.83236 16.055 0.008
4429.77487 16.056 0.010
4432.70050 16.046 0.009
4436.73990 16.321 0.009
4439.80560 16.054 0.009
4443.67529 16.053 0.009
4448.82931 16.056 0.009
4451.66948 16.117 0.009
4455.66828 16.056 0.009
4457.72380 16.046 0.009
4464.71656 16.058 0.008
4467.70907 16.048 0.008
4471.75532 16.057 0.009
4476.67785 16.057 0.008
4480.67767 16.049 0.008
4484.75670 16.081 0.009
4488.67923 16.045 0.009
4493.68138 16.055 0.009
4498.65927 16.056 0.008
4501.65231 16.062 0.009
4508.60043 16.035 0.008
4510.68009 16.061 0.008
4519.70138 16.201 0.009
4521.54506 16.068 0.009
4524.58554 16.126 0.009
4530.60969 16.045 0.009
4532.63798 16.070 0.008
4537.59960 16.065 0.009
4540.65078 16.059 0.009
4544.60479 16.063 0.009
4547.54737 16.183 0.009
4556.56306 16.053 0.008
4561.54055 16.058 0.009
4568.49524 16.059 0.009
4592.51543 16.072 0.009
4682.92274 16.064 0.008
4691.93106 16.057 0.008
4719.85895 16.060 0.009
4724.80514 16.057 0.008
4727.89571 16.063 0.009
4733.90196 16.066 0.009
4747.88360 16.049 0.009
4752.84282 16.048 0.008
4756.85204 16.058 0.008
4760.73493 16.065 0.008
4762.85868 16.054 0.008
4768.83660 16.315 0.009
4771.87893 16.070 0.012
4777.72685 16.055 0.011
4783.84443 16.206 0.009
4794.75590 16.063 0.008
4797.73708 16.054 0.008
4800.69855 16.064 0.008
4802.81188 16.052 0.008
4804.83630 16.069 0.008
4805.85909 16.047 0.009
4807.81414 16.057 0.008
4809.85193 16.049 0.008
4812.70098 16.068 0.009
4814.71701 16.049 0.009
4816.71393 16.178 0.009
4818.76991 16.061 0.008
4820.74744 16.055 0.008
4823.77378 16.050 0.008
4825.84737 16.052 0.008
4833.66031 16.053 0.008
4835.67747 16.052 0.008
4840.70090 16.050 0.009
4842.68559 16.065 0.008
4844.68478 16.060 0.008
4847.75175 16.056 0.008
4849.74872 16.046 0.009
4852.75752 16.048 0.008
4854.73375 16.053 0.008
4856.72895 16.158 0.009
4865.69481 16.067 0.008
4867.68461 16.071 0.008
4870.69781 16.059 0.009
4873.72858 16.052 0.009
4875.70033 16.067 0.008
4877.62244 16.056 0.008
4879.67910 16.200 0.009
4884.69157 16.285 0.009
4888.57921 16.057 0.007
4902.61554 16.058 0.009
4911.62488 16.062 0.008
4919.55915 16.058 0.009
4925.56886 16.067 0.008
4929.54021 16.056 0.009
4932.57561 16.060 0.009
4936.53965 16.053 0.008
4938.53825 16.054 0.009
4942.55126 16.140 0.008
4949.51955 16.057 0.007
