2123.92911 17.758 0.024
2130.91972 17.723 0.024
2131.92152 17.729 0.026
2132.91971 17.708 0.022
2134.92126 17.718 0.026
2140.92095 17.661 0.022
2142.90855 17.935 0.036
2144.91896 17.772 0.022
2156.89230 17.704 0.027
2161.85927 17.690 0.023
2173.87257 17.725 0.018
2186.80962 17.734 0.033
2192.84264 17.722 0.019
2201.82913 17.736 0.017
2214.81070 17.698 0.023
2221.75363 17.728 0.022
2224.76634 17.721 0.019
2227.66897 17.720 0.021
2229.68243 17.730 0.023
2234.84097 17.728 0.025
2237.76141 17.699 0.019
2241.68666 17.708 0.022
2243.74053 17.731 0.022
2248.82110 17.841 0.018
2250.80780 17.762 0.019
2252.67210 17.853 0.021
2254.66315 17.728 0.019
2257.66981 17.726 0.020
2260.67652 17.739 0.019
2266.66803 17.734 0.021
2270.67571 17.741 0.019
2271.81606 17.738 0.017
2272.82401 17.740 0.023
2274.66154 17.699 0.022
2276.77163 17.695 0.020
2277.82494 17.715 0.018
2279.84254 17.721 0.020
2280.81608 17.671 0.021
2282.70572 17.750 0.018
2283.86685 17.706 0.024
2288.77429 17.739 0.024
2290.81158 17.725 0.021
2292.78462 17.703 0.023
2296.77657 17.759 0.028
2298.73327 17.738 0.022
2300.74375 17.722 0.026
2302.72041 17.726 0.027
2315.65152 17.704 0.017
2327.58148 17.705 0.022
2333.59149 17.711 0.029
2339.56784 17.712 0.021
2345.52891 17.721 0.023
2351.50702 17.733 0.022
2369.50445 17.693 0.023
2385.49012 17.704 0.028
2529.83582 17.685 0.022
2539.83830 17.708 0.024
2545.80825 17.756 0.025
2552.86153 17.702 0.022
2556.85291 17.703 0.019
2560.76134 17.744 0.021
2564.86960 17.705 0.020
2578.79109 17.747 0.021
2583.84550 17.724 0.025
2590.75135 17.762 0.022
2596.76396 17.745 0.022
2605.79124 17.721 0.020
2609.76337 17.734 0.023
2614.72176 17.722 0.024
2618.77677 17.729 0.021
2621.70184 17.706 0.017
2624.60778 17.742 0.024
2627.70660 17.714 0.026
2629.72955 17.699 0.021
2632.65550 17.754 0.020
2635.70274 17.708 0.018
2638.67371 17.709 0.019
2640.77060 17.714 0.021
2642.72648 17.715 0.025
2644.72918 17.703 0.021
2646.68372 17.695 0.019
2650.73898 17.731 0.022
2652.79668 17.933 0.022
2654.76207 17.742 0.023
2656.66748 17.833 0.030
2658.62926 17.735 0.023
2660.64757 17.924 0.025
2662.65851 17.702 0.022
2664.63857 17.710 0.022
2666.70194 17.700 0.018
2668.68806 17.690 0.019
2670.65017 17.732 0.025
2672.78894 17.716 0.021
2674.68969 17.746 0.022
2676.67878 17.730 0.022
2678.73204 17.741 0.021
2680.64279 17.715 0.021
2682.68849 17.751 0.025
2687.56832 17.759 0.024
2693.52755 17.723 0.019
2696.56423 17.756 0.024
2701.54586 17.787 0.028
2707.54763 17.663 0.022
2714.53972 17.761 0.026
2839.91619 17.742 0.022
2867.88725 17.767 0.024
2885.86501 17.736 0.019
2892.89351 17.691 0.023
2897.86247 17.724 0.021
2903.90827 17.719 0.020
2907.78269 17.835 0.019
2911.82013 17.711 0.017
2916.87055 17.748 0.018
2922.85427 17.728 0.025
2926.78595 17.721 0.020
2930.85568 17.716 0.019
2934.75768 17.740 0.019
2940.73721 17.735 0.018
2943.74277 17.731 0.021
2947.75143 17.738 0.020
2949.84141 17.744 0.018
2953.70861 17.729 0.024
2956.73393 17.759 0.019
2958.76028 17.864 0.025
2962.77279 17.734 0.017
2965.79582 17.720 0.018
2968.66172 17.732 0.022
2973.78661 17.735 0.018
2976.79905 17.745 0.020
2978.70672 17.731 0.021
2980.71912 17.732 0.019
2982.71186 17.721 0.021
2984.75899 17.736 0.022
2986.84163 17.744 0.025
2988.81201 17.725 0.019
2989.76734 17.708 0.018
2991.66246 17.739 0.018
2993.68290 17.732 0.021
2995.75073 17.745 0.018
2997.72841 17.710 0.021
2999.69258 17.745 0.017
3001.78744 17.748 0.020
3003.75809 17.718 0.020
3005.71995 17.752 0.020
3007.64135 17.747 0.019
3009.63921 17.774 0.021
3011.73875 17.716 0.024
3013.74295 17.739 0.020
3017.74428 17.746 0.020
3019.67231 17.728 0.020
3021.79086 17.740 0.019
3023.65264 17.726 0.016
3025.62053 17.717 0.017
3027.66991 17.713 0.017
3029.65491 17.712 0.018
3031.72485 17.730 0.019
3033.78849 17.723 0.016
3035.79532 17.733 0.018
3038.77293 17.739 0.022
3041.61344 17.704 0.027
3043.64748 17.721 0.025
3045.71038 17.733 0.022
3047.66415 17.728 0.022
3048.59289 17.722 0.017
3050.61242 17.725 0.016
3052.61361 17.730 0.019
3054.60901 17.739 0.024
3056.60625 17.748 0.019
3058.60026 17.729 0.020
3060.64982 17.812 0.020
3064.66762 17.850 0.028
3068.53573 17.899 0.027
3070.59667 17.748 0.031
3073.62783 17.807 0.032
3076.54143 17.767 0.031
3078.63682 17.741 0.019
3082.61463 17.726 0.018
3085.51571 17.767 0.023
3087.65391 17.749 0.023
3090.62004 17.735 0.022
3096.53590 17.798 0.029
3099.60568 17.692 0.027
3102.58427 17.741 0.024
3104.57100 17.737 0.021
3110.55273 17.756 0.028
3113.53063 17.684 0.025
3128.50311 17.726 0.024
3140.51010 17.736 0.021
3216.87434 17.748 0.030
3248.85955 17.724 0.022
3264.80930 17.711 0.016
3270.87608 17.725 0.018
3274.76175 17.706 0.026
3277.88379 17.737 0.020
3287.76550 17.741 0.016
3295.72393 17.740 0.014
3301.77746 17.762 0.024
3304.83779 17.742 0.021
3307.71133 17.679 0.027
3309.74357 17.656 0.017
3311.74156 17.941 0.022
3320.78450 17.743 0.017
3323.73068 17.709 0.021
3327.75651 17.723 0.018
3330.71515 17.755 0.023
3334.81408 17.736 0.025
3338.86252 17.677 0.019
3339.76188 17.710 0.019
3354.77778 17.714 0.021
3358.82648 17.904 0.019
3365.75656 17.768 0.021
3372.77295 17.729 0.018
3378.68556 17.767 0.019
3391.75332 17.714 0.023
3395.71590 17.685 0.025
3399.72210 17.741 0.021
3403.70942 17.670 0.018
3406.67894 17.704 0.016
3410.63190 17.695 0.016
3415.62911 17.721 0.017
3420.59864 17.750 0.024
3427.59277 17.742 0.023
3433.61536 17.691 0.023
3438.54458 17.722 0.018
3446.50168 17.720 0.024
3461.51904 17.759 0.022
3473.47833 17.751 0.024
3575.93694 17.770 0.022
3592.92883 17.727 0.015
3601.92891 17.806 0.023
3619.83084 17.746 0.018
3629.90434 17.731 0.017
3633.86939 17.710 0.019
3639.78189 17.746 0.017
3644.81849 17.700 0.016
3651.76170 17.731 0.018
3654.80921 17.768 0.019
3658.77324 17.726 0.021
3661.84395 17.717 0.022
3668.81670 17.743 0.020
3672.80498 17.687 0.018
3676.76177 17.745 0.019
3684.82380 17.697 0.017
3687.79821 17.703 0.018
3690.71805 17.746 0.021
3693.75210 17.645 0.018
3695.78488 17.752 0.018
3698.76659 17.752 0.021
3700.79520 17.747 0.017
3703.72607 17.720 0.015
3705.79324 17.687 0.016
3708.78117 17.731 0.021
3712.73880 17.728 0.017
3714.80902 17.743 0.016
3717.67146 17.693 0.018
3719.84398 17.697 0.022
3721.80494 17.705 0.019
3726.70077 17.715 0.023
3730.73307 17.709 0.016
3732.72511 17.734 0.015
3734.85594 17.693 0.017
3737.75690 17.710 0.015
3739.82690 17.739 0.018
3741.83982 17.742 0.023
3743.73694 17.730 0.019
3746.77942 17.763 0.025
3748.73264 17.729 0.022
3749.73821 17.706 0.024
3751.74957 17.703 0.020
3753.70109 17.737 0.017
3755.70204 17.742 0.019
3757.69192 17.744 0.019
3759.75669 17.707 0.017
3762.77820 17.958 0.025
3765.76532 17.728 0.016
3770.63778 17.954 0.019
3773.70386 17.703 0.022
3776.67416 17.746 0.022
3779.62873 17.717 0.027
3782.74231 17.696 0.019
3787.60553 17.738 0.018
3792.55623 17.721 0.019
3800.53819 17.721 0.019
3809.54542 17.684 0.024
3823.50547 17.718 0.022
3946.92759 17.736 0.025
3964.88406 17.749 0.016
3969.91490 17.724 0.018
3981.88272 17.700 0.020
3989.91134 17.714 0.021
3998.87508 17.765 0.019
3999.83758 17.737 0.017
4001.88661 17.730 0.016
4004.85058 17.732 0.017
4005.86455 17.705 0.016
4008.73081 17.747 0.016
4011.89772 17.739 0.023
4018.86050 17.719 0.017
4024.72422 17.704 0.016
4026.80105 17.741 0.015
4029.75028 17.709 0.019
4032.76558 17.741 0.022
4038.73166 17.738 0.018
4041.69294 17.747 0.019
4043.69780 17.749 0.022
4046.78953 17.708 0.023
4049.66047 17.749 0.018
4052.72186 17.712 0.016
4056.76670 17.733 0.018
4058.79903 17.737 0.017
4063.69765 17.732 0.016
4066.75496 17.703 0.017
4068.65986 17.746 0.016
4070.68493 17.748 0.019
4073.85875 17.700 0.030
4074.75254 17.701 0.021
4077.80107 17.766 0.020
4079.84598 17.724 0.017
4083.69157 17.762 0.024
4085.75729 17.743 0.020
4093.74181 17.705 0.016
4102.85433 17.746 0.022
4105.81434 17.730 0.021
4109.78425 17.728 0.017
4113.74006 17.729 0.014
4120.77028 17.720 0.016
4122.72674 17.726 0.015
4125.78098 17.696 0.021
4132.66874 17.725 0.023
4142.71966 17.713 0.025
4156.55474 17.720 0.020
4168.50936 17.733 0.023
4197.48854 17.705 0.024
4341.92097 17.713 0.023
4347.87094 17.721 0.021
4353.80593 17.731 0.017
4358.90424 17.740 0.021
4364.86868 17.681 0.021
4367.89313 17.726 0.019
4371.75842 17.687 0.022
4377.81323 17.729 0.020
4380.82975 17.723 0.019
4386.80547 17.716 0.022
4390.76741 17.738 0.020
4394.72357 17.718 0.019
4399.74154 17.722 0.032
4404.73974 17.696 0.030
4412.72006 17.721 0.021
4418.81346 17.720 0.018
4421.85928 17.720 0.021
4426.75718 17.723 0.028
4430.68457 17.749 0.028
4432.74378 17.714 0.018
4436.78369 17.721 0.022
4439.84878 17.741 0.026
4443.73680 17.747 0.024
4449.69969 17.731 0.018
4451.70944 17.730 0.023
4455.70852 17.729 0.024
4457.73898 17.712 0.021
4460.81063 17.709 0.025
4463.72889 17.747 0.018
4466.71789 17.736 0.017
4470.66535 17.709 0.019
4473.70808 17.676 0.020
4477.76655 17.716 0.022
4482.77034 17.694 0.024
4486.74818 17.709 0.025
4491.72175 17.731 0.028
4494.66710 17.728 0.025
4498.70003 17.702 0.019
4501.69728 17.764 0.023
4506.63137 17.729 0.023
4508.65439 17.715 0.020
4510.72379 17.688 0.020
4517.65798 17.772 0.026
4521.63850 17.729 0.021
4524.60122 17.757 0.023
4530.62469 17.748 0.023
4532.65292 17.725 0.022
4536.62515 17.709 0.019
4539.50709 17.705 0.022
4541.61626 17.728 0.024
4545.54632 17.682 0.023
4556.58230 17.767 0.025
4561.57336 17.738 0.021
4568.52794 17.677 0.021
4580.51371 17.694 0.028
4588.47890 17.683 0.020
4607.46813 17.769 0.031
4683.92353 17.699 0.020
4697.88026 17.750 0.026
4708.85787 17.721 0.018
4720.79642 17.726 0.019
4724.84971 17.729 0.022
4728.84367 17.736 0.021
4733.84715 17.730 0.019
4748.80599 17.718 0.017
4752.88613 17.702 0.022
4757.77661 17.687 0.019
4760.77846 17.723 0.018
4763.83728 17.733 0.022
4769.70707 17.726 0.025
4772.72617 17.707 0.018
4775.75646 17.739 0.020
4777.77042 17.731 0.019
4781.79976 17.688 0.021
4784.72108 17.719 0.028
4788.81758 17.741 0.018
4791.82795 17.696 0.017
4791.86530 17.778 0.036
4794.79962 17.740 0.019
4796.67851 17.742 0.019
4797.81894 17.699 0.019
4800.79554 17.712 0.017
4803.64134 17.704 0.022
4805.73959 17.710 0.017
4807.84624 17.736 0.019
4809.72376 17.726 0.019
4812.76025 17.730 0.029
4814.76067 17.732 0.024
4816.75747 17.735 0.021
4818.78503 17.721 0.020
4820.76242 17.701 0.018
4823.78874 17.706 0.018
4826.70567 17.717 0.017
4833.71597 17.717 0.016
4835.70222 17.716 0.019
4837.75054 17.739 0.022
4839.80080 17.709 0.017
4841.77089 17.709 0.020
4843.76644 17.746 0.028
4846.73503 17.737 0.020
4848.74269 17.736 0.020
4853.76478 17.746 0.020
4855.78020 17.688 0.023
4857.75843 17.718 0.022
4859.74810 17.780 0.028
4865.73458 17.723 0.022
4868.72762 17.759 0.020
4871.65078 17.725 0.023
4874.59109 17.709 0.019
4876.56110 17.721 0.018
4878.66756 17.734 0.017
4879.64043 17.681 0.016
4885.57171 17.748 0.018
4888.65503 17.710 0.018
4901.66096 17.702 0.027
4908.60897 17.686 0.020
4917.55406 17.728 0.019
4921.57579 17.729 0.020
4927.56951 17.743 0.026
4931.57680 17.779 0.027
4935.54352 17.937 0.024
4939.55048 17.735 0.019
4943.54768 17.711 0.024
4948.53084 17.703 0.020
4953.52335 17.713 0.024
