2167.89381 18.188 0.038
2193.81645 18.165 0.028
2202.81579 18.114 0.029
2214.86348 18.132 0.041
2215.76899 18.318 0.042
2224.81711 18.210 0.032
2227.72793 18.245 0.038
2229.73370 18.179 0.036
2231.70196 18.146 0.032
2233.67022 18.105 0.029
2237.58963 18.152 0.051
2239.65063 18.167 0.036
2241.74231 18.177 0.032
2243.80731 18.113 0.033
2248.66639 18.241 0.030
2250.75440 18.170 0.039
2252.72763 18.258 0.032
2254.71868 18.136 0.028
2257.72272 18.200 0.029
2265.77702 18.204 0.035
2266.74805 18.112 0.028
2270.79366 18.109 0.028
2272.64320 18.126 0.032
2274.77055 18.203 0.041
2276.82849 18.189 0.036
2278.78534 18.183 0.041
2280.76808 18.164 0.029
2282.76531 18.117 0.026
2289.82775 18.162 0.029
2291.81379 18.141 0.033
2293.78268 18.129 0.042
2295.80656 18.152 0.029
2297.79262 18.195 0.033
2300.81764 18.128 0.047
2302.77888 18.403 0.054
2315.70265 18.126 0.030
2324.56429 18.144 0.033
2328.54993 18.166 0.041
2334.54312 18.148 0.036
2340.53977 18.171 0.036
2347.53707 18.225 0.038
2373.49226 18.170 0.048
2385.55539 18.294 0.056
2534.88796 18.257 0.044
2539.89513 18.197 0.039
2545.86324 18.230 0.039
2553.75513 18.174 0.044
2557.82317 18.183 0.039
2561.82122 18.215 0.036
2565.82358 18.207 0.042
2574.78580 18.135 0.033
2578.84219 18.116 0.032
2584.73799 18.216 0.044
2590.81471 18.152 0.035
2596.82113 18.281 0.047
2606.71766 18.163 0.032
2609.82623 18.148 0.044
2614.79301 18.083 0.036
2619.66906 18.161 0.028
2621.79703 18.211 0.035
2624.69405 18.181 0.032
2629.81236 18.276 0.041
2632.70645 18.157 0.029
2635.80699 18.121 0.039
2638.80015 18.216 0.042
2641.76834 18.130 0.030
2643.77433 18.144 0.029
2645.77028 18.118 0.029
2647.69929 18.183 0.029
2650.78079 18.152 0.033
2653.65314 18.207 0.038
2655.70618 18.167 0.030
2657.64464 18.120 0.035
2659.79844 18.144 0.051
2660.70490 18.184 0.035
2662.71468 18.246 0.036
2664.73011 18.197 0.048
2666.78396 18.253 0.030
2668.77550 18.139 0.032
2675.80256 18.175 0.032
2677.78956 18.146 0.042
2679.80820 18.166 0.045
2682.73022 18.207 0.051
2687.62960 18.237 0.045
2692.57241 18.173 0.033
2697.51878 18.162 0.038
2702.51760 18.214 0.051
2708.54636 18.167 0.038
2724.51619 18.157 0.035
2871.92310 18.145 0.033
2884.86732 18.202 0.041
2890.88933 18.334 0.063
2896.84200 18.154 0.039
2902.77665 18.278 0.032
2911.88518 18.244 0.028
2917.78872 18.162 0.032
2923.78809 18.241 0.038
2926.84399 18.175 0.033
2931.77246 18.316 0.033
2934.81289 18.207 0.032
2940.79327 18.162 0.030
2943.79746 18.170 0.032
2947.80603 18.177 0.029
2950.71998 18.174 0.035
2954.74324 18.160 0.041
2956.78879 18.329 0.033
2958.83338 18.240 0.047
2962.82762 18.139 0.028
2964.84605 18.129 0.028
2967.77657 18.155 0.033
2970.83056 18.149 0.026
2974.76858 18.131 0.028
2976.65806 18.272 0.035
2979.64149 18.188 0.038
2981.66283 18.145 0.071
2983.76964 18.178 0.033
2985.81736 18.257 0.032
2987.71611 18.191 0.036
2989.65877 18.172 0.026
2991.73102 18.165 0.030
2993.73876 18.248 0.038
2995.81398 18.146 0.029
2997.78287 18.203 0.032
2998.73041 18.168 0.032
3000.73292 18.151 0.033
3002.72028 18.189 0.032
3004.72374 18.163 0.026
3006.71666 18.174 0.028
3008.73111 18.155 0.030
3010.77757 18.206 0.042
3011.79389 18.148 0.041
3016.72753 18.200 0.030
3018.75793 18.297 0.038
3020.82169 18.177 0.032
3021.84662 18.151 0.036
3023.70761 18.126 0.029
3025.67925 18.137 0.023
3027.72469 18.170 0.026
3029.70955 18.167 0.028
3031.77988 18.103 0.056
3034.61124 18.319 0.028
3036.64160 18.183 0.028
3039.58352 18.161 0.032
3042.69103 18.138 0.035
3044.63047 18.136 0.033
3046.61643 18.133 0.032
3047.71878 18.220 0.060
3048.64989 18.125 0.026
3049.67343 18.163 0.023
3051.64276 18.174 0.032
3053.61798 18.124 0.025
3055.63502 18.254 0.033
3057.66015 18.131 0.028
3059.60480 18.252 0.026
3061.59709 18.132 0.033
3066.56666 18.144 0.045
3068.59449 18.190 0.039
3070.66486 18.258 0.070
3073.68314 18.260 0.042
3076.60687 18.187 0.042
3079.58591 18.137 0.025
3082.67517 18.167 0.026
3085.57569 18.170 0.030
3088.53594 18.188 0.038
3091.51829 18.200 0.039
3096.56735 18.294 0.044
3099.63501 18.127 0.053
3100.49492 18.287 0.048
3103.51656 18.219 0.033
3106.53783 18.180 0.033
3109.52343 18.202 0.030
3112.57526 18.156 0.038
3116.55695 18.231 0.044
3127.55410 18.189 0.033
3133.51457 18.235 0.047
3223.91288 18.129 0.042
3242.86376 18.265 0.035
3248.91771 18.142 0.036
3258.89848 18.164 0.035
3264.86473 18.135 0.025
3271.81252 18.213 0.044
3274.81650 18.139 0.044
3278.88949 18.189 0.038
3282.78169 18.122 0.030
3287.82063 18.264 0.026
3295.77841 18.175 0.023
3301.83194 18.183 0.033
3305.74093 18.112 0.029
3307.76581 18.199 0.042
3309.80223 18.140 0.025
3311.79584 18.084 0.029
3320.85927 18.159 0.029
3327.81171 18.150 0.026
3330.78777 18.236 0.036
3336.64017 18.142 0.039
3339.81866 18.119 0.033
3350.75618 18.222 0.025
3353.81239 18.215 0.029
3357.75304 18.206 0.028
3360.72979 18.145 0.025
3365.84920 18.135 0.030
3373.81327 18.148 0.042
3378.74006 18.291 0.032
3394.62320 18.197 0.041
3395.79596 18.233 0.044
3399.77693 18.238 0.065
3403.76402 18.299 0.044
3408.68719 18.184 0.028
3413.53345 18.212 0.033
3417.62735 18.175 0.033
3427.56333 18.229 0.036
3434.51518 18.160 0.032
3440.53930 18.153 0.030
3447.50851 18.266 0.042
3456.53407 18.293 0.042
3469.48894 18.146 0.032
3478.48143 18.202 0.033
3601.89190 18.251 0.039
3619.89465 18.230 0.032
3630.77603 18.231 0.053
3636.83348 18.107 0.033
3640.78340 18.207 0.029
3651.81728 18.231 0.035
3654.86348 18.162 0.026
3658.82715 18.119 0.032
3661.87290 18.156 0.036
3665.84610 18.175 0.033
3670.81571 18.165 0.033
3673.82600 18.149 0.025
3676.82616 18.189 0.026
3685.76551 18.190 0.028
3687.85223 18.179 0.026
3690.77418 18.139 0.032
3693.80984 18.299 0.032
3695.84093 18.138 0.026
3698.83056 18.199 0.030
3701.69953 18.246 0.030
3703.78331 18.181 0.028
3705.84751 18.209 0.026
3708.83524 18.196 0.038
3712.79278 18.140 0.026
3715.75846 18.147 0.028
3718.69427 18.120 0.036
3720.84406 18.179 0.039
3724.76166 18.125 0.025
3728.73970 18.160 0.028
3731.80278 18.194 0.026
3733.66553 18.132 0.025
3735.65337 18.144 0.022
3737.81189 18.175 0.022
3740.77524 18.106 0.023
3742.78580 18.096 0.041
3745.81781 18.137 0.032
3747.82054 18.170 0.048
3749.76785 18.101 0.041
3751.78169 18.232 0.038
3753.73108 18.146 0.028
3755.73117 18.211 0.033
3757.72090 18.194 0.029
3759.81120 18.323 0.033
3763.68320 18.221 0.020
3766.69980 18.146 0.029
3770.72735 18.140 0.030
3773.75860 18.194 0.033
3776.73294 18.233 0.042
3779.68371 18.244 0.047
3783.60021 18.245 0.029
3788.57439 18.165 0.026
3793.57995 18.230 0.029
3801.51572 18.148 0.029
3810.55057 18.147 0.033
3826.49142 18.205 0.036
3958.88150 18.380 0.059
3965.85132 18.197 0.026
3970.87144 18.252 0.032
3982.82223 18.233 0.036
3993.77491 18.155 0.039
3999.86642 18.196 0.030
4003.74235 18.264 0.026
4006.76350 18.208 0.026
4008.78441 18.172 0.025
4013.79602 18.166 0.035
4019.79718 18.162 0.026
4024.79025 18.278 0.030
4026.85923 18.242 0.035
4029.80359 18.128 0.028
4032.84018 18.232 0.041
4038.78624 18.174 0.032
4041.74613 18.164 0.030
4043.75117 18.173 0.035
4046.84430 18.212 0.039
4049.71442 18.169 0.028
4052.77577 18.124 0.026
4056.82105 18.159 0.026
4059.71581 18.157 0.030
4064.78346 18.164 0.022
4066.78343 18.182 0.029
4069.73650 18.233 0.030
4071.66445 18.195 0.035
4076.73667 18.153 0.033
4079.77815 18.166 0.035
4082.82607 18.290 0.032
4084.79132 18.171 0.032
4086.81634 18.313 0.038
4103.64098 18.124 0.032
4106.57279 18.320 0.045
4111.79511 18.176 0.028
4117.73573 18.146 0.030
4121.71366 18.207 0.044
4127.66433 18.256 0.026
4132.75326 18.174 0.035
4143.54049 18.253 0.032
4157.53273 18.113 0.030
4168.57350 18.264 0.029
4198.52607 18.160 0.038
4343.85899 18.220 0.042
4348.82789 18.106 0.029
4353.85926 18.171 0.033
4358.81128 18.192 0.044
4364.89765 18.088 0.036
4367.87148 18.118 0.029
4370.89316 18.142 0.035
4373.84918 18.177 0.032
4378.75260 18.175 0.039
4381.74078 18.163 0.044
4386.85866 18.181 0.035
4390.82065 18.180 0.030
4394.86724 18.167 0.028
4399.79496 18.150 0.036
4412.78237 18.216 0.033
4423.73272 18.152 0.030
4427.73480 18.172 0.030
4430.73810 18.163 0.039
4433.75565 18.217 0.035
4437.75361 18.114 0.038
4440.69785 18.208 0.036
4443.79033 18.122 0.035
4444.83318 18.215 0.047
4448.69883 18.184 0.035
4449.74629 18.144 0.030
4449.76126 18.198 0.035
4450.70919 18.301 0.045
4451.64436 18.206 0.035
4451.79687 18.189 0.036
4452.85714 18.149 0.035
4453.63323 18.179 0.038
4454.65681 18.201 0.038
4455.64357 18.205 0.036
4455.76226 18.156 0.038
4456.72431 18.162 0.035
4457.69906 18.228 0.035
4457.79348 18.172 0.044
4458.62146 18.299 0.038
4459.60572 18.154 0.036
4459.76070 18.135 0.030
4461.61908 18.150 0.028
4461.76401 18.231 0.048
4462.63643 18.301 0.042
4462.78618 18.181 0.030
4463.62998 18.148 0.028
4463.75744 18.186 0.028
4464.63233 18.162 0.029
4464.76176 18.178 0.032
4465.63922 18.128 0.026
4465.77419 18.177 0.028
4466.64882 18.268 0.035
4466.74017 18.177 0.026
4467.60771 18.171 0.041
4467.68454 18.181 0.026
4468.64028 18.139 0.025
4468.73844 18.124 0.026
4469.62461 18.174 0.030
4470.62132 18.202 0.035
4470.69399 18.158 0.030
4471.60692 18.121 0.026
4471.76879 18.336 0.039
4472.60315 18.176 0.026
4472.77579 18.136 0.025
4473.73714 18.143 0.036
4476.75810 18.148 0.028
4482.79898 18.200 0.038
4485.78930 18.115 0.036
4490.63654 18.157 0.032
4494.70260 18.192 0.038
4498.72699 18.158 0.030
4501.72433 18.177 0.038
4506.65834 18.131 0.035
4508.68520 18.241 0.036
4509.74931 18.144 0.032
4512.71884 18.269 0.035
4518.65903 18.179 0.048
4521.69958 18.137 0.033
4523.67859 18.233 0.041
4525.64320 18.127 0.030
4531.62691 18.157 0.029
4534.55580 18.168 0.038
4537.67158 18.193 0.032
4539.59085 18.229 0.035
4542.50823 18.180 0.042
4545.60557 18.213 0.035
4547.57363 18.126 0.039
4552.54818 18.109 0.042
4559.59102 18.166 0.033
4568.55919 18.190 0.036
4575.53613 18.105 0.035
4589.49838 18.105 0.047
4616.47025 18.153 0.042
4685.88894 18.213 0.035
4699.85208 18.242 0.038
4708.91143 18.195 0.033
4720.84971 18.225 0.030
4725.79023 18.187 0.036
4728.90139 18.269 0.035
4749.74722 18.142 0.033
4753.81587 18.207 0.045
4757.83015 18.188 0.035
4760.83167 18.175 0.028
4765.86501 18.214 0.044
4769.76107 18.242 0.038
4772.79316 18.176 0.030
4775.81080 18.181 0.030
4777.82430 18.278 0.035
4782.67423 18.153 0.036
4784.77425 18.210 0.038
4789.68309 18.270 0.029
4792.85959 18.119 0.039
4796.73593 18.185 0.028
4798.68324 18.197 0.035
4801.64911 18.147 0.033
4803.69470 18.156 0.033
4805.79507 18.142 0.028
4808.72958 18.212 0.033
4810.78958 18.224 0.026
4813.77041 18.135 0.044
4815.75415 18.120 0.038
4817.75166 18.139 0.029
4819.76071 18.168 0.028
4822.74053 18.151 0.026
4824.75857 18.123 0.028
4826.77144 18.157 0.026
4833.77420 18.118 0.028
4835.78475 18.318 0.032
4837.78387 18.236 0.045
4839.73520 18.368 0.038
4841.79953 18.170 0.032
4843.79933 18.216 0.044
4846.78925 18.127 0.033
4848.81914 18.134 0.032
4852.77561 18.085 0.033
4854.77695 18.170 0.029
4856.78368 18.226 0.036
4861.73873 18.126 0.030
4867.70266 18.142 0.033
4869.67168 18.185 0.035
4871.67930 18.123 0.039
4875.66524 18.219 0.033
4877.69034 18.136 0.028
4879.69705 18.156 0.036
4882.71575 18.192 0.038
4885.67761 18.182 0.029
4889.63566 18.194 0.035
4902.63393 18.207 0.047
4911.65271 18.145 0.029
4915.57188 18.153 0.036
4919.57711 18.151 0.030
4925.59034 18.130 0.030
4929.55754 18.157 0.042
4932.59268 18.128 0.041
4935.57055 18.134 0.033
4939.57740 18.193 0.032
4944.54289 18.200 0.030
4949.53650 18.149 0.028
4954.53514 18.237 0.050
