2167.86807 19.197 0.082
2186.84186 19.287 0.142
2190.82726 19.029 0.060
2192.87023 19.116 0.073
2193.79178 19.008 0.052
2202.79126 19.134 0.080
2214.83893 19.108 0.105
2221.78093 19.063 0.094
2224.79337 19.067 0.069
2227.70424 19.103 0.077
2229.70971 19.159 0.092
2231.67808 18.995 0.077
2233.64640 19.065 0.066
2236.65875 19.054 0.082
2239.62679 19.275 0.116
2241.71371 19.548 0.136
2243.76742 19.079 0.078
2247.84931 19.044 0.073
2248.85196 18.979 0.059
2250.78200 19.139 0.066
2252.69899 19.057 0.070
2254.69027 19.058 0.058
2257.69848 19.046 0.059
2260.70395 19.113 0.061
2266.69531 18.919 0.069
2270.76248 19.007 0.066
2271.84323 19.054 0.044
2272.74868 19.217 0.097
2274.74022 19.018 0.066
2276.80160 19.138 0.097
2278.66585 19.093 0.083
2280.74419 19.054 0.066
2282.74010 19.075 0.066
2289.80358 19.088 0.069
2292.82001 19.181 0.105
2296.80881 18.871 0.109
2298.80244 19.206 0.099
2302.75319 19.216 0.105
2315.67893 19.021 0.066
2324.53678 19.030 0.097
2328.52368 19.014 0.095
2334.51697 19.156 0.077
2364.50646 19.161 0.119
2385.52393 19.140 0.104
2529.86808 19.283 0.088
2539.86806 19.078 0.095
2545.83527 19.069 0.082
2552.89377 19.025 0.086
2556.88243 18.975 0.067
2560.79169 19.082 0.072
2561.79321 19.056 0.082
2565.79967 19.198 0.098
2574.74973 19.035 0.067
2578.81808 18.936 0.078
2586.74015 19.066 0.084
2590.78842 19.584 0.126
2596.79513 19.099 0.082
2605.83493 19.019 0.070
2609.79999 19.027 0.094
2614.77734 19.047 0.083
2618.80793 19.131 0.092
2621.73308 19.026 0.064
2624.65264 19.046 0.078
2627.76172 19.007 0.092
2629.78266 18.937 0.075
2632.68247 19.093 0.069
2635.78309 19.123 0.070
2638.70089 19.000 0.071
2640.79758 19.215 0.116
2642.75583 18.991 0.097
2644.75481 19.102 0.072
2646.71449 19.146 0.081
2650.76579 19.127 0.086
2652.86017 19.204 0.087
2654.78918 18.994 0.077
2656.69466 19.073 0.094
2658.65709 19.011 0.071
2660.67627 19.105 0.092
2662.69085 19.310 0.103
2664.66583 19.069 0.078
2666.73138 19.088 0.064
2668.72228 19.027 0.073
2672.81599 19.095 0.087
2674.72185 19.065 0.077
2676.71102 19.183 0.077
2678.78338 19.125 0.070
2680.67012 19.132 0.078
2682.71544 19.275 0.123
2687.60386 19.121 0.099
2692.60254 19.094 0.077
2696.59376 19.044 0.081
2701.58545 19.230 0.114
2708.51512 19.201 0.125
2715.51075 18.984 0.110
2870.92906 19.092 0.104
2890.86355 19.220 0.130
2895.89942 19.105 0.070
2900.86365 19.340 0.087
2911.84905 19.074 0.058
2917.76302 19.109 0.078
2922.88518 19.107 0.105
2926.81812 19.144 0.083
2931.74637 19.021 0.069
2934.78715 19.064 0.064
2940.76767 19.056 0.066
2943.77186 19.049 0.072
2947.78050 19.186 0.066
2949.87036 19.052 0.089
2950.69431 19.186 0.087
2954.71764 18.998 0.091
2956.76299 19.065 0.071
2958.80465 19.049 0.072
2962.80179 19.108 0.063
2965.82480 19.080 0.064
2968.69250 19.091 0.075
2973.76601 19.034 0.064
2976.63244 19.087 0.083
2978.83351 19.076 0.066
2980.74848 19.087 0.070
2982.75655 19.093 0.064
2984.78814 19.116 0.071
2987.66953 18.989 0.075
2989.62763 19.487 0.089
2991.69160 19.099 0.063
2993.71192 18.942 0.076
2995.78677 19.121 0.072
2997.75738 19.046 0.069
2999.65707 19.068 0.061
3000.70597 19.544 0.110
3002.69426 19.097 0.066
3004.69512 19.123 0.064
3006.63861 19.089 0.071
3008.79352 19.174 0.077
3010.71309 19.158 0.099
3011.76805 19.563 0.158
3015.78562 19.081 0.111
3017.77331 19.070 0.069
3019.72702 19.118 0.089
3021.82000 19.158 0.080
3023.68208 19.093 0.053
3025.65351 19.022 0.049
3027.69908 19.061 0.063
3029.68399 19.051 0.066
3031.75406 19.191 0.080
3033.81765 19.501 0.103
3036.61613 19.101 0.061
3039.55801 19.084 0.076
3041.66605 19.009 0.104
3043.67676 19.364 0.126
3045.73963 19.015 0.076
3047.69328 18.973 0.073
3048.62449 19.015 0.049
3050.64151 19.146 0.060
3052.64290 19.064 0.060
3054.64738 19.056 0.073
3056.63554 19.084 0.058
3058.62948 19.202 0.087
3060.67910 19.094 0.069
3066.52541 18.995 0.104
3068.56496 19.105 0.089
3070.63721 19.039 0.099
3073.65705 19.043 0.078
3076.58090 19.186 0.110
3078.66769 19.228 0.088
3082.64469 19.150 0.056
3085.54713 19.178 0.080
3088.51013 19.209 0.093
3090.65184 19.018 0.073
3093.53444 18.944 0.087
3098.64375 19.005 0.081
3102.61446 19.073 0.087
3105.62019 19.198 0.093
3108.59815 18.996 0.064
3111.54653 19.391 0.136
3129.48884 19.146 0.110
3134.50970 19.161 0.093
3216.90355 18.939 0.089
3242.83830 19.169 0.089
3248.89105 19.091 0.081
3258.86763 19.194 0.077
3264.83869 19.087 0.063
3270.90539 19.127 0.089
3274.79075 19.110 0.087
3278.84570 19.082 0.088
3282.82188 18.990 0.063
3287.79529 19.181 0.055
3295.75289 19.022 0.052
3301.80648 19.077 0.081
3304.87092 19.182 0.082
3307.74035 19.015 0.098
3309.77250 19.036 0.061
3311.77045 19.166 0.073
3320.81808 19.150 0.065
3327.78599 19.126 0.067
3330.74435 19.224 0.099
3334.84384 18.890 0.080
3339.79167 19.052 0.069
3350.72801 19.002 0.048
3353.83797 19.089 0.067
3357.62826 19.135 0.075
3360.66709 19.603 0.100
3363.77535 19.093 0.070
3369.85265 19.073 0.081
3375.78900 19.077 0.070
3378.71453 19.184 0.069
3394.59764 19.050 0.077
3396.64849 18.875 0.056
3399.75111 19.051 0.089
3403.73847 19.192 0.072
3408.62292 19.071 0.063
3413.57790 19.070 0.064
3417.59499 19.108 0.069
3425.60314 19.110 0.094
3431.59113 19.031 0.056
3437.56667 19.153 0.076
3446.53576 19.116 0.073
3456.49730 18.963 0.083
3474.48389 19.064 0.106
3603.92609 19.040 0.071
3619.86910 19.159 0.073
3633.84559 19.043 0.080
3639.81205 19.110 0.061
3644.84810 19.143 0.064
3651.79055 19.134 0.065
3654.83832 19.184 0.070
3658.80191 19.163 0.076
3660.82671 18.948 0.078
3665.82070 19.310 0.102
3670.79042 18.961 0.069
3673.80054 19.173 0.063
3676.80058 19.115 0.063
3684.85458 19.109 0.066
3687.82694 19.146 0.059
3690.74688 19.108 0.077
3693.78439 19.058 0.066
3695.81571 19.089 0.059
3698.80528 19.146 0.076
3700.82391 19.090 0.087
3703.75798 19.056 0.059
3705.82218 19.066 0.054
3708.80998 19.104 0.082
3712.76750 19.062 0.058
3714.83827 19.103 0.061
3717.73067 19.048 0.078
3720.81876 19.382 0.104
3724.73639 19.068 0.058
3727.81098 19.100 0.070
3728.77373 19.098 0.064
3731.77727 19.191 0.061
3732.76036 19.041 0.052
3735.61678 19.091 0.052
3737.78665 19.142 0.050
3740.74857 19.078 0.054
3742.75588 19.151 0.089
3745.79184 19.010 0.061
3747.79444 19.285 0.145
3748.76165 19.088 0.098
3750.77183 18.948 0.067
3752.78189 19.066 0.083
3754.79968 19.095 0.070
3757.58065 19.152 0.080
3759.78574 18.901 0.055
3763.65767 19.092 0.044
3766.61407 19.071 0.058
3770.70060 19.581 0.121
3773.73335 18.961 0.072
3776.70506 19.244 0.108
3779.65834 19.051 0.106
3783.57501 19.027 0.064
3788.54773 19.077 0.053
3792.58520 18.985 0.060
3800.56708 19.206 0.075
3810.52513 19.205 0.097
3824.49532 19.203 0.102
3950.91893 19.050 0.070
3964.91767 19.118 0.056
3970.84256 19.156 0.077
3981.91111 19.136 0.084
3990.89983 19.042 0.075
3998.90362 19.010 0.066
4003.71731 19.005 0.055
4005.89303 19.082 0.059
4006.73859 19.116 0.060
4008.75938 19.331 0.066
4013.75992 18.954 0.067
4018.89250 18.943 0.077
4024.75646 19.002 0.053
4026.83410 18.938 0.055
4029.77869 18.958 0.061
4032.80953 19.087 0.094
4038.76126 19.016 0.063
4041.72123 19.166 0.073
4043.72617 18.987 0.069
4046.81955 19.138 0.080
4049.68871 18.996 0.060
4052.75003 18.966 0.049
4056.79600 19.268 0.071
4058.84316 19.139 0.071
4063.72598 18.811 0.048
4065.84912 19.125 0.073
4067.69102 19.070 0.058
4070.71325 19.029 0.061
4074.78199 19.231 0.084
4077.83076 19.013 0.063
4080.70734 19.253 0.084
4084.63566 19.283 0.089
4086.79139 19.313 0.091
4093.83277 19.118 0.066
4105.85098 18.820 0.070
4111.77011 19.092 0.056
4117.71051 19.009 0.067
4121.68847 19.005 0.089
4124.77073 19.034 0.054
4132.72664 19.279 0.111
4142.74838 19.111 0.126
4156.58349 19.006 0.065
4168.54399 19.050 0.065
4198.49812 19.116 0.089
4343.83412 19.028 0.080
4347.90118 19.075 0.073
4353.83435 19.035 0.064
4358.78576 19.149 0.114
4363.82827 19.165 0.109
4367.78807 19.216 0.094
4370.82483 19.172 0.097
4373.82426 19.102 0.067
4377.84327 19.010 0.078
4380.88794 19.054 0.071
4386.83380 19.163 0.092
4390.79580 19.132 0.076
4394.81339 19.083 0.059
4399.76996 19.094 0.091
4407.73288 19.434 0.099
4412.75651 19.130 0.088
4418.84202 19.363 0.070
4422.73413 18.943 0.059
4427.70978 19.023 0.076
4430.71310 18.928 0.092
4433.73072 19.111 0.077
4436.81208 19.035 0.080
4440.67297 19.052 0.075
4443.76542 19.105 0.088
4449.72804 19.077 0.063
4451.76762 19.048 0.067
4452.74693 19.137 0.083
4455.73711 19.104 0.083
4457.76732 19.184 0.108
4459.73199 19.027 0.072
4462.70980 19.078 0.075
4464.78014 19.074 0.082
4467.75588 19.036 0.058
4471.81380 19.097 0.075
4472.64319 19.125 0.060
4476.69674 19.156 0.063
4480.80021 19.126 0.069
4483.78849 18.966 0.075
4486.81477 18.979 0.099
4492.67256 19.125 0.083
4497.73425 18.941 0.059
4500.57591 18.925 0.069
4502.71711 19.019 0.087
4507.72000 19.129 0.083
4509.67169 19.082 0.081
4521.66832 19.044 0.073
4523.65334 19.051 0.078
4525.61801 19.238 0.091
4531.59400 19.039 0.059
4533.59637 19.147 0.073
4537.64645 18.974 0.069
4539.56558 19.048 0.081
4541.64776 19.174 0.082
4545.57517 19.120 0.077
4547.62488 18.977 0.095
4559.56558 19.219 0.089
4565.50640 19.022 0.083
4571.55519 19.139 0.117
4580.49229 19.040 0.098
4600.51729 19.074 0.100
4609.47038 19.047 0.122
4684.93656 19.229 0.117
4697.91534 19.077 0.116
4708.88639 19.052 0.072
4720.82477 19.056 0.063
4725.76459 19.251 0.099
4728.87230 19.190 0.092
4734.83355 19.109 0.067
4748.85669 18.948 0.050
4753.85703 19.139 0.087
4757.80518 18.996 0.072
4760.80677 19.063 0.061
4763.86575 18.987 0.091
4769.73600 19.147 0.094
4772.76813 19.095 0.067
4775.78558 19.141 0.109
4777.79874 19.038 0.066
4781.85692 19.138 0.081
4784.74933 19.043 0.093
4788.84624 19.034 0.056
4792.74214 19.186 0.082
4794.84520 19.135 0.070
4797.84736 19.060 0.066
4799.74108 19.161 0.094
4801.67398 19.083 0.073
4803.66966 18.969 0.076
4805.76791 19.085 0.066
4808.66831 19.169 0.080
4810.76024 19.126 0.077
4813.74529 19.056 0.100
4815.72912 19.328 0.099
4817.72671 19.203 0.073
4819.73565 19.044 0.056
4822.71554 19.070 0.063
4824.71268 19.067 0.070
4825.68229 19.058 0.060
4826.74655 18.974 0.069
4833.74899 19.097 0.053
4835.75940 18.972 0.070
4838.76409 19.101 0.063
4840.74705 19.133 0.072
4842.73512 19.029 0.086
4844.73140 19.186 0.081
4846.76344 19.101 0.076
4848.78728 19.072 0.073
4853.80909 19.426 0.103
4861.70002 19.106 0.078
4865.63071 19.084 0.065
4866.61322 19.021 0.065
4867.60601 19.084 0.059
4867.72515 19.081 0.063
4868.62612 19.093 0.069
4868.75597 19.062 0.065
4870.72858 19.086 0.092
4873.74662 19.171 0.103
4875.71825 19.126 0.072
4877.66537 19.239 0.075
4879.72181 19.167 0.089
4884.55848 19.130 0.097
4884.66602 19.113 0.083
4885.53082 19.182 0.087
4885.62254 19.080 0.064
4885.63706 19.128 0.076
4885.66305 19.133 0.081
4886.52973 19.144 0.066
4886.62766 19.049 0.064
4886.67233 19.087 0.063
4886.70392 19.011 0.070
4887.52928 19.065 0.066
4887.59636 19.059 0.049
4888.52637 18.987 0.075
4888.59828 19.109 0.060
4888.64223 19.153 0.078
4889.59597 19.521 0.108
4889.61070 19.382 0.099
4889.66157 19.531 0.113
4890.52422 19.065 0.070
4890.63247 19.038 0.069
4890.67302 19.172 0.075
4891.54080 19.186 0.077
4891.60178 19.159 0.071
4891.66192 19.021 0.058
4892.52870 19.049 0.073
4892.60088 19.126 0.077
4892.66945 19.094 0.071
4893.54313 19.013 0.072
4893.60757 19.197 0.094
4893.64769 19.046 0.087
4894.56166 19.087 0.075
4894.62668 19.157 0.080
4894.65818 19.102 0.087
4895.52702 19.001 0.069
4895.61020 19.133 0.070
4895.67193 19.139 0.082
4896.51547 19.102 0.061
4896.58294 19.114 0.069
4896.60693 19.153 0.082
4897.51727 19.042 0.071
4897.57403 19.192 0.081
4897.62250 19.113 0.077
4898.53915 19.157 0.092
4898.59126 19.066 0.084
4899.51799 19.203 0.088
4899.61418 19.149 0.087
4900.51674 19.144 0.099
4900.55789 18.991 0.086
4900.60203 19.011 0.076
4900.64540 19.246 0.115
4901.51937 19.224 0.127
4902.56237 18.853 0.081
4903.51466 19.036 0.097
4904.52322 19.321 0.122
4904.57893 19.189 0.100
4905.51668 19.131 0.082
4907.56987 19.030 0.075
4907.60269 19.168 0.102
4908.50662 19.226 0.094
4911.57488 19.043 0.077
4913.51010 19.030 0.089
4914.55934 19.186 0.094
4916.51718 19.057 0.076
4917.50223 19.063 0.078
4917.58256 19.163 0.063
4918.50211 19.228 0.094
4919.50156 19.030 0.069
4921.49984 19.054 0.067
4921.55434 19.173 0.081
4924.49837 19.134 0.070
4925.49701 19.202 0.089
4927.51214 18.931 0.084
4927.54944 19.155 0.099
4928.52421 19.224 0.098
4929.49243 19.198 0.114
4930.49945 19.021 0.099
4931.51962 19.115 0.093
4932.53005 19.135 0.123
4933.48715 19.084 0.084
4934.49636 19.146 0.084
4935.48616 19.053 0.084
4936.49244 18.978 0.065
4936.55666 19.110 0.083
4937.49124 19.049 0.053
4938.48752 19.208 0.103
4939.49334 19.660 0.131
4940.50453 19.051 0.072
4940.57153 19.085 0.073
4941.50057 19.417 0.132
4942.50417 19.091 0.076
4943.48500 19.170 0.086
4944.50545 19.091 0.075
4945.50112 19.057 0.069
4945.53828 19.010 0.060
4946.50709 19.236 0.092
4947.49014 19.275 0.106
4949.48440 19.214 0.077
4950.47873 19.343 0.141
4951.47715 19.095 0.117
4953.50620 19.072 0.091
4955.47210 19.233 0.084
4955.51356 18.970 0.070
