2166.90333 17.548 0.019
2173.82374 17.512 0.019
2192.79707 17.520 0.016
2201.80985 17.564 0.015
2212.84151 17.523 0.024
2223.84615 17.528 0.017
2226.82611 17.528 0.020
2229.63805 17.524 0.021
2232.79638 17.532 0.019
2234.79057 17.521 0.016
2238.76257 17.520 0.016
2241.63760 17.496 0.019
2243.69603 17.542 0.020
2248.76843 17.515 0.016
2251.72586 17.525 0.016
2253.80995 17.525 0.017
2255.68493 17.518 0.019
2261.70519 17.522 0.017
2269.81964 17.541 0.017
2271.76707 17.509 0.015
2273.85209 17.540 0.020
2274.63676 17.499 0.021
2276.74387 17.500 0.019
2278.64240 17.518 0.017
2280.64059 17.528 0.019
2282.64916 17.535 0.020
2289.78281 17.559 0.019
2291.79091 17.514 0.021
2293.75664 17.450 0.023
2295.77858 17.536 0.017
2297.77191 17.495 0.017
2299.81245 17.569 0.023
2301.70658 17.644 0.025
2303.70276 17.555 0.024
2327.53239 17.532 0.023
2332.56527 17.565 0.028
2333.52934 17.539 0.026
2339.51756 17.518 0.021
2347.51223 17.531 0.020
2402.50628 17.546 0.026
2524.90196 17.494 0.019
2542.86381 17.514 0.017
2552.81317 17.528 0.020
2556.80478 17.539 0.017
2559.85293 17.519 0.020
2564.82091 17.528 0.020
2578.74624 17.516 0.023
2583.78172 17.525 0.020
2589.82510 17.532 0.017
2596.71333 17.513 0.024
2605.71460 17.540 0.017
2609.70531 17.534 0.020
2614.64001 17.547 0.019
2618.69759 17.539 0.020
2620.82562 17.513 0.017
2623.79652 17.495 0.017
2627.66075 17.511 0.026
2629.68427 17.553 0.026
2631.70428 17.512 0.023
2634.73288 17.659 0.020
2635.60448 17.591 0.017
2637.80352 17.526 0.017
2639.62942 17.512 0.015
2641.69546 17.531 0.019
2643.70422 17.520 0.019
2645.69310 17.529 0.015
2647.65084 17.539 0.017
2651.60577 17.548 0.021
2653.63241 17.587 0.023
2655.75336 17.513 0.019
2657.59837 17.509 0.017
2659.61338 17.544 0.020
2661.83138 17.527 0.024
2663.84544 17.563 0.028
2665.85136 17.561 0.026
2668.60119 17.561 0.023
2670.60549 17.519 0.021
2672.59210 17.520 0.021
2674.61346 17.506 0.019
2676.59995 17.537 0.019
2678.67272 17.553 0.020
2680.59848 17.546 0.016
2682.64778 17.538 0.021
2686.64232 17.553 0.023
2691.58891 17.597 0.025
2695.62474 17.508 0.019
2700.58023 17.621 0.023
2706.59766 17.551 0.024
2713.56280 17.511 0.024
2840.94313 17.509 0.025
2885.84521 17.529 0.017
2892.87477 17.541 0.023
2897.84409 17.496 0.021
2903.88987 17.519 0.014
2906.89301 17.534 0.016
2911.77285 17.534 0.017
2916.82256 17.532 0.015
2922.80677 17.509 0.021
2926.73334 17.528 0.019
2930.80789 17.530 0.017
2933.85223 17.530 0.016
2939.86051 17.546 0.020
2942.81110 17.562 0.017
2944.85455 17.541 0.020
2946.85645 17.546 0.019
2949.77089 17.521 0.017
2952.84778 17.522 0.019
2956.68621 17.541 0.017
2958.71289 17.508 0.019
2962.72462 17.534 0.019
2965.74284 17.614 0.016
2967.84240 17.600 0.016
2970.80776 17.540 0.015
2974.74557 17.534 0.020
2976.78028 17.528 0.017
2978.76036 17.515 0.019
2980.70042 17.528 0.017
2982.66319 17.523 0.017
2984.71036 17.548 0.019
2986.79365 17.528 0.020
2988.75771 17.522 0.020
2990.62989 17.512 0.017
2992.78047 17.535 0.017
2994.62675 17.550 0.017
2995.63632 17.526 0.015
2997.64631 17.526 0.016
2999.76503 17.529 0.019
3001.73707 17.543 0.017
3003.71034 17.520 0.016
3005.70109 17.529 0.017
3007.71551 17.516 0.019
3009.71360 17.525 0.017
3011.68295 17.546 0.021
3013.68614 17.519 0.017
3017.69655 17.528 0.020
3019.62416 17.540 0.019
3021.74329 17.512 0.016
3023.60525 17.521 0.015
3024.80628 17.522 0.016
3026.80255 17.532 0.015
3028.81457 17.495 0.017
3031.67655 17.508 0.015
3033.74047 17.858 0.019
3035.74786 17.549 0.016
3038.72523 17.578 0.021
3041.59341 17.541 0.024
3043.62880 17.545 0.023
3045.66251 17.523 0.019
3047.61656 17.539 0.021
3049.62217 17.508 0.015
3051.58945 17.526 0.019
3053.58457 17.523 0.017
3055.58373 17.557 0.017
3057.60855 17.556 0.019
3060.63106 17.518 0.017
3064.63971 17.574 0.023
3067.69387 17.577 0.019
3070.54073 17.515 0.020
3073.60907 17.521 0.025
3075.65665 17.533 0.021
3078.57678 17.527 0.020
3082.56613 17.505 0.021
3084.64306 17.517 0.016
3087.60617 17.547 0.017
3090.56846 17.579 0.021
3099.50466 17.542 0.021
3102.53495 17.493 0.021
3105.56873 17.511 0.019
3108.54721 17.542 0.017
3112.51858 17.479 0.020
3116.50584 17.543 0.020
3126.51159 17.553 0.020
3146.47409 17.521 0.023
3241.89908 17.523 0.019
3256.91046 17.528 0.019
3263.88529 17.545 0.015
3268.90089 17.535 0.017
3273.87613 17.552 0.019
3277.86535 17.519 0.017
3281.85543 17.551 0.015
3289.86913 17.482 0.015
3294.86459 17.523 0.014
3296.87234 17.542 0.017
3301.72330 17.548 0.019
3304.78600 17.525 0.019
3306.86699 17.530 0.017
3309.69634 17.528 0.016
3311.69409 17.529 0.016
3320.73687 17.513 0.016
3327.70590 17.528 0.016
3329.85651 17.542 0.016
3334.76245 17.553 0.023
3338.81258 17.534 0.016
3350.64439 17.533 0.015
3354.64459 17.524 0.017
3358.69805 17.554 0.015
3361.80348 17.549 0.016
3363.75327 17.551 0.017
3367.70706 17.643 0.024
3372.72550 17.525 0.015
3378.63822 17.541 0.019
3391.70578 17.518 0.017
3395.69722 17.492 0.020
3399.67332 17.493 0.016
3402.69018 17.532 0.015
3404.62074 17.539 0.017
3408.57137 17.544 0.016
3412.61674 17.575 0.019
3416.60015 17.520 0.016
3424.60325 17.510 0.019
3431.50489 17.536 0.017
3437.51591 17.562 0.016
3445.52066 17.528 0.019
3453.54238 17.574 0.021
3462.51768 17.532 0.019
3582.92430 17.546 0.017
3589.93105 17.548 0.015
3617.91647 17.609 0.023
3629.85610 17.587 0.020
3634.82145 17.516 0.016
3639.87436 17.546 0.014
3641.86526 17.560 0.017
3650.86056 17.524 0.015
3653.88845 17.561 0.019
3657.84163 17.523 0.015
3661.82552 17.517 0.019
3666.82173 17.533 0.020
3671.85456 17.543 0.016
3675.83712 17.542 0.015
3683.85826 17.507 0.016
3687.75097 17.532 0.015
3689.85143 17.559 0.016
3692.77528 17.558 0.017
3694.79021 17.574 0.016
3696.73268 17.564 0.016
3699.73524 17.665 0.015
3701.78821 17.536 0.015
3704.69530 17.540 0.015
3706.82408 17.548 0.015
3711.69773 17.496 0.016
3713.71149 17.549 0.016
3716.81062 17.540 0.015
3719.79153 17.529 0.021
3725.78322 17.536 0.020
3727.75798 17.533 0.016
3730.65334 17.519 0.014
3732.67783 17.508 0.014
3734.77580 17.507 0.015
3736.79221 17.514 0.016
3737.68073 17.534 0.015
3739.77976 17.535 0.014
3742.60281 17.526 0.017
3745.71551 17.509 0.015
3747.74382 17.508 0.025
3749.62662 17.534 0.025
3751.73078 17.514 0.019
3753.60240 17.534 0.019
3755.63993 17.548 0.021
3757.67338 17.543 0.017
3759.73807 17.523 0.014
3762.72536 17.552 0.017
3765.74393 17.502 0.012
3770.58545 17.567 0.017
3773.59281 17.527 0.017
3776.59184 17.536 0.016
3779.58191 17.560 0.021
3782.63161 17.533 0.016
3787.55744 17.524 0.017
3791.60370 17.538 0.017
3799.52824 17.590 0.021
3806.53325 17.566 0.026
3821.50628 17.519 0.015
3945.93097 17.521 0.014
3963.92703 17.636 0.020
3969.85747 17.513 0.020
3975.90751 17.514 0.016
3981.83672 17.590 0.019
3995.88710 17.526 0.019
4001.84019 17.531 0.015
4005.81802 17.510 0.014
4007.82206 17.530 0.015
4011.82221 17.508 0.019
4018.81375 17.523 0.016
4023.84585 17.540 0.016
4026.75220 17.530 0.015
4029.69554 17.551 0.020
4031.77608 17.709 0.019
4038.68529 17.494 0.015
4040.85208 17.568 0.019
4042.86784 17.531 0.017
4046.74281 17.560 0.019
4048.83231 17.600 0.020
4052.67449 17.551 0.015
4056.71904 17.579 0.019
4058.65708 17.537 0.016
4063.65110 17.552 0.015
4066.64890 17.536 0.014
4069.71451 17.521 0.016
4071.64313 17.554 0.019
4076.71537 17.539 0.017
4079.72808 17.604 0.023
4083.64499 17.554 0.019
4085.71031 17.492 0.016
4092.82763 17.532 0.015
4112.69915 17.544 0.014
4117.68800 17.529 0.017
4121.66401 17.542 0.017
4124.74690 17.564 0.015
4129.75945 17.661 0.020
4142.61849 17.543 0.020
4150.62432 17.545 0.016
4155.52029 17.529 0.019
4166.54917 17.554 0.025
4196.49867 17.780 0.026
4341.87470 17.511 0.021
4347.82460 17.537 0.020
4351.87051 17.495 0.019
4357.88246 17.539 0.021
4363.80706 17.777 0.026
4366.85768 17.527 0.021
4369.89818 17.535 0.021
4372.80110 17.538 0.019
4376.89152 17.525 0.025
4379.89791 17.557 0.032
4386.75905 17.515 0.016
4393.76998 17.532 0.019
4398.84619 17.515 0.017
4403.85261 17.570 0.025
4411.78157 17.553 0.016
4411.84325 17.538 0.017
4418.73238 17.526 0.015
4422.82897 17.534 0.017
4429.77149 17.555 0.034
4432.69713 17.518 0.020
4436.73652 17.555 0.019
4439.80220 17.554 0.024
4443.67192 17.545 0.024
4448.82591 17.531 0.019
4451.66611 17.518 0.019
4455.66489 17.552 0.021
4457.72042 17.527 0.024
4460.75052 17.606 0.026
4464.71317 17.503 0.016
4467.70568 17.555 0.016
4471.75195 17.518 0.021
4476.67447 17.518 0.016
4480.67427 17.529 0.019
4484.75327 17.547 0.023
4488.67582 17.555 0.024
4493.67796 17.540 0.023
4498.65599 17.536 0.016
4501.64903 17.528 0.019
4506.58714 17.525 0.020
4508.59714 17.581 0.020
4510.67667 17.509 0.019
4516.62643 17.536 0.028
4519.69795 17.544 0.024
4521.54161 17.550 0.021
4524.58212 17.562 0.021
4530.60625 17.623 0.023
4532.63454 17.541 0.019
4537.59618 17.572 0.020
4540.64733 17.559 0.024
4544.60133 17.553 0.025
4547.54393 17.541 0.023
4556.55959 17.531 0.020
4561.53708 17.534 0.020
4568.49177 17.547 0.020
4575.51469 17.543 0.024
4592.51194 17.601 0.029
4600.49547 17.550 0.025
4682.91927 17.482 0.017
4691.92760 17.513 0.020
4719.85551 17.570 0.019
4724.80172 17.520 0.020
4727.89227 17.559 0.021
4733.89851 17.529 0.019
4747.88016 17.549 0.021
4752.83940 17.524 0.020
4756.84864 17.522 0.017
4760.73152 17.541 0.015
4762.85528 17.526 0.016
4768.83318 17.541 0.017
4771.87552 17.563 0.034
4775.70889 17.555 0.020
4777.72345 17.547 0.016
4781.68679 17.510 0.016
4783.84104 17.528 0.019
4788.77061 17.562 0.019
4791.78110 17.533 0.014
4794.75250 17.661 0.019
4797.73369 17.534 0.019
4800.69518 17.540 0.016
4802.80850 17.522 0.015
4804.83292 17.563 0.019
4805.85570 17.525 0.020
4807.81076 17.531 0.016
4809.84854 17.532 0.017
4812.69758 17.511 0.024
4814.71361 17.550 0.020
4816.71053 17.521 0.019
4818.76653 17.527 0.017
4820.74408 17.522 0.016
4823.77041 17.536 0.020
4825.84397 17.543 0.019
4833.65693 17.515 0.016
4835.67410 17.514 0.019
4837.73190 17.544 0.023
4840.69750 17.519 0.020
4842.68220 17.539 0.017
4844.68138 17.543 0.019
4847.74835 17.585 0.019
4849.74531 17.537 0.025
4852.75412 17.526 0.017
4854.73027 17.568 0.020
4856.72555 17.550 0.020
4865.69141 17.503 0.017
4867.68120 17.544 0.016
4870.69439 17.535 0.020
4873.72516 17.528 0.021
4875.69693 17.544 0.017
4877.61902 17.545 0.017
4879.67568 17.510 0.019
4884.68811 17.549 0.017
4888.57578 17.562 0.017
4902.61210 17.515 0.024
4911.62145 17.536 0.017
4919.55568 17.568 0.020
4925.56550 17.541 0.019
4929.53685 17.534 0.025
4932.57225 17.551 0.025
4936.53630 17.511 0.023
4938.53488 17.521 0.023
4942.54790 17.508 0.020
4949.51618 17.567 0.017
