2167.87173 19.811 0.110
2186.84550 20.683 0.371
2190.83091 20.142 0.126
2192.87354 19.944 0.113
2193.79512 20.211 0.104
2202.79458 20.204 0.140
2214.84223 19.936 0.169
2221.78422 19.452 0.099
2224.79666 20.124 0.125
2227.70753 20.575 0.200
2231.68136 19.704 0.105
2233.64970 20.085 0.118
2236.66205 19.993 0.139
2239.63007 20.061 0.146
2241.71700 20.427 0.200
2243.78688 20.012 0.141
2247.85258 19.915 0.110
2248.85526 19.837 0.096
2250.78760 19.975 0.123
2252.70639 19.833 0.085
2254.69754 19.904 0.089
2257.70181 19.816 0.093
2260.70724 19.969 0.090
2266.69861 20.034 0.116
2270.76576 20.006 0.110
2271.84682 19.904 0.066
2272.75196 20.055 0.153
2274.74351 20.054 0.121
2276.80490 20.118 0.174
2278.66914 20.003 0.140
2280.74750 20.003 0.108
2282.74340 19.951 0.106
2289.80686 19.914 0.103
2292.82331 20.005 0.212
2296.81211 19.708 0.183
2298.80576 19.725 0.113
2300.78337 19.900 0.159
2302.75649 19.819 0.138
2315.68225 20.045 0.125
2324.54046 20.164 0.174
2328.52739 20.055 0.183
2334.52069 19.873 0.103
2340.51749 20.096 0.172
2364.51016 20.125 0.198
2385.52764 19.998 0.150
2529.87176 19.848 0.098
2539.87173 19.826 0.114
2545.83858 19.949 0.129
2552.89744 20.151 0.242
2556.88611 21.151 0.344
2560.79534 19.994 0.141
2561.79685 19.906 0.123
2565.80298 20.088 0.163
2574.75304 19.896 0.101
2578.82138 19.875 0.123
2586.74377 19.680 0.103
2590.79205 20.165 0.153
2596.79876 19.905 0.138
2605.83855 19.913 0.110
2609.80359 19.933 0.141
2610.63614 19.871 0.120
2610.74162 20.197 0.187
2610.84798 20.007 0.158
2611.64822 19.994 0.160
2611.71853 20.464 0.285
2613.62940 20.244 0.209
2613.70724 20.088 0.187
2614.67741 20.042 0.164
2614.76078 20.164 0.192
2614.85236 19.914 0.114
2615.66143 19.836 0.140
2615.78356 20.173 0.146
2615.84128 20.387 0.213
2617.74454 20.001 0.149
2617.85300 19.774 0.148
2618.66671 19.936 0.128
2618.76029 20.033 0.111
2619.62341 20.384 0.175
2619.73018 20.604 0.155
2619.85452 19.915 0.114
2620.65334 19.928 0.123
2620.73853 19.871 0.094
2620.85526 20.115 0.146
2621.68750 20.060 0.085
2621.76301 19.909 0.098
2621.85622 19.867 0.090
2622.65331 19.543 0.106
2622.73472 20.035 0.134
2622.85562 19.863 0.104
2623.65204 19.978 0.152
2623.74012 19.987 0.118
2623.85144 19.950 0.103
2624.68260 19.955 0.121
2624.75370 20.038 0.108
2624.84850 20.395 0.190
2625.66762 19.990 0.110
2625.71950 20.131 0.120
2626.63646 19.979 0.160
2627.74422 19.935 0.198
2627.76500 19.892 0.162
2627.81813 20.121 0.224
2628.66101 19.836 0.126
2628.73807 19.826 0.160
2628.80515 20.123 0.155
2629.65673 20.055 0.170
2629.76509 20.117 0.152
2629.78595 20.059 0.136
2629.84486 20.079 0.155
2630.64460 19.804 0.136
2630.72411 20.172 0.160
2630.80450 20.508 0.333
2631.65608 19.999 0.170
2631.73886 19.865 0.145
2631.84821 20.128 0.219
2632.61205 19.965 0.105
2632.68576 19.956 0.106
2632.73882 19.885 0.086
2632.81937 19.972 0.109
2634.61085 19.945 0.104
2634.70087 19.911 0.093
2635.66104 20.041 0.109
2635.73837 19.936 0.086
2635.78639 20.047 0.111
2635.84131 20.188 0.149
2636.68893 19.902 0.084
2636.76930 19.780 0.103
2636.84899 19.941 0.136
2637.65097 20.144 0.135
2637.72956 19.856 0.090
2637.83268 20.066 0.105
2638.63223 19.879 0.101
2638.70419 19.899 0.106
2638.73317 20.101 0.145
2638.83262 19.856 0.129
2639.60532 19.873 0.084
2639.68566 19.866 0.073
2639.84171 20.127 0.103
2640.61426 20.358 0.170
2640.75625 20.308 0.139
2641.61439 19.873 0.119
2641.75081 19.881 0.099
2641.86162 19.896 0.139
2642.61252 19.846 0.105
2642.71428 19.993 0.146
2643.61944 19.855 0.094
2643.76310 19.969 0.113
2644.60207 19.852 0.126
2644.71262 20.046 0.113
2645.61691 19.973 0.593
2645.75295 19.879 0.095
2645.85934 19.844 0.155
2646.62173 19.898 0.116
2646.71780 19.962 0.111
2646.74698 19.979 0.116
2649.61911 19.960 0.109
2649.71156 19.873 0.081
2650.63929 19.949 0.095
2650.70085 19.825 0.096
2650.81063 19.899 0.103
2651.63533 19.931 0.114
2651.73111 20.157 0.120
2652.60050 20.103 0.133
2652.67946 20.081 0.177
2652.77704 19.902 0.094
2652.86345 20.210 0.164
2653.60835 20.076 0.140
2653.78515 19.998 0.145
2654.62699 19.980 0.133
2654.70403 19.825 0.116
2654.79249 20.010 0.133
2654.84465 19.899 0.109
2655.61263 20.281 0.160
2655.81616 19.769 0.103
2656.62411 19.934 0.124
2656.69796 19.786 0.119
2656.77310 20.045 0.168
2656.87038 19.860 0.163
2657.62650 20.047 0.126
2657.86684 20.032 0.217
2658.58802 19.883 0.150
2658.66041 19.760 0.091
2658.68757 19.899 0.129
2658.76857 19.866 0.183
2659.64605 19.945 0.115
2659.78121 19.514 0.143
2660.60075 20.015 0.125
2660.67957 19.767 0.116
2660.75408 20.134 0.192
2661.60582 20.228 0.098
2661.65961 20.101 0.101
2662.64451 19.909 0.105
2662.69413 19.925 0.113
2662.78016 20.328 0.172
2663.65913 19.862 0.101
2664.66913 19.894 0.113
2664.70682 19.702 0.116
2665.69457 19.898 0.074
2665.82669 19.944 0.139
2666.64895 20.129 0.103
2666.73859 20.142 0.118
2666.76674 20.197 0.098
2666.83277 20.681 0.299
2667.68391 20.157 0.140
2668.72558 19.946 0.133
2668.75827 19.851 0.093
2670.71135 20.058 0.194
2671.69385 19.875 0.136
2672.67099 19.838 0.165
2672.77502 20.005 0.116
2672.81930 19.856 0.118
2674.67588 19.932 0.100
2674.72516 19.831 0.096
2674.79798 20.002 0.125
2675.65463 20.097 0.140
2675.76145 20.012 0.103
2676.71434 19.938 0.106
2676.74402 19.795 0.088
2677.66138 19.757 0.135
2677.72009 19.929 0.090
2678.63444 20.000 0.101
2678.76615 20.201 0.130
2678.78669 19.829 0.089
2679.65496 20.123 0.130
2679.79087 19.969 0.159
2680.67344 19.836 0.084
2680.77692 19.772 0.086
2681.61547 19.929 0.118
2681.72698 19.925 0.126
2682.59286 20.321 0.173
2683.62802 19.793 0.118
2687.60744 20.170 0.184
2692.62115 19.835 0.125
2696.59736 19.780 0.105
2701.58905 19.913 0.145
2708.51874 20.233 0.217
2715.51437 20.051 0.187
2870.93268 20.313 0.277
2890.86718 19.891 0.165
2895.90302 19.848 0.093
2900.86726 20.114 0.114
2911.85264 19.935 0.081
2917.76660 20.023 0.123
2922.88880 20.342 0.255
2926.82169 19.973 0.131
2931.74994 19.938 0.108
2934.79076 19.975 0.098
2940.77126 20.004 0.104
2943.77543 19.864 0.111
2947.78408 19.902 0.094
2950.69786 19.956 0.116
2954.72120 20.382 0.224
2956.76655 20.031 0.106
2958.80821 20.107 0.140
2962.80535 19.883 0.099
2965.82836 20.040 0.110
2968.69607 20.224 0.140
2973.76954 19.968 0.105
2976.63599 19.856 0.118
2978.83706 19.873 0.095
2980.75201 20.513 0.182
2982.76011 19.945 0.103
2984.79168 20.053 0.124
2987.67309 20.090 0.140
2989.63150 19.978 0.098
2991.70359 19.866 0.100
2993.71549 19.964 0.123
2995.79031 20.086 0.108
2997.76092 20.137 0.130
2999.66062 19.818 0.086
3000.70954 19.918 0.108
3002.69782 20.039 0.113
3004.69869 19.912 0.088
3006.64215 19.981 0.105
3008.79708 20.176 0.128
3010.71666 20.073 0.153
3011.77162 19.999 0.185
3015.78919 19.899 0.130
3017.77687 20.015 0.121
3019.73059 20.106 0.143
3021.82355 19.783 0.105
3023.68565 19.920 0.076
3025.65709 19.888 0.065
3027.70264 20.456 0.135
3029.68757 19.905 0.106
3031.75763 19.975 0.103
3033.82121 19.836 0.098
3036.61972 20.107 0.108
3039.56157 19.988 0.119
3041.66962 19.851 0.138
3043.68033 20.681 0.358
3045.74318 19.729 0.101
3047.69687 20.120 0.140
3048.62809 19.875 0.076
3050.64507 19.867 0.083
3052.64648 19.940 0.086
3054.65099 19.908 0.094
3056.63910 19.972 0.085
3058.63308 19.902 0.104
3060.68271 20.224 0.125
3066.54467 20.358 0.223
3068.56857 20.164 0.174
3073.66066 19.992 0.140
3076.58451 20.031 0.143
3078.67132 19.811 0.118
3082.64830 19.960 0.084
3085.55181 20.938 0.258
3088.51376 19.988 0.148
3090.65546 20.715 0.249
3093.53808 19.965 0.150
3099.52499 19.988 0.129
3102.61808 19.837 0.119
3105.62382 19.898 0.125
3111.55016 21.178 0.554
3129.49250 19.976 0.153
3134.51336 20.101 0.157
3216.90720 20.512 0.278
3242.84194 20.013 0.130
3248.89468 19.654 0.099
3258.87124 19.676 0.081
3264.84231 19.943 0.090
3274.79435 19.922 0.140
3278.84929 20.078 0.165
3282.82547 19.900 0.100
3287.79885 19.937 0.079
3295.75647 20.351 0.124
3301.81005 19.665 0.103
3304.87451 20.152 0.164
3307.74391 19.947 0.178
3309.77604 19.963 0.098
3311.77401 19.889 0.095
3320.82164 20.613 0.169
3327.78955 19.905 0.099
3330.74793 20.002 0.157
3334.84739 19.474 0.111
3339.79524 19.734 0.091
3353.84150 20.263 0.136
3357.63257 20.569 0.175
3360.67065 20.058 0.115
3363.77888 20.076 0.134
3369.85618 20.069 0.141
3375.79256 19.908 0.094
3378.71812 20.304 0.128
3394.60123 20.031 0.140
3396.65207 20.169 0.131
3399.75467 19.855 0.129
3403.74202 19.807 0.091
3408.62649 19.864 0.094
3413.58146 19.985 0.101
3417.59855 20.185 0.118
3425.60670 20.495 0.225
3431.59469 20.009 0.098
3437.57025 19.921 0.084
3446.53935 20.571 0.184
3456.51928 20.241 0.170
3474.48751 19.970 0.172
3603.92968 20.060 0.172
3619.87270 20.237 0.134
3633.84916 20.169 0.208
3639.81562 19.943 0.089
3644.85167 19.895 0.080
3651.79411 19.674 0.073
3654.84186 20.093 0.113
3658.80545 20.131 0.138
3660.83027 19.760 0.116
3665.82423 19.907 0.119
3670.79397 20.082 0.119
3673.80408 20.051 0.098
3676.80412 20.386 0.143
3684.85811 19.825 0.089
3687.83047 19.962 0.090
3690.75042 19.891 0.114
3693.78793 19.898 0.096
3695.81923 20.182 0.100
3698.80881 19.956 0.104
3700.82742 20.042 0.116
3703.76151 19.902 0.090
3705.82569 20.178 0.099
3708.81351 20.111 0.129
3712.77102 19.798 0.074
3714.84181 20.048 0.104
3717.73419 19.868 0.139
3720.82225 19.876 0.129
3724.73992 20.066 0.099
3727.81450 20.072 0.120
3728.77725 20.141 0.110
3731.78078 19.937 0.086
3732.76387 19.885 0.081
3735.62029 19.821 0.066
3737.79018 19.889 0.069
3740.75207 19.920 0.081
3742.75945 20.525 0.184
3745.79535 20.035 0.105
3747.79798 20.318 0.233
3748.76518 19.730 0.121
3750.77589 20.002 0.129
3752.78540 19.852 0.116
3754.80319 19.875 0.103
3757.58418 20.101 0.130
3759.78925 19.871 0.091
3763.66121 20.026 0.070
3766.61761 19.972 0.091
3770.70413 19.713 0.081
3773.73690 20.095 0.146
3776.70862 19.806 0.118
3779.66191 20.255 0.222
3783.57853 20.079 0.138
3788.55130 20.037 0.091
3792.58876 19.890 0.100
3800.57065 20.151 0.134
3810.52871 19.775 0.116
3824.49893 20.155 0.172
3950.92248 20.224 0.146
3964.92123 19.957 0.088
3970.84609 19.905 0.095
3981.91465 19.968 0.131
3990.90335 20.160 0.124
3998.90716 20.282 0.179
4003.72081 20.082 0.109
4005.89654 19.932 0.090
4006.74210 20.179 0.115
4008.76290 19.989 0.085
4013.76344 19.903 0.116
4019.87248 19.718 0.078
4024.75994 20.186 0.111
4026.83761 20.110 0.104
4029.78216 19.931 0.109
4032.81301 19.586 0.104
4038.76475 19.605 0.086
4041.72472 19.689 0.089
4043.72965 20.317 0.168
4046.82303 19.853 0.108
4049.69219 20.202 0.130
4052.75351 20.040 0.091
4056.79949 20.009 0.094
4058.84661 20.396 0.164
4063.72945 19.993 0.099
4065.85260 19.947 0.130
4067.69448 20.079 0.110
4070.71670 19.831 0.104
4074.78544 20.107 0.138
4077.83422 19.794 0.088
4080.71082 19.966 0.116
4084.63914 20.339 0.164
4086.79486 19.657 0.093
4093.83624 19.891 0.096
4105.85446 21.058 0.379
4111.77357 20.042 0.098
4117.71400 20.292 0.169
4124.77422 20.227 0.109
4132.73012 19.916 0.133
4142.75187 20.021 0.174
4156.58702 19.951 0.094
4168.54752 20.215 0.123
4198.50169 19.925 0.124
4343.83767 20.071 0.139
4347.90472 20.082 0.115
4353.83788 19.898 0.095
4358.78929 20.307 0.235
4363.83180 20.045 0.165
4367.79158 19.911 0.129
4370.82836 19.841 0.113
4373.82779 19.963 0.100
4377.84678 19.999 0.124
4380.89144 20.067 0.138
4386.83730 19.988 0.123
4390.79929 19.972 0.109
4394.81686 19.893 0.079
4399.77346 20.014 0.150
4407.73639 20.029 0.134
4412.75999 19.824 0.121
4418.84551 19.931 0.078
4422.73760 19.916 0.101
4427.71325 20.178 0.160
4430.71659 20.230 0.184
4433.73420 20.062 0.118
4436.81555 19.789 0.125
4440.67644 20.202 0.135
4443.76888 19.727 0.103
4449.73151 19.923 0.086
4451.77109 20.013 0.109
4452.75040 20.017 0.135
4455.74057 19.954 0.131
4457.77080 19.851 0.148
4459.73547 19.949 0.120
4462.71327 19.974 0.109
4464.78361 19.689 0.093
4467.75934 20.010 0.104
4471.81728 19.813 0.099
4472.64669 19.928 0.083
4476.70020 20.091 0.098
4480.80368 19.801 0.084
4483.79199 19.875 0.105
4486.81825 20.022 0.184
4492.67607 19.960 0.116
4497.73753 19.930 0.101
4500.61060 20.112 0.135
4502.72039 20.058 0.162
4507.72328 19.914 0.123
4509.67497 19.991 0.125
4518.63743 19.905 0.133
4521.67184 20.134 0.135
4523.65688 19.885 0.119
4525.62153 19.839 0.100
4531.59968 20.138 0.105
4533.59989 20.024 0.120
4537.64996 19.821 0.100
4539.56912 19.734 0.110
4541.65133 19.993 0.109
4545.57872 20.101 0.125
4547.62840 20.142 0.199
4559.56910 20.116 0.146
4565.50996 19.876 0.129
4580.49588 19.899 0.173
4609.47396 19.683 0.162
4697.91890 19.799 0.167
4708.88993 19.743 0.096
4720.82831 19.738 0.079
4725.76814 19.724 0.108
4728.87582 20.629 0.248
4734.83704 20.147 0.126
4748.86023 19.953 0.081
4753.86052 19.913 0.123
4757.80870 19.907 0.111
4760.81028 19.953 0.088
4763.86924 20.340 0.235
4769.73950 20.078 0.140
4772.77162 20.113 0.124
4777.80223 19.968 0.106
4781.86040 19.911 0.128
4784.75278 20.135 0.187
4789.75817 19.831 0.089
4792.74563 20.043 0.128
4794.84871 20.199 0.138
4797.85081 19.955 0.106
4799.74456 19.757 0.114
4801.67746 19.889 0.099
4803.67313 19.643 0.100
4805.77139 20.055 0.106
4808.67178 19.952 0.126
4810.76372 20.016 0.114
4813.74876 19.736 0.143
4815.73261 20.287 0.188
4817.73017 19.812 0.091
4819.73915 20.092 0.110
4822.71901 19.969 0.104
4824.71615 19.999 0.095
4826.75001 20.154 0.128
4833.75246 19.996 0.090
4835.76287 19.789 0.104
4838.76755 19.837 0.091
4840.75052 19.942 0.104
4842.73860 20.351 0.210
4844.73489 20.125 0.141
4846.76696 19.871 0.108
4848.79080 19.937 0.109
4853.81260 19.951 0.119
4861.70353 19.957 0.123
4865.63417 19.832 0.098
4868.75946 20.007 0.113
4870.73209 20.340 0.208
4873.75013 20.134 0.185
4875.72178 19.631 0.081
4877.66887 20.004 0.103
4879.72533 20.766 0.265
4885.64058 20.749 0.237
4889.61422 19.910 0.111
4896.61046 19.812 0.110
4900.64893 19.659 0.129
4907.60624 19.830 0.121
4917.58612 20.373 0.143
4921.55791 19.773 0.111
4927.55280 20.626 0.284
4932.53340 20.163 0.205
4936.56001 20.520 0.269
4940.57488 20.222 0.144
4945.54163 20.009 0.095
4950.52346 20.364 0.255
4955.51692 19.820 0.101
