2166.84169 16.463 0.010
2172.89172 16.449 0.010
2183.88499 16.443 0.011
2189.84743 16.447 0.010
2192.75185 16.449 0.009
2201.76105 16.449 0.009
2212.79639 16.439 0.010
2217.78083 16.419 0.011
2223.80137 16.450 0.010
2226.77573 16.463 0.010
2228.81920 16.457 0.009
2232.75285 16.462 0.009
2234.74682 16.434 0.009
2238.69745 16.455 0.010
2240.82642 16.471 0.010
2242.83214 16.593 0.012
2248.71340 16.458 0.009
2251.73866 16.458 0.009
2253.75895 16.450 0.009
2255.68893 16.456 0.010
2258.68841 16.442 0.009
2261.66121 16.440 0.009
2269.76990 16.468 0.010
2271.71337 16.458 0.010
2273.80853 16.557 0.011
2275.78202 16.481 0.010
2277.78480 16.452 0.009
2279.78165 16.559 0.010
2281.74446 16.446 0.009
2283.80165 16.467 0.009
2289.73847 16.472 0.010
2291.74459 16.461 0.011
2293.71293 16.454 0.011
2295.73399 16.465 0.009
2297.72493 16.468 0.009
2299.75733 16.459 0.010
2301.66273 16.525 0.011
2303.65812 16.462 0.011
2326.56576 16.459 0.011
2332.50915 16.501 0.014
2338.53172 16.658 0.011
2344.52473 16.488 0.010
2355.49705 16.480 0.012
2387.48726 16.454 0.013
2521.90714 16.459 0.010
2537.85395 16.457 0.013
2542.82007 16.457 0.010
2544.87723 16.551 0.012
2551.86748 16.464 0.010
2555.89148 16.458 0.011
2559.80543 16.464 0.011
2563.85070 16.466 0.011
2577.84122 16.436 0.010
2580.86918 16.471 0.011
2589.77726 16.455 0.010
2594.79409 16.440 0.013
2599.84892 16.436 0.010
2609.65408 16.572 0.012
2611.65927 16.457 0.011
2617.80596 16.454 0.011
2620.77493 16.470 0.010
2623.74821 16.458 0.010
2626.67330 16.443 0.010
2627.61510 16.463 0.013
2628.84035 16.451 0.011
2630.82909 16.445 0.012
2632.61989 16.440 0.009
2635.61539 16.461 0.010
2637.74108 16.464 0.009
2637.75556 16.467 0.010
2639.77177 16.476 0.009
2641.64605 16.480 0.010
2643.65723 16.586 0.010
2645.64957 16.464 0.010
2647.57630 16.462 0.010
2651.64381 16.462 0.010
2653.66744 16.475 0.011
2655.65360 16.475 0.010
2657.78733 16.458 0.011
2659.65451 16.461 0.010
2661.67515 16.457 0.009
2665.78109 16.481 0.010
2667.85180 16.444 0.012
2671.78538 16.459 0.011
2675.71746 16.502 0.010
2677.75184 16.493 0.011
2679.74288 16.486 0.010
2682.60063 16.476 0.010
2686.56984 16.495 0.013
2691.52055 16.486 0.012
2695.57791 16.474 0.010
2700.52891 16.488 0.011
2713.51392 16.462 0.012
2735.49399 16.470 0.011
2841.91386 16.452 0.011
2868.88066 16.460 0.010
2890.82381 16.443 0.011
2895.85959 16.434 0.010
2900.81524 16.444 0.010
2906.84628 16.452 0.010
2910.87958 16.453 0.009
2915.87977 16.452 0.009
2921.87853 16.451 0.010
2925.84838 16.460 0.010
2930.76099 16.459 0.011
2933.80538 16.452 0.009
2939.81384 16.467 0.010
2941.83196 16.477 0.009
2943.70669 16.451 0.010
2946.80973 16.447 0.011
2948.80005 16.659 0.011
2952.79613 16.470 0.010
2955.85103 16.459 0.011
2958.66634 16.444 0.011
2962.67731 16.440 0.010
2965.69435 16.435 0.010
2967.79369 16.461 0.009
2970.69990 16.450 0.010
2970.70688 16.458 0.009
2974.69888 16.448 0.010
2976.73272 16.465 0.010
2978.62724 16.461 0.010
2980.65364 16.443 0.010
2982.61285 16.576 0.011
2984.65400 16.441 0.010
2986.74179 16.459 0.010
2988.70982 16.515 0.010
2990.64317 16.443 0.010
2992.72971 16.450 0.009
2994.63995 16.453 0.010
2996.72659 16.472 0.010
2998.68565 16.460 0.010
2999.77764 16.470 0.010
3001.65639 16.473 0.010
3003.65206 16.442 0.010
3005.60880 16.453 0.010
3007.72749 16.499 0.010
3009.66333 16.463 0.010
3011.60888 16.453 0.012
3013.63956 16.469 0.010
3017.61481 16.448 0.009
3018.70664 16.454 0.010
3020.78183 16.446 0.010
3022.80837 16.664 0.011
3024.75689 16.473 0.010
3026.75424 16.458 0.009
3028.76169 16.471 0.009
3030.76655 16.453 0.009
3033.69383 16.437 0.009
3035.70013 16.472 0.010
3038.67846 16.448 0.010
3040.67807 16.475 0.010
3042.62162 16.477 0.011
3044.55556 16.471 0.011
3046.57102 16.476 0.009
3048.55599 16.472 0.009
3050.57481 16.557 0.009
3052.57186 16.480 0.009
3054.57270 16.456 0.010
3056.56986 16.597 0.010
3060.58409 16.479 0.010
3064.58200 16.478 0.010
3067.64558 16.489 0.010
3069.60564 16.490 0.010
3073.51502 16.475 0.011
3075.60977 16.483 0.010
3078.52958 16.471 0.010
3082.51856 16.472 0.010
3084.59452 16.523 0.009
3087.55603 16.581 0.010
3090.51168 16.584 0.011
3093.49155 16.512 0.012
3098.60193 16.450 0.011
3101.55964 16.472 0.011
3104.53277 16.447 0.010
3111.50630 16.456 0.011
3114.50028 16.462 0.010
3115.52461 16.469 0.011
3126.46469 16.486 0.011
3144.47924 16.469 0.012
3224.88016 16.448 0.011
3239.91421 16.469 0.010
3247.88518 16.504 0.010
3256.86355 16.448 0.009
3263.83046 16.456 0.008
3268.85416 16.467 0.009
3273.82580 16.444 0.010
3281.80876 16.594 0.008
3289.82231 16.458 0.009
3294.82044 16.455 0.008
3296.82580 16.458 0.008
3298.85633 16.469 0.008
3301.67674 16.451 0.010
3303.84578 16.467 0.011
3306.82037 16.467 0.009
3308.83740 16.468 0.010
3310.86965 16.479 0.010
3320.68064 16.449 0.009
3323.63364 16.440 0.009
3329.80973 16.469 0.009
3334.70954 16.477 0.010
3338.76532 16.457 0.009
3349.78158 16.460 0.009
3351.76640 16.483 0.009
3358.62089 16.561 0.009
3361.71664 16.522 0.009
3363.70677 16.464 0.010
3367.66030 16.456 0.009
3372.67908 16.473 0.009
3377.71528 16.482 0.010
3386.74100 16.476 0.008
3391.58632 16.458 0.010
3395.64107 16.597 0.011
3398.69807 16.509 0.009
3402.64335 16.469 0.009
3404.57117 16.488 0.010
3408.52458 16.453 0.010
3412.55452 16.462 0.010
3414.59180 16.465 0.009
3419.55290 16.489 0.010
3426.50791 16.599 0.012
3433.55901 16.470 0.009
3443.52954 16.482 0.010
3453.49588 16.494 0.010
3574.93067 16.483 0.010
3588.92140 16.464 0.009
3589.87242 16.589 0.010
3614.91278 16.479 0.009
3617.86945 16.458 0.009
3629.80902 16.495 0.010
3634.77509 16.430 0.009
3639.88537 16.447 0.008
3641.81905 16.451 0.009
3646.89953 16.462 0.014
3650.81442 16.460 0.008
3653.84239 16.454 0.009
3657.79288 16.650 0.010
3660.75871 16.574 0.011
3664.79413 16.448 0.008
3668.73041 16.460 0.010
3671.86601 16.458 0.009
3676.84141 16.455 0.009
3684.78558 16.457 0.008
3687.70464 16.444 0.009
3689.80327 16.452 0.009
3692.72768 16.441 0.009
3694.80156 16.658 0.010
3696.67688 16.450 0.009
3699.68916 16.448 0.008
3701.74001 16.452 0.009
3704.70655 16.461 0.009
3706.76079 16.483 0.009
3711.65175 16.429 0.009
3713.66545 16.439 0.009
3716.71450 16.463 0.010
3719.71902 16.450 0.010
3722.76180 16.456 0.010
3726.66475 16.448 0.009
3728.63745 16.568 0.009
3731.73797 16.624 0.009
3733.62417 16.448 0.009
3734.72711 16.574 0.009
3736.74603 16.438 0.009
3737.63459 16.442 0.009
3739.69671 16.451 0.009
3741.72410 16.447 0.010
3743.69905 16.441 0.009
3746.74327 16.460 0.011
3748.69587 16.436 0.010
3750.70205 16.459 0.009
3752.71013 16.454 0.009
3754.73139 16.453 0.009
3755.65116 16.483 0.010
3757.62529 16.467 0.009
3759.59088 16.468 0.009
3762.67580 16.568 0.009
3765.69765 16.509 0.008
3769.73830 16.451 0.009
3772.70652 16.453 0.009
3775.69844 16.462 0.011
3778.67695 16.437 0.009
3782.58333 16.454 0.010
3786.56112 16.465 0.009
3791.55741 16.461 0.009
3798.55708 16.469 0.009
3805.54425 16.482 0.010
3820.48954 16.473 0.010
3938.93865 16.441 0.011
3961.91994 16.435 0.010
3968.90203 16.524 0.009
3974.88419 16.471 0.010
3981.79102 16.447 0.010
3987.91507 16.457 0.010
3988.86701 16.441 0.009
3995.82606 16.473 0.009
4002.82216 16.476 0.008
4005.77225 16.461 0.009
4007.77642 16.443 0.008
4011.75685 16.448 0.010
4018.73854 16.458 0.010
4023.79093 16.481 0.008
4026.70664 16.441 0.008
4028.84268 16.480 0.008
4031.73041 16.457 0.009
4037.83935 16.473 0.009
4040.80670 16.474 0.009
4042.82150 16.491 0.009
4046.69728 16.452 0.010
4048.78624 16.484 0.009
4052.62913 16.472 0.008
4053.82682 16.468 0.009
4056.64753 16.465 0.010
4059.65765 16.476 0.009
4064.62216 16.657 0.009
4066.60174 16.440 0.010
4069.66908 16.467 0.009
4071.59342 16.439 0.009
4076.64726 16.470 0.010
4079.68249 16.442 0.010
4082.67288 16.449 0.009
4084.75274 16.453 0.009
4087.67222 16.460 0.008
4093.76117 16.470 0.008
4102.63115 16.459 0.010
4104.79620 16.485 0.010
4109.65705 16.455 0.008
4113.67565 16.464 0.008
4119.61388 16.478 0.009
4122.66276 16.498 0.008
4125.71015 16.457 0.009
4129.70953 16.471 0.009
4142.56769 16.460 0.010
4150.54416 16.462 0.010
4154.52590 16.472 0.012
4165.57182 16.476 0.010
4183.51809 16.478 0.011
4340.89255 16.445 0.009
4346.87909 16.448 0.011
4350.89922 16.460 0.009
4357.83284 16.447 0.011
4363.76136 16.455 0.011
4365.78494 16.447 0.012
4369.78056 16.581 0.012
4372.75523 16.530 0.010
4376.84583 16.449 0.010
4379.85239 16.459 0.010
4383.85646 16.465 0.011
4388.79653 16.454 0.010
4393.72433 16.444 0.010
4398.79956 16.444 0.010
4403.74026 16.634 0.012
4411.73542 16.442 0.009
4417.81828 16.465 0.009
4417.86398 16.490 0.011
4421.73069 16.460 0.009
4425.80388 16.479 0.011
4429.71468 16.465 0.012
4431.85572 16.473 0.013
4436.68271 16.466 0.010
4439.72691 16.476 0.011
4442.70429 16.440 0.010
4448.75997 16.471 0.009
4450.76465 16.481 0.010
4453.74045 16.465 0.009
4456.75379 16.475 0.011
4459.66387 16.461 0.010
4462.66584 16.455 0.010
4465.70606 16.462 0.009
4469.65921 16.460 0.010
4474.66116 16.529 0.010
4478.76399 16.485 0.010
4481.76272 16.474 0.009
4484.67248 16.484 0.012
4487.73484 16.483 0.011
4492.68741 16.476 0.010
4494.72184 16.478 0.010
4499.60383 16.471 0.010
4502.67666 16.486 0.011
4507.63537 16.499 0.010
4509.63263 16.475 0.010
4514.62166 16.639 0.011
4516.54062 16.471 0.012
4520.62961 16.490 0.011
4522.53959 16.473 0.011
4524.55360 16.486 0.010
4530.55875 16.498 0.010
4532.55079 16.472 0.011
4537.54883 16.473 0.010
4540.59754 16.483 0.011
4549.55396 16.482 0.011
4560.49244 16.479 0.010
4567.50396 16.507 0.011
4574.52497 16.478 0.011
4592.46257 16.493 0.013
4681.91602 16.442 0.009
4691.88174 16.452 0.011
4702.89373 16.456 0.011
4719.80936 16.447 0.010
4722.89813 16.444 0.009
4726.88373 16.443 0.009
4731.86011 16.449 0.009
4747.83253 16.459 0.009
4751.87889 16.574 0.008
4756.80290 16.468 0.010
4759.84996 16.465 0.009
4762.80975 16.437 0.009
4768.78775 16.441 0.009
4771.82987 16.452 0.009
4774.83928 16.458 0.009
4776.86425 16.455 0.010
4780.82565 16.482 0.010
4783.79557 16.451 0.009
4788.72497 16.452 0.010
4791.70236 16.451 0.009
4794.70668 16.433 0.009
4797.68816 16.442 0.010
4800.73139 16.451 0.009
4802.76297 16.466 0.009
4804.78714 16.457 0.009
4805.81018 16.457 0.009
4807.76109 16.453 0.010
4810.71905 16.565 0.010
4812.77864 16.477 0.013
4814.66814 16.461 0.011
4816.66502 16.621 0.011
4818.68718 16.428 0.009
4820.69402 16.451 0.009
4823.70763 16.458 0.009
4825.79478 16.546 0.010
4831.83717 16.476 0.010
4832.79736 16.462 0.010
4834.76648 16.476 0.010
4837.66646 16.454 0.010
4839.69499 16.460 0.010
4841.73131 16.467 0.009
4843.73054 16.491 0.011
4846.69650 16.452 0.010
4848.72772 16.491 0.009
4850.71450 16.531 0.010
4852.70853 16.481 0.010
4855.71593 16.485 0.010
4857.69408 16.469 0.010
4863.64813 16.461 0.009
4866.66120 16.487 0.009
4868.65928 16.478 0.009
4870.64874 16.463 0.010
4873.67932 16.480 0.010
4875.57638 16.465 0.010
4876.60700 16.457 0.009
4878.63192 16.452 0.009
4882.55117 16.474 0.010
4884.61361 16.661 0.011
4888.53000 16.449 0.010
4900.56160 16.482 0.011
4904.58729 16.467 0.011
4913.56505 16.477 0.010
4918.54164 16.508 0.010
4924.55620 16.600 0.010
4928.55160 16.481 0.010
4930.50285 16.462 0.011
4934.49961 16.440 0.010
4938.49088 16.474 0.011
4942.50740 16.457 0.010
4947.50075 16.462 0.010
4954.51349 16.482 0.013
