2165.90054 18.289 0.039
2166.81917 18.290 0.029
2172.86794 18.250 0.028
2183.87927 18.254 0.037
2189.82525 18.163 0.038
2191.85442 18.233 0.024
2200.86116 18.272 0.029
2212.77512 18.257 0.029
2217.76005 18.248 0.041
2223.78032 18.261 0.028
2226.75516 18.281 0.038
2228.79869 18.286 0.033
2232.73234 18.241 0.026
2234.72609 18.209 0.029
2238.67695 18.220 0.033
2240.80588 18.220 0.032
2242.81165 18.298 0.043
2244.85830 18.258 0.041
2249.74112 18.246 0.024
2251.77357 18.271 0.027
2253.73173 18.225 0.024
2255.84755 18.291 0.030
2258.65450 18.208 0.025
2261.64009 18.248 0.033
2265.68226 18.190 0.029
2271.65524 18.291 0.030
2273.65093 18.194 0.032
2277.75598 18.279 0.027
2279.76108 18.205 0.024
2281.77494 18.232 0.025
2283.77807 18.252 0.023
2289.70720 18.209 0.026
2293.68676 18.290 0.034
2295.71349 18.236 0.025
2297.70436 18.253 0.036
2299.70312 18.318 0.029
2302.57399 18.188 0.030
2317.62349 18.206 0.028
2326.54175 18.351 0.036
2331.57690 18.188 0.034
2338.50940 18.261 0.043
2344.50219 18.284 0.038
2354.50393 18.248 0.046
2368.48794 18.248 0.050
2401.48985 18.273 0.039
2520.89884 18.229 0.039
2521.87817 18.241 0.028
2537.83157 18.195 0.045
2539.80719 18.266 0.038
2551.84522 18.241 0.027
2555.86922 18.290 0.036
2559.77816 18.278 0.032
2563.82836 18.263 0.035
2577.81878 18.200 0.029
2580.84823 18.221 0.025
2589.75452 18.249 0.033
2594.76937 18.454 0.067
2599.81507 18.201 0.027
2609.62755 18.262 0.049
2613.71913 18.293 0.044
2620.75192 18.249 0.026
2623.69625 18.236 0.033
2627.59245 18.223 0.045
2629.61774 18.290 0.037
2634.66189 18.263 0.029
2637.68789 18.239 0.029
2639.80268 18.191 0.024
2641.62533 18.237 0.029
2645.62908 18.186 0.028
2646.65650 18.198 0.033
2650.71236 18.277 0.035
2652.69888 18.222 0.033
2654.80755 18.188 0.035
2657.72208 18.273 0.036
2659.69105 18.211 0.032
2665.76071 18.204 0.030
2667.78087 18.204 0.032
2671.70643 18.320 0.044
2673.66899 18.278 0.036
2675.69680 18.189 0.026
2677.73145 18.218 0.029
2679.72218 18.182 0.034
2681.73824 18.247 0.035
2686.54689 18.224 0.059
2690.62513 18.318 0.039
2695.55570 18.187 0.033
2700.50673 18.287 0.063
2705.57862 18.237 0.028
2712.54108 18.215 0.039
2734.49074 18.254 0.045
2869.87245 18.358 0.042
2883.92198 18.240 0.038
2890.80189 18.301 0.046
2895.83763 18.222 0.033
2900.79325 18.214 0.026
2906.82426 18.247 0.026
2910.85771 18.251 0.025
2915.85395 18.230 0.024
2921.85622 18.204 0.029
2925.80175 18.240 0.032
2925.83231 18.236 0.029
2929.83667 18.218 0.028
2933.78333 18.244 0.026
2939.79184 18.254 0.038
2946.78768 18.227 0.033
2948.83281 18.195 0.027
2952.77206 18.221 0.033
2955.82911 18.234 0.038
2957.75671 18.247 0.030
2961.74002 18.220 0.028
2963.79826 18.292 0.039
2966.73769 18.251 0.024
2970.66426 18.248 0.029
2974.66641 18.206 0.027
2975.79159 18.208 0.027
2979.82802 18.215 0.029
2981.83528 18.189 0.055
2983.73607 18.208 0.029
2986.71854 18.298 0.030
2988.68539 18.181 0.026
2990.70594 18.235 0.026
2992.70688 18.235 0.028
2994.79763 18.215 0.025
2996.67313 18.241 0.025
2998.65642 18.238 0.029
3000.67321 18.314 0.037
3002.66040 18.228 0.026
3004.66020 18.194 0.025
3006.60589 18.203 0.024
3008.66891 18.305 0.050
3010.68043 18.193 0.035
3012.77587 18.233 0.046
3016.69459 18.205 0.028
3018.68445 18.205 0.032
3020.75978 18.308 0.038
3022.78623 18.203 0.025
3024.73484 18.217 0.026
3026.70386 18.243 0.027
3028.73963 18.242 0.022
3030.74461 18.276 0.032
3033.66656 18.193 0.021
3035.67273 18.223 0.029
3038.65640 18.177 0.033
3041.55355 18.310 0.038
3043.58333 18.304 0.043
3045.62235 18.215 0.029
3047.57654 18.219 0.030
3049.58223 18.265 0.028
3050.55286 18.221 0.025
3052.54715 18.182 0.028
3054.54877 18.268 0.030
3056.54789 18.271 0.028
3058.54094 18.213 0.030
3060.56209 18.207 0.028
3067.59743 18.242 0.042
3069.58226 18.326 0.033
3072.63038 18.211 0.040
3075.58494 18.260 0.033
3077.66779 18.266 0.030
3081.65976 18.222 0.032
3084.57191 18.247 0.026
3087.53197 18.292 0.036
3089.63551 18.262 0.029
3098.57721 18.211 0.033
3101.53752 18.241 0.043
3104.50896 18.196 0.032
3110.51729 18.420 0.052
3113.50096 18.254 0.041
3125.49836 18.228 0.040
3135.46427 18.309 0.048
3229.87842 18.225 0.025
3239.89240 18.187 0.029
3256.83474 18.242 0.035
3262.91047 18.265 0.035
3268.83219 18.288 0.026
3273.79105 18.270 0.036
3283.88657 18.292 0.026
3289.80049 18.239 0.025
3296.80384 18.322 0.024
3298.83440 18.229 0.027
3301.65472 18.244 0.040
3303.80617 18.277 0.042
3306.79859 18.154 0.028
3308.81536 18.239 0.033
3310.84774 18.293 0.030
3314.81524 18.291 0.035
3321.69405 18.263 0.026
3325.75193 18.272 0.028
3329.78719 18.234 0.021
3334.68329 18.181 0.035
3338.73933 18.236 0.028
3349.71152 18.224 0.030
3352.62600 18.216 0.029
3355.64787 18.180 0.026
3359.70688 18.232 0.025
3363.67556 18.265 0.032
3363.68480 18.259 0.033
3369.74691 18.262 0.030
3372.65680 18.293 0.028
3377.69096 18.234 0.024
3381.79667 18.207 0.027
3386.77358 18.253 0.021
3391.56433 18.234 0.036
3395.61526 18.244 0.030
3398.67588 18.290 0.035
3400.66226 18.408 0.049
3403.65100 18.297 0.033
3406.58497 18.272 0.025
3410.60279 18.210 0.022
3415.55833 18.263 0.033
3421.56277 18.286 0.032
3436.55605 18.294 0.026
3442.53533 18.342 0.043
3452.51855 18.223 0.024
3574.90913 18.275 0.035
3590.90138 18.276 0.024
3614.89069 18.252 0.025
3629.78609 18.345 0.038
3634.74424 18.239 0.030
3640.73956 18.352 0.027
3644.88291 18.274 0.027
3650.79266 18.242 0.023
3653.82060 18.221 0.028
3683.81614 18.218 0.022
3686.86377 18.294 0.029
3689.78161 18.225 0.028
3692.70215 18.240 0.027
3694.83439 18.252 0.026
3696.65494 18.260 0.026
3699.66721 18.199 0.021
3701.71834 18.297 0.025
3704.73963 18.246 0.023
3706.73814 18.185 0.021
3711.62992 18.268 0.029
3713.64355 18.193 0.024
3716.67703 18.275 0.037
3719.65427 18.234 0.032
3725.73760 18.196 0.032
3727.68554 18.323 0.035
3730.61387 18.210 0.021
3733.60255 18.234 0.022
3734.70538 18.207 0.022
3736.72435 18.277 0.024
3738.64625 18.255 0.024
3740.68129 18.235 0.024
3743.64677 18.304 0.029
3746.71942 18.284 0.041
3748.67326 18.225 0.033
3750.56555 18.250 0.034
3752.68678 18.286 0.026
3754.67460 18.250 0.029
3756.76997 18.392 0.063
3758.69604 18.352 0.042
3760.77768 18.200 0.030
3762.65413 18.214 0.023
3765.64473 18.248 0.019
3769.71664 18.200 0.021
3772.68482 18.232 0.028
3775.65625 18.291 0.038
3778.65525 18.247 0.028
3781.71629 18.299 0.038
3786.53931 18.288 0.028
3791.53491 18.282 0.026
3798.53524 18.281 0.033
3805.52042 18.282 0.036
3819.49925 18.301 0.029
3937.93945 18.227 0.035
3961.89415 18.317 0.038
3968.87668 18.203 0.037
3974.86138 18.168 0.036
3981.76979 18.251 0.029
3987.89378 18.225 0.028
3995.80142 18.198 0.035
4004.82201 18.361 0.027
4007.75471 18.243 0.023
4018.77482 18.265 0.030
4023.76924 18.271 0.023
4026.68522 18.293 0.029
4028.82124 18.260 0.025
4031.70898 18.204 0.027
4037.80937 18.232 0.026
4040.78465 18.285 0.027
4042.80014 18.236 0.025
4046.67490 18.379 0.044
4048.76428 18.266 0.028
4051.75393 18.344 0.034
4053.80524 18.340 0.026
4056.62510 18.341 0.040
4059.63614 18.235 0.028
4064.65879 18.250 0.023
4067.65931 18.351 0.028
4069.64739 18.282 0.027
4072.68456 18.289 0.028
4076.75497 18.286 0.037
4079.62990 18.223 0.029
4082.65054 18.333 0.034
4084.73103 18.233 0.029
4087.65077 18.328 0.025
4093.79910 18.246 0.028
4102.60535 18.235 0.029
4104.77406 18.213 0.035
4109.63087 18.223 0.029
4120.64714 18.225 0.020
4123.72129 18.359 0.026
4124.67796 18.225 0.023
4127.63184 18.262 0.021
4132.60984 18.256 0.032
4142.54474 18.334 0.035
4150.52183 18.313 0.033
4153.59636 18.243 0.029
4165.51861 18.243 0.039
4180.51663 18.281 0.041
4345.89031 18.207 0.029
4350.86480 18.304 0.034
4361.83318 18.307 0.046
4364.83998 18.300 0.042
4367.75248 18.227 0.039
4370.78936 18.337 0.041
4376.82448 18.375 0.037
4379.83082 18.301 0.036
4383.83509 18.268 0.033
4388.77499 18.274 0.035
4392.82921 18.274 0.025
4397.87821 18.313 0.049
4403.71787 18.226 0.035
4410.84507 18.318 0.032
4417.73299 18.296 0.026
4421.70894 18.251 0.026
4421.76489 18.254 0.024
4425.72899 18.266 0.033
4429.69319 18.247 0.044
4431.83301 18.401 0.056
4435.85182 18.250 0.038
4439.70550 18.272 0.035
4442.68276 18.254 0.036
4448.73182 18.223 0.033
4450.74311 18.291 0.040
4453.71873 18.328 0.027
4456.73213 18.292 0.037
4458.67973 18.248 0.033
4461.62984 18.246 0.026
4465.65064 18.310 0.027
4473.61771 18.339 0.032
4477.70520 18.216 0.030
4479.72680 18.245 0.028
4483.68670 18.289 0.033
4486.68516 18.346 0.040
4490.68341 18.218 0.036
4493.75417 18.294 0.041
4498.61908 18.245 0.026
4501.61213 18.305 0.032
4503.60861 18.258 0.032
4508.55593 18.358 0.035
4510.63739 18.230 0.030
4516.51809 18.275 0.048
4520.60812 18.339 0.040
4523.59162 18.285 0.030
4530.53502 18.325 0.040
4532.50704 18.324 0.045
4535.58612 18.362 0.041
4538.60674 18.190 0.037
4540.57599 18.284 0.040
4544.54186 18.186 0.036
4546.59390 18.289 0.049
4559.52251 18.304 0.042
4566.54483 18.228 0.032
4574.50325 18.217 0.038
4591.46666 18.258 0.041
4677.93975 18.219 0.028
4691.86038 18.366 0.044
4717.85260 18.217 0.022
4722.87671 18.276 0.026
4726.81759 18.243 0.033
4730.83946 18.159 0.023
4747.81072 18.328 0.028
4750.88405 18.215 0.027
4756.78146 18.228 0.032
4759.82865 18.253 0.025
4762.78835 18.244 0.028
4768.76639 18.294 0.032
4771.80833 18.243 0.027
4774.78905 18.320 0.027
4776.84276 18.161 0.038
4780.77574 18.246 0.033
4783.77369 18.245 0.029
4788.70019 18.332 0.039
4790.86383 18.274 0.036
4794.64645 18.265 0.029
4797.66373 18.263 0.030
4800.70985 18.240 0.026
4805.71089 18.258 0.027
4806.67843 18.261 0.035
4807.67348 18.240 0.034
4808.64149 18.281 0.030
4808.77717 18.264 0.025
4809.66624 18.306 0.030
4809.81805 18.231 0.027
4810.65183 18.227 0.025
4810.80537 18.256 0.023
4811.63876 18.212 0.029
4811.81354 18.273 0.039
4812.65383 18.320 0.044
4813.67655 18.280 0.041
4814.64189 18.273 0.035
4815.71026 18.217 0.033
4816.64355 18.259 0.033
4818.66571 18.207 0.028
4820.67259 18.243 0.024
4823.67620 18.315 0.037
4825.76500 18.278 0.032
4831.81039 18.202 0.032
4834.74013 18.272 0.034
4836.74255 18.275 0.024
4838.69311 18.237 0.028
4841.70963 18.189 0.030
4843.70895 18.272 0.037
4846.67486 18.306 0.030
4848.70074 18.232 0.028
4850.69281 18.333 0.029
4852.68703 18.253 0.030
4854.68989 18.196 0.026
4856.68653 18.181 0.026
4859.65912 18.261 0.033
4865.70578 18.267 0.028
4867.64206 18.235 0.024
4870.62749 18.170 0.028
4873.64998 18.252 0.032
4875.60794 18.202 0.025
4877.63334 18.323 0.032
4879.52207 18.369 0.043
4879.56176 18.274 0.027
4882.65484 18.152 0.027
4884.59235 18.182 0.027
4887.62871 18.220 0.025
4901.63188 18.193 0.041
4905.52879 18.299 0.030
4907.57384 18.268 0.030
4908.52052 18.272 0.032
4908.57934 18.192 0.028
4911.54649 18.249 0.035
4911.63256 18.246 0.030
4913.52541 18.337 0.035
4914.53427 18.318 0.038
4916.52436 18.213 0.029
4920.55618 18.243 0.032
4926.51296 18.237 0.041
4931.54977 18.172 0.041
4935.51639 18.196 0.029
4939.52336 18.200 0.030
4943.52305 18.200 0.036
4948.49979 18.297 0.040
4955.48630 18.296 0.034
