2166.90333 19.458 0.087
2173.82374 19.249 0.071
2192.79707 19.279 0.058
2201.80985 19.418 0.058
2212.84151 18.756 0.064
2223.84615 19.286 0.073
2226.82611 19.260 0.079
2229.63805 19.377 0.091
2232.79638 19.361 0.077
2234.79057 19.269 0.060
2238.76257 19.403 0.073
2241.63760 19.376 0.085
2243.69603 19.307 0.083
2248.76843 19.233 0.057
2251.72586 19.693 0.086
2253.80995 19.365 0.074
2255.68493 19.353 0.082
2261.70519 19.411 0.079
2269.81964 19.520 0.090
2271.76707 19.886 0.102
2273.85209 19.326 0.089
2274.63676 19.523 0.114
2276.74387 19.394 0.090
2278.64240 19.471 0.085
2280.64059 19.324 0.074
2282.64916 19.313 0.085
2289.78281 19.391 0.082
2291.79091 20.095 0.189
2293.75664 19.491 0.123
2295.77858 19.232 0.062
2297.77191 19.554 0.094
2299.81245 19.148 0.082
2301.70658 19.252 0.093
2303.70276 19.676 0.141
2327.53239 19.266 0.089
2332.56527 19.191 0.104
2333.52934 19.302 0.110
2339.51756 19.291 0.083
2347.51223 19.317 0.078
2402.50628 19.271 0.111
2524.90196 19.443 0.089
2542.86381 19.380 0.073
2552.81317 19.346 0.082
2556.80478 19.390 0.073
2559.85293 19.510 0.099
2564.82091 20.046 0.163
2578.74624 19.253 0.094
2583.78172 19.322 0.082
2589.82510 19.560 0.081
2596.71333 19.529 0.127
2605.71460 19.573 0.082
2609.70531 19.230 0.079
2614.64001 19.441 0.082
2618.69759 19.402 0.087
2620.82562 19.483 0.071
2623.79652 19.150 0.054
2627.66075 19.754 0.181
2629.68427 19.321 0.111
2631.70428 19.457 0.107
2634.73288 19.414 0.075
2635.60448 19.393 0.062
2637.80352 19.308 0.069
2639.62942 19.378 0.056
2641.69546 19.458 0.078
2643.70422 19.266 0.074
2645.69310 19.349 0.052
2647.65084 20.051 0.126
2651.60577 19.256 0.081
2653.63241 19.505 0.104
2655.75336 19.447 0.085
2657.59837 19.713 0.101
2659.61338 19.315 0.081
2661.83138 19.343 0.108
2663.84544 19.211 0.118
2665.85136 19.739 0.182
2668.60119 19.698 0.134
2670.60549 19.340 0.086
2672.59210 19.362 0.087
2674.61346 19.279 0.069
2676.59995 19.314 0.070
2678.67272 19.485 0.093
2680.59848 19.397 0.064
2682.64778 19.427 0.101
2686.64232 19.386 0.103
2691.58891 19.479 0.124
2695.62474 19.488 0.093
2700.58023 19.293 0.086
2706.59766 19.005 0.078
2713.56280 19.366 0.108
2840.94313 19.361 0.124
2885.84521 19.213 0.062
2892.87477 19.404 0.103
2897.84409 19.498 0.110
2903.88987 19.381 0.058
2906.89301 19.401 0.064
2911.77285 19.230 0.058
2916.82256 19.362 0.056
2922.80677 19.439 0.102
2926.73334 19.339 0.079
2930.80789 19.302 0.068
2933.85223 19.477 0.070
2939.86051 19.517 0.093
2942.81110 19.337 0.064
2944.85455 19.432 0.086
2946.85645 19.243 0.069
2949.77089 19.880 0.107
2952.84778 19.266 0.069
2956.68621 19.339 0.070
2958.71289 19.444 0.086
2962.72462 19.271 0.069
2965.74284 19.491 0.062
2967.84240 19.382 0.056
2970.80776 19.395 0.053
2974.74557 19.433 0.083
2976.78028 19.345 0.066
2978.76036 19.282 0.073
2980.70042 19.838 0.104
2982.66319 19.331 0.071
2984.71036 19.330 0.071
2986.79365 19.436 0.091
2988.75771 19.225 0.074
2990.62989 19.397 0.078
2992.78047 19.426 0.068
2994.62675 19.351 0.069
2995.63632 19.365 0.054
2997.64631 19.385 0.058
2999.76503 19.380 0.075
3001.73707 19.454 0.075
3003.71034 19.200 0.056
3005.70109 19.399 0.075
3007.71551 19.255 0.068
3009.71360 19.362 0.070
3011.68295 19.689 0.120
3013.68614 19.244 0.065
3017.69655 19.366 0.090
3019.62416 19.250 0.065
3021.74329 19.466 0.070
3023.60525 19.340 0.052
3024.80628 19.468 0.071
3026.80255 19.364 0.054
3028.81457 19.441 0.078
3031.67655 20.009 0.095
3033.74047 19.267 0.049
3035.74786 19.418 0.065
3038.72523 19.240 0.081
3041.59341 19.433 0.114
3043.62880 19.396 0.098
3045.66251 19.239 0.071
3047.61656 19.309 0.083
3049.62217 19.310 0.049
3051.58945 19.394 0.074
3053.58457 19.629 0.081
3055.58373 19.230 0.062
3057.60855 19.571 0.085
3060.63106 19.270 0.066
3064.63971 19.367 0.101
3067.69387 19.401 0.079
3070.54073 19.292 0.078
3073.60907 19.462 0.128
3075.65665 19.210 0.081
3078.57678 19.676 0.111
3082.56613 19.432 0.095
3084.64306 19.363 0.066
3087.60617 19.473 0.073
3090.56846 19.306 0.085
3099.50466 19.524 0.104
3102.53495 19.409 0.095
3105.56873 19.395 0.087
3108.54721 19.355 0.071
3112.51858 19.279 0.083
3116.50584 19.368 0.083
3126.51159 19.231 0.075
3146.47409 20.668 0.398
3241.89908 20.139 0.167
3256.91046 19.454 0.090
3263.88529 19.286 0.049
3268.90089 19.442 0.082
3273.87613 19.483 0.086
3277.86535 19.453 0.081
3281.85543 19.548 0.064
3289.86913 19.568 0.078
3294.86459 19.254 0.054
3296.87234 19.306 0.071
3301.72330 19.421 0.090
3304.78600 19.418 0.089
3306.86699 19.262 0.069
3309.69634 19.459 0.073
3311.69409 19.305 0.066
3320.73687 19.390 0.068
3327.70590 19.253 0.064
3329.85651 19.294 0.061
3334.76245 19.620 0.135
3338.81258 19.485 0.069
3350.64439 19.521 0.070
3354.64459 19.382 0.083
3358.69805 19.359 0.056
3361.80348 19.383 0.065
3363.75327 19.392 0.077
3367.70706 19.345 0.101
3372.72550 19.340 0.060
3378.63822 19.184 0.071
3391.70578 19.465 0.085
3395.69722 20.055 0.169
3399.67332 19.326 0.070
3402.69018 19.317 0.060
3404.62074 19.298 0.068
3408.57137 19.296 0.064
3412.61674 19.657 0.102
3416.60015 19.540 0.081
3424.60325 19.244 0.075
3431.50489 19.290 0.070
3437.51591 19.691 0.095
3445.52066 19.284 0.075
3453.54238 19.433 0.101
3462.51768 19.325 0.079
3582.92430 19.712 0.111
3589.93105 19.366 0.062
3617.91647 19.280 0.095
3629.85610 19.276 0.081
3634.82145 19.268 0.066
3639.87436 19.323 0.054
3641.86526 19.592 0.091
3650.86056 19.416 0.064
3653.88845 19.401 0.089
3657.84163 19.637 0.077
3661.82552 19.481 0.093
3666.82173 19.273 0.089
3671.85456 19.410 0.070
3675.83712 19.303 0.058
3683.85826 19.227 0.062
3687.75097 19.506 0.069
3689.85143 19.409 0.070
3692.77528 19.329 0.074
3694.79021 19.381 0.066
3696.73268 19.273 0.062
3699.73524 19.521 0.057
3701.78821 19.448 0.064
3704.69530 19.408 0.064
3706.82408 19.372 0.061
3711.69773 19.328 0.062
3713.71149 19.381 0.065
3716.81062 19.448 0.061
3719.79153 19.378 0.101
3725.78322 19.441 0.093
3727.75798 19.412 0.068
3730.65334 19.699 0.064
3732.67783 19.327 0.052
3734.77580 19.351 0.054
3736.79221 19.419 0.071
3737.68073 19.431 0.060
3739.77976 19.471 0.057
3742.60281 19.384 0.079
3745.71551 19.414 0.062
3747.74382 19.458 0.135
3749.62662 19.342 0.118
3751.73078 19.373 0.081
3753.60240 19.159 0.068
3755.63993 19.616 0.118
3757.67338 19.159 0.060
3759.73807 19.953 0.087
3762.72536 19.415 0.081
3765.74393 19.303 0.045
3770.58545 19.596 0.091
3773.59281 19.171 0.066
3776.59184 19.407 0.070
3779.58191 19.304 0.091
3782.63161 19.368 0.068
3787.55744 19.351 0.070
3791.60370 19.993 0.124
3799.52824 19.102 0.074
3806.53325 19.401 0.130
3821.50628 19.406 0.069
3945.93097 19.412 0.058
3963.92703 19.342 0.086
3969.85747 19.363 0.091
3975.90751 19.409 0.073
3981.83672 19.788 0.123
3995.88710 19.723 0.124
4001.84019 19.806 0.097
4005.81802 19.314 0.056
4007.82206 19.249 0.054
4011.82221 19.816 0.139
4018.81375 19.206 0.060
4023.84585 19.323 0.069
4026.75220 19.441 0.066
4029.69554 19.897 0.156
4031.77608 19.524 0.086
4038.68529 19.370 0.068
4040.85208 19.480 0.093
4042.86784 19.422 0.079
4046.74281 19.149 0.069
4048.83231 19.378 0.089
4052.67449 19.344 0.062
4056.71904 19.451 0.098
4058.65708 19.414 0.078
4063.65110 19.747 0.090
4066.64890 19.327 0.060
4069.71451 19.158 0.061
4071.64313 19.237 0.077
4076.71537 19.387 0.081
4079.72808 19.133 0.083
4083.64499 19.233 0.082
4085.71031 19.279 0.068
4092.82763 19.879 0.097
4112.69915 19.369 0.052
4117.68800 19.442 0.083
4121.66401 19.255 0.071
4124.74690 19.569 0.073
4129.75945 19.373 0.086
4142.61849 19.355 0.074
4150.62432 19.496 0.064
4155.52029 19.381 0.071
4166.54917 20.082 0.200
4196.49867 19.461 0.103
4341.87470 19.377 0.091
4347.82460 19.298 0.081
4351.87051 19.364 0.082
4357.88246 19.362 0.093
4363.80706 19.351 0.091
4366.85768 19.248 0.081
4369.89818 19.644 0.119
4372.80110 19.457 0.081
4376.89152 19.250 0.103
4379.89791 19.250 0.130
4386.75905 20.119 0.124
4393.76998 19.348 0.074
4398.84619 19.292 0.064
4403.85261 19.314 0.101
4411.78157 19.385 0.064
4411.84325 19.308 0.069
4418.73238 19.350 0.056
4422.82897 19.314 0.064
4429.77149 19.169 0.134
4432.69713 19.504 0.101
4436.73652 19.283 0.073
4439.80220 19.389 0.107
4443.67192 19.515 0.122
4448.82591 19.371 0.077
4451.66611 19.216 0.069
4455.66489 19.323 0.089
4457.72042 19.659 0.136
4460.75052 19.461 0.120
4464.71317 19.288 0.056
4467.70568 19.504 0.070
4471.75195 19.328 0.089
4476.67447 19.277 0.054
4480.67427 19.349 0.075
4484.75327 19.435 0.104
4488.67582 19.828 0.157
4493.67796 19.520 0.112
4498.65599 19.731 0.083
4501.64903 19.339 0.074
4506.58714 19.361 0.090
4508.59714 19.339 0.078
4510.67667 19.257 0.075
4516.62643 19.218 0.111
4519.69795 19.644 0.130
4521.54161 19.371 0.095
4524.58212 19.527 0.101
4530.60625 19.563 0.104
4532.63454 19.233 0.070
4537.59618 19.337 0.078
4540.64733 19.362 0.099
4544.60133 19.258 0.099
4547.54393 19.382 0.094
4556.55959 19.386 0.083
4561.53708 19.750 0.115
4568.49177 19.246 0.073
4575.51469 19.250 0.087
4592.51194 19.237 0.116
4600.49547 19.189 0.090
4682.91927 19.379 0.077
4691.92760 19.318 0.082
4719.85551 19.771 0.120
4724.80172 19.417 0.087
4727.89227 19.338 0.087
4733.89851 19.387 0.081
4747.88016 19.312 0.085
4752.83940 19.278 0.081
4756.84864 19.192 0.064
4760.73152 19.401 0.061
4762.85528 19.313 0.060
4768.83318 19.373 0.073
4771.87552 19.177 0.131
4775.70889 19.400 0.090
4777.72345 19.426 0.069
4781.68679 19.700 0.095
4783.84104 19.315 0.073
4788.77061 19.303 0.069
4791.78110 19.556 0.065
4794.75250 19.340 0.069
4797.73369 19.367 0.081
4800.69518 19.369 0.062
4802.80850 19.370 0.057
4804.83292 19.343 0.075
4805.85570 19.326 0.079
4807.81076 19.325 0.060
4809.84854 19.490 0.085
4812.69758 19.579 0.143
4814.71361 19.235 0.081
4816.71053 19.422 0.085
4818.76653 19.405 0.074
4820.74408 19.302 0.062
4823.77041 19.321 0.085
4825.84397 19.408 0.081
4833.65693 19.600 0.078
4835.67410 19.272 0.071
4837.73190 19.277 0.093
4840.69750 19.295 0.081
4842.68220 19.970 0.119
4844.68138 19.454 0.082
4847.74835 19.581 0.090
4849.74531 19.380 0.111
4852.75412 19.936 0.118
4854.73027 19.257 0.074
4856.72555 19.251 0.083
4865.69141 19.306 0.070
4867.68120 19.444 0.068
4870.69439 19.317 0.082
4873.72516 19.480 0.106
4875.69693 19.343 0.070
4877.61902 19.260 0.062
4879.67568 19.332 0.085
4884.68811 19.407 0.077
4888.57578 19.246 0.065
4902.61210 19.379 0.118
4911.62145 19.317 0.073
4919.55568 19.334 0.078
4925.56550 19.796 0.126
4929.53685 19.473 0.137
4932.57225 19.365 0.111
4936.53630 19.637 0.127
4938.53488 19.317 0.097
4942.54790 19.313 0.082
4949.51618 19.167 0.058
