2167.84934 18.735 0.049
2173.85669 18.691 0.036
2190.79442 18.762 0.041
2192.82837 18.629 0.037
2214.79567 18.770 0.055
2224.75245 18.775 0.037
2232.82707 18.662 0.045
2234.82152 18.726 0.035
2239.60645 18.767 0.061
2241.66798 18.718 0.051
2243.72656 18.677 0.044
2248.80699 18.689 0.034
2250.85285 18.794 0.045
2252.65819 18.760 0.043
2254.64912 18.735 0.044
2257.65303 18.783 0.039
2261.80621 18.679 0.034
2266.65067 18.727 0.049
2270.64677 18.678 0.040
2271.79758 18.709 0.032
2273.74745 18.696 0.047
2275.83449 18.763 0.055
2277.65616 18.782 0.035
2279.82848 18.678 0.044
2281.81534 18.695 0.035
2283.84954 18.799 0.043
2288.75567 18.678 0.036
2290.79404 18.705 0.044
2292.77059 18.757 0.056
2296.75602 18.782 0.067
2298.77545 18.782 0.053
2300.72845 18.716 0.045
2302.70629 18.699 0.051
2327.56610 18.755 0.059
2333.57532 18.662 0.061
2339.55175 18.868 0.056
2357.52303 18.693 0.090
2395.52408 18.730 0.067
2529.82052 18.853 0.055
2542.89423 18.695 0.044
2552.84611 18.634 0.044
2556.83761 18.717 0.043
2559.89011 18.727 0.063
2564.85411 18.669 0.047
2578.77703 18.741 0.052
2583.83147 18.767 0.056
2589.86492 18.698 0.048
2596.74825 18.732 0.053
2605.75130 18.754 0.041
2609.74750 18.945 0.069
2614.70995 18.756 0.049
2618.73422 18.724 0.052
2621.64366 18.677 0.036
2623.82540 18.736 0.044
2627.69188 18.787 0.065
2629.71490 18.667 0.053
2634.76641 18.776 0.045
2638.65980 18.663 0.041
2639.65990 18.708 0.034
2641.72456 18.715 0.044
2645.72391 19.026 0.088
2650.84026 18.710 0.037
2652.74451 18.670 0.053
2654.67934 18.677 0.055
2656.65287 18.705 0.053
2658.61529 18.841 0.069
2660.63276 18.689 0.049
2662.61555 18.678 0.044
2664.62316 18.725 0.051
2666.68660 18.833 0.041
2668.67012 18.928 0.061
2670.63620 18.875 0.063
2672.74551 18.675 0.044
2674.64802 18.692 0.047
2676.63049 18.691 0.047
2678.71815 18.765 0.053
2680.62882 18.844 0.069
2682.67680 18.776 0.061
2687.55289 18.917 0.073
2696.54604 18.642 0.053
2701.52818 18.686 0.057
2707.52566 18.822 0.063
2714.52454 18.611 0.057
2840.91375 18.759 0.057
2867.92572 18.800 0.051
2894.85519 18.760 0.047
2899.85673 18.718 0.041
2905.84573 18.749 0.060
2908.90878 18.871 0.122
2911.80504 18.736 0.039
2916.85529 18.688 0.034
2922.83908 18.738 0.055
2926.76649 18.665 0.040
2930.84022 18.709 0.041
2934.74200 18.723 0.041
2940.72214 18.818 0.041
2942.84354 18.674 0.036
2947.73606 18.693 0.051
2949.82622 18.744 0.044
2953.69295 18.728 0.049
2956.71873 18.523 0.034
2958.74501 18.649 0.049
2962.75690 18.715 0.037
2965.77629 18.692 0.035
2968.71985 18.748 0.039
2973.85991 18.745 0.052
2975.84906 18.681 0.041
2976.84431 18.856 0.055
2979.85054 18.692 0.041
2982.69601 18.697 0.045
2984.74359 18.716 0.044
2986.82620 18.712 0.055
2988.79660 18.734 0.037
2989.81395 18.620 0.041
2991.64709 18.752 0.043
2993.63454 18.686 0.037
2995.73531 18.879 0.040
2997.71312 18.831 0.045
2999.73614 18.688 0.040
3001.77196 18.738 0.037
3003.74268 18.677 0.036
3005.64790 18.779 0.052
3007.68096 18.727 0.049
3009.74730 18.729 0.043
3011.72298 18.632 0.047
3013.72743 18.694 0.043
3017.72890 18.750 0.040
3019.65688 18.721 0.047
3021.77565 18.778 0.041
3023.63744 18.714 0.034
3024.83856 18.710 0.040
3026.83524 18.722 0.028
3029.63960 18.687 0.036
3031.70955 18.774 0.040
3033.77310 18.886 0.035
3035.78014 18.798 0.039
3038.75762 18.672 0.051
3040.72828 18.697 0.056
3042.67220 18.695 0.049
3044.60615 18.731 0.048
3045.69513 18.791 0.052
3047.64880 18.774 0.047
3049.65450 18.694 0.030
3051.62272 18.708 0.045
3055.61624 18.707 0.044
3057.64166 18.683 0.037
3059.58554 18.696 0.035
3061.57858 18.617 0.049
3068.51995 18.664 0.047
3070.57562 18.749 0.059
3073.57795 18.720 0.061
3075.68933 19.061 0.090
3078.62133 18.733 0.044
3082.59883 18.674 0.039
3084.67590 18.777 0.048
3087.63863 18.716 0.053
3090.60202 18.733 0.051
3096.51976 18.815 0.080
3099.59003 18.584 0.060
3102.56930 18.689 0.056
3105.60157 18.620 0.045
3108.57950 18.776 0.049
3112.55684 18.613 0.044
3116.53820 18.696 0.051
3127.50559 18.689 0.039
3140.49485 18.755 0.053
3223.89446 18.686 0.052
3241.88061 18.674 0.048
3248.84402 18.856 0.063
3257.87187 18.718 0.036
3270.86083 18.712 0.039
3277.84482 18.713 0.044
3281.88857 18.688 0.034
3287.74964 18.637 0.032
3295.70188 18.685 0.027
3301.76239 18.714 0.048
3304.82262 18.685 0.040
3307.69315 19.012 0.079
3309.72849 18.812 0.044
3311.72638 18.721 0.037
3320.76912 18.672 0.035
3323.70397 18.653 0.037
3327.74074 18.639 0.035
3330.69955 18.796 0.048
3334.79877 18.749 0.056
3338.84525 18.685 0.039
3340.86034 18.711 0.057
3350.67879 18.721 0.030
3354.72642 18.700 0.036
3358.80677 18.763 0.034
3361.83895 18.742 0.037
3365.74136 18.737 0.041
3372.75769 18.738 0.034
3378.67038 18.685 0.041
3391.73813 18.737 0.045
3394.74968 18.712 0.044
3396.62967 18.819 0.048
3399.70692 18.762 0.049
3403.69422 18.738 0.048
3408.60361 18.796 0.039
3417.57623 18.628 0.039
3425.58450 18.929 0.068
3431.56669 18.668 0.036
3437.54796 18.702 0.040
3445.55334 18.672 0.039
3460.50167 18.742 0.039
3477.49640 18.689 0.053
3583.93856 18.833 0.072
3601.87374 18.760 0.048
3618.90775 18.704 0.034
3629.88900 18.750 0.044
3634.85553 18.873 0.041
3639.84889 18.700 0.030
3644.80363 18.655 0.031
3650.89252 18.733 0.052
3654.79407 18.731 0.036
3657.87397 18.876 0.040
3660.80842 18.708 0.051
3664.84350 18.687 0.031
3668.80141 18.811 0.052
3672.78961 18.713 0.037
3675.86929 18.689 0.037
3684.77743 18.681 0.028
3687.78307 18.777 0.040
3690.70292 18.704 0.045
3693.73689 18.763 0.040
3695.75842 18.956 0.045
3698.75120 18.727 0.047
3700.77998 18.715 0.040
3703.71081 18.788 0.032
3705.77442 18.701 0.030
3708.73301 18.772 0.049
3712.72350 18.804 0.036
3714.73021 18.907 0.041
3717.65626 18.669 0.040
3719.82350 18.782 0.056
3725.81741 18.716 0.052
3727.78986 18.731 0.037
3730.68521 18.708 0.031
3732.70995 18.694 0.028
3734.80798 18.769 0.037
3736.82425 18.783 0.043
3737.71261 18.783 0.036
3739.81173 18.759 0.035
3742.69761 18.744 0.055
3745.77329 18.733 0.043
3747.77599 18.679 0.055
3749.66767 18.692 0.055
3750.75266 18.831 0.057
3752.76337 19.009 0.068
3754.78111 18.823 0.045
3756.60463 18.891 0.040
3758.77751 18.826 0.067
3761.78992 18.688 0.035
3764.74440 18.796 0.039
3767.60419 18.667 0.037
3770.62190 18.762 0.036
3773.62475 18.789 0.047
3776.62415 18.664 0.040
3779.61375 18.679 0.056
3782.66448 18.654 0.035
3787.58947 18.714 0.036
3792.54125 18.856 0.048
3800.51865 18.821 0.053
3809.53049 18.730 0.061
3822.51631 18.706 0.048
3946.91281 18.850 0.067
3964.86945 18.736 0.031
3969.89355 18.669 0.039
3981.86827 18.853 0.057
3989.89530 18.700 0.037
4001.87194 18.811 0.034
4005.84958 18.854 0.036
4007.85379 18.730 0.037
4011.85402 18.729 0.040
4018.84557 18.668 0.035
4023.87770 18.652 0.041
4026.78619 18.895 0.035
4029.73519 18.662 0.048
4031.80779 18.723 0.031
4038.71681 18.671 0.035
4041.67803 18.729 0.049
4043.68232 18.912 0.067
4046.77449 18.711 0.052
4048.86396 18.626 0.055
4052.70690 18.687 0.030
4056.75088 18.666 0.045
4058.78402 18.800 0.034
4063.68278 18.682 0.032
4066.74006 18.896 0.044
4068.82756 18.727 0.035
4070.66992 18.785 0.045
4073.82940 18.713 0.045
4076.79751 18.765 0.056
4079.75987 18.907 0.060
4083.67663 18.919 0.059
4085.74214 18.755 0.041
4092.86058 18.780 0.045
4102.83716 18.961 0.061
4105.69608 18.628 0.041
4109.76925 18.618 0.030
4113.72496 18.761 0.032
4120.75536 18.734 0.039
4122.71182 18.696 0.031
4125.76305 18.728 0.043
4131.61640 18.718 0.034
4142.65311 18.856 0.061
4156.53977 18.724 0.044
4166.58105 18.735 0.056
4196.53056 18.689 0.061
4341.90638 18.685 0.051
4347.85631 18.719 0.041
4362.82674 18.710 0.052
4365.83482 18.621 0.059
4369.81646 18.756 0.056
4371.86277 18.670 0.039
4377.79856 18.738 0.057
4380.81508 18.763 0.045
4386.79072 18.672 0.043
4390.75264 18.769 0.045
4393.86674 18.891 0.053
4398.87802 18.640 0.067
4404.72483 18.638 0.052
4412.86541 18.832 0.067
4418.79761 18.674 0.034
4422.86368 18.732 0.067
4426.74198 18.692 0.061
4429.84798 19.348 0.124
4432.72883 18.706 0.039
4436.76819 18.695 0.044
4439.83376 18.689 0.061
4443.70002 18.840 0.063
4449.68477 18.667 0.036
4451.69431 18.758 0.055
4454.71081 18.864 0.045
4455.69307 18.726 0.057
4458.75152 18.738 0.044
4461.66838 18.725 0.041
4465.75153 18.785 0.040
4468.72007 18.705 0.034
4473.69292 18.823 0.040
4477.75108 18.627 0.052
4481.68870 18.788 0.041
4485.73674 18.700 0.055
4489.72021 18.598 0.059
4493.71004 18.708 0.055
4498.68623 18.749 0.048
4501.68359 18.648 0.041
4506.61754 18.689 0.051
4508.63476 18.634 0.040
4510.70831 18.613 0.040
4521.61842 18.718 0.051
4523.63425 18.733 0.047
4525.55367 18.778 0.045
4531.57569 18.838 0.045
4533.57809 18.761 0.047
4537.62811 18.795 0.052
4539.54710 18.734 0.057
4541.59934 18.708 0.059
4545.51976 18.725 0.051
4549.60330 18.794 0.063
4560.54596 18.668 0.051
4567.59158 18.724 0.056
4571.53645 18.704 0.056
4581.51692 18.634 0.055
4610.48503 18.757 0.068
4683.90888 18.685 0.044
4694.92731 18.715 0.057
4697.86554 18.800 0.075
4707.91624 18.620 0.037
4720.78152 18.818 0.047
4724.83475 18.850 0.056
4728.82222 18.734 0.051
4733.83195 18.632 0.037
4748.83791 18.745 0.041
4752.87099 18.693 0.055
4756.88027 18.695 0.047
4760.76334 18.738 0.039
4763.82212 18.764 0.059
4768.86481 18.740 0.051
4772.71114 18.730 0.048
4775.74045 18.714 0.047
4777.75526 18.714 0.044
4781.75173 18.835 0.048
4784.70531 18.683 0.071
4788.80230 18.655 0.037
4791.81275 18.725 0.035
4794.78425 18.670 0.039
4797.80351 18.805 0.051
4800.78032 18.867 0.040
4802.84734 18.741 0.045
4805.67381 18.641 0.039
4807.72786 18.681 0.041
4809.70845 18.699 0.044
4811.70480 18.776 0.071
4813.72654 18.696 0.056
4814.74536 18.726 0.048
4816.74229 18.724 0.047
4818.74144 18.762 0.039
4820.66081 18.750 0.035
4820.80103 18.687 0.040
4822.69736 18.737 0.036
4824.68622 18.711 0.037
4826.69061 18.727 0.041
4833.68857 18.729 0.037
4835.74094 18.787 0.045
4838.74551 18.725 0.043
4840.72985 18.815 0.053
4842.71380 18.806 0.048
4844.71302 18.767 0.051
4847.78000 18.592 0.044
4850.77311 18.748 0.047
4853.74957 18.691 0.043
4855.76502 18.702 0.053
4857.74319 18.831 0.055
4863.70446 18.984 0.061
4865.60470 18.789 0.051
4868.70823 18.718 0.043
4869.65356 18.777 0.053
4872.68280 18.773 0.083
4874.57595 18.763 0.045
4876.59961 18.624 0.034
4878.62447 18.677 0.031
4882.69756 18.650 0.043
4885.55577 18.652 0.037
4888.62297 18.716 0.035
4900.62682 18.519 0.048
4908.55060 18.759 0.047
4916.56692 18.683 0.044
4920.59714 18.827 0.044
4926.55327 18.877 0.072
4930.54986 18.718 0.060
4934.54670 18.825 0.077
4937.53843 18.733 0.045
4940.55444 18.665 0.044
4946.54803 18.628 0.047
4951.52785 18.701 0.064
