2166.85961 15.781 0.007
2185.82550 15.882 0.009
2189.86524 15.922 0.008
2192.76843 15.795 0.007
2201.77885 15.811 0.007
2212.81291 15.796 0.007
2217.79730 15.792 0.007
2223.81787 15.885 0.008
2226.79223 15.807 0.007
2228.83565 15.889 0.007
2232.76932 15.792 0.007
2234.76327 15.910 0.007
2238.71395 15.829 0.007
2240.84287 15.868 0.007
2242.84860 15.812 0.008
2248.72986 15.830 0.007
2251.75951 15.809 0.007
2253.78287 15.867 0.007
2255.70541 16.016 0.008
2258.70486 15.816 0.007
2269.78637 15.914 0.007
2271.73468 15.817 0.007
2273.82502 15.871 0.008
2275.79848 15.909 0.008
2277.80126 15.771 0.007
2279.79809 15.928 0.007
2281.76094 15.802 0.006
2283.81813 15.881 0.007
2289.75499 15.884 0.007
2291.76111 15.825 0.008
2293.72947 15.821 0.008
2295.75051 15.997 0.007
2297.74144 15.818 0.007
2299.77384 15.911 0.008
2303.67467 15.816 0.008
2326.58363 15.905 0.008
2332.52706 15.882 0.008
2338.54960 15.787 0.007
2356.49276 15.920 0.009
2387.50545 15.916 0.009
2524.87020 15.900 0.008
2537.87189 15.798 0.009
2542.83676 15.805 0.007
2544.89515 15.921 0.008
2551.88535 15.815 0.008
2559.82327 15.868 0.008
2563.86848 15.844 0.008
2577.85776 15.797 0.007
2583.75419 15.800 0.008
2589.79498 15.838 0.007
2594.81177 15.835 0.009
2605.76248 16.020 0.008
2609.67284 15.839 0.008
2611.67665 15.925 0.009
2617.82328 15.810 0.008
2620.79230 16.033 0.008
2623.76551 15.801 0.007
2626.69061 15.916 0.008
2627.63239 15.889 0.009
2628.85773 15.827 0.008
2630.84647 16.032 0.009
2632.63716 15.892 0.008
2635.63181 15.872 0.007
2637.77201 15.829 0.007
2639.78826 15.874 0.009
2641.66253 15.954 0.008
2643.67461 15.798 0.007
2645.66603 15.892 0.007
2647.59279 15.941 0.007
2651.66122 15.926 0.008
2653.68578 15.807 0.008
2655.67087 15.901 0.008
2657.80383 15.801 0.008
2659.67184 15.801 0.007
2661.69573 15.914 0.007
2665.79762 16.034 0.008
2671.80354 15.856 0.007
2675.73402 15.956 0.007
2677.76893 15.842 0.009
2679.75947 15.827 0.008
2682.61820 15.926 0.008
2686.61134 15.906 0.008
2691.55665 15.881 0.008
2695.59548 15.848 0.008
2700.54648 15.833 0.008
2713.53159 15.838 0.008
2841.93586 15.833 0.008
2868.89838 15.817 0.008
2890.84148 15.996 0.009
2895.87718 16.027 0.008
2900.83287 15.978 0.008
2906.86384 15.867 0.007
2910.89719 16.031 0.008
2915.89734 16.037 0.008
2922.77751 15.874 0.009
2925.86588 16.017 0.008
2930.77847 15.890 0.008
2933.82287 15.786 0.007
2939.83126 15.816 0.007
2941.84930 15.889 0.007
2943.72413 15.803 0.008
2946.82717 15.900 0.008
2948.81749 15.796 0.007
2952.81352 15.851 0.008
2956.65690 15.872 0.007
2958.68371 15.823 0.008
2962.69460 15.946 0.008
2965.71165 15.857 0.007
2967.81101 15.862 0.007
2970.77661 15.894 0.007
2974.71617 15.785 0.007
2976.75004 15.940 0.008
2978.64456 15.841 0.008
2980.67100 15.838 0.008
2982.63013 16.037 0.008
2984.67128 15.792 0.007
2986.75914 15.937 0.008
2988.72710 15.802 0.007
2990.66050 15.828 0.007
2992.75015 15.897 0.007
2994.65792 15.805 0.007
2996.74823 15.940 0.008
2998.70295 15.809 0.007
2999.79609 15.805 0.007
3001.67370 15.884 0.007
3003.66937 15.836 0.007
3005.62638 15.826 0.008
3007.74482 15.920 0.008
3009.68065 15.788 0.007
3011.62624 15.836 0.008
3013.65690 15.826 0.007
3017.63219 16.030 0.007
3018.72405 15.811 0.007
3020.79927 15.901 0.009
3022.82574 15.860 0.007
3024.77428 15.789 0.007
3026.77161 15.935 0.007
3028.78367 15.810 0.007
3030.78393 15.881 0.007
3033.71125 15.807 0.007
3035.71753 15.839 0.007
3038.69592 15.828 0.008
3040.69554 15.830 0.008
3042.63911 16.034 0.008
3044.57301 15.832 0.008
3046.58848 15.837 0.007
3048.57344 15.871 0.007
3050.59230 15.803 0.007
3052.58935 16.012 0.008
3054.59019 15.825 0.007
3056.58739 15.825 0.007
3058.58116 15.864 0.007
3060.60161 15.800 0.007
3064.60616 15.836 0.008
3067.66313 16.023 0.008
3069.62322 15.824 0.008
3073.53801 15.945 0.009
3075.62736 15.816 0.007
3078.54722 15.922 0.008
3082.53622 15.939 0.008
3084.61215 15.822 0.007
3087.57445 15.991 0.008
3090.53043 15.815 0.008
3093.51073 15.953 0.009
3098.61965 15.864 0.008
3101.57732 15.837 0.009
3104.55056 15.863 0.008
3111.52409 15.813 0.008
3114.51807 15.853 0.008
3126.48249 15.804 0.007
3144.49779 15.892 0.008
3224.89797 15.826 0.008
3239.93193 15.820 0.008
3247.90288 15.876 0.007
3256.88113 15.947 0.007
3263.85595 15.807 0.006
3268.87170 15.802 0.007
3273.84328 15.806 0.007
3276.86139 15.956 0.008
3281.82631 15.925 0.007
3289.83974 15.814 0.007
3294.83789 15.809 0.006
3296.84323 15.947 0.006
3298.87379 15.795 0.006
3301.69415 15.850 0.008
3303.86318 15.811 0.007
3306.83780 15.923 0.008
3308.85478 15.816 0.007
3311.66489 15.828 0.008
3320.69803 15.813 0.007
3323.65099 15.927 0.007
3329.82706 15.789 0.006
3334.72686 15.835 0.008
3338.78264 15.820 0.007
3349.79885 15.800 0.006
3351.78371 15.877 0.007
3354.75184 15.821 0.007
3358.63818 15.925 0.007
3361.73395 15.840 0.007
3363.72410 15.852 0.007
3367.67764 15.990 0.008
3372.69641 16.004 0.007
3377.73258 16.025 0.008
3386.75837 15.831 0.006
3391.60372 15.796 0.007
3395.66779 15.794 0.007
3398.71551 15.882 0.007
3402.66077 15.942 0.007
3404.58863 15.903 0.007
3408.54205 15.915 0.007
3412.58734 15.889 0.007
3414.61890 15.860 0.007
3419.58976 15.896 0.007
3426.52524 15.814 0.007
3433.57644 15.943 0.008
3443.55819 15.924 0.007
3453.51340 15.875 0.007
3575.91858 15.865 0.007
3589.89001 15.815 0.007
3617.88693 16.034 0.007
3629.82641 15.849 0.007
3634.79255 15.850 0.007
3639.90277 15.817 0.007
3641.83640 15.853 0.008
3650.83174 15.818 0.006
3653.85974 15.885 0.009
3657.81024 16.019 0.007
3660.77593 15.805 0.008
3664.81141 15.839 0.007
3668.74770 15.963 0.008
3672.75722 15.931 0.007
3676.85865 15.838 0.007
3684.80285 15.853 0.007
3687.72185 15.900 0.007
3689.82042 15.852 0.007
3692.74483 15.944 0.008
3694.81882 15.850 0.007
3696.69410 15.837 0.007
3699.70631 15.887 0.007
3701.75724 15.826 0.006
3704.72372 15.887 0.007
3706.77791 15.832 0.006
3711.66891 15.777 0.007
3713.68257 15.926 0.007
3716.73164 15.809 0.008
3719.75940 15.864 0.008
3722.81861 15.980 0.008
3726.68184 15.799 0.007
3728.65459 15.921 0.007
3731.75513 15.811 0.007
3733.64132 15.909 0.007
3734.74428 15.866 0.007
3736.76317 15.809 0.007
3737.65182 15.848 0.006
3739.71392 15.898 0.007
3741.82018 15.832 0.008
3743.71805 15.957 0.007
3746.76045 15.817 0.007
3748.71309 15.929 0.008
3750.71926 15.797 0.007
3752.72733 15.879 0.007
3754.74863 15.878 0.007
3755.66839 15.812 0.007
3757.64250 15.841 0.007
3759.60815 16.026 0.008
3762.69300 15.859 0.007
3765.71494 15.799 0.006
3769.75553 15.874 0.007
3772.72384 15.872 0.007
3775.71579 15.825 0.008
3778.69428 15.904 0.007
3782.60243 15.807 0.007
3786.57848 15.821 0.007
3791.57481 15.826 0.007
3798.57453 15.837 0.007
3805.56171 15.866 0.007
3820.50707 15.910 0.007
3945.90201 15.801 0.006
3961.93727 15.841 0.008
3968.91936 15.900 0.007
3974.91529 15.861 0.007
3981.80832 15.831 0.007
3988.89020 15.916 0.007
3995.84325 15.817 0.007
4002.83935 15.900 0.006
4005.78937 15.821 0.006
4007.79357 15.876 0.007
4011.77400 15.827 0.007
4018.75956 15.928 0.008
4023.81307 15.939 0.007
4026.72367 15.800 0.007
4028.85973 15.962 0.006
4031.74746 15.802 0.007
4037.85636 15.906 0.007
4040.82366 15.823 0.007
4042.83845 15.909 0.009
4046.71430 15.812 0.007
4052.64610 15.812 0.006
4053.84383 15.969 0.007
4056.68734 15.853 0.007
4059.67456 16.048 0.007
4064.64269 16.022 0.007
4066.62044 15.852 0.007
4069.68603 16.065 0.008
4071.61395 15.857 0.007
4076.68287 15.834 0.008
4079.69945 16.063 0.008
4082.68979 15.825 0.006
4084.76966 15.982 0.008
4087.68910 15.829 0.006
4093.77812 15.905 0.007
4102.66637 15.838 0.008
4104.81315 15.945 0.008
4109.67402 16.030 0.006
4113.69261 15.838 0.006
4119.63085 15.973 0.008
4122.67969 15.818 0.006
4125.72709 15.843 0.007
4129.72655 16.060 0.007
4142.58934 15.803 0.008
4150.56135 15.932 0.007
4166.51966 15.919 0.009
4184.50923 15.867 0.009
4340.90980 15.808 0.007
4346.89792 15.802 0.008
4350.91648 15.812 0.008
4357.85007 15.843 0.008
4363.77852 15.838 0.008
4365.80215 15.847 0.009
4369.79775 16.035 0.009
4372.77244 15.798 0.007
4376.86298 15.801 0.008
4379.86952 16.010 0.008
4383.87358 15.869 0.009
4388.86754 15.877 0.008
4393.74143 15.829 0.007
4398.81663 15.855 0.007
4403.75726 15.828 0.008
4411.75245 15.833 0.007
4417.83526 15.825 0.007
4421.74766 15.854 0.007
4425.82086 15.858 0.008
4429.73161 15.948 0.010
4432.77320 15.810 0.007
4436.69968 15.866 0.008
4439.74383 15.957 0.010
4442.72123 15.793 0.008
4448.77691 15.834 0.007
4450.78160 15.889 0.008
4453.75741 15.821 0.007
4456.77075 15.849 0.010
4459.68077 15.893 0.007
4462.68280 15.797 0.007
4465.72302 15.938 0.009
4469.67614 15.887 0.008
4474.67817 15.878 0.007
4478.78095 15.838 0.008
4481.77972 15.839 0.007
4484.68945 15.888 0.008
4487.75183 15.809 0.009
4492.70443 15.807 0.007
4494.73888 15.937 0.009
4499.63586 15.864 0.007
4502.69308 15.820 0.008
4507.65183 15.818 0.007
4509.64907 15.885 0.008
4516.59773 15.998 0.009
4520.66968 15.949 0.008
4522.55677 15.856 0.008
4524.57079 15.841 0.008
4530.57599 15.862 0.008
4532.56800 15.834 0.008
4537.56608 15.837 0.008
4540.61481 15.900 0.008
4549.57124 15.838 0.008
4560.50981 15.846 0.008
4567.52138 15.885 0.009
4574.54242 15.815 0.008
4592.48008 15.905 0.009
4691.89912 15.839 0.008
4702.91104 15.815 0.007
4719.82659 15.914 0.007
4726.90096 15.846 0.007
4731.87729 15.850 0.007
4747.84968 15.789 0.007
4752.81084 15.791 0.008
4756.81998 15.882 0.008
4759.86704 15.967 0.008
4762.82681 15.800 0.007
4768.80477 15.820 0.009
4771.84691 15.851 0.007
4774.85628 15.946 0.007
4777.69369 15.820 0.007
4780.84265 15.929 0.008
4783.81259 15.799 0.007
4788.74194 15.796 0.007
4791.71934 15.967 0.007
4794.72367 15.850 0.007
4797.70506 15.824 0.007
4800.74833 15.918 0.007
4802.77994 15.806 0.007
4804.80408 15.882 0.007
4805.82715 15.953 0.007
4807.77804 15.819 0.007
4810.73597 15.901 0.008
4812.79555 15.824 0.008
4814.68516 15.834 0.008
4816.68199 16.036 0.008
4818.70412 15.802 0.007
4820.71095 15.883 0.007
4823.72454 15.808 0.007
4825.81173 15.952 0.008
4831.85409 15.868 0.008
4832.81434 15.810 0.007
4834.78341 15.866 0.008
4837.68341 15.847 0.008
4839.71196 15.843 0.007
4841.74828 15.957 0.008
4843.74752 15.805 0.008
4846.71345 16.010 0.008
4850.73152 15.897 0.007
4852.72552 15.818 0.007
4855.73296 15.897 0.008
4857.71112 15.828 0.008
4863.66735 15.812 0.008
4866.67826 16.035 0.008
4868.67635 15.801 0.007
4870.66582 15.841 0.007
4873.69645 15.794 0.007
4875.59348 15.821 0.008
4876.62416 15.994 0.007
4878.64908 15.816 0.007
4882.56832 15.910 0.008
4884.63071 15.813 0.007
4888.54718 15.852 0.007
4900.57883 15.823 0.008
4904.60457 15.785 0.008
4913.58240 15.853 0.008
4918.55901 15.860 0.007
4924.57851 15.789 0.007
4928.56831 15.850 0.007
4930.51954 15.811 0.007
4934.51636 15.812 0.008
4938.50764 15.906 0.008
4942.52420 15.939 0.008
4947.51758 15.938 0.009
