2115.93631 17.168 0.020
2116.93721 17.244 0.019
2122.92136 17.215 0.015
2128.92746 17.173 0.020
2130.91232 17.174 0.016
2131.91416 17.244 0.019
2132.90885 17.168 0.016
2134.91389 17.147 0.017
2135.92482 17.199 0.015
2140.91357 17.153 0.016
2142.90189 17.200 0.020
2143.90948 17.182 0.015
2144.91230 17.243 0.015
2156.88489 17.207 0.018
2161.84991 17.201 0.019
2173.86441 17.159 0.013
2190.80163 17.163 0.014
2192.83588 17.189 0.014
2201.82236 17.166 0.013
2214.80394 17.171 0.016
2224.75954 17.229 0.018
2227.66215 17.180 0.016
2229.67561 17.166 0.015
2232.83934 17.208 0.015
2234.83415 17.188 0.013
2237.75457 17.179 0.014
2241.67984 17.216 0.016
2243.73371 17.246 0.016
2248.81430 17.176 0.012
2250.80101 17.168 0.013
2252.66525 17.195 0.015
2254.65634 17.207 0.015
2257.66301 17.154 0.014
2260.66970 17.184 0.014
2266.66121 17.198 0.015
2270.65907 17.180 0.014
2271.80926 17.195 0.012
2272.81721 17.185 0.016
2274.64733 17.170 0.016
2276.76481 17.187 0.015
2277.81814 17.185 0.013
2279.83576 17.185 0.015
2280.80929 17.193 0.013
2282.69479 17.174 0.013
2283.86006 17.176 0.014
2288.76751 17.210 0.015
2290.80371 17.192 0.015
2292.77783 17.168 0.018
2296.76981 17.154 0.019
2298.72650 17.179 0.015
2300.73701 17.164 0.015
2302.71364 17.232 0.018
2315.64475 17.177 0.014
2327.57405 17.241 0.018
2333.58404 17.193 0.019
2339.56040 17.179 0.016
2345.52147 17.180 0.017
2351.49958 17.166 0.016
2369.49709 17.196 0.020
2385.48276 17.253 0.021
2529.82839 17.177 0.016
2539.83086 17.197 0.018
2545.80153 17.201 0.017
2552.85406 17.164 0.017
2556.84544 17.198 0.015
2560.75386 17.156 0.015
2564.86210 17.174 0.015
2578.78433 17.216 0.016
2583.83871 17.179 0.017
2590.74381 17.179 0.015
2596.75643 17.185 0.017
2605.78368 17.180 0.015
2609.75581 17.210 0.018
2614.71785 17.206 0.017
2618.77304 17.155 0.015
2621.69576 17.192 0.013
2624.60386 17.212 0.018
2627.69980 17.177 0.017
2629.72274 17.191 0.018
2635.69591 17.186 0.014
2638.66690 17.188 0.015
2640.76380 17.192 0.016
2642.72260 17.179 0.018
2644.72530 17.188 0.016
2646.70083 17.163 0.015
2650.73508 17.177 0.017
2652.78900 17.181 0.015
2654.75142 17.205 0.017
2656.66072 17.195 0.017
2658.62247 17.212 0.019
2660.64079 17.218 0.016
2662.65173 17.230 0.018
2664.63042 17.216 0.018
2666.69516 17.186 0.014
2668.68128 17.183 0.016
2670.64338 17.192 0.019
2672.78217 17.190 0.014
2674.68293 17.211 0.016
2676.67201 17.202 0.017
2678.72530 17.199 0.016
2680.63604 17.215 0.016
2682.68467 17.186 0.017
2687.56098 17.195 0.019
2693.52022 17.206 0.017
2696.55689 17.188 0.016
2701.53850 17.233 0.019
2707.54029 17.179 0.019
2714.53240 17.185 0.019
2839.90897 17.183 0.016
2867.88000 17.192 0.017
2885.85768 17.208 0.015
2892.88620 17.181 0.018
2897.85516 17.191 0.016
2903.90095 17.190 0.013
2907.77537 17.228 0.015
2911.81281 17.201 0.014
2916.86323 17.191 0.014
2922.84691 17.223 0.017
2926.77861 17.209 0.015
2930.84830 17.174 0.014
2934.75027 17.177 0.015
2940.72982 17.197 0.014
2943.73540 17.188 0.015
2947.74402 17.163 0.015
2953.70121 17.176 0.016
2956.72656 17.211 0.014
2958.75289 17.198 0.017
2962.76465 17.208 0.013
2965.78840 17.253 0.014
2968.65427 17.153 0.017
2973.67310 17.192 0.015
2975.85720 17.193 0.017
2976.79163 17.189 0.014
2978.69928 17.255 0.017
2980.71172 17.237 0.014
2982.70444 17.204 0.016
2984.75158 17.197 0.014
2988.80462 17.159 0.014
2989.75988 17.190 0.014
2991.65507 17.225 0.014
2993.64237 17.234 0.015
2995.74333 17.230 0.014
2997.72100 17.193 0.014
2999.68517 17.212 0.014
3001.77999 17.194 0.015
3003.75071 17.191 0.014
3005.71257 17.193 0.015
3007.63393 17.192 0.014
3009.63178 17.158 0.015
3011.73134 17.254 0.022
3013.73553 17.177 0.014
3017.73687 17.183 0.015
3019.66492 17.192 0.016
3021.78349 17.208 0.014
3023.64525 17.228 0.013
3024.84636 17.167 0.013
3027.66252 17.198 0.013
3029.64752 17.170 0.013
3031.71748 17.156 0.013
3033.78111 17.186 0.012
3035.78796 17.202 0.014
3038.76558 17.250 0.018
3041.60606 17.180 0.018
3043.64014 17.192 0.019
3045.70306 17.177 0.016
3047.65678 17.188 0.016
3048.58553 17.164 0.013
3050.60386 17.175 0.012
3052.60101 17.180 0.014
3054.60161 17.163 0.016
3056.59893 17.186 0.014
3058.59295 17.184 0.014
3060.64252 17.209 0.014
3068.52842 17.206 0.017
3070.58935 17.185 0.019
3073.62057 17.189 0.019
3076.52054 17.215 0.020
3078.62954 17.163 0.015
3082.60738 17.192 0.014
3085.50843 17.201 0.016
3087.64667 17.202 0.015
3090.61065 17.231 0.017
3096.52864 17.223 0.019
3099.59791 17.217 0.019
3102.57706 17.189 0.017
3104.56377 17.187 0.015
3110.54551 17.215 0.018
3113.52340 17.196 0.019
3128.49523 17.166 0.017
3140.50295 17.227 0.018
3216.86713 17.212 0.020
3241.91011 17.190 0.014
3248.85229 17.222 0.017
3257.88065 17.233 0.013
3264.80199 17.205 0.012
3270.86874 17.253 0.014
3274.75445 17.232 0.018
3277.87644 17.177 0.014
3281.89645 17.223 0.016
3287.75817 17.205 0.011
3295.71655 17.200 0.011
3301.77009 17.180 0.016
3304.83042 17.180 0.014
3307.70395 17.212 0.018
3309.73618 17.225 0.014
3311.73419 17.228 0.014
3320.77710 17.173 0.012
3327.74911 17.179 0.013
3330.70775 17.234 0.015
3334.80665 17.195 0.017
3338.85512 17.188 0.014
3339.75445 17.233 0.014
3354.77038 17.212 0.014
3358.81657 17.227 0.014
3361.84744 17.204 0.013
3365.74913 17.207 0.016
3372.76554 17.165 0.012
3378.67818 17.202 0.013
3391.74596 17.182 0.015
3395.70854 17.211 0.018
3399.71476 17.240 0.016
3403.70206 17.226 0.015
3406.67091 17.220 0.012
3410.62464 17.215 0.012
3415.62184 17.203 0.013
3427.58554 17.203 0.017
3433.60812 17.172 0.016
3438.53736 17.231 0.014
3446.49445 17.259 0.021
3461.51188 17.233 0.015
3473.47115 17.128 0.019
3575.92977 17.213 0.016
3592.92165 17.195 0.012
3601.92169 17.200 0.013
3619.82363 17.136 0.012
3629.89711 17.227 0.014
3633.86213 17.166 0.014
3639.77461 17.165 0.011
3644.81122 17.276 0.013
3651.75357 17.189 0.013
3654.80191 17.190 0.013
3658.76593 17.189 0.015
3661.83667 17.195 0.016
3668.80936 17.188 0.014
3672.79764 17.214 0.013
3676.75441 17.209 0.014
3684.81644 17.169 0.013
3687.79089 17.270 0.013
3690.71071 17.183 0.015
3693.74476 17.189 0.014
3695.77753 17.165 0.012
3698.75926 17.215 0.015
3700.78785 17.217 0.014
3703.71872 17.169 0.012
3705.78588 17.165 0.012
3708.77382 17.226 0.016
3712.73146 17.206 0.012
3714.80167 17.171 0.012
3717.66413 17.190 0.013
3719.83664 17.220 0.016
3721.79756 17.180 0.014
3726.69340 17.234 0.016
3730.72572 17.265 0.014
3732.71776 17.215 0.012
3734.84860 17.170 0.013
3737.74958 17.214 0.011
3739.81957 17.182 0.012
3741.83248 17.178 0.017
3743.72961 17.270 0.016
3746.77208 17.171 0.016
3748.72533 17.193 0.016
3749.73036 17.178 0.016
3751.74223 17.189 0.014
3753.69377 17.197 0.013
3755.69410 17.187 0.014
3757.68462 17.193 0.013
3759.74932 17.168 0.013
3762.77094 17.191 0.015
3765.75804 17.218 0.014
3770.63047 17.182 0.012
3773.69656 17.262 0.015
3776.66687 17.191 0.014
3779.62144 17.204 0.018
3782.73236 17.250 0.017
3787.59826 17.197 0.014
3792.54899 17.181 0.014
3800.53095 17.216 0.015
3809.53824 17.169 0.019
3823.49828 17.209 0.015
3946.92046 17.207 0.019
3964.87699 17.230 0.012
3969.90105 17.195 0.016
3980.91751 17.181 0.014
3981.87562 17.224 0.015
3989.90419 17.179 0.016
3998.86793 17.222 0.014
3999.83042 17.208 0.013
4001.87946 17.214 0.012
4004.84342 17.198 0.013
4005.85738 17.232 0.012
4008.72368 17.177 0.012
4011.89053 17.173 0.013
4018.85329 17.202 0.013
4023.88564 17.170 0.017
4026.79383 17.206 0.011
4029.74303 17.187 0.014
4031.81642 17.200 0.013
4038.72442 17.207 0.013
4041.68572 17.219 0.014
4043.69057 17.199 0.016
4046.78230 17.210 0.018
4048.87171 17.194 0.023
4049.65326 17.190 0.013
4052.71462 17.216 0.011
4056.75944 17.215 0.015
4058.79177 17.186 0.012
4063.69041 17.222 0.012
4065.86357 17.284 0.017
4066.74772 17.161 0.012
4068.65259 17.208 0.012
4070.67770 17.155 0.013
4073.85150 17.185 0.016
4074.74531 17.226 0.017
4077.79378 17.242 0.015
4079.83872 17.203 0.017
4083.68433 17.227 0.017
4085.75003 17.172 0.015
4093.73455 17.220 0.013
4102.84709 17.249 0.017
4105.80714 17.169 0.015
4109.77704 17.178 0.012
4113.73274 17.199 0.011
4120.76305 17.185 0.013
4122.71956 17.183 0.011
4125.77379 17.210 0.014
4132.66151 17.218 0.015
4142.71242 17.211 0.021
4156.54752 17.200 0.015
4168.50215 17.184 0.021
4197.48146 17.202 0.018
4341.91385 17.155 0.017
4347.86379 17.189 0.015
4353.79875 17.247 0.015
4358.89707 17.198 0.016
4364.86151 17.177 0.018
4367.88597 17.179 0.014
4371.75122 17.211 0.017
4377.80607 17.206 0.015
4380.82259 17.185 0.014
4386.79827 17.215 0.018
4390.76021 17.205 0.016
4394.71634 17.226 0.014
4399.73431 17.214 0.021
4404.73250 17.207 0.019
4412.71281 17.216 0.018
4418.80622 17.203 0.014
4421.85201 17.177 0.014
4426.74994 17.196 0.018
4429.85639 17.274 0.024
4430.67642 17.190 0.021
4432.73652 17.177 0.014
4436.77642 17.196 0.016
4439.84150 17.269 0.019
4443.72136 17.191 0.021
4449.69242 17.180 0.013
4451.70214 17.173 0.017
4455.70128 17.163 0.018
4457.73173 17.170 0.016
4460.80337 17.207 0.019
4463.72163 17.217 0.015
4466.71063 17.154 0.014
4470.65806 17.184 0.015
4473.70083 17.184 0.015
4477.75926 17.230 0.018
4482.76311 17.231 0.019
4486.74015 17.166 0.017
4491.71438 17.207 0.018
4494.65968 17.190 0.017
4498.69331 17.162 0.015
4501.69057 17.193 0.017
4506.62467 17.229 0.018
4508.64771 17.236 0.015
4510.71642 17.233 0.015
4517.65064 17.211 0.017
4521.63026 17.230 0.016
4524.59385 17.204 0.017
4530.61735 17.185 0.016
4532.64558 17.196 0.016
4535.61458 17.209 0.018
4536.61782 17.238 0.015
4539.49980 17.220 0.019
4541.60896 17.182 0.018
4545.53900 17.220 0.016
4556.57502 17.217 0.017
4561.56610 17.172 0.015
4568.52068 17.238 0.019
4580.50646 17.189 0.018
4588.47165 17.234 0.014
4606.46924 17.209 0.014
4683.91626 17.191 0.017
4697.87299 17.214 0.019
4708.85056 17.212 0.015
4720.78909 17.218 0.015
4724.84238 17.195 0.017
4728.83632 17.196 0.016
4733.83980 17.216 0.015
4748.79860 17.208 0.013
4752.87875 17.186 0.015
4757.76920 17.258 0.017
4760.77107 17.188 0.013
4763.82985 17.209 0.017
4769.69966 17.157 0.018
4772.71875 17.194 0.015
4773.72641 17.200 0.014
4773.85447 17.176 0.016
4774.66774 17.247 0.018
4775.74904 17.182 0.015
4776.64497 17.189 0.020
4777.76295 17.208 0.015
4781.79234 17.206 0.016
4784.71369 17.190 0.022
4788.81016 17.186 0.013
4791.82049 17.203 0.012
4791.85789 17.175 0.015
4794.79218 17.177 0.014
4796.67108 17.243 0.015
4797.81150 17.171 0.015
4800.78810 17.231 0.013
4803.63390 17.194 0.018
4805.73217 17.186 0.013
4807.83878 17.215 0.014
4809.71629 17.170 0.014
4812.75282 17.172 0.018
4814.75319 17.160 0.016
4816.74997 17.174 0.014
4818.77758 17.185 0.014
4820.75497 17.214 0.014
4823.78129 17.168 0.013
4826.69825 17.219 0.014
4833.70855 17.219 0.013
4835.69474 17.213 0.016
4836.65289 17.215 0.016
4836.79990 17.197 0.013
4837.69573 17.198 0.017
4837.74311 17.202 0.016
4839.79337 17.190 0.014
4841.75977 17.218 0.015
4843.75901 17.219 0.019
4846.72761 17.170 0.015
4848.73523 17.166 0.014
4853.75737 17.171 0.013
4855.77281 17.164 0.017
4857.75102 17.215 0.015
4859.74070 17.198 0.015
4865.72722 17.175 0.015
4868.72023 17.187 0.014
4871.64339 17.221 0.016
4874.58370 17.185 0.014
4876.55375 17.207 0.013
4878.66019 17.215 0.013
4879.63307 17.178 0.013
4885.56437 17.179 0.013
4888.64769 17.166 0.013
4899.52302 17.221 0.015
4900.70141 17.149 0.017
4901.53211 17.180 0.018
4901.65366 17.186 0.018
4908.60165 17.225 0.015
4917.54679 17.151 0.014
4921.56849 17.202 0.014
4927.56294 17.207 0.018
4931.57020 17.221 0.018
4935.53694 17.156 0.014
4939.54393 17.174 0.013
4943.54114 17.202 0.017
4948.52431 17.174 0.015
4953.51680 17.183 0.018
