2166.83748 19.154 0.063
2172.88623 19.236 0.071
2189.84343 19.190 0.082
2212.79165 19.116 0.062
2217.77657 19.189 0.090
2223.79686 19.333 0.087
2226.77167 19.214 0.077
2228.81518 19.185 0.065
2232.74882 19.249 0.063
2234.74264 19.105 0.062
2238.69340 19.123 0.066
2240.82234 19.160 0.070
2242.82814 19.144 0.095
2249.76134 19.106 0.053
2251.79384 19.117 0.053
2253.75428 19.132 0.052
2256.72961 19.194 0.064
2258.67093 19.022 0.051
2261.65657 19.267 0.074
2265.75860 19.229 0.075
2271.70452 19.182 0.068
2273.67123 19.308 0.091
2275.77768 19.120 0.073
2277.77244 19.058 0.058
2279.77750 19.344 0.067
2281.79140 19.036 0.055
2283.79454 19.465 0.068
2289.72371 19.222 0.068
2291.73116 19.019 0.087
2293.70325 19.722 0.142
2295.73002 19.117 0.051
2297.72087 19.356 0.078
2299.74326 19.134 0.068
2302.59445 20.018 0.148
2317.64009 19.197 0.055
2326.55999 19.317 0.076
2338.52768 19.193 0.075
2344.52051 19.239 0.064
2354.52229 19.101 0.100
2368.50633 19.516 0.180
2401.50848 19.149 0.087
2520.91714 19.255 0.100
2521.89652 19.231 0.067
2537.84983 19.161 0.113
2539.82390 19.106 0.079
2542.81624 19.076 0.057
2545.79791 19.782 0.139
2551.86336 19.253 0.067
2555.88740 19.204 0.077
2559.79629 19.304 0.087
2563.84651 19.207 0.081
2577.83528 19.256 0.077
2580.86474 19.048 0.057
2589.77257 19.053 0.055
2594.78968 18.983 0.106
2599.83307 19.137 0.059
2609.64554 19.146 0.106
2617.80153 19.171 0.088
2620.76956 19.942 0.118
2623.71394 19.168 0.072
2627.61011 19.164 0.121
2629.63417 19.360 0.093
2631.68345 19.051 0.075
2634.67835 19.334 0.065
2637.70436 19.134 0.053
2639.81916 19.228 0.058
2641.64179 19.034 0.058
2643.65282 19.282 0.071
2645.64554 19.070 0.055
2646.67298 19.023 0.064
2650.73012 19.127 0.072
2652.72025 19.253 0.078
2654.82401 18.995 0.062
2657.74250 19.774 0.153
2659.70755 19.127 0.072
2661.80725 19.306 0.090
2665.77723 19.064 0.059
2667.81113 19.418 0.120
2671.72300 19.301 0.092
2673.68642 19.197 0.093
2675.71335 19.145 0.057
2677.74802 19.240 0.088
2679.73873 19.068 0.085
2681.75607 19.233 0.078
2686.56479 19.175 0.095
2690.64303 19.296 0.108
2695.57361 19.982 0.149
2700.52470 19.291 0.103
2712.55909 19.410 0.108
2735.48926 19.146 0.081
2884.85213 19.116 0.059
2890.81992 19.215 0.100
2895.85556 19.235 0.076
2900.81121 19.960 0.122
2906.84218 19.158 0.056
2910.87563 19.259 0.056
2915.87181 19.199 0.049
2921.87412 19.060 0.060
2925.81959 19.145 0.059
2929.86420 19.341 0.074
2933.80112 19.356 0.065
2939.80964 19.165 0.075
2942.78503 19.359 0.064
2946.80546 19.123 0.068
2948.85057 19.231 0.060
2952.78982 19.268 0.080
2955.84684 19.005 0.087
2957.77439 19.168 0.070
2961.75771 19.368 0.073
2963.81598 19.137 0.065
2966.75531 19.503 0.065
2970.76943 19.269 0.051
2974.68407 19.146 0.058
2975.80922 20.027 0.115
2979.84567 19.249 0.065
2983.75366 19.267 0.072
2986.73614 19.070 0.059
2988.70308 19.129 0.059
2990.72774 19.228 0.065
2992.72452 19.174 0.055
2994.81527 19.320 0.063
2996.69078 19.080 0.048
2998.68137 19.324 0.070
3000.69087 19.166 0.059
3002.67862 19.180 0.056
3004.67782 19.281 0.057
3006.62356 19.227 0.055
3010.69811 19.089 0.083
3012.79358 19.463 0.133
3016.71227 19.190 0.068
3018.70212 19.191 0.063
3020.77749 19.090 0.058
3022.80392 19.469 0.087
3024.75257 19.115 0.058
3026.72167 19.332 0.060
3028.75735 19.175 0.042
3030.76235 19.270 0.065
3033.68881 19.120 0.042
3035.69051 19.148 0.058
3038.67415 19.206 0.076
3041.57130 19.202 0.084
3043.60115 19.162 0.082
3045.64016 19.345 0.073
3047.59434 19.068 0.062
3049.60003 19.163 0.050
3050.57063 19.864 0.088
3052.56497 19.146 0.055
3054.56660 19.286 0.065
3056.56578 19.200 0.056
3058.55882 19.166 0.062
3060.57993 19.137 0.055
3067.64162 19.187 0.068
3069.60016 19.345 0.082
3073.51014 19.191 0.086
3075.60287 19.183 0.072
3078.52501 20.072 0.145
3081.67770 19.138 0.062
3084.58994 19.158 0.052
3087.55172 19.238 0.074
3089.65514 19.092 0.073
3092.59315 19.203 0.111
3098.59529 19.198 0.106
3101.55561 19.444 0.122
3104.52703 19.119 0.071
3110.53540 19.201 0.109
3113.51905 19.218 0.092
3125.51654 19.746 0.174
3135.48243 19.232 0.128
3229.89656 19.120 0.052
3239.91042 19.139 0.059
3247.88130 19.033 0.055
3256.85796 19.203 0.067
3268.85013 19.189 0.046
3273.80892 19.177 0.076
3276.89442 19.073 0.066
3281.80461 19.158 0.048
3289.81829 19.234 0.059
3294.81623 19.275 0.055
3296.82162 19.188 0.050
3298.85221 19.331 0.063
3301.67247 19.174 0.084
3303.84156 19.406 0.100
3306.81630 19.251 0.074
3308.83315 19.078 0.071
3310.86546 19.169 0.060
3314.83297 19.064 0.067
3329.80481 19.229 0.052
3334.70094 19.107 0.092
3338.75700 19.173 0.058
3352.64367 19.132 0.054
3355.66553 19.248 0.068
3359.72451 19.269 0.054
3363.70248 19.341 0.075
3369.76939 19.210 0.064
3372.67450 19.382 0.058
3377.70863 19.746 0.122
3386.79126 19.800 0.069
3391.58205 19.252 0.079
3395.63681 19.142 0.070
3398.69364 19.141 0.064
3403.66875 19.018 0.060
3406.60276 19.202 0.050
3410.62036 19.299 0.051
3415.59210 19.340 0.066
3421.58049 19.129 0.057
3428.57948 19.311 0.081
3436.57381 19.281 0.070
3443.51655 19.274 0.079
3452.53640 20.086 0.133
3574.92713 19.109 0.067
3588.91748 19.166 0.063
3590.91936 19.194 0.054
3614.90854 19.153 0.062
3629.80389 19.648 0.112
3634.76201 19.443 0.080
3640.75832 19.121 0.052
3644.90067 19.283 0.102
3650.81034 19.191 0.052
3653.83825 19.085 0.050
3657.78888 19.614 0.085
3661.80058 19.282 0.087
3666.79773 19.229 0.069
3671.79611 19.347 0.063
3675.81053 19.291 0.058
3683.83368 19.056 0.047
3687.69548 19.322 0.066
3689.79908 19.288 0.069
3692.71966 18.992 0.051
3694.85194 19.413 0.072
3696.67242 19.251 0.056
3699.68469 19.335 0.050
3701.73581 19.128 0.047
3704.75719 19.789 0.085
3706.75623 19.155 0.049
3711.64744 19.160 0.054
3713.66103 19.274 0.071
3716.69449 19.113 0.073
3719.67175 19.202 0.072
3725.75511 19.075 0.066
3727.70307 19.249 0.064
3730.63130 19.018 0.038
3733.62006 19.225 0.050
3734.72290 19.113 0.046
3736.74183 19.174 0.054
3738.66378 19.197 0.059
3740.69875 19.113 0.050
3743.66427 19.152 0.055
3746.73822 19.377 0.094
3748.69151 19.035 0.067
3750.58305 19.279 0.083
3752.70435 19.338 0.065
3754.69276 19.150 0.065
3758.71362 19.108 0.065
3762.67174 19.132 0.054
3765.66228 19.316 0.043
3769.73428 19.212 0.049
3772.70243 19.271 0.058
3778.67291 19.215 0.066
3781.73392 19.098 0.080
3786.55702 19.181 0.055
3791.55265 19.222 0.055
3798.55296 19.921 0.123
3805.53818 19.173 0.074
3819.51713 19.034 0.054
3938.93494 19.360 0.105
3961.91187 19.564 0.115
3968.89435 19.195 0.074
3974.87994 19.275 0.078
3981.78737 19.187 0.071
3987.91136 19.131 0.068
3995.81896 19.168 0.056
4002.81834 19.216 0.047
4004.83956 19.267 0.060
4007.77218 19.239 0.052
4011.75290 19.104 0.064
4018.79225 19.181 0.064
4023.78666 19.249 0.054
4026.70261 19.409 0.066
4028.83859 19.104 0.046
4031.72633 19.716 0.097
4037.83526 19.145 0.053
4040.80199 19.251 0.063
4042.81747 19.069 0.051
4046.69226 19.203 0.082
4048.78165 19.073 0.054
4051.77127 19.129 0.070
4053.82255 19.186 0.055
4056.64241 19.137 0.085
4059.65340 19.230 0.069
4064.67608 19.350 0.055
4067.67653 19.099 0.052
4069.66466 19.610 0.084
4072.70181 19.277 0.068
4076.77226 19.130 0.064
4079.64714 19.143 0.059
4082.66778 19.158 0.068
4084.74823 19.116 0.060
4087.66804 19.352 0.059
4093.81639 19.144 0.059
4102.62266 19.371 0.080
4104.79137 19.284 0.095
4109.65264 19.152 0.053
4113.67151 19.168 0.045
4118.57843 19.217 0.094
4120.66456 19.298 0.046
4124.69528 19.306 0.057
4127.64924 19.123 0.042
4132.62724 19.205 0.078
4142.56227 18.922 0.079
4150.53933 19.096 0.048
4154.51775 19.098 0.086
4165.54574 19.174 0.084
4183.50211 19.256 0.094
4345.90798 19.270 0.093
4350.88238 19.208 0.073
4355.88996 19.082 0.066
4361.85070 19.223 0.107
4364.85751 19.171 0.074
4367.76999 19.151 0.082
4370.80688 19.171 0.079
4376.84194 19.316 0.094
4379.84828 19.226 0.075
4383.85254 19.269 0.082
4388.79243 19.075 0.070
4392.84668 19.170 0.057
4398.79546 19.127 0.066
4403.73524 19.151 0.085
4410.86233 19.228 0.076
4417.75029 19.146 0.054
4421.72627 19.122 0.050
4421.78217 19.101 0.047
4425.74630 19.130 0.065
4429.71045 19.352 0.108
4431.85028 19.135 0.110
4436.71470 19.086 0.059
4439.72276 19.147 0.076
4442.70008 19.270 0.077
4448.75352 19.262 0.072
4450.76040 19.164 0.075
4453.73604 19.255 0.059
4456.74940 19.241 0.083
4458.69703 19.188 0.073
4461.64710 19.438 0.068
4465.66793 19.236 0.052
4468.69869 19.154 0.043
4473.63501 19.182 0.063
4477.72255 19.131 0.057
4479.74417 19.184 0.053
4483.70407 19.130 0.069
4486.70251 19.122 0.081
4490.70075 19.297 0.084
4493.77158 19.139 0.091
4498.63551 19.346 0.066
4501.62863 19.070 0.053
4505.59917 19.221 0.078
4508.57668 19.987 0.130
4510.65490 19.239 0.065
4516.53559 19.402 0.127
4520.62560 19.269 0.096
4523.60915 19.252 0.074
4530.55256 19.318 0.097
4532.54627 19.298 0.092
4535.60374 19.244 0.086
4538.62430 19.244 0.087
4540.59362 19.329 0.096
4544.55953 19.127 0.077
4546.61151 19.196 0.105
4559.54016 19.292 0.100
4566.56254 19.085 0.060
4574.52097 19.124 0.082
4591.48450 19.249 0.093
4681.91261 19.369 0.074
4691.87813 19.234 0.087
4704.90887 19.969 0.181
4717.87467 19.221 0.050
4722.89427 19.166 0.051
4726.83514 19.151 0.069
4730.85704 19.067 0.049
4747.82818 19.215 0.060
4752.80705 19.115 0.076
4756.79890 19.233 0.075
4759.84601 19.256 0.055
4762.80574 19.113 0.055
4768.78376 19.109 0.062
4771.82564 19.316 0.071
4774.80639 19.401 0.082
4776.86007 19.061 0.071
4780.79310 19.220 0.091
4783.79099 19.187 0.062
4788.71754 19.162 0.072
4791.69395 18.997 0.048
4794.66376 19.215 0.058
4797.68105 19.199 0.074
4800.72713 19.089 0.051
4802.75881 19.196 0.058
4805.72820 19.122 0.052
4807.69078 20.158 0.193
4809.68355 19.077 0.062
4812.67115 19.184 0.090
4814.65915 19.180 0.085
4816.66082 19.262 0.075
4818.68294 19.064 0.056
4820.68989 19.196 0.050
4823.70303 19.126 0.058
4825.78230 19.203 0.077
4831.82424 19.014 0.065
4834.75745 19.287 0.090
4836.75981 19.245 0.062
4838.71038 19.148 0.060
4841.72699 19.289 0.078
4843.72627 19.192 0.082
4846.69221 19.214 0.067
4848.71810 19.074 0.052
4850.71020 19.137 0.059
4852.70440 19.155 0.062
4854.70777 20.036 0.139
4856.70395 19.084 0.070
4865.72321 19.019 0.063
4867.65947 19.343 0.068
4870.64496 19.075 0.063
4873.66743 19.302 0.076
4875.62543 19.123 0.067
4877.65078 19.354 0.060
4879.57924 19.099 0.056
4882.67236 19.996 0.138
4884.52218 19.149 0.084
4884.60990 19.133 0.060
4884.65813 19.179 0.081
4885.52304 19.074 0.070
4885.61472 19.208 0.057
4885.65517 19.198 0.067
4886.52185 19.231 0.064
4886.61977 19.186 0.059
4886.66446 19.177 0.056
4886.69604 19.259 0.067
4887.52144 19.295 0.069
4887.58855 19.329 0.053
4887.64625 19.334 0.064
4887.65382 19.163 0.051
4888.51857 19.218 0.083
4888.59044 19.136 0.044
4888.63437 19.207 0.058
4889.52339 19.243 0.090
4889.58817 19.144 0.063
4889.65377 19.118 0.064
4890.51627 19.144 0.065
4890.62455 19.123 0.054
4890.66511 19.209 0.062
4891.53292 19.282 0.075
4891.59398 19.350 0.070
4891.65407 19.742 0.088
4892.52085 19.202 0.069
4892.59306 19.249 0.066
4892.66164 19.173 0.064
4893.53533 19.012 0.060
4893.59979 19.109 0.072
4894.55377 19.148 0.066
4894.61881 19.095 0.067
4894.65032 19.187 0.070
4895.51920 19.235 0.079
4895.60235 19.164 0.060
4895.66405 19.056 0.062
4896.50765 19.350 0.066
4896.57507 19.424 0.069
4897.50946 19.226 0.079
4897.56614 19.151 0.074
4897.61463 19.088 0.068
4898.53129 19.156 0.077
4898.58348 19.137 0.072
4899.51011 19.199 0.082
4899.60640 19.136 0.073
4900.50894 19.174 0.092
4900.55003 19.238 0.093
4900.59417 19.232 0.078
4901.51150 19.885 0.210
4901.64944 19.289 0.124
4902.55457 19.256 0.117
4903.50684 19.359 0.106
4904.51543 19.112 0.084
4904.57109 19.167 0.085
4904.64520 19.200 0.092
4905.50033 19.175 0.101
4907.56199 19.075 0.075
4908.49878 19.175 0.076
4908.59700 19.062 0.060
4909.59620 19.076 0.062
4911.55889 19.221 0.081
4913.49803 19.096 0.079
4914.55151 19.193 0.077
4916.50936 19.216 0.075
4916.54198 19.265 0.075
4917.49430 19.133 0.069
4918.49430 19.189 0.080
4919.49373 19.220 0.068
4920.53251 19.190 0.070
4920.57286 19.316 0.075
4921.49205 19.070 0.070
4924.49084 19.449 0.092
4925.48946 19.141 0.074
4926.52968 19.276 0.119
4928.51671 19.274 0.083
4931.51201 19.136 0.086
4931.56649 19.320 0.108
4934.48890 19.267 0.083
4935.53317 19.213 0.076
4937.48366 19.129 0.051
4939.54012 19.134 0.067
4940.49709 19.145 0.058
4943.47743 19.447 0.106
4946.49959 19.230 0.088
4948.51663 19.216 0.086
4949.49193 19.098 0.058
4955.49984 19.112 0.070
