2167.83852 19.505 0.110
2173.84588 19.316 0.067
2190.78366 19.345 0.078
2192.81843 19.487 0.086
2214.78575 19.284 0.093
2224.74253 19.242 0.066
2226.84669 19.543 0.155
2229.65861 19.307 0.093
2232.81719 19.321 0.085
2234.81161 19.647 0.082
2239.59656 19.314 0.108
2241.65811 19.434 0.109
2243.71669 19.366 0.087
2248.79332 19.248 0.059
2250.84219 19.738 0.104
2252.64834 19.221 0.070
2254.63927 19.422 0.085
2257.64314 19.373 0.069
2261.75749 19.501 0.080
2266.64079 19.382 0.095
2270.63690 19.234 0.063
2271.78770 19.971 0.121
2273.72418 19.276 0.093
2275.82461 19.649 0.122
2277.64625 19.262 0.059
2279.81860 19.825 0.121
2281.80543 19.350 0.074
2283.83965 19.551 0.080
2288.74579 19.297 0.064
2290.78416 19.227 0.075
2292.76068 19.370 0.105
2296.74612 19.488 0.127
2298.76553 19.418 0.100
2300.71855 19.490 0.135
2302.69635 19.360 0.102
2327.55448 19.176 0.081
2333.56449 19.608 0.156
2339.54097 19.522 0.143
2357.51217 19.674 0.229
2395.51312 19.758 0.188
2526.90528 19.508 0.082
2542.88422 19.268 0.076
2556.82690 19.561 0.092
2559.87673 19.457 0.099
2564.84336 19.639 0.113
2578.76713 19.306 0.094
2583.82159 19.314 0.092
2589.85295 19.540 0.094
2596.73758 19.489 0.129
2605.74060 19.536 0.089
2609.73685 19.485 0.120
2614.70304 19.624 0.118
2618.72732 19.563 0.115
2621.63489 19.485 0.079
2623.81853 19.357 0.075
2627.68200 19.436 0.130
2629.70504 19.444 0.123
2631.75738 19.451 0.146
2634.75950 19.901 0.122
2635.67882 19.385 0.067
2638.64992 19.492 0.087
2639.65003 19.421 0.060
2641.71766 19.272 0.075
2643.72634 19.504 0.100
2645.71405 19.310 0.068
2647.67185 19.492 0.098
2650.83336 19.428 0.076
2652.73463 19.183 0.083
2654.66944 19.342 0.105
2656.64237 19.192 0.076
2658.60540 19.426 0.119
2660.62282 19.392 0.084
2662.60567 19.390 0.089
2664.61320 19.558 0.097
2666.67141 19.247 0.055
2668.65631 19.587 0.154
2670.62631 19.174 0.090
2672.73559 19.460 0.098
2674.63396 19.389 0.098
2676.62053 19.380 0.074
2678.70821 19.349 0.088
2680.61888 19.692 0.132
2682.66979 19.400 0.113
2687.54233 19.384 0.154
2691.61268 19.476 0.150
2696.53545 19.625 0.137
2701.51762 19.527 0.124
2707.51500 19.203 0.090
2714.51391 19.485 0.156
2840.90300 19.491 0.122
2867.91561 19.380 0.081
2888.90948 19.524 0.080
2894.84455 19.583 0.103
2899.84616 19.484 0.087
2905.83513 19.390 0.106
2908.89618 19.250 0.069
2911.79448 19.616 0.083
2916.84468 19.310 0.063
2922.82853 19.535 0.121
2926.75595 19.414 0.079
2930.82970 19.298 0.070
2933.87411 19.359 0.080
2940.71125 19.500 0.087
2942.83304 19.265 0.059
2947.72557 19.459 0.096
2949.81574 19.338 0.069
2953.68247 19.493 0.122
2956.70829 20.009 0.136
2958.73459 19.355 0.096
2962.74643 19.362 0.071
2965.76586 19.425 0.062
2967.86531 19.337 0.106
2973.84947 19.543 0.103
2975.83863 19.357 0.079
2976.83389 19.408 0.081
2978.85350 19.443 0.101
2982.68564 19.404 0.086
2984.73315 19.374 0.082
2986.81575 19.483 0.106
2988.78034 19.474 0.078
2989.79627 19.963 0.122
2991.63668 19.266 0.068
2993.62410 19.587 0.081
2995.72372 19.336 0.060
2997.70267 19.518 0.077
2999.72487 19.229 0.066
3001.76153 19.507 0.084
3003.73219 19.332 0.065
3005.63746 19.551 0.103
3007.67052 19.270 0.081
3009.73682 19.318 0.083
3011.71255 19.442 0.105
3013.71700 19.424 0.090
3017.71843 19.449 0.083
3019.64642 19.572 0.109
3021.76519 19.318 0.061
3023.62698 19.407 0.063
3024.82812 19.214 0.080
3026.82479 19.607 0.067
3029.62915 19.297 0.059
3031.69910 19.415 0.068
3033.76261 19.316 0.059
3035.76964 19.471 0.078
3038.74712 19.482 0.099
3040.71776 19.245 0.097
3042.66167 19.276 0.083
3044.59558 19.383 0.093
3045.68456 19.259 0.089
3047.63830 19.954 0.157
3049.64400 19.361 0.062
3051.61218 19.648 0.109
3055.60565 20.069 0.164
3057.63110 19.278 0.071
3059.57499 19.506 0.070
3061.56803 19.458 0.106
3068.50936 19.593 0.130
3070.56505 19.238 0.076
3073.56576 19.328 0.109
3075.67872 19.363 0.109
3078.61072 19.243 0.080
3082.58822 19.235 0.068
3084.66526 19.635 0.096
3087.62795 19.198 0.082
3090.59135 19.256 0.090
3096.49839 19.754 0.212
3099.57936 19.288 0.107
3102.55814 19.386 0.109
3105.59085 19.774 0.132
3108.56881 19.298 0.086
3112.54610 19.354 0.086
3116.52744 19.231 0.086
3127.49485 19.264 0.064
3140.48350 19.378 0.099
3223.88372 19.291 0.099
3241.86998 19.420 0.106
3248.83340 19.328 0.110
3257.86126 19.588 0.089
3263.90724 19.203 0.059
3270.85021 19.541 0.093
3273.89822 19.463 0.099
3277.83425 19.438 0.090
3281.87803 19.377 0.060
3287.73909 19.676 0.089
3295.69138 19.667 0.081
3301.75189 19.437 0.103
3304.80782 19.297 0.085
3307.68265 19.660 0.173
3309.71804 19.227 0.062
3311.71589 19.932 0.135
3320.75868 19.522 0.074
3323.69350 19.427 0.091
3327.73026 19.455 0.074
3330.68910 19.355 0.111
3334.78836 19.186 0.091
3338.83482 19.439 0.083
3340.84990 19.702 0.122
3350.66834 19.500 0.066
3354.71475 19.328 0.064
3358.79571 19.278 0.047
3361.82852 19.385 0.066
3365.73092 19.631 0.111
3372.74722 19.412 0.075
3378.65993 19.450 0.065
3391.72765 19.254 0.074
3394.73921 19.390 0.085
3396.61919 19.266 0.077
3399.69641 19.286 0.076
3403.68367 19.391 0.081
3408.59310 19.286 0.066
3412.63834 19.124 0.069
3417.56579 19.296 0.074
3425.57401 19.441 0.107
3431.53570 19.707 0.098
3437.53748 19.517 0.091
3445.54284 19.408 0.084
3460.49108 19.984 0.146
3477.48581 19.472 0.108
3583.92791 19.620 0.095
3593.92617 19.364 0.093
3601.86312 19.425 0.094
3618.89723 19.216 0.058
3629.87849 19.809 0.107
3634.84509 19.436 0.073
3639.83840 19.421 0.060
3644.79318 19.380 0.063
3650.88205 19.517 0.075
3654.78128 19.518 0.069
3657.86353 19.481 0.067
3660.79798 19.202 0.079
3664.83306 19.281 0.056
3668.79102 19.203 0.072
3672.77924 19.384 0.075
3675.85892 19.447 0.059
3684.76703 19.326 0.053
3687.77268 19.587 0.076
3690.66314 19.471 0.159
3693.72652 19.296 0.070
3695.74806 19.643 0.083
3698.74078 19.535 0.093
3700.76964 19.255 0.062
3702.85729 19.347 0.065
3705.76406 19.421 0.058
3708.72265 19.456 0.092
3712.70954 19.390 0.074
3714.71989 19.420 0.067
3716.86152 19.498 0.198
3719.81316 19.380 0.097
3725.80704 19.158 0.076
3727.77945 19.429 0.078
3730.67486 19.257 0.047
3732.69958 19.854 0.079
3734.79763 19.253 0.062
3736.81390 19.476 0.076
3737.70225 19.436 0.063
3739.80137 19.253 0.055
3742.68723 19.137 0.069
3745.76291 19.376 0.067
3747.76560 19.297 0.109
3749.65733 19.361 0.119
3750.74229 19.389 0.083
3752.75298 19.410 0.079
3754.77072 19.330 0.078
3756.59425 19.204 0.061
3758.76712 19.469 0.113
3761.77951 19.648 0.079
3764.73394 19.519 0.078
3767.59378 19.285 0.064
3770.61149 19.436 0.074
3773.61433 19.371 0.087
3776.61374 19.170 0.063
3779.60328 19.375 0.105
3782.65401 19.551 0.086
3787.57897 19.408 0.071
3792.53070 19.284 0.082
3809.51993 19.179 0.102
3822.50574 19.393 0.122
3946.90204 19.452 0.114
3964.85887 19.387 0.063
3969.88299 19.322 0.091
3981.85775 19.345 0.091
3989.88478 19.400 0.080
3995.90848 19.545 0.147
4001.86148 19.544 0.065
4005.83915 19.473 0.065
4007.84333 19.311 0.070
4011.84360 19.190 0.064
4018.83518 19.486 0.081
4023.86732 19.213 0.067
4026.77578 19.518 0.060
4029.71705 20.009 0.196
4031.79739 19.161 0.052
4038.70650 19.377 0.072
4040.87334 19.304 0.122
4043.67199 19.168 0.094
4046.76410 19.600 0.115
4048.85362 19.292 0.099
4052.69649 19.356 0.060
4056.74054 19.217 0.076
4058.77286 19.694 0.071
4063.67241 19.636 0.080
4066.72969 19.604 0.079
4068.81719 19.649 0.077
4070.65963 19.455 0.075
4073.81901 19.492 0.090
4076.78716 19.412 0.086
4079.74951 19.984 0.145
4083.66634 19.569 0.113
4085.73184 19.221 0.073
4092.85030 19.252 0.062
4102.82684 19.074 0.075
4105.68573 19.507 0.085
4109.72862 19.464 0.076
4109.75885 19.359 0.058
4113.71461 19.181 0.046
4120.74503 19.938 0.122
4122.70144 19.251 0.057
4125.75267 19.713 0.105
4131.60602 19.226 0.050
4142.64261 19.498 0.113
4156.52928 19.253 0.068
4166.57052 19.619 0.137
4196.51994 19.577 0.150
4341.89587 19.277 0.095
4347.84578 19.503 0.101
4357.90716 19.174 0.102
4362.78294 19.140 0.087
4365.82442 19.287 0.118
4368.90172 19.448 0.180
4371.85232 19.325 0.075
4377.78815 19.320 0.089
4380.80466 19.739 0.107
4386.78031 19.228 0.075
4390.74231 19.315 0.078
4393.85638 19.347 0.088
4398.86766 19.397 0.077
4403.87460 19.206 0.138
4411.86614 19.292 0.088
4418.78730 19.434 0.066
4422.85337 19.425 0.080
4426.73169 19.445 0.106
4429.83767 19.348 0.135
4432.71854 19.220 0.063
4436.75791 19.340 0.079
4439.82350 19.253 0.104
4443.69322 19.304 0.105
4448.86039 19.344 0.128
4449.67795 19.368 0.068
4451.68752 19.379 0.099
4454.70403 19.501 0.088
4455.68629 19.520 0.109
4458.74473 19.410 0.088
4461.66164 19.219 0.065
4465.74475 19.315 0.068
4468.71330 19.332 0.059
4473.68262 19.355 0.067
4477.74074 19.292 0.083
4481.67832 19.425 0.080
4485.72637 19.258 0.088
4489.70988 19.322 0.118
4493.69972 19.330 0.102
4498.67637 19.364 0.074
4501.67369 19.351 0.080
4506.60763 19.159 0.073
4508.61762 19.814 0.116
4510.69790 19.244 0.079
4521.60798 19.671 0.135
4523.62383 19.252 0.076
4525.54322 19.941 0.138
4531.56525 19.272 0.075
4533.56762 19.730 0.136
4537.61763 19.724 0.119
4539.53661 19.288 0.092
4541.58887 20.532 0.333
4543.64971 19.365 0.135
4545.50801 19.406 0.093
4549.59281 19.487 0.117
4560.53542 19.227 0.086
4567.58455 19.381 0.098
4571.52938 19.221 0.090
4581.50631 19.247 0.090
4610.47439 19.360 0.134
4683.89829 19.311 0.077
4694.91675 19.662 0.145
4697.85493 19.498 0.130
4707.90572 19.401 0.078
4720.77101 19.357 0.094
4724.82429 19.376 0.090
4728.81178 19.226 0.077
4733.82150 19.238 0.069
4743.89018 19.433 0.084
4748.82752 19.373 0.066
4752.86057 19.342 0.079
4756.86989 19.387 0.081
4760.75300 19.654 0.090
4761.74103 19.495 0.079
4762.68976 19.343 0.088
4762.87644 19.320 0.085
4768.85446 19.669 0.100
4772.70079 19.834 0.138
4775.73015 19.255 0.092
4777.74493 19.587 0.098
4781.74137 19.435 0.088
4784.69497 19.416 0.153
4788.79197 19.523 0.090
4791.80248 19.184 0.055
4794.77397 19.356 0.077
4797.79317 19.936 0.130
4800.77004 19.300 0.055
4802.83705 19.444 0.076
4804.85429 19.397 0.091
4806.85042 19.261 0.071
4809.69816 19.728 0.128
4811.69447 19.423 0.134
4813.71625 19.517 0.150
4814.73509 19.332 0.090
4816.73196 19.279 0.092
4818.73117 19.466 0.070
4819.71722 19.321 0.055
4820.65054 19.228 0.050
4820.79079 19.340 0.069
4821.73277 19.359 0.058
4821.83444 19.373 0.066
4822.68705 19.758 0.104
4822.78764 19.466 0.062
4823.74900 19.307 0.059
4823.81069 19.309 0.058
4824.67594 19.408 0.072
4825.65827 19.408 0.068
4826.68031 19.842 0.115
4833.67825 19.321 0.062
4835.73064 19.516 0.090
4838.73524 19.764 0.109
4840.71946 19.395 0.085
4842.70346 19.307 0.080
4844.70271 19.339 0.080
4847.76969 19.406 0.093
4850.76278 19.464 0.093
4853.73926 19.260 0.075
4855.75471 19.925 0.155
4857.73282 19.411 0.096
4863.69412 19.817 0.138
4865.59432 19.258 0.066
4868.69790 19.355 0.076
4869.64313 19.280 0.086
4870.58339 19.190 0.062
4870.71001 19.227 0.089
4871.56928 19.293 0.090
4871.69772 19.521 0.119
4872.58607 19.449 0.141
4872.67242 19.232 0.126
4873.64274 19.193 0.066
4874.56556 19.324 0.072
4876.58921 19.597 0.076
4878.61402 19.256 0.056
4882.68716 19.213 0.072
4885.54534 19.363 0.085
4888.61255 19.931 0.100
4900.61633 19.744 0.153
4905.58144 19.685 0.155
4908.54005 19.381 0.083
4916.55646 19.271 0.079
4920.58706 19.331 0.075
4926.54323 19.467 0.138
4930.53982 19.295 0.098
4934.53658 19.393 0.107
4936.48464 19.108 0.063
4937.52832 19.251 0.074
4938.47990 19.551 0.126
4939.48565 19.269 0.078
4940.48111 19.186 0.057
4940.54432 19.351 0.070
4941.48498 19.408 0.107
4942.47758 19.669 0.141
4943.49274 19.378 0.093
4946.53793 19.696 0.129
4951.51769 19.229 0.115
