2166.83748 17.201 0.014
2172.88623 17.202 0.015
2189.84343 17.178 0.015
2212.79165 17.178 0.013
2217.77657 17.228 0.016
2223.79686 17.224 0.015
2226.77167 17.181 0.015
2228.81518 17.203 0.013
2232.74882 17.178 0.013
2234.74264 17.278 0.014
2238.69340 17.212 0.014
2240.82234 17.199 0.014
2242.82814 17.196 0.017
2249.76134 17.187 0.012
2251.79384 17.253 0.013
2253.75428 17.175 0.012
2256.72961 17.169 0.013
2258.67093 17.273 0.013
2261.65657 17.165 0.014
2265.75860 17.200 0.014
2271.70452 17.164 0.013
2273.67123 17.203 0.015
2275.77768 17.289 0.016
2277.77244 17.207 0.013
2279.77750 17.167 0.012
2281.79140 17.223 0.013
2283.79454 17.190 0.012
2289.72371 17.210 0.013
2291.73116 17.198 0.018
2293.70325 17.242 0.017
2295.73002 17.189 0.012
2297.72087 17.183 0.013
2299.74326 17.252 0.014
2302.59445 17.190 0.014
2317.64009 17.223 0.013
2326.55999 17.188 0.014
2338.52768 17.152 0.014
2344.52051 17.176 0.013
2354.52229 17.184 0.020
2368.50633 17.208 0.023
2401.50848 17.212 0.017
2520.91714 17.192 0.017
2521.89652 17.206 0.014
2537.84983 17.184 0.020
2539.82390 17.190 0.016
2542.81624 17.220 0.014
2545.79791 17.222 0.016
2551.86336 17.234 0.014
2555.88740 17.210 0.015
2559.79629 17.213 0.015
2563.84651 17.230 0.016
2577.83528 17.191 0.015
2580.86474 17.209 0.014
2589.77257 17.192 0.013
2594.78968 17.223 0.022
2599.83307 17.256 0.014
2609.64554 17.210 0.019
2617.80153 17.321 0.018
2620.76956 17.193 0.013
2623.71394 17.244 0.015
2627.61011 17.217 0.022
2629.63417 17.237 0.016
2631.68345 17.185 0.017
2634.67835 17.208 0.012
2637.70436 17.175 0.013
2639.81916 17.204 0.013
2641.64179 17.239 0.014
2643.65282 17.215 0.014
2645.64554 17.198 0.013
2646.67298 17.226 0.015
2650.73012 17.157 0.014
2652.72025 17.205 0.014
2654.82401 17.179 0.014
2657.74250 17.209 0.016
2659.70755 17.242 0.015
2661.80725 17.181 0.015
2665.77723 17.219 0.013
2667.81113 17.181 0.017
2671.72300 17.212 0.016
2673.68642 17.205 0.017
2675.71335 17.228 0.013
2677.74802 17.210 0.015
2679.73873 17.211 0.017
2681.75607 17.200 0.015
2686.56479 17.159 0.016
2690.64303 17.195 0.018
2695.57361 17.249 0.015
2700.52470 17.186 0.017
2712.55909 17.189 0.016
2735.48926 17.210 0.017
2884.85213 17.179 0.014
2890.81992 17.170 0.017
2895.85556 17.210 0.014
2900.81121 17.219 0.013
2906.84218 17.259 0.014
2910.87563 17.205 0.013
2915.87181 17.205 0.013
2921.87412 17.222 0.015
2925.81959 17.207 0.013
2929.86420 17.267 0.015
2933.80112 17.192 0.013
2939.80964 17.209 0.016
2942.78503 17.215 0.013
2946.80546 17.217 0.016
2948.85057 17.200 0.013
2952.78982 17.230 0.016
2955.84684 17.196 0.020
2957.77439 17.201 0.015
2961.75771 17.222 0.014
2963.81598 17.188 0.014
2966.75531 17.227 0.011
2970.76943 17.179 0.012
2974.68407 17.170 0.013
2975.80922 17.182 0.013
2979.84567 17.188 0.013
2983.75366 17.265 0.015
2986.73614 17.181 0.014
2988.70308 17.204 0.014
2990.72774 17.188 0.013
2992.72452 17.192 0.013
2994.81527 17.252 0.013
2996.69078 17.227 0.013
2998.68137 17.188 0.014
3000.69087 17.204 0.013
3002.67862 17.202 0.013
3004.67782 17.193 0.012
3006.62356 17.195 0.012
3010.69811 17.175 0.016
3012.79358 17.267 0.019
3016.71227 17.182 0.015
3018.70212 17.233 0.014
3020.77749 17.205 0.014
3022.80392 17.179 0.014
3024.75257 17.267 0.014
3026.72167 17.198 0.013
3028.75735 17.193 0.011
3030.76235 17.252 0.013
3033.68881 17.176 0.011
3035.69051 17.203 0.013
3038.67415 17.205 0.016
3041.57130 17.190 0.017
3043.60115 17.235 0.016
3045.64016 17.205 0.014
3047.59434 17.164 0.014
3049.60003 17.262 0.013
3050.57063 17.214 0.012
3052.56497 17.155 0.013
3054.56660 17.210 0.013
3056.56578 17.189 0.013
3058.55882 17.195 0.014
3060.57993 17.234 0.013
3067.64162 17.202 0.014
3069.60016 17.185 0.014
3073.51014 17.246 0.018
3075.60287 17.194 0.015
3078.52501 17.190 0.014
3081.67770 17.186 0.013
3084.58994 17.244 0.013
3087.55172 17.183 0.014
3089.65514 17.218 0.015
3092.59315 17.194 0.019
3098.59529 17.216 0.019
3101.55561 17.216 0.018
3104.52703 17.211 0.015
3110.53540 17.209 0.019
3113.51905 17.207 0.017
3125.51654 17.204 0.019
3135.48243 17.203 0.021
3229.89656 17.216 0.013
3239.91042 17.180 0.013
3247.88130 17.245 0.013
3256.85796 17.181 0.013
3268.85013 17.209 0.012
3273.80892 17.202 0.016
3276.89442 17.248 0.015
3281.80461 17.190 0.011
3289.81829 17.280 0.013
3294.81623 17.230 0.011
3296.82162 17.232 0.012
3298.85221 17.193 0.011
3301.67247 17.222 0.017
3303.84156 17.210 0.016
3306.81630 17.221 0.014
3308.83315 17.184 0.015
3310.86546 17.239 0.014
3314.83297 17.213 0.015
3329.80481 17.203 0.011
3334.70094 17.188 0.017
3338.75700 17.208 0.012
3352.64367 17.163 0.012
3355.66553 17.243 0.014
3359.72451 17.191 0.012
3363.70248 17.210 0.014
3369.76939 17.187 0.013
3372.67450 17.191 0.011
3377.70863 17.206 0.015
3386.79126 17.198 0.010
3391.58205 17.263 0.015
3395.63681 17.192 0.015
3398.69364 17.204 0.013
3403.66875 17.226 0.014
3406.60276 17.189 0.011
3410.62036 17.202 0.011
3415.59210 17.200 0.012
3421.58049 17.251 0.013
3428.57948 17.233 0.015
3436.57381 17.176 0.014
3443.51655 17.201 0.015
3452.53640 17.197 0.013
3574.92713 17.198 0.014
3588.91748 17.222 0.013
3590.91936 17.239 0.012
3614.90854 17.248 0.014
3629.80389 17.198 0.014
3634.76201 17.179 0.013
3640.75832 17.180 0.012
3644.90067 17.198 0.017
3650.81034 17.228 0.012
3653.83825 17.226 0.013
3657.78888 17.210 0.013
3661.80058 17.271 0.016
3666.79773 17.224 0.014
3671.79611 17.203 0.012
3675.81053 17.161 0.012
3683.83368 17.203 0.012
3687.69548 17.213 0.013
3689.79908 17.194 0.013
3692.71966 17.199 0.013
3694.85194 17.214 0.012
3696.67242 17.229 0.012
3699.68469 17.200 0.011
3701.73581 17.192 0.012
3704.75719 17.196 0.012
3706.75623 17.189 0.011
3711.64744 17.174 0.012
3713.66103 17.203 0.014
3716.69449 17.178 0.015
3719.67175 17.205 0.014
3725.75511 17.221 0.015
3727.70307 17.221 0.013
3730.63130 17.182 0.010
3733.62006 17.250 0.012
3734.72290 17.204 0.012
3736.74183 17.198 0.012
3738.66378 17.232 0.013
3740.69875 17.202 0.012
3743.66427 17.217 0.013
3746.73822 17.192 0.015
3748.69151 17.174 0.015
3750.58305 17.212 0.015
3752.70435 17.199 0.012
3754.69276 17.193 0.013
3758.71362 17.234 0.015
3762.67174 17.243 0.012
3765.66228 17.160 0.010
3769.73428 17.198 0.011
3772.70243 17.203 0.012
3778.67291 17.189 0.013
3781.73392 17.198 0.015
3786.55702 17.219 0.013
3791.55265 17.214 0.012
3798.55296 17.255 0.013
3805.53818 17.207 0.014
3819.51713 17.174 0.012
3938.93494 17.220 0.017
3961.91187 17.298 0.016
3968.89435 17.228 0.014
3974.87994 17.219 0.015
3981.78737 17.197 0.014
3987.91136 17.176 0.013
3995.81896 17.221 0.012
4002.81834 17.221 0.011
4004.83956 17.230 0.013
4007.77218 17.197 0.011
4011.75290 17.223 0.014
4018.79225 17.213 0.013
4023.78666 17.206 0.011
4026.70261 17.198 0.012
4028.83859 17.217 0.011
4031.72633 17.217 0.013
4037.83526 17.173 0.011
4040.80199 17.202 0.013
4042.81747 17.178 0.012
4046.69226 17.200 0.015
4048.78165 17.200 0.013
4051.77127 17.246 0.015
4053.82255 17.217 0.012
4056.64241 17.222 0.016
4059.65340 17.214 0.013
4064.67608 17.239 0.011
4067.67653 17.212 0.012
4069.66466 17.282 0.013
4072.70181 17.229 0.013
4076.77226 17.174 0.013
4079.64714 17.209 0.013
4082.66778 17.232 0.014
4084.74823 17.202 0.013
4087.66804 17.207 0.011
4093.81639 17.214 0.012
4102.62266 17.199 0.014
4104.79137 17.225 0.016
4109.65264 17.171 0.012
4113.67151 17.197 0.010
4118.57843 17.123 0.016
4120.66456 17.219 0.010
4124.69528 17.213 0.012
4127.64924 17.224 0.011
4132.62724 17.178 0.015
4142.56227 17.205 0.019
4150.53933 17.178 0.013
4154.51775 17.192 0.018
4165.54574 17.234 0.017
4183.50211 17.223 0.017
4341.84888 17.212 0.020
4345.90798 17.254 0.017
4350.88238 17.190 0.015
4355.88996 17.221 0.015
4361.85070 17.216 0.019
4364.85751 17.181 0.015
4367.76999 17.198 0.017
4370.80688 17.202 0.016
4376.84194 17.195 0.017
4379.84828 17.190 0.015
4383.85254 17.174 0.015
4388.79243 17.179 0.015
4392.84668 17.265 0.013
4398.79546 17.235 0.014
4403.73524 17.184 0.016
4410.86233 17.216 0.015
4417.75029 17.214 0.013
4421.72627 17.218 0.013
4421.78217 17.213 0.013
4425.74630 17.188 0.014
4429.71045 17.190 0.017
4431.85028 17.193 0.021
4436.71470 17.185 0.014
4439.72276 17.184 0.016
4442.70008 17.186 0.015
4448.75352 17.190 0.014
4450.76040 17.191 0.016
4453.73604 17.198 0.013
4456.74940 17.207 0.016
4458.69703 17.254 0.015
4461.64710 17.192 0.012
4465.66793 17.206 0.012
4468.69869 17.188 0.011
4473.63501 17.160 0.013
4477.72255 17.201 0.013
4479.74417 17.207 0.013
4483.70407 17.200 0.015
4486.70251 17.196 0.016
4490.70075 17.166 0.015
4493.77158 17.236 0.017
4498.63551 17.209 0.013
4501.62863 17.189 0.013
4505.59917 17.206 0.016
4508.57668 17.204 0.014
4510.65490 17.204 0.014
4516.53559 17.214 0.020
4520.62560 17.189 0.018
4523.60915 17.213 0.015
4530.55256 17.226 0.018
4532.54627 17.201 0.017
4535.60374 17.244 0.017
4538.62430 17.190 0.016
4540.59362 17.237 0.017
4544.55953 17.144 0.016
4546.61151 17.245 0.019
4559.54016 17.222 0.018
4566.56254 17.220 0.014
4574.52097 17.166 0.016
4591.48450 17.181 0.016
4681.91261 17.244 0.014
4691.87813 17.208 0.016
4704.90887 17.238 0.017
4717.87467 17.194 0.011
4722.89427 17.278 0.013
4726.83514 17.162 0.014
4730.85704 17.193 0.012
4747.82818 17.179 0.013
4752.80705 17.223 0.016
4756.79890 17.184 0.014
4759.84601 17.189 0.012
4762.80574 17.191 0.013
4768.78376 17.185 0.013
4771.82564 17.206 0.013
4774.80639 17.172 0.014
4776.86007 17.212 0.016
4780.79310 17.197 0.016
4783.79099 17.196 0.013
4788.71754 17.242 0.015
4791.69395 17.180 0.012
4794.66376 17.228 0.012
4797.68105 17.202 0.014
4800.72713 17.252 0.013
4802.75881 17.179 0.013
4805.72820 17.231 0.012
4807.69078 17.226 0.016
4809.68355 17.173 0.014
4812.67115 17.269 0.017
4814.65915 17.193 0.016
4816.66082 17.189 0.014
4818.68294 17.268 0.014
4820.68989 17.160 0.011
4823.70303 17.213 0.013
4825.78230 17.187 0.015
4831.82424 17.208 0.015
4834.75745 17.204 0.016
4836.75981 17.190 0.013
4838.71038 17.196 0.013
4841.72699 17.247 0.014
4843.72627 17.198 0.015
4846.69221 17.236 0.014
4848.71810 17.187 0.013
4850.71020 17.195 0.013
4852.70440 17.197 0.013
4854.70777 17.192 0.014
4856.70395 17.200 0.015
4865.72321 17.248 0.014
4867.65947 17.205 0.013
4870.64496 17.194 0.014
4873.66743 17.186 0.014
4875.62543 17.196 0.014
4877.65078 17.273 0.013
4879.57924 17.182 0.013
4882.67236 17.191 0.013
4884.52218 17.226 0.017
4884.60990 17.189 0.013
4884.65813 17.203 0.016
4885.52304 17.198 0.015
4885.61472 17.203 0.013
4885.65517 17.193 0.013
4886.52185 17.194 0.013
4886.61977 17.171 0.013
4886.66446 17.194 0.012
4886.69604 17.218 0.013
4887.52144 17.193 0.013
4887.58855 17.183 0.011
4887.64625 17.173 0.012
4887.65382 17.161 0.009
4888.51857 17.219 0.016
4888.59044 17.197 0.011
4888.63437 17.212 0.012
4889.52339 17.182 0.016
4889.58817 17.226 0.014
4889.65377 17.246 0.014
4890.51627 17.223 0.014
4890.62455 17.223 0.012
4890.66511 17.196 0.013
4891.53292 17.173 0.014
4891.59398 17.184 0.013
4891.65407 17.191 0.012
4892.52085 17.194 0.014
4892.59306 17.191 0.013
4892.66164 17.171 0.013
4893.53533 17.196 0.014
4893.59979 17.189 0.015
4894.55377 17.184 0.014
4894.61881 17.220 0.015
4894.65032 17.216 0.014
4895.51920 17.216 0.015
4895.60235 17.273 0.014
4895.66405 17.247 0.014
4896.50765 17.225 0.012
4896.57507 17.185 0.012
4897.50946 17.150 0.014
4897.56614 17.200 0.014
4897.61463 17.175 0.014
4898.53129 17.171 0.016
4898.58348 17.186 0.015
4899.51011 17.162 0.015
4899.60640 17.197 0.015
4900.50894 17.232 0.018
4900.55003 17.192 0.017
4900.59417 17.207 0.015
4901.51150 17.231 0.020
4901.64944 17.281 0.020
4902.55457 17.231 0.020
4903.50684 17.176 0.017
4904.51543 17.167 0.016
4904.57109 17.195 0.016
4904.64520 17.218 0.016
4905.50033 17.168 0.018
4907.56199 17.255 0.017
4908.49878 17.237 0.015
4908.59700 17.182 0.013
4909.59620 17.210 0.013
4911.55889 17.190 0.016
4913.49803 17.210 0.016
4914.55151 17.194 0.015
4916.50936 17.201 0.015
4916.54198 17.169 0.013
4917.49430 17.207 0.014
4918.49430 17.202 0.015
4919.49373 17.262 0.014
4920.53251 17.196 0.014
4920.57286 17.205 0.013
4921.49205 17.221 0.015
4924.49084 17.202 0.014
4925.48946 17.265 0.016
4926.52968 17.236 0.019
4928.51671 17.161 0.014
4931.51201 17.254 0.017
4931.56649 17.278 0.017
4934.48890 17.156 0.014
4935.53317 17.166 0.014
4937.48366 17.252 0.012
4939.54012 17.186 0.013
4940.49709 17.160 0.012
4943.47743 17.243 0.016
4946.49959 17.217 0.016
4948.51663 17.239 0.015
4949.49193 17.245 0.014
4955.49984 17.261 0.014
