2166.81545 19.737 0.113
2172.86425 19.563 0.087
2183.87557 19.696 0.151
2189.82153 19.608 0.147
2191.85072 19.707 0.083
2212.77181 19.876 0.131
2217.75676 19.841 0.166
2223.77700 19.691 0.100
2226.75187 19.810 0.119
2228.79540 19.729 0.115
2232.72905 19.719 0.087
2234.72281 19.979 0.137
2238.67367 19.550 0.100
2240.80258 20.004 0.151
2242.80837 19.865 0.188
2244.85501 19.701 0.170
2249.73544 19.588 0.089
2251.77027 19.683 0.092
2253.72017 19.634 0.068
2255.84426 19.686 0.111
2258.65121 19.617 0.087
2261.63679 19.520 0.089
2265.67896 19.437 0.083
2271.65194 20.119 0.157
2273.64763 19.536 0.108
2275.75789 19.886 0.150
2277.75269 19.481 0.077
2279.75778 19.520 0.077
2281.77165 19.662 0.087
2283.77476 19.788 0.084
2289.70391 19.392 0.079
2291.71132 19.698 0.148
2293.68344 19.726 0.106
2295.71019 19.672 0.081
2297.70106 19.704 0.126
2299.69983 19.799 0.113
2302.57015 19.838 0.137
2317.62017 19.623 0.090
2326.53805 19.584 0.102
2331.57321 19.715 0.126
2338.50568 19.934 0.270
2344.49848 19.585 0.157
2354.50022 19.643 0.169
2368.48422 20.074 0.243
2401.48611 19.719 0.154
2520.89513 19.537 0.116
2521.87446 19.601 0.092
2539.80385 19.652 0.141
2542.79626 19.656 0.116
2545.77795 19.878 0.160
2551.84151 19.703 0.100
2555.86557 19.611 0.116
2563.82469 19.704 0.129
2577.81548 19.647 0.113
2580.84493 19.546 0.079
2589.75087 19.989 0.148
2594.76572 19.652 0.198
2599.81142 19.590 0.096
2607.81173 19.454 0.092
2609.61583 19.942 0.186
2613.71555 19.559 0.134
2617.78024 19.441 0.106
2620.74832 19.603 0.077
2623.69266 19.520 0.096
2627.58884 19.734 0.154
2629.61447 19.642 0.108
2634.65859 19.691 0.096
2637.68460 19.666 0.095
2639.79942 19.683 0.071
2641.62205 19.611 0.092
2643.63307 19.645 0.086
2645.62580 19.471 0.083
2646.65320 19.598 0.099
2650.70873 19.730 0.131
2652.69558 19.613 0.112
2654.80424 19.551 0.112
2657.71878 19.600 0.119
2659.68774 19.869 0.122
2661.78747 19.422 0.095
2665.75739 20.079 0.153
2667.77755 19.689 0.111
2671.70312 19.449 0.129
2673.66566 19.723 0.099
2677.72814 19.708 0.106
2679.71885 19.715 0.150
2681.73460 19.650 0.122
2686.54325 19.422 0.145
2690.62151 19.842 0.148
2695.55206 19.518 0.103
2700.50309 19.411 0.260
2705.57499 19.582 0.086
2712.53741 19.882 0.164
2734.48707 19.940 0.240
2869.86908 19.497 0.115
2883.91834 19.679 0.109
2890.79822 19.809 0.182
2895.83398 19.974 0.157
2900.78961 19.853 0.099
2906.82063 20.000 0.115
2910.85407 19.529 0.073
2915.85034 19.646 0.073
2921.85260 19.484 0.083
2925.79812 19.633 0.100
2929.83307 19.759 0.105
2933.77968 19.815 0.087
2939.78824 19.607 0.122
2942.76365 19.615 0.086
2946.78409 19.575 0.095
2948.82922 19.682 0.093
2952.76844 19.533 0.099
2955.82553 19.845 0.158
2957.75311 19.680 0.105
2961.73643 19.513 0.084
2963.79467 19.717 0.135
2966.73411 19.624 0.074
2970.66068 19.998 0.124
2974.66281 19.536 0.083
2975.78800 19.619 0.084
2979.82445 19.708 0.103
2981.83171 19.402 0.151
2983.73249 19.524 0.089
2986.71495 19.485 0.079
2988.68179 19.660 0.089
2990.70236 19.645 0.074
2992.70327 20.036 0.113
2994.79403 19.530 0.073
2996.66953 19.548 0.067
2998.65284 19.747 0.113
3000.66963 19.624 0.096
3002.65680 19.772 0.089
3004.65659 19.593 0.081
3006.60229 19.503 0.071
3008.66534 20.212 0.289
3010.67684 19.552 0.109
3012.77229 19.540 0.154
3016.69099 19.554 0.086
3018.68087 19.600 0.099
3020.75617 20.083 0.179
3022.78266 19.416 0.070
3024.73121 19.675 0.083
3026.70025 19.646 0.083
3028.73602 19.535 0.061
3030.74098 19.642 0.084
3033.66296 19.706 0.067
3035.66912 19.876 0.119
3038.65278 19.734 0.132
3041.54995 19.659 0.119
3043.57972 19.438 0.115
3045.61872 19.502 0.084
3047.57293 19.611 0.102
3049.57862 19.752 0.095
3050.54925 19.547 0.074
3052.54352 19.616 0.099
3054.54513 19.652 0.105
3056.54427 20.229 0.137
3058.53731 19.608 0.105
3060.55846 19.569 0.090
3062.60576 19.674 0.106
3067.59379 19.940 0.173
3069.57861 19.737 0.115
3072.62673 19.627 0.144
3075.58130 19.654 0.112
3077.66416 19.400 0.097
3081.65609 19.634 0.093
3084.56434 19.591 0.079
3087.52832 19.635 0.111
3089.63185 19.495 0.083
3098.57355 19.699 0.121
3101.53385 19.619 0.134
3104.50529 19.695 0.119
3110.51360 20.053 0.209
3113.49728 19.508 0.135
3125.49466 19.630 0.141
3135.46059 19.483 0.164
3229.87474 19.491 0.079
3239.88876 19.487 0.096
3247.85965 19.701 0.106
3256.83110 19.427 0.096
3262.90682 19.714 0.115
3268.82857 19.506 0.067
3273.78742 19.776 0.141
3276.87297 19.531 0.102
3281.78318 19.595 0.071
3283.88295 19.984 0.103
3289.79687 19.586 0.074
3294.79483 19.628 0.087
3296.80023 19.401 0.052
3298.83077 19.552 0.076
3301.65111 19.497 0.106
3303.80255 19.622 0.135
3306.79499 19.523 0.096
3310.84413 20.250 0.170
3314.81166 19.537 0.103
3321.69044 19.457 0.071
3325.74834 20.094 0.141
3329.78361 19.700 0.064
3334.67970 19.544 0.106
3338.73574 19.515 0.077
3349.70792 19.547 0.079
3352.62241 19.912 0.134
3355.64431 19.714 0.121
3359.70108 19.793 0.097
3363.68118 20.382 0.201
3369.73783 19.797 0.129
3372.65321 19.692 0.076
3377.68736 19.757 0.090
3381.79307 19.478 0.074
3386.76997 19.724 0.066
3391.56073 19.530 0.118
3395.61167 19.912 0.122
3398.67228 19.466 0.093
3400.65868 19.528 0.113
3403.64738 19.773 0.106
3406.58137 19.778 0.080
3410.59918 19.537 0.066
3415.55474 19.340 0.076
3421.54360 19.902 0.163
3428.54930 19.624 0.086
3436.55244 19.725 0.087
3442.53171 19.335 0.090
3452.51492 19.564 0.080
3574.90548 19.244 0.083
3585.92829 19.746 0.095
3588.89582 19.433 0.093
3590.89773 19.367 0.061
3614.88706 19.589 0.095
3629.78248 19.820 0.148
3634.74066 19.750 0.112
3640.73596 19.735 0.092
3644.87930 19.645 0.095
3650.78907 19.577 0.073
3653.81700 19.623 0.089
3656.87296 19.554 0.073
3661.77940 19.590 0.103
3666.77659 19.567 0.096
3671.77500 19.524 0.087
3675.78942 19.955 0.105
3683.81255 19.502 0.061
3686.86020 19.678 0.081
3689.77805 19.682 0.087
3692.69858 19.706 0.092
3694.83082 19.557 0.074
3696.65139 19.717 0.086
3699.66365 19.562 0.067
3701.71479 19.660 0.074
3704.73606 19.492 0.063
3706.73461 19.483 0.063
3711.62638 19.574 0.086
3713.63999 19.430 0.070
3716.67347 19.682 0.122
3719.65072 19.665 0.112
3725.73406 19.458 0.102
3727.68198 19.495 0.089
3730.61030 19.609 0.058
3733.59900 20.078 0.103
3734.70181 20.014 0.099
3736.72078 19.483 0.063
3738.64269 19.638 0.077
3740.67775 19.642 0.071
3743.64320 19.541 0.080
3746.71051 19.453 0.122
3748.66970 19.687 0.128
3750.56200 19.361 0.105
3752.68320 19.745 0.084
3754.67104 19.597 0.092
3756.76639 19.471 0.156
3758.69245 19.709 0.150
3760.77413 19.477 0.106
3762.65053 19.489 0.067
3765.64116 19.494 0.048
3769.71305 19.428 0.052
3772.68124 19.987 0.118
3775.65266 19.491 0.118
3778.65167 19.524 0.089
3781.71271 20.017 0.183
3786.53572 19.704 0.100
3791.53130 19.612 0.084
3798.53164 20.082 0.157
3805.51679 19.446 0.105
3819.49562 19.687 0.105
3937.93578 19.977 0.158
3961.89056 19.449 0.126
3968.87311 19.576 0.099
3981.76622 19.716 0.103
3987.89023 19.948 0.128
3995.79785 19.499 0.090
4002.79732 19.582 0.067
4004.81846 19.461 0.067
4007.75116 19.828 0.084
4011.73184 19.592 0.081
4018.77129 19.499 0.093
4023.76569 19.467 0.067
4026.68168 19.379 0.080
4028.81770 19.681 0.086
4031.70544 19.601 0.087
4037.80582 19.636 0.086
4040.78111 19.883 0.105
4042.79660 19.510 0.074
4046.67141 19.347 0.103
4048.76077 19.714 0.100
4051.75040 20.010 0.163
4053.80174 19.570 0.073
4056.62159 19.891 0.158
4059.63262 19.790 0.111
4064.65528 19.564 0.070
4067.65579 19.620 0.084
4069.64387 19.495 0.080
4072.68107 19.604 0.105
4076.75146 19.263 0.083
4079.62641 19.638 0.097
4082.64705 19.805 0.125
4084.72752 19.831 0.129
4087.64724 19.748 0.079
4093.79559 19.524 0.084
4102.60184 19.795 0.113
4104.77052 19.798 0.138
4109.62734 19.736 0.106
4113.65063 19.659 0.068
4118.55762 19.553 0.103
4120.64359 19.578 0.058
4123.71775 19.824 0.093
4124.67442 19.573 0.076
4127.62831 19.601 0.058
4132.60631 20.351 0.228
4142.54118 19.772 0.126
4150.51827 19.524 0.111
4153.59282 19.838 0.111
4165.51504 19.504 0.148
4180.51303 19.718 0.154
4341.82757 20.127 0.196
4345.88675 19.623 0.112
4350.86123 20.013 0.166
4355.86880 19.504 0.106
4361.82962 19.597 0.131
4364.83644 19.884 0.177
4367.74892 19.600 0.131
4370.78580 19.558 0.126
4376.82096 19.500 0.096
4379.82727 19.966 0.135
4383.83154 19.501 0.087
4388.77143 19.466 0.099
4392.82567 19.587 0.071
4397.87467 19.527 0.115
4403.71434 19.648 0.118
4410.84156 19.680 0.097
4417.72949 19.794 0.086
4421.70543 19.550 0.071
4421.76137 19.615 0.068
4425.72548 19.621 0.115
4429.68968 19.564 0.121
4431.82948 19.674 0.177
4435.84829 19.869 0.150
4439.70199 19.629 0.106
4442.67923 19.655 0.113
4448.72830 19.504 0.113
4450.73961 19.675 0.128
4453.71520 19.615 0.084
4456.72860 19.512 0.103
4458.67620 19.678 0.126
4461.62633 19.513 0.077
4465.64711 19.992 0.108
4468.67787 19.559 0.063
4473.61419 19.647 0.092
4477.70167 19.633 0.100
4479.72326 19.667 0.095
4483.68316 19.579 0.100
4486.68164 19.594 0.113
4490.67989 19.534 0.115
4493.75064 19.912 0.180
4498.61580 19.645 0.090
4501.60885 19.627 0.095
4503.60533 19.929 0.144
4508.55263 19.697 0.115
4510.63384 19.864 0.124
4516.51453 19.703 0.251
4520.60456 19.608 0.125
4523.58806 19.658 0.093
4530.53146 19.495 0.111
4532.50349 19.560 0.163
4535.56179 20.270 0.218
4538.60317 19.464 0.124
4540.57241 19.769 0.151
4544.53829 19.685 0.142
4546.59030 19.885 0.208
4559.51891 19.780 0.154
4566.54123 19.642 0.108
4574.49962 19.409 0.113
4591.46305 19.317 0.116
4677.93614 19.599 0.077
4681.89123 19.353 0.076
4691.85680 19.870 0.180
4704.88760 19.492 0.103
4717.84904 19.611 0.077
4722.87314 19.638 0.090
4726.81402 19.562 0.108
4730.83591 19.619 0.077
4747.80717 19.718 0.090
4750.88050 19.565 0.083
4756.77793 19.509 0.096
4759.82511 19.583 0.070
4762.78481 19.681 0.095
4768.76287 19.774 0.108
4771.80480 19.619 0.081
4774.78553 19.552 0.079
4776.83923 19.588 0.140
4780.77223 19.480 0.097
4783.77017 19.809 0.103
4788.69666 19.561 0.109
4790.86031 19.630 0.103
4794.64294 19.541 0.092
4797.66024 19.523 0.089
4800.70635 19.637 0.080
4802.73806 19.515 0.086
4805.70738 19.689 0.087
4807.66994 19.489 0.102
4809.66272 19.807 0.099
4812.65032 19.463 0.135
4814.63835 20.200 0.206
4816.64004 19.654 0.108
4818.66219 19.540 0.092
4820.66910 19.804 0.079
4823.67267 19.574 0.111
4825.76149 19.626 0.113
4831.80688 19.624 0.109
4834.73658 19.639 0.112
4836.73901 19.642 0.083
4838.68958 19.678 0.106
4841.70610 19.502 0.112
4843.70545 19.755 0.151
4846.67136 19.641 0.084
4848.69720 19.485 0.086
4850.68926 19.770 0.105
4852.68352 19.556 0.092
4854.68636 19.686 0.093
4856.68299 19.759 0.099
4859.65557 19.808 0.121
4865.70223 19.461 0.087
4867.63852 19.590 0.079
4870.62397 19.594 0.095
4873.64644 19.401 0.084
4875.60440 19.560 0.090
4877.62978 19.467 0.087
4879.55821 19.762 0.109
4882.65130 19.799 0.135
4884.58879 19.869 0.135
4887.62516 19.756 0.099
4901.62829 20.390 0.317
4908.57578 19.503 0.096
4916.52077 19.547 0.109
4920.55285 19.849 0.150
4926.50961 19.563 0.147
4931.54643 19.875 0.192
4935.51305 19.512 0.106
4939.52002 19.881 0.154
4943.51967 19.551 0.135
4948.49643 20.126 0.254
4955.48293 19.719 0.129
