2167.90108 19.427 0.090
2193.82309 19.587 0.070
2202.82241 19.471 0.069
2215.77561 19.420 0.084
2221.85379 19.696 0.118
2224.82369 19.337 0.067
2227.73453 19.464 0.082
2229.74028 19.555 0.103
2231.70854 19.572 0.096
2233.67681 19.518 0.078
2237.59622 19.482 0.130
2239.65721 19.456 0.083
2241.74887 19.413 0.077
2243.81388 19.373 0.081
2248.67588 19.276 0.062
2250.76485 19.431 0.082
2252.73422 19.490 0.070
2254.72529 19.661 0.071
2257.72928 19.352 0.061
2260.75100 19.403 0.078
2265.78362 19.323 0.065
2266.77420 19.225 0.063
2270.80023 19.400 0.062
2272.64978 19.442 0.080
2274.77714 19.615 0.110
2276.83509 19.398 0.074
2278.79193 19.289 0.090
2280.77468 19.312 0.059
2282.77189 19.469 0.064
2289.83436 19.427 0.063
2291.82040 19.491 0.085
2293.78929 19.376 0.099
2295.81315 19.459 0.066
2297.79924 19.521 0.081
2300.82427 19.567 0.119
2302.78550 19.495 0.104
2315.70929 19.614 0.100
2324.57523 19.420 0.072
2328.55708 19.463 0.111
2334.55029 19.418 0.083
2340.54699 19.472 0.076
2373.49955 19.390 0.121
2385.56269 19.434 0.108
2534.89515 19.277 0.079
2539.90231 19.485 0.106
2545.86991 19.372 0.078
2557.83031 19.443 0.091
2561.82837 19.549 0.087
2565.83019 19.556 0.116
2574.79240 19.588 0.104
2578.84882 19.526 0.087
2584.74459 19.332 0.096
2590.82179 19.423 0.078
2596.82825 19.467 0.100
2606.72474 19.380 0.062
2609.83333 19.587 0.135
2610.63969 19.531 0.098
2610.74518 19.446 0.111
2610.85146 19.317 0.107
2611.65170 19.555 0.108
2611.72205 19.861 0.181
2613.63289 18.801 0.069
2613.71069 19.656 0.128
2614.68088 19.446 0.103
2614.76429 19.521 0.105
2614.85585 19.472 0.093
2615.66494 19.432 0.089
2615.78707 19.269 0.062
2615.84479 19.626 0.124
2617.74804 19.399 0.089
2617.85648 19.489 0.123
2618.67021 19.415 0.079
2618.76381 19.365 0.073
2619.62691 19.357 0.080
2619.73369 19.442 0.062
2619.85803 19.435 0.103
2620.65685 19.375 0.085
2620.74201 19.457 0.063
2621.69107 19.409 0.056
2621.76654 19.420 0.069
2621.85971 19.433 0.090
2622.65679 19.523 0.101
2622.73821 19.401 0.081
2622.85914 19.565 0.094
2623.65554 19.530 0.099
2623.74363 19.433 0.070
2623.85493 19.536 0.080
2624.68609 19.543 0.085
2624.75722 19.487 0.077
2624.85200 19.409 0.083
2625.67111 19.313 0.063
2625.72298 19.432 0.068
2626.63994 19.697 0.119
2627.74774 19.457 0.118
2627.79211 19.525 0.117
2627.82161 19.556 0.110
2628.66452 19.560 0.107
2628.74159 19.315 0.105
2628.80865 19.441 0.085
2629.66026 19.459 0.096
2629.76859 19.311 0.081
2629.81894 19.501 0.101
2629.84837 19.459 0.097
2630.64809 19.375 0.084
2630.72764 19.475 0.094
2630.80799 19.222 0.106
2631.65960 19.348 0.090
2631.74237 19.640 0.136
2631.85171 19.403 0.100
2632.61556 19.421 0.063
2632.71305 19.375 0.061
2632.74233 19.485 0.064
2632.82287 19.514 0.080
2634.61436 19.465 0.068
2634.70439 19.372 0.071
2634.83832 19.475 0.101
2635.66456 19.448 0.064
2635.74188 19.384 0.063
2635.81354 19.390 0.079
2635.84482 19.287 0.075
2636.69245 19.570 0.072
2636.77282 19.342 0.089
2636.85252 19.369 0.084
2637.65448 19.508 0.087
2637.83618 19.481 0.064
2638.63576 19.393 0.069
2638.73670 19.245 0.078
2638.80674 19.343 0.087
2638.83615 19.399 0.096
2639.60885 19.439 0.059
2639.84521 19.456 0.062
2640.61783 19.434 0.079
2640.75977 19.435 0.073
2641.61790 19.383 0.078
2641.75432 19.293 0.063
2641.77492 19.435 0.073
2641.86517 19.608 0.131
2642.61605 19.488 0.079
2642.71783 19.456 0.095
2643.62297 19.425 0.058
2643.76663 19.374 0.061
2644.60561 19.544 0.088
2644.72034 19.312 0.071
2645.75626 19.526 0.078
2645.77687 19.496 0.071
2645.86266 19.537 0.150
2646.62505 19.368 0.076
2646.75052 19.343 0.063
2647.62549 19.450 0.075
2647.70588 19.592 0.081
2647.73532 19.399 0.080
2649.62265 19.400 0.067
2649.71513 19.355 0.052
2650.64283 19.832 0.081
2650.70440 19.680 0.112
2650.81835 19.460 0.072
2651.63887 19.395 0.077
2651.73467 19.499 0.075
2652.60385 19.524 0.074
2652.68280 19.394 0.093
2652.78438 19.504 0.084
2653.61169 19.551 0.092
2653.65973 19.370 0.080
2653.78851 19.592 0.134
2654.63034 19.402 0.093
2654.70737 19.509 0.096
2654.84798 19.447 0.078
2655.61597 19.862 0.119
2655.71644 19.903 0.120
2655.81954 19.470 0.087
2656.62746 19.325 0.074
2656.77647 19.576 0.128
2656.87372 19.269 0.110
2657.62983 19.462 0.088
2657.65126 19.361 0.076
2657.87017 19.520 0.138
2658.59135 19.589 0.120
2658.69091 19.368 0.103
2658.77193 19.389 0.118
2659.64988 19.413 0.078
2659.78457 19.647 0.181
2659.80505 19.533 0.123
2660.60411 19.555 0.087
2660.71532 19.796 0.105
2661.60916 19.435 0.055
2661.66296 19.300 0.058
2662.64787 19.268 0.087
2662.72217 19.322 0.080
2662.78349 19.460 0.098
2663.66250 19.524 0.086
2664.71539 19.320 0.103
2664.73676 19.195 0.102
2665.70616 19.553 0.064
2665.83004 19.970 0.148
2666.65231 19.427 0.063
2666.77012 19.387 0.059
2666.79059 19.447 0.067
2666.83614 19.477 0.104
2667.68726 19.326 0.070
2667.84797 19.369 0.108
2668.76164 19.485 0.087
2668.78213 19.532 0.102
2671.69723 19.525 0.113
2672.67438 19.414 0.108
2672.77840 19.353 0.071
2673.81997 19.438 0.107
2674.67925 19.477 0.088
2674.80137 19.408 0.083
2675.66194 19.557 0.103
2675.76482 19.348 0.059
2675.80917 19.623 0.082
2676.66406 19.346 0.085
2676.74738 19.398 0.079
2677.66475 19.569 0.121
2677.72346 19.556 0.078
2677.79618 19.488 0.107
2678.63925 19.423 0.068
2678.76950 19.339 0.064
2679.65880 19.384 0.098
2679.79425 19.413 0.093
2679.81484 19.261 0.094
2680.78032 19.417 0.066
2681.61903 19.470 0.095
2681.73057 19.270 0.076
2682.59646 19.424 0.086
2683.63158 19.531 0.103
2687.63665 19.427 0.099
2692.57946 19.619 0.103
2697.52585 19.393 0.080
2702.52465 19.320 0.105
2708.55345 19.515 0.094
2724.52332 19.453 0.070
2871.91478 19.406 0.083
2884.87440 19.333 0.073
2890.89640 19.469 0.137
2896.84907 19.590 0.105
2902.78371 19.495 0.065
2911.89223 19.492 0.064
2917.79576 19.400 0.063
2923.79792 19.344 0.076
2926.85100 19.429 0.072
2931.77947 19.273 0.058
2934.81987 19.671 0.088
2940.80027 19.319 0.060
2943.80445 19.437 0.065
2947.81297 19.439 0.059
2950.72693 19.401 0.083
2954.75018 19.438 0.090
2956.79573 19.478 0.072
2958.84034 19.369 0.106
2962.83459 19.416 0.061
2965.84376 19.465 0.067
2967.78353 19.526 0.083
2970.83751 19.359 0.056
2974.77552 19.420 0.061
2976.66501 19.358 0.074
2979.64844 19.537 0.098
2983.77657 19.398 0.080
2985.82431 19.508 0.074
2987.72307 19.536 0.095
2989.66575 19.290 0.052
2991.73800 19.444 0.073
2993.74569 19.459 0.076
2995.82092 19.923 0.095
2997.78985 19.484 0.074
2998.73736 19.439 0.067
3000.73986 19.497 0.099
3002.73769 19.320 0.061
3004.73066 19.454 0.061
3006.72363 19.405 0.060
3008.73809 19.338 0.074
3010.78452 19.493 0.076
3011.80086 19.298 0.081
3016.73449 19.287 0.053
3018.76491 19.362 0.066
3020.82864 19.461 0.078
3021.85362 19.531 0.098
3023.71458 19.473 0.068
3025.68622 19.373 0.045
3027.73167 19.493 0.060
3029.71651 19.402 0.061
3031.78690 19.434 0.088
3034.61823 19.408 0.048
3036.64860 19.479 0.067
3039.59051 19.447 0.079
3042.69804 19.428 0.090
3044.63748 19.380 0.076
3046.62345 20.055 0.146
3047.72580 19.378 0.082
3048.65689 19.446 0.061
3049.68044 19.452 0.051
3051.64979 19.798 0.105
3053.62503 19.415 0.049
3055.64204 19.464 0.074
3057.66719 19.314 0.055
3059.61180 19.536 0.073
3061.60410 19.472 0.087
3066.57370 19.249 0.086
3068.60155 19.324 0.093
3070.67189 19.397 0.124
3073.69020 19.446 0.095
3076.61394 19.456 0.112
3079.59379 19.454 0.059
3082.68296 19.509 0.060
3085.58275 19.387 0.068
3088.54303 19.532 0.087
3091.52592 19.377 0.085
3096.57443 19.572 0.138
3100.50543 19.554 0.131
3103.52368 19.427 0.075
3106.54495 19.359 0.068
3109.53056 19.457 0.067
3112.58602 19.897 0.128
3116.56408 19.416 0.106
3127.56127 19.552 0.084
3133.52177 19.605 0.137
3223.92000 19.418 0.097
3249.91825 19.471 0.103
3258.90558 19.475 0.079
3264.87180 19.796 0.070
3271.81954 19.625 0.124
3274.82355 19.471 0.095
3278.89649 19.342 0.081
3282.80314 19.479 0.064
3287.82764 19.585 0.059
3295.78539 19.412 0.053
3301.83892 19.671 0.101
3305.74792 19.591 0.079
3307.77279 19.540 0.135
3309.80920 19.475 0.060
3311.80281 19.373 0.068
3320.86625 19.606 0.127
3327.81866 19.551 0.060
3330.79472 19.583 0.095
3336.64714 19.322 0.076
3339.82561 19.290 0.081
3350.76312 19.639 0.061
3353.81930 19.458 0.057
3357.76000 19.506 0.069
3360.73671 19.553 0.061
3365.85615 19.430 0.073
3373.82023 19.340 0.091
3378.74702 19.569 0.083
3394.63016 19.400 0.087
3395.80297 19.397 0.087
3399.78390 19.489 0.105
3403.77101 19.242 0.064
3408.69420 19.450 0.061
3413.54039 19.441 0.079
3417.63427 19.389 0.083
3427.57030 19.648 0.108
3434.52214 19.519 0.074
3440.54630 19.368 0.073
3447.51554 19.481 0.090
3456.54111 19.403 0.096
3469.49599 19.424 0.061
3478.48852 19.517 0.083
3601.89896 19.426 0.077
3619.90165 19.562 0.075
3630.78305 19.774 0.162
3636.84048 19.504 0.102
3640.79039 19.423 0.059
3651.82421 19.308 0.067
3654.87041 19.458 0.059
3658.83412 19.415 0.080
3665.85305 19.410 0.070
3670.82264 19.526 0.080
3673.83292 19.405 0.048
3676.83307 19.473 0.067
3685.77241 19.408 0.061
3687.85914 19.362 0.061
3690.78111 19.641 0.095
3693.81671 19.793 0.103
3695.84783 19.450 0.064
3698.83748 19.571 0.085
3701.70640 19.576 0.067
3703.79021 19.378 0.057
3705.85441 19.371 0.059
3708.84211 19.358 0.069
3712.79968 19.453 0.061
3715.76535 19.374 0.059
3718.70118 19.394 0.076
3720.85096 19.305 0.075
3724.76854 19.392 0.052
3728.74656 19.342 0.057
3731.80968 19.435 0.050
3733.67239 19.380 0.047
3735.66026 19.308 0.041
3737.81878 19.287 0.042
3740.78215 19.298 0.051
3742.79266 19.815 0.175
3745.82470 19.516 0.070
3747.82747 19.321 0.107
3749.77475 19.313 0.108
3751.78863 19.599 0.105
3753.73800 19.300 0.061
3755.73806 19.416 0.076
3757.72780 19.392 0.061
3759.81810 19.601 0.080
3763.69016 19.235 0.035
3766.70673 19.592 0.084
3770.73431 19.453 0.086
3773.76552 19.354 0.081
3776.73988 19.719 0.118
3783.60717 19.364 0.059
3788.58139 19.376 0.053
3793.58694 19.401 0.058
3801.52272 19.263 0.055
3811.51346 19.590 0.094
3826.49846 19.498 0.080
3958.89240 19.304 0.111
3965.85830 19.472 0.055
3970.87838 19.475 0.070
3982.82915 19.378 0.072
3999.87334 19.416 0.069
4003.74924 19.469 0.056
4006.77038 19.355 0.050
4008.79127 19.340 0.058
4013.80289 19.477 0.102
4019.80404 19.282 0.060
4024.79708 19.455 0.064
4026.86607 19.556 0.072
4029.81042 19.418 0.067
4032.84699 19.447 0.082
4039.67923 19.580 0.080
4041.75294 20.107 0.136
4043.75795 19.530 0.094
4046.85109 19.828 0.128
4049.72122 19.328 0.052
4052.78255 19.380 0.051
4056.82785 19.872 0.102
4059.72261 19.631 0.089
4064.79285 19.501 0.051
4066.79020 19.486 0.074
4069.74331 19.347 0.064
4071.67127 19.507 0.086
4076.74345 19.476 0.096
4079.78495 19.733 0.125
4082.83283 19.372 0.066
4084.79809 19.557 0.104
4086.82316 19.541 0.096
4103.65879 19.516 0.079
4106.57960 19.249 0.076
4111.80195 19.289 0.053
4117.74253 19.444 0.100
4121.72049 19.363 0.112
4127.67117 19.439 0.054
4132.76010 19.564 0.105
4143.54738 19.496 0.067
4157.54611 19.489 0.087
4169.50331 19.382 0.083
4198.53307 19.466 0.080
4343.86596 19.487 0.086
4348.83483 19.489 0.074
4353.86617 19.494 0.083
4358.81818 19.420 0.092
4364.90454 19.303 0.093
4367.87837 19.360 0.067
4370.90006 19.378 0.125
4373.85604 19.478 0.070
4378.75945 19.509 0.093
4381.74764 19.832 0.147
4386.86550 19.820 0.105
4390.82748 19.381 0.064
4394.87412 19.514 0.076
4399.80181 19.489 0.097
4408.70679 19.406 0.094
4412.78918 19.562 0.086
4423.73953 19.369 0.069
4427.74160 19.636 0.091
4430.74489 19.254 0.090
4433.76248 19.390 0.071
4437.76042 19.876 0.145
4440.70465 19.434 0.076
4443.79712 19.315 0.075
4449.76805 19.374 0.073
4451.80369 19.341 0.079
4455.76904 19.486 0.087
4457.80029 19.383 0.093
4459.76751 19.423 0.072
4463.76423 19.304 0.053
4465.78099 19.465 0.067
4468.74523 19.456 0.061
4470.70077 19.452 0.073
4473.74395 19.469 0.098
4476.76493 19.405 0.062
4482.80582 19.465 0.094
4485.79615 19.310 0.093
4490.64339 19.390 0.083
4494.70944 19.456 0.087
4498.73356 19.716 0.091
4501.73092 19.469 0.089
4506.66493 19.583 0.098
4508.69179 19.734 0.110
4509.75588 19.507 0.077
4512.72570 19.391 0.072
4518.66590 19.450 0.132
4521.70646 19.428 0.085
4523.68550 19.396 0.107
4525.65009 19.356 0.068
4531.63381 19.521 0.073
4534.56270 19.646 0.116
4537.67848 19.474 0.073
4539.59775 19.678 0.103
4542.51515 19.340 0.096
4545.61250 19.407 0.083
4547.58055 19.584 0.104
4552.61375 19.337 0.082
4559.59795 19.875 0.118
4568.56614 19.550 0.089
4575.54310 19.292 0.081
4589.50540 19.453 0.116
4616.47730 19.386 0.109
4685.89588 19.624 0.088
4699.85906 19.499 0.086
4708.91837 19.351 0.074
4720.85665 19.299 0.052
4725.79714 19.410 0.080
4728.90832 19.499 0.108
4734.87117 19.362 0.089
4741.81824 19.473 0.063
4743.85566 19.331 0.054
4747.76466 19.478 0.071
4748.88448 19.324 0.057
4749.75408 19.434 0.081
4753.83408 19.340 0.082
4757.83698 19.237 0.070
4760.85920 19.378 0.061
4765.87183 19.413 0.093
4769.76788 19.397 0.082
4772.79996 19.982 0.173
4775.81761 19.443 0.077
4777.83108 19.810 0.104
4782.68103 19.356 0.079
4784.78108 19.307 0.076
4789.68988 19.479 0.066
4793.69615 19.247 0.073
4796.74276 19.335 0.054
4798.69004 19.567 0.104
4801.65591 19.546 0.081
4803.70146 19.558 0.092
4805.80184 19.500 0.065
4808.73634 19.480 0.083
4810.79638 19.565 0.060
4813.77720 19.512 0.131
4815.76095 19.444 0.096
4817.75845 19.332 0.064
4819.76751 19.359 0.057
4822.74732 19.385 0.048
4823.82683 19.526 0.060
4824.69353 19.481 0.065
4824.74396 19.342 0.054
4824.76536 19.345 0.059
4825.66975 19.554 0.065
4825.79067 19.402 0.079
4826.77823 19.475 0.066
4833.64272 19.811 0.081
4833.78102 20.030 0.103
4834.70061 19.407 0.077
4835.79157 19.570 0.071
4837.79067 19.379 0.114
4839.74201 19.322 0.069
4841.80634 19.452 0.079
4843.80618 19.722 0.151
4846.79607 19.579 0.092
4848.82596 19.488 0.091
4852.78249 19.319 0.074
4854.78390 19.316 0.064
4856.79049 19.515 0.085
4861.74557 19.310 0.072
4867.70953 19.363 0.068
4869.67851 19.433 0.075
4871.68616 19.549 0.107
4875.67212 19.548 0.098
4877.69721 19.421 0.073
4879.70392 19.523 0.087
4882.72264 19.692 0.111
4885.68450 19.312 0.064
4889.64254 20.147 0.150
4901.54062 19.542 0.115
4902.57468 19.603 0.128
4902.64088 19.358 0.108
4903.52684 19.318 0.083
4904.54399 19.254 0.089
4911.65965 19.394 0.076
4915.57882 19.534 0.087
4919.58404 19.554 0.074
4925.59703 19.400 0.069
4929.56424 19.266 0.095
4932.59938 19.340 0.088
4935.57727 19.544 0.099
4939.58410 19.285 0.071
4940.48497 19.460 0.058
4941.47299 19.562 0.109
4942.48145 19.621 0.115
4942.48909 19.546 0.087
4943.51233 19.349 0.079
4944.47503 19.413 0.079
4949.54325 19.358 0.055
4954.54187 19.701 0.157
