2187.76096 16.041 0.010
2190.86609 16.084 0.007
2193.83081 16.034 0.007
2202.83059 16.176 0.008
2215.78344 15.992 0.008
2222.78330 15.970 0.008
2227.74182 16.034 0.008
2229.74755 16.074 0.008
2231.71607 15.977 0.008
2233.68428 16.045 0.008
2237.60351 15.965 0.010
2239.66456 16.061 0.008
2241.75618 16.050 0.007
2243.82647 15.975 0.008
2248.68601 15.997 0.007
2250.71743 16.089 0.008
2252.81457 15.952 0.008
2254.73251 16.006 0.007
2257.73760 16.056 0.008
2260.75966 16.005 0.007
2265.69808 16.009 0.007
2266.75987 16.015 0.007
2270.80951 15.940 0.007
2272.65708 16.030 0.008
2274.78801 16.070 0.008
2276.84337 15.942 0.008
2278.80238 16.011 0.008
2280.78207 16.057 0.007
2282.78139 15.955 0.008
2290.67728 16.041 0.007
2293.79672 16.088 0.008
2295.82058 16.012 0.007
2297.80737 15.949 0.007
2299.82382 16.095 0.008
2301.71790 15.996 0.008
2302.79310 16.041 0.010
2303.71588 15.952 0.008
2328.56507 15.981 0.010
2334.55830 15.967 0.008
2340.55480 15.957 0.008
2346.49542 15.945 0.010
2360.49029 16.074 0.010
2391.49114 15.981 0.008
2540.86909 16.022 0.010
2548.80615 15.997 0.008
2557.83828 15.969 0.008
2561.83627 15.957 0.007
2565.84254 16.296 0.010
2574.79963 16.059 0.008
2578.85621 16.027 0.008
2586.75554 16.026 0.008
2590.83023 16.053 0.008
2596.83724 16.063 0.008
2606.73353 15.939 0.007
2609.84287 15.957 0.008
2614.80472 16.094 0.008
2619.68137 16.054 0.008
2621.80868 15.952 0.007
2624.70574 15.948 0.007
2627.82610 15.959 0.008
2630.59578 15.983 0.008
2632.74664 16.158 0.008
2636.69649 15.950 0.007
2638.74073 16.234 0.010
2641.78910 16.076 0.008
2643.78594 16.035 0.008
2645.78422 15.981 0.007
2649.65928 15.998 0.008
2651.73910 16.000 0.008
2653.73354 16.109 0.010
2655.76415 16.013 0.008
2657.75202 15.998 0.008
2659.81317 16.113 0.010
2661.61330 15.969 0.007
2663.85840 16.011 0.010
2666.58766 15.991 0.008
2668.82419 16.304 0.010
2673.77093 15.969 0.008
2676.75120 15.949 0.007
2678.79717 15.984 0.007
2680.68932 16.098 0.008
2684.56370 16.019 0.008
2688.54461 15.951 0.008
2692.51906 16.068 0.008
2697.53395 15.953 0.007
2702.53554 16.048 0.010
2708.56237 16.036 0.008
2725.49482 15.970 0.008
2875.86196 15.989 0.008
2884.88306 15.962 0.008
2890.90417 15.962 0.010
2896.85704 15.974 0.008
2902.79145 15.985 0.007
2912.79541 15.947 0.006
2917.80371 16.044 0.008
2923.80639 16.060 0.008
2926.85884 16.010 0.008
2931.78760 16.023 0.008
2934.82779 16.077 0.008
2940.80807 16.068 0.008
2943.81287 16.000 0.007
2947.82107 16.065 0.007
2950.73747 16.023 0.008
2954.76342 15.966 0.008
2956.80370 16.030 0.008
2958.84823 16.056 0.008
2963.73957 15.949 0.008
2966.75980 15.965 0.007
2968.72854 16.079 0.007
2971.79058 16.200 0.008
2974.81362 16.064 0.008
2976.67351 15.993 0.008
2979.65746 15.954 0.008
2981.67800 15.985 0.011
2983.80989 16.299 0.010
2985.77692 15.961 0.007
2987.73347 15.963 0.008
2989.67367 16.251 0.008
2991.74751 15.959 0.007
2993.75368 15.971 0.007
2995.82894 16.320 0.008
2997.80009 15.960 0.007
2998.74554 16.091 0.008
3000.74875 15.973 0.008
3002.74559 16.024 0.008
3004.73858 16.052 0.007
3006.73175 15.972 0.007
3010.79247 16.056 0.008
3012.79803 15.984 0.010
3016.74245 16.029 0.007
3018.77308 15.947 0.007
3020.83666 16.050 0.008
3021.86158 15.943 0.008
3023.72296 15.997 0.008
3025.72611 16.084 0.007
3029.72442 16.014 0.007
3031.80107 16.090 0.008
3034.62616 16.011 0.007
3036.65640 15.952 0.007
3039.59842 15.951 0.008
3041.68128 16.030 0.008
3042.70630 15.943 0.008
3044.64533 16.094 0.008
3046.63147 16.001 0.008
3048.66466 15.954 0.007
3050.65643 16.082 0.007
3052.65787 16.014 0.007
3054.66343 15.956 0.007
3056.65120 16.115 0.008
3058.64443 15.994 0.007
3060.69390 15.954 0.007
3066.58164 15.970 0.008
3068.60980 16.294 0.010
3071.50814 16.103 0.008
3073.69822 16.025 0.008
3076.62178 15.997 0.010
3079.62420 16.014 0.007
3082.69099 15.970 0.007
3085.59338 16.004 0.007
3088.55117 15.966 0.008
3091.53429 15.989 0.008
3100.51364 15.962 0.010
3102.62929 16.005 0.008
3106.55366 15.945 0.007
3109.53822 15.957 0.007
3113.55569 16.025 0.010
3127.51363 15.937 0.007
3133.52931 15.957 0.008
3230.90407 15.990 0.007
3242.87849 15.971 0.008
3249.84548 16.100 0.010
3258.91345 16.036 0.008
3260.83747 15.960 0.007
3264.87950 16.035 0.007
3271.82790 16.014 0.008
3274.83120 16.083 0.010
3279.78487 16.054 0.008
3282.85050 16.015 0.007
3287.84114 15.945 0.006
3295.79395 16.047 0.006
3301.86481 16.032 0.008
3305.75571 15.975 0.007
3307.78052 16.098 0.011
3309.81702 16.027 0.007
3311.81055 15.984 0.007
3315.84841 16.014 0.007
3321.71712 15.975 0.007
3324.82508 15.961 0.007
3327.83128 15.993 0.007
3333.81483 16.000 0.008
3336.65683 15.946 0.008
3339.83872 15.983 0.008
3353.74027 16.061 0.007
3357.76786 15.970 0.007
3360.74574 15.951 0.007
3363.82034 15.958 0.007
3370.77759 16.091 0.008
3376.72962 16.059 0.008
3378.75485 15.955 0.007
3394.63835 16.027 0.008
3396.66467 15.973 0.007
3399.79190 15.941 0.008
3402.70188 15.983 0.007
3404.63349 16.108 0.008
3409.55047 15.962 0.007
3413.54909 16.294 0.008
3413.59366 16.324 0.007
3418.54130 15.969 0.007
3426.53699 16.049 0.008
3432.52283 16.044 0.007
3438.56310 16.055 0.007
3447.52439 16.024 0.008
3457.50123 15.945 0.008
3582.93479 16.139 0.008
3594.91174 16.072 0.007
3603.85520 16.008 0.007
3619.91086 16.080 0.007
3620.89158 15.950 0.007
3630.80272 16.027 0.008
3637.74110 16.306 0.010
3640.79934 16.093 0.007
3651.83190 15.978 0.007
3654.87804 16.011 0.007
3658.84404 16.104 0.008
3660.84141 16.003 0.008
3664.85102 16.105 0.007
3666.84760 15.989 0.008
3668.83492 16.021 0.007
3672.82358 15.982 0.007
3676.71036 16.032 0.007
3685.78024 16.091 0.007
3687.86711 15.960 0.007
3690.78914 15.956 0.007
3693.69083 15.948 0.007
3695.85577 16.012 0.007
3699.74626 15.965 0.007
3701.79934 16.012 0.007
3703.79808 16.079 0.007
3705.86209 15.955 0.008
3711.70886 15.937 0.007
3713.79674 16.013 0.007
3715.77327 16.058 0.007
3718.74214 15.984 0.007
3722.63705 16.175 0.008
3726.71920 15.936 0.007
3727.85518 16.050 0.008
3730.75131 15.978 0.007
3732.82676 15.934 0.007
3734.81967 16.099 0.007
3735.66806 15.973 0.007
3737.82656 16.045 0.007
3739.84522 16.027 0.007
3741.58351 15.999 0.007
3743.75540 16.072 0.008
3746.79782 16.238 0.010
3748.77655 15.973 0.008
3750.79132 15.944 0.007
3753.66440 16.011 0.008
3755.74597 16.090 0.008
3757.76541 15.989 0.007
3760.74505 15.953 0.007
3763.69803 15.977 0.006
3766.71479 15.955 0.007
3770.74223 16.237 0.008
3774.61556 15.997 0.007
3777.57416 16.051 0.007
3779.69841 16.033 0.010
3781.73845 15.956 0.007
3786.59080 16.000 0.007
3793.54044 15.941 0.007
3801.53036 16.091 0.007
3811.52290 15.944 0.007
3828.48673 16.082 0.008
3958.90603 16.078 0.008
3965.86564 15.970 0.007
3970.88582 16.179 0.008
3982.83643 16.310 0.008
3993.78958 15.985 0.008
4002.85005 15.939 0.007
4004.86835 15.988 0.007
4006.77785 16.105 0.007
4008.79889 15.937 0.007
4013.81053 16.051 0.008
4019.81196 16.057 0.007
4024.80482 16.097 0.007
4026.87383 15.934 0.007
4029.81810 15.949 0.007
4032.85460 15.937 0.007
4039.68683 16.005 0.007
4041.76058 15.938 0.007
4043.76565 16.081 0.008
4046.85872 16.016 0.008
4049.72885 16.089 0.007
4052.79038 16.024 0.007
4056.83565 15.954 0.007
4059.73034 15.943 0.007
4064.84410 16.033 0.007
4066.79809 16.038 0.007
4068.83538 15.967 0.007
4070.75777 16.074 0.008
4074.79659 15.992 0.007
4077.84539 15.958 0.007
4080.72513 15.996 0.007
4083.71182 15.964 0.007
4085.77536 16.327 0.008
4095.63667 15.981 0.007
4103.76714 16.231 0.008
4106.59793 16.038 0.008
4112.77217 16.043 0.007
4117.75469 15.932 0.007
4121.76668 16.083 0.007
4126.74618 15.950 0.007
4129.77980 15.948 0.007
4143.55655 16.035 0.008
4157.55451 16.035 0.008
4169.51144 16.000 0.008
4199.48080 15.956 0.008
4343.87330 15.995 0.008
4348.84606 16.038 0.008
4353.87365 15.951 0.007
4358.82582 16.078 0.010
4363.84266 16.097 0.010
4367.83084 16.031 0.008
4371.78039 15.961 0.008
4378.71985 16.010 0.008
4381.75547 16.043 0.010
4386.87299 15.948 0.008
4390.83505 16.004 0.007
4395.70183 15.982 0.008
4399.86050 16.058 0.008
4408.71436 15.970 0.008
4412.79790 16.286 0.010
4427.74943 16.091 0.008
4430.75279 16.236 0.011
4433.77025 16.071 0.008
4437.69685 16.041 0.008
4440.71647 15.990 0.008
4443.83407 16.035 0.008
4449.77579 16.060 0.010
4451.81142 16.044 0.008
4455.78113 16.069 0.008
4458.75982 16.012 0.008
4460.82911 16.105 0.010
4462.75381 15.949 0.007
4464.79941 15.988 0.008
4467.77048 16.073 0.007
4472.68642 16.061 0.007
4476.77337 16.034 0.007
4480.72384 15.957 0.007
4484.80323 16.071 0.007
4488.72413 16.036 0.008
4492.74337 15.969 0.008
4497.74810 16.116 0.008
4502.73098 16.038 0.008
4507.73497 15.972 0.008
4509.68566 16.292 0.008
4512.73361 16.111 0.007
4518.67353 16.115 0.011
4521.71732 16.325 0.010
4524.61942 16.090 0.008
4530.64552 16.085 0.008
4533.61115 16.169 0.008
4534.59260 16.050 0.008
4538.62865 15.977 0.008
4542.53368 16.033 0.008
4545.62030 16.102 0.008
4551.51158 16.076 0.008
4558.57246 16.074 0.008
4565.52583 15.939 0.008
4573.52645 16.026 0.008
4588.49687 16.191 0.010
4618.46382 16.279 0.012
4685.90309 16.039 0.007
4699.86633 16.036 0.008
4709.81731 16.087 0.008
4720.86412 16.062 0.007
4725.80475 15.957 0.008
4729.78433 15.984 0.008
4734.87891 15.978 0.008
4740.79480 15.992 0.008
4749.71118 15.973 0.008
4753.87142 15.973 0.008
4757.84471 16.326 0.010
4760.86683 16.103 0.008
4766.67095 16.033 0.008
4769.77555 16.172 0.008
4772.80765 16.059 0.008
4775.82524 16.164 0.008
4777.83876 15.946 0.007
4782.68916 16.054 0.008
4784.86252 16.056 0.010
4786.73988 15.959 0.008
4789.70103 15.949 0.007
4792.81844 15.968 0.008
4794.86029 16.068 0.008
4795.77216 15.944 0.007
4798.72766 15.937 0.007
4799.75594 16.066 0.008
4801.68864 15.947 0.007
4803.70920 16.021 0.008
4806.68232 16.085 0.008
4808.74456 16.005 0.008
4810.81755 15.958 0.007
4813.78502 15.959 0.008
4815.76890 16.033 0.008
4817.76630 16.058 0.007
4819.77531 15.953 0.007
4822.75523 15.946 0.007
4824.77318 16.086 0.008
4831.61480 15.996 0.008
4834.79523 15.941 0.007
4836.77027 16.157 0.007
4838.77890 16.000 0.007
4841.82007 16.030 0.008
4843.81410 15.989 0.010
4846.80402 15.960 0.007
4850.78100 15.980 0.007
4852.79045 15.964 0.008
4854.79188 16.297 0.008
4856.79818 15.966 0.007
4857.77655 16.115 0.010
4861.75341 16.012 0.008
4865.75246 15.980 0.008
4867.73351 16.017 0.007
4869.68601 16.064 0.007
4871.70172 15.977 0.008
4874.63489 15.947 0.008
4876.67806 15.983 0.007
4878.71362 16.136 0.008
4880.62521 15.936 0.007
4885.69323 16.063 0.008
4890.55506 16.074 0.007
4900.66011 16.027 0.008
4903.59941 16.091 0.008
4914.57235 16.050 0.008
4918.57046 16.053 0.008
4924.58910 16.053 0.007
4928.57884 15.981 0.007
4930.58374 16.068 0.008
4933.54578 16.281 0.008
4937.54538 15.958 0.007
4941.55837 15.976 0.008
4946.55494 16.009 0.008
4950.53359 15.996 0.008
