2123.93450 14.164 0.005
2130.92356 14.169 0.005
2131.92535 14.175 0.005
2132.92352 14.170 0.005
2134.92508 14.163 0.005
2140.92475 14.187 0.005
2142.91199 14.180 0.005
2144.92237 14.169 0.005
2156.89607 14.180 0.005
2161.86302 14.163 0.005
2173.87628 14.164 0.005
2190.80798 14.160 0.005
2192.84593 14.171 0.005
2201.83238 14.163 0.005
2214.81394 14.166 0.005
2221.75684 14.176 0.005
2224.76955 14.184 0.005
2227.67217 14.182 0.005
2229.68563 14.167 0.005
2234.84416 14.207 0.005
2237.76461 14.195 0.005
2241.68986 14.174 0.005
2243.74372 14.167 0.005
2247.82559 14.185 0.005
2248.82818 14.192 0.005
2250.81497 14.173 0.005
2252.67528 14.191 0.005
2254.66634 14.175 0.005
2257.67301 14.163 0.005
2260.67972 14.159 0.005
2266.67121 14.190 0.005
2270.67890 14.159 0.005
2271.81926 14.163 0.005
2272.82721 14.182 0.005
2274.66473 14.168 0.005
2276.77484 14.199 0.005
2277.82814 14.167 0.005
2279.84574 14.167 0.005
2280.81929 14.168 0.005
2282.70891 14.164 0.005
2283.87005 14.177 0.005
2288.77751 14.203 0.005
2290.81480 14.171 0.005
2292.78782 14.166 0.005
2296.77979 14.158 0.005
2298.73650 14.170 0.005
2300.74697 14.179 0.005
2302.72365 14.190 0.005
2327.58515 14.166 0.005
2333.59517 14.186 0.005
2339.57156 14.167 0.005
2345.53263 14.176 0.005
2351.51076 14.165 0.005
2369.50827 14.179 0.005
2385.49396 14.178 0.005
2529.83955 14.165 0.005
2539.84198 14.163 0.005
2545.81155 14.165 0.005
2552.86519 14.173 0.005
2556.85656 14.166 0.005
2560.76498 14.163 0.005
2564.87325 14.162 0.005
2578.79432 14.182 0.005
2583.84872 14.166 0.005
2590.75492 14.193 0.005
2596.76753 14.167 0.005
2605.79479 14.175 0.005
2609.76695 14.171 0.005
2614.72524 14.173 0.005
2618.78021 14.172 0.005
2624.61127 14.171 0.005
2627.70978 14.175 0.005
2629.73273 14.206 0.005
2632.65867 14.203 0.005
2635.70591 14.170 0.005
2638.67689 14.171 0.005
2640.77378 14.174 0.005
2642.73000 14.187 0.005
2644.73270 14.193 0.005
2646.68693 14.186 0.005
2650.74250 14.171 0.005
2652.79989 14.181 0.005
2654.76530 14.193 0.005
2656.67072 14.194 0.005
2658.63247 14.200 0.005
2660.65080 14.190 0.005
2662.66174 14.167 0.005
2664.64180 14.163 0.005
2666.70519 14.167 0.005
2668.69131 14.177 0.005
2670.65343 14.192 0.005
2672.79219 14.165 0.005
2674.69294 14.177 0.005
2676.68205 14.164 0.005
2678.73530 14.180 0.005
2680.64606 14.175 0.005
2682.69211 14.202 0.005
2687.57192 14.210 0.005
2693.53115 14.173 0.005
2696.56788 14.174 0.005
2701.54953 14.201 0.005
2707.55130 14.167 0.005
2714.54340 14.214 0.005
2839.92000 14.173 0.005
2867.89101 14.176 0.005
2885.86870 14.177 0.005
2892.89721 14.179 0.005
2897.86612 14.178 0.005
2907.78634 14.173 0.005
2911.82373 14.171 0.005
2916.87415 14.187 0.005
2922.85785 14.165 0.005
2926.78955 14.176 0.005
2930.85923 14.183 0.005
2934.76126 14.184 0.005
2940.74111 14.173 0.005
2943.74630 14.201 0.005
2947.75495 14.179 0.005
2949.84495 14.170 0.005
2953.71209 14.177 0.005
2956.73743 14.194 0.005
2958.76379 14.187 0.005
2962.77629 14.167 0.005
2965.79932 14.172 0.005
2968.66661 14.172 0.005
2973.79011 14.180 0.005
2976.80254 14.168 0.005
2978.71019 14.170 0.005
2980.72261 14.168 0.005
2982.71533 14.174 0.005
2984.76246 14.190 0.005
2986.84513 14.174 0.005
2988.81550 14.173 0.005
2989.77081 14.167 0.005
2991.66595 14.174 0.005
2993.68638 14.177 0.005
2995.75421 14.207 0.005
2997.73190 14.211 0.005
3001.79094 14.173 0.005
3003.76159 14.176 0.005
3005.72343 14.172 0.005
3007.64485 14.174 0.005
3009.64270 14.173 0.005
3011.74228 14.192 0.005
3017.74779 14.177 0.005
3019.67582 14.174 0.005
3021.79439 14.201 0.005
3023.65617 14.185 0.005
3025.62407 14.211 0.005
3027.67345 14.175 0.005
3029.65848 14.174 0.005
3031.72840 14.162 0.005
3033.79204 14.189 0.005
3035.79887 14.190 0.005
3038.77649 14.174 0.005
3041.61700 14.183 0.005
3043.65104 14.176 0.005
3045.71396 14.173 0.005
3047.66771 14.174 0.005
3048.59649 14.164 0.005
3050.61600 14.185 0.005
3052.61720 14.212 0.005
3054.61742 14.182 0.005
3056.60987 14.179 0.005
3058.60386 14.166 0.005
3060.65346 14.173 0.005
3068.53938 14.204 0.005
3070.60029 14.180 0.005
3073.63148 14.178 0.005
3076.54509 14.190 0.005
3078.64050 14.208 0.005
3082.61831 14.177 0.005
3085.51940 14.179 0.005
3087.65759 14.181 0.005
3090.62374 14.196 0.005
3096.53962 14.187 0.005
3099.60940 14.176 0.005
3102.58801 14.185 0.005
3104.57473 14.199 0.005
3110.55650 14.173 0.005
3113.53441 14.176 0.005
3128.50692 14.170 0.005
3140.51391 14.181 0.005
3216.87814 14.201 0.005
3248.86326 14.169 0.005
3257.89160 14.175 0.005
3264.81294 14.180 0.005
3270.87973 14.178 0.005
3274.76538 14.183 0.005
3277.88741 14.174 0.005
3287.76907 14.184 0.005
3295.72749 14.175 0.005
3301.78100 14.172 0.005
3304.84134 14.178 0.005
3307.71488 14.185 0.005
3309.74710 14.208 0.005
3311.74507 14.215 0.005
3320.78803 14.192 0.005
3323.73416 14.192 0.005
3327.76000 14.176 0.005
3330.71865 14.174 0.005
3334.81758 14.214 0.005
3338.86601 14.180 0.005
3339.76535 14.183 0.005
3354.78126 14.177 0.005
3358.82996 14.189 0.005
3365.76005 14.180 0.005
3372.77645 14.169 0.005
3378.68907 14.196 0.005
3391.75682 14.185 0.005
3395.71941 14.169 0.005
3399.72563 14.180 0.005
3403.71297 14.213 0.005
3406.68250 14.181 0.005
3410.63545 14.175 0.005
3415.63265 14.180 0.005
3420.62241 14.192 0.005
3427.59637 14.173 0.005
3433.61897 14.186 0.005
3438.54817 14.172 0.005
3446.50533 14.188 0.005
3461.52273 14.196 0.005
3473.48206 14.196 0.005
3575.94071 14.177 0.005
3592.93256 14.198 0.005
3619.83448 14.178 0.005
3629.90796 14.176 0.005
3633.87299 14.193 0.005
3639.78547 14.178 0.005
3644.82209 14.172 0.005
3651.76525 14.203 0.005
3654.81277 14.182 0.005
3658.77679 14.176 0.005
3661.84749 14.197 0.005
3668.82022 14.175 0.005
3672.80849 14.182 0.005
3676.76528 14.208 0.005
3684.82727 14.182 0.005
3687.80168 14.199 0.005
3690.72154 14.206 0.005
3693.75556 14.172 0.005
3695.78832 14.178 0.005
3698.77007 14.180 0.005
3700.79865 14.194 0.005
3703.72953 14.213 0.005
3705.79670 14.180 0.005
3708.78463 14.180 0.005
3712.74225 14.171 0.005
3714.81248 14.191 0.005
3717.67492 14.188 0.005
3719.84744 14.172 0.005
3721.80841 14.166 0.005
3726.70425 14.174 0.005
3730.73649 14.195 0.005
3732.72858 14.170 0.005
3734.85942 14.169 0.005
3737.76036 14.156 0.005
3739.83034 14.197 0.005
3741.84328 14.185 0.005
3743.74041 14.198 0.005
3746.78292 14.172 0.005
3748.73612 14.162 0.005
3749.74170 14.161 0.005
3751.75306 14.168 0.005
3753.70456 14.167 0.005
3755.70556 14.193 0.005
3757.69542 14.206 0.005
3759.76021 14.167 0.005
3762.78172 14.157 0.005
3765.76881 14.161 0.005
3770.64132 14.189 0.005
3773.70740 14.169 0.005
3776.67772 14.167 0.005
3779.63230 14.168 0.005
3782.74590 14.196 0.005
3787.60911 14.186 0.005
3792.55983 14.166 0.005
3800.54182 14.193 0.005
3809.54906 14.173 0.005
3823.50916 14.170 0.005
3946.93135 14.200 0.005
3964.88773 14.179 0.005
3969.91854 14.176 0.005
3981.88634 14.184 0.005
3989.91496 14.181 0.005
3998.87866 14.184 0.005
3999.84114 14.186 0.005
4001.89016 14.186 0.005
4004.85413 14.173 0.005
4005.86808 14.182 0.005
4008.73435 14.177 0.005
4011.90124 14.205 0.005
4018.86402 14.173 0.005
4024.73147 14.170 0.005
4026.80453 14.180 0.005
4029.75376 14.204 0.005
4032.76906 14.183 0.005
4038.73513 14.180 0.005
4041.69639 14.182 0.005
4043.70124 14.204 0.005
4046.79297 14.177 0.005
4049.66390 14.182 0.005
4052.72531 14.178 0.005
4056.77013 14.206 0.005
4058.80246 14.181 0.005
4063.70106 14.167 0.005
4066.75837 14.180 0.005
4068.66326 14.180 0.005
4070.68835 14.205 0.005
4074.75598 14.187 0.005
4077.80450 14.186 0.005
4079.84939 14.196 0.005
4083.69496 14.202 0.005
4085.76069 14.172 0.005
4093.74522 14.187 0.005
4102.85775 14.181 0.005
4105.81779 14.187 0.005
4109.78766 14.176 0.005
4113.74349 14.162 0.005
4120.77372 14.205 0.005
4122.73018 14.220 0.005
4125.78445 14.176 0.005
4132.67221 14.169 0.005
4142.72319 14.171 0.005
4156.55829 14.170 0.005
4168.51294 14.188 0.005
4197.49220 14.172 0.005
4341.92462 14.175 0.005
4347.87554 14.171 0.005
4353.80951 14.186 0.005
4358.90781 14.176 0.005
4364.87223 14.176 0.005
4367.89668 14.191 0.005
4371.76197 14.182 0.005
4377.81834 14.170 0.005
4380.83327 14.208 0.005
4386.80899 14.171 0.005
4390.77090 14.179 0.005
4394.72705 14.181 0.005
4399.74500 14.176 0.005
4412.72350 14.184 0.005
4418.81690 14.185 0.005
4421.86271 14.179 0.005
4426.76061 14.170 0.005
4430.68799 14.171 0.005
4432.74718 14.177 0.005
4436.78711 14.193 0.005
4439.85219 14.174 0.005
4443.74022 14.167 0.005
4449.70309 14.199 0.005
4451.71284 14.178 0.005
4455.71192 14.171 0.005
4457.74238 14.170 0.005
4460.81402 14.207 0.005
4463.73231 14.191 0.005
4466.72131 14.172 0.005
4470.66877 14.168 0.005
4473.71150 14.181 0.005
4477.76998 14.167 0.005
4482.77380 14.165 0.005
4486.75162 14.197 0.005
4491.72515 14.172 0.005
4494.67051 14.171 0.005
4498.70324 14.173 0.005
4501.70049 14.205 0.005
4506.63461 14.173 0.005
4508.65764 14.170 0.005
4510.72722 14.165 0.005
4517.66144 14.202 0.005
4521.64198 14.173 0.005
4524.60471 14.172 0.005
4530.63068 14.201 0.005
4532.65643 14.179 0.005
4536.62867 14.175 0.005
4539.51064 14.170 0.005
4541.61978 14.194 0.005
4545.54988 14.210 0.005
4556.58589 14.207 0.005
4561.57696 14.172 0.005
4568.53157 14.177 0.005
4588.48257 14.186 0.005
4607.47184 14.177 0.005
4683.92716 14.175 0.005
4697.88388 14.174 0.005
4708.86144 14.185 0.005
4720.79997 14.206 0.005
4724.85322 14.177 0.005
4728.84718 14.176 0.005
4733.85063 14.192 0.005
4748.80945 14.189 0.005
4749.69009 14.200 0.005
4750.79529 14.176 0.005
4752.88956 14.169 0.005
4757.78005 14.174 0.005
4760.78187 14.193 0.005
4763.84069 14.177 0.005
4769.71047 14.172 0.005
4772.72956 14.174 0.005
4775.75985 14.201 0.005
4777.68282 14.208 0.005
4777.77383 14.179 0.005
4778.67692 14.198 0.005
4779.67786 14.184 0.005
4780.69003 14.181 0.005
4780.85359 14.177 0.005
4781.65357 14.174 0.005
4781.80313 14.171 0.005
4782.64840 14.177 0.005
4783.67611 14.170 0.005
4784.72445 14.173 0.005
4788.82093 14.170 0.005
4791.83131 14.170 0.005
4792.69199 14.176 0.005
4794.80296 14.168 0.005
4796.68187 14.173 0.005
4797.82229 14.192 0.005
4800.79887 14.201 0.005
4803.64471 14.206 0.005
4805.74293 14.169 0.005
4806.65677 14.178 0.005
4806.79260 14.166 0.005
4807.78936 14.162 0.005
4808.68333 14.176 0.005
4809.72812 14.169 0.005
4812.76361 14.196 0.005
4814.76400 14.190 0.005
4816.76081 14.172 0.005
4818.78837 14.160 0.005
4820.76576 14.162 0.005
4823.79211 14.177 0.005
4824.66154 14.168 0.005
4825.66594 14.166 0.005
4826.70903 14.189 0.005
4833.71933 14.172 0.005
4834.64295 14.171 0.005
4834.85793 14.172 0.005
4835.70558 14.160 0.005
4837.71036 14.170 0.005
4837.75393 14.173 0.005
4838.64603 14.174 0.005
4838.81206 14.198 0.005
4839.65223 14.172 0.005
4839.80415 14.202 0.005
4840.63337 14.179 0.005
4840.82224 14.180 0.005
4841.77426 14.183 0.005
4842.63120 14.192 0.005
4843.76983 14.184 0.005
4846.73840 14.173 0.005
4848.74608 14.168 0.005
4853.76818 14.214 0.005
4855.78361 14.176 0.005
4857.76182 14.169 0.005
4859.75152 14.174 0.005
4865.73799 14.185 0.005
4868.73104 14.182 0.005
4871.65422 14.174 0.005
4874.59453 14.166 0.005
4876.56455 14.161 0.005
4878.67101 14.173 0.005
4879.64390 14.167 0.005
4885.57518 14.190 0.005
4888.65852 14.172 0.005
4890.52810 14.164 0.005
4890.61193 14.161 0.005
4891.54573 14.163 0.005
4891.63450 14.166 0.005
4892.53379 14.165 0.005
4899.53139 14.187 0.005
4900.68930 14.157 0.005
4901.52369 14.167 0.005
4901.66451 14.170 0.005
4902.56668 14.162 0.005
4902.65362 14.163 0.005
4903.51864 14.171 0.005
4904.53588 14.162 0.005
4905.53744 14.156 0.005
4908.61254 14.204 0.005
4917.55764 14.159 0.005
4921.57939 14.177 0.005
4927.57291 14.169 0.005
4931.58022 14.166 0.005
4935.54695 14.184 0.005
4939.55392 14.180 0.005
4943.55112 14.171 0.005
4944.47840 14.173 0.005
4945.47447 14.169 0.005
4946.47263 14.173 0.005
4947.47014 14.174 0.005
4948.46662 14.197 0.005
4948.53431 14.186 0.005
4953.52682 14.172 0.005
