2187.76828 18.256 0.053
2193.83746 18.218 0.030
2202.83722 18.208 0.036
2215.79004 18.215 0.041
2222.78989 18.164 0.041
2224.83747 18.207 0.037
2227.74842 18.254 0.039
2229.75412 18.164 0.041
2231.72266 18.229 0.039
2233.69087 18.260 0.037
2237.61010 18.170 0.055
2239.67114 18.190 0.037
2241.76278 18.182 0.037
2243.83304 18.205 0.048
2248.69258 18.177 0.032
2250.72402 18.199 0.034
2252.82114 18.240 0.044
2254.73909 18.253 0.030
2257.75664 18.177 0.029
2260.76622 18.201 0.032
2265.70467 18.175 0.032
2266.78463 18.208 0.039
2270.81610 18.206 0.030
2272.66367 18.226 0.039
2274.79460 18.249 0.043
2276.84995 18.152 0.041
2278.80896 18.156 0.041
2280.78867 18.199 0.030
2282.79247 18.173 0.039
2290.68385 18.143 0.034
2293.80333 18.152 0.046
2295.82719 18.192 0.030
2297.81397 18.172 0.037
2299.83042 18.232 0.044
2302.79972 18.229 0.051
2303.72250 18.223 0.050
2328.57235 18.159 0.044
2334.57045 18.268 0.050
2340.56210 18.223 0.039
2346.50274 18.178 0.039
2360.49764 18.174 0.048
2391.49855 18.209 0.051
2540.87638 18.199 0.048
2548.81343 18.216 0.039
2553.78014 18.127 0.046
2557.84554 18.134 0.041
2561.84355 18.262 0.039
2565.84917 18.230 0.046
2574.80625 18.193 0.036
2578.86284 18.287 0.046
2586.76414 18.267 0.041
2590.83745 18.215 0.041
2596.84446 18.158 0.043
2606.74074 18.199 0.034
2609.85009 18.275 0.053
2614.81178 18.165 0.039
2619.68846 18.209 0.032
2621.81575 18.166 0.032
2624.71286 18.224 0.037
2630.60235 18.178 0.043
2632.75321 18.165 0.030
2636.70305 18.205 0.034
2638.74730 18.195 0.036
2641.79570 18.207 0.034
2643.79302 18.264 0.039
2645.79083 18.221 0.037
2649.66639 18.158 0.036
2651.74618 18.198 0.032
2653.74011 18.198 0.043
2655.77458 18.160 0.036
2657.75860 18.198 0.046
2659.81976 18.243 0.050
2661.61991 18.242 0.029
2663.86500 18.149 0.059
2666.60382 18.187 0.034
2668.83158 18.212 0.043
2673.77756 18.219 0.041
2676.75785 18.173 0.034
2678.80380 18.190 0.032
2684.57812 18.224 0.046
2688.55181 18.194 0.041
2692.52624 18.241 0.039
2697.54114 18.213 0.037
2702.54275 18.249 0.053
2708.56956 18.218 0.037
2725.50205 18.128 0.039
2875.86951 18.186 0.044
2884.89277 18.252 0.041
2890.91271 18.214 0.060
2896.86764 18.199 0.043
2902.79868 18.171 0.029
2912.80259 18.335 0.034
2917.81085 18.171 0.034
2923.81356 18.162 0.036
2926.86601 18.233 0.036
2931.79475 18.230 0.036
2934.83492 18.196 0.036
2940.81519 18.187 0.032
2943.81997 18.180 0.032
2947.82816 18.168 0.030
2954.77052 18.191 0.046
2956.81078 18.146 0.032
2958.85530 18.169 0.041
2963.74669 18.183 0.044
2966.76691 18.193 0.027
2968.73564 18.215 0.032
2971.79766 18.262 0.039
2974.82070 18.185 0.032
2976.68058 18.213 0.036
2979.66452 18.205 0.041
2981.68509 18.250 0.074
2983.81696 18.191 0.043
2985.78403 18.163 0.032
2987.74055 18.186 0.034
2989.68074 18.222 0.030
2991.75461 18.257 0.036
2993.76074 18.201 0.034
2995.83604 18.155 0.032
2997.80716 18.179 0.036
2998.75261 18.187 0.034
3000.76113 18.187 0.034
3002.75270 18.195 0.036
3004.74566 18.163 0.029
3006.73886 18.159 0.032
3008.69843 18.232 0.057
3010.79955 18.210 0.034
3012.80511 18.192 0.059
3016.74954 18.157 0.032
3018.78018 18.207 0.037
3020.84377 18.186 0.039
3021.86872 18.195 0.044
3023.73006 18.162 0.034
3025.73322 18.181 0.029
3027.75178 18.154 0.032
3029.73623 18.206 0.034
3031.80821 18.201 0.036
3034.63330 18.147 0.025
3036.66353 18.171 0.030
3039.60557 18.184 0.036
3041.68839 18.160 0.050
3042.71341 18.132 0.041
3044.65247 18.181 0.036
3046.63863 18.206 0.041
3048.67178 18.222 0.030
3050.66358 18.218 0.030
3052.66504 18.186 0.029
3054.67057 18.157 0.039
3056.65837 18.183 0.030
3058.65159 18.142 0.032
3060.70106 18.190 0.032
3066.58882 18.222 0.044
3068.61697 18.255 0.046
3071.51534 18.196 0.041
3073.70543 18.218 0.043
3076.62900 18.160 0.051
3079.63139 18.156 0.030
3082.69818 18.152 0.029
3085.60162 18.231 0.032
3088.55840 18.177 0.037
3091.56275 18.221 0.039
3096.60922 18.157 0.051
3100.52087 18.174 0.050
3102.64499 18.179 0.043
3106.56093 18.208 0.032
3109.54546 18.148 0.034
3113.56297 18.189 0.048
3127.52091 18.237 0.036
3133.53658 18.174 0.043
3230.91132 18.189 0.034
3242.88572 18.178 0.039
3249.85270 18.283 0.055
3260.84466 18.225 0.037
3264.88667 18.163 0.025
3271.83507 18.238 0.044
3274.83839 18.259 0.048
3279.79206 18.219 0.041
3282.85764 18.253 0.034
3295.80104 18.229 0.029
3301.87190 18.141 0.044
3305.76281 18.152 0.036
3307.78763 18.191 0.055
3309.82412 18.164 0.030
3311.81765 18.227 0.037
3315.85711 18.198 0.034
3321.72421 18.225 0.039
3324.83214 18.253 0.039
3327.83836 18.215 0.032
3333.82193 18.160 0.044
3336.66391 18.198 0.039
3339.84580 18.231 0.043
3353.74737 18.252 0.032
3357.77499 18.184 0.032
3360.75286 18.209 0.029
3363.82741 18.181 0.036
3370.78467 18.146 0.041
3376.73673 18.205 0.036
3378.76195 18.286 0.039
3394.64544 18.295 0.044
3396.67181 18.300 0.041
3399.79901 18.115 0.046
3402.70901 18.213 0.030
3409.55752 18.236 0.037
3413.55617 18.228 0.037
3413.60073 18.274 0.032
3418.54836 18.345 0.051
3426.54411 18.252 0.037
3432.52996 18.241 0.029
3439.50607 18.248 0.046
3447.53150 18.181 0.041
3457.50842 18.165 0.044
3594.92119 18.157 0.043
3603.86240 18.246 0.043
3619.91800 18.226 0.048
3620.89872 18.193 0.027
3630.80983 18.199 0.051
3637.74947 18.202 0.048
3640.80644 18.223 0.030
3651.83900 18.236 0.041
3654.88513 18.145 0.034
3658.85111 18.202 0.037
3660.84848 18.241 0.046
3664.85808 18.212 0.030
3666.85466 18.252 0.048
3668.84198 18.207 0.036
3672.83064 18.202 0.032
3676.71740 18.210 0.032
3685.78729 18.197 0.032
3688.72142 18.207 0.030
3690.79618 18.269 0.037
3693.69788 18.217 0.037
3695.86279 18.212 0.043
3699.75328 18.158 0.027
3701.80638 18.242 0.034
3703.80509 18.222 0.029
3706.68067 18.194 0.027
3711.71587 18.200 0.030
3713.80375 18.258 0.034
3715.78027 18.194 0.030
3718.74917 18.178 0.036
3722.64407 18.266 0.036
3726.72624 18.244 0.041
3727.86220 18.222 0.057
3728.78857 18.208 0.029
3730.75833 18.158 0.029
3732.83381 18.224 0.029
3734.82670 18.192 0.029
3735.67504 18.203 0.025
3737.83358 18.211 0.025
3739.85226 18.183 0.029
3741.59052 18.232 0.034
3743.76246 18.276 0.037
3746.80485 18.250 0.039
3748.78360 18.176 0.050
3750.79837 18.242 0.041
3753.67143 18.215 0.036
3755.75302 18.234 0.037
3757.77246 18.200 0.029
3760.75213 18.226 0.036
3763.70505 18.221 0.022
3766.72184 18.268 0.044
3770.74929 18.240 0.046
3774.62263 18.232 0.036
3777.58121 18.120 0.032
3779.70547 18.187 0.044
3781.74552 18.170 0.039
3786.59791 18.229 0.037
3793.54755 18.223 0.036
3801.53748 18.211 0.029
3811.53003 18.226 0.050
3828.49389 18.166 0.039
3958.91930 18.267 0.044
3965.87275 18.195 0.029
3970.89291 18.280 0.034
3982.84349 18.229 0.036
3993.79663 18.291 0.053
4002.85706 18.214 0.029
4004.87535 18.242 0.029
4006.78484 18.181 0.029
4008.80590 18.252 0.030
4013.81749 18.207 0.043
4019.82028 18.239 0.032
4024.81178 18.202 0.032
4026.88082 18.286 0.046
4029.82683 18.200 0.036
4032.86160 18.219 0.037
4039.69380 18.230 0.036
4041.76754 18.206 0.034
4043.77261 18.203 0.046
4046.86565 18.166 0.048
4049.73579 18.217 0.029
4052.79731 18.254 0.030
4056.84259 18.192 0.027
4059.73726 18.288 0.036
4064.85103 18.206 0.027
4066.80745 18.194 0.032
4068.84229 18.276 0.032
4070.76468 18.203 0.037
4074.80352 18.173 0.036
4077.85231 18.210 0.036
4080.73206 18.234 0.043
4083.71872 18.128 0.037
4085.78233 18.231 0.053
4095.64364 18.170 0.030
4103.77408 18.186 0.044
4106.60484 18.311 0.059
4112.77915 18.226 0.036
4117.76166 18.249 0.048
4121.77366 18.171 0.043
4126.75316 18.126 0.039
4129.78676 18.180 0.027
4143.56358 18.195 0.030
4157.56157 18.214 0.044
4169.51850 18.217 0.037
4199.48791 18.204 0.043
4343.88040 18.221 0.039
4348.85313 18.198 0.034
4353.88070 18.202 0.036
4358.83289 18.222 0.051
4363.84973 18.275 0.048
4367.83790 18.220 0.039
4371.78743 18.198 0.041
4378.72686 18.254 0.037
4381.76245 18.158 0.048
4386.87998 18.158 0.044
4390.84201 18.156 0.032
4395.70884 18.126 0.051
4399.86748 18.284 0.050
4408.72134 18.191 0.048
4412.80485 18.174 0.039
4427.75637 18.207 0.043
4430.75972 18.213 0.046
4433.77717 18.160 0.036
4437.70376 18.257 0.050
4440.72340 18.199 0.037
4443.84100 18.279 0.051
4449.78276 18.183 0.044
4451.81837 18.198 0.039
4455.78806 18.220 0.041
4458.76673 18.237 0.037
4462.76077 18.212 0.030
4464.80632 18.183 0.039
4467.77743 18.221 0.034
4472.69335 18.226 0.030
4476.78035 18.180 0.032
4480.73079 18.216 0.029
4484.81021 18.195 0.030
4488.73111 18.237 0.050
4492.75037 18.220 0.039
4497.75467 18.219 0.034
4500.62773 18.254 0.032
4502.73753 18.260 0.048
4507.74154 18.201 0.043
4509.69224 18.175 0.037
4512.74062 18.170 0.032
4518.68939 18.252 0.066
4521.72689 18.245 0.048
4524.62648 18.178 0.036
4530.65253 18.190 0.037
4533.61820 18.167 0.030
4538.63569 18.263 0.048
4542.54244 18.216 0.053
4545.62735 18.214 0.037
4551.51866 18.266 0.044
4558.57960 18.219 0.034
4565.53292 18.179 0.043
4573.53579 18.234 0.046
4588.50403 18.180 0.041
4618.47100 18.344 0.074
4685.91021 18.211 0.034
4699.87341 18.177 0.037
4709.82438 18.169 0.036
4720.87118 18.196 0.030
4725.81181 18.266 0.039
4729.79134 18.239 0.039
4734.88592 18.279 0.046
4740.80180 18.213 0.046
4749.71819 18.235 0.046
4753.87842 18.214 0.048
4757.85166 18.197 0.039
4760.87379 18.216 0.034
4766.67790 18.219 0.043
4769.78254 18.184 0.039
4772.81461 18.212 0.057
4775.83219 18.203 0.041
4777.84574 18.238 0.037
4782.69610 18.219 0.039
4786.74683 18.279 0.043
4789.70796 18.194 0.032
4792.82540 18.280 0.043
4795.77909 18.241 0.036
4798.73458 18.183 0.039
4799.76287 18.247 0.046
4801.69560 18.211 0.036
4803.71613 18.170 0.034
4806.68924 18.228 0.043
4808.75149 18.218 0.041
4810.82448 18.215 0.030
4813.79198 18.196 0.051
4815.77585 18.218 0.043
4817.77325 18.205 0.032
4819.78228 18.236 0.036
4822.76214 18.205 0.025
4824.78011 18.188 0.030
4831.62172 18.191 0.043
4834.80216 18.260 0.039
4836.77720 18.246 0.032
4838.78585 18.224 0.034
4841.82706 18.210 0.041
4843.82104 18.195 0.053
4846.81097 18.241 0.034
4850.78793 18.167 0.034
4852.79738 18.241 0.043
4854.79896 18.224 0.037
4856.80514 18.207 0.036
4857.78352 18.128 0.039
4861.76042 18.185 0.037
4867.74050 18.240 0.034
4869.69301 18.213 0.034
4871.70872 18.277 0.051
4874.64189 18.189 0.043
4876.68506 18.164 0.032
4878.72060 18.216 0.037
4880.63222 18.196 0.034
4885.70024 18.286 0.036
4890.56206 18.237 0.034
4900.66717 18.169 0.044
4903.60649 18.336 0.051
4914.57942 18.194 0.046
4918.57753 18.193 0.037
4924.59578 18.262 0.032
4928.58554 18.192 0.037
4930.59042 18.150 0.037
4933.55247 18.211 0.037
4937.55207 18.192 0.030
4941.56510 18.225 0.046
4946.56166 18.255 0.041
4950.54033 18.207 0.055
