2177.79396 18.242 0.031
2187.84239 18.260 0.038
2194.81077 18.333 0.037
2206.81992 18.139 0.039
2215.86452 18.280 0.036
2216.81097 18.329 0.036
2225.74569 18.300 0.032
2225.77346 18.348 0.030
2227.81984 18.262 0.029
2229.82580 18.185 0.034
2231.79415 18.306 0.039
2233.76223 18.518 0.036
2237.68205 18.231 0.038
2239.74289 18.290 0.031
2241.85158 18.297 0.034
2244.71414 18.207 0.036
2250.64739 18.218 0.031
2252.74152 18.240 0.034
2254.79668 18.278 0.028
2256.77673 18.313 0.031
2258.77300 18.272 0.032
2262.73761 18.252 0.030
2266.80612 18.244 0.032
2270.69302 18.295 0.032
2272.78707 18.277 0.040
2275.67866 18.143 0.029
2277.84227 18.307 0.030
2279.67296 18.452 0.036
2281.84691 18.258 0.027
2282.85813 18.215 0.036
2288.84726 18.234 0.034
2289.64105 18.250 0.026
2291.64980 18.183 0.025
2293.85754 18.313 0.052
2295.63908 18.581 0.036
2297.63026 18.236 0.028
2299.63592 18.234 0.030
2301.81072 18.307 0.055
2302.82051 18.417 0.062
2303.80159 18.358 0.047
2304.60426 18.315 0.044
2325.60484 18.296 0.040
2329.54435 18.236 0.049
2336.50153 18.187 0.087
2341.55927 18.363 0.034
2359.49211 18.216 0.045
2391.58534 18.264 0.061
2553.86544 18.243 0.036
2558.78217 18.560 0.048
2562.79593 18.173 0.036
2566.81794 18.277 0.067
2579.81646 18.251 0.038
2586.85446 18.269 0.034
2591.82930 18.273 0.028
2598.79389 18.327 0.042
2606.82608 18.274 0.030
2610.75565 18.279 0.052
2615.70180 18.291 0.035
2619.76433 18.261 0.031
2622.66157 18.236 0.038
2625.72745 18.234 0.030
2628.69242 18.375 0.040
2634.78754 18.300 0.039
2636.80117 18.420 0.043
2639.71715 18.188 0.027
2642.79494 18.349 0.040
2644.79365 18.304 0.032
2646.78066 18.242 0.040
2649.80324 18.252 0.031
2651.82294 18.585 0.046
2653.70059 18.296 0.042
2656.78442 18.273 0.047
2658.77973 18.258 0.054
2660.81345 18.263 0.035
2662.81151 18.251 0.043
2665.58348 18.262 0.037
2668.61224 18.289 0.048
2671.81455 18.192 0.032
2674.73582 18.345 0.038
2676.80985 18.325 0.051
2679.57862 18.217 0.034
2680.78428 18.239 0.029
2685.52555 18.276 0.055
2689.56026 18.306 0.053
2693.57723 18.214 0.029
2698.51016 18.687 0.068
2703.52921 18.176 0.034
2704.50821 18.313 0.046
2710.50473 18.226 0.046
2728.48546 18.355 0.048
2877.88466 18.365 0.037
2894.88837 18.229 0.032
2899.89557 18.686 0.046
2905.85300 18.235 0.038
2908.85600 18.304 0.034
2912.87890 18.223 0.027
2918.83216 18.224 0.038
2924.76889 18.334 0.044
2927.80005 18.241 0.038
2931.87822 18.295 0.036
2935.77308 18.231 0.035
2941.73182 18.229 0.029
2944.76312 18.297 0.038
2948.72625 18.223 0.035
2951.78171 18.233 0.031
2955.66150 18.279 0.051
2957.80610 18.228 0.038
2961.82459 18.723 0.045
2964.77209 18.222 0.035
2966.85110 18.258 0.031
2970.84603 18.286 0.029
2974.78397 18.246 0.029
2976.70313 18.347 0.036
2978.77395 18.324 0.036
2980.79461 18.182 0.032
2982.79078 18.241 0.034
2984.84908 18.340 0.034
2987.81908 18.194 0.035
2989.82184 18.234 0.031
2991.83273 18.281 0.032
2993.82511 18.348 0.034
2996.79323 18.212 0.028
2998.80492 18.275 0.035
3000.81548 18.414 0.044
3002.80904 18.303 0.035
3004.83092 18.234 0.030
3006.81757 18.262 0.029
3007.81770 18.371 0.027
3009.78076 18.349 0.029
3011.83752 18.228 0.042
3013.80677 18.239 0.032
3016.82999 18.328 0.031
3017.81432 18.330 0.039
3019.76794 18.242 0.030
3021.65469 18.241 0.023
3023.80692 18.678 0.046
3025.80957 18.292 0.025
3027.83057 18.206 0.032
3029.81325 18.256 0.034
3032.66198 18.312 0.035
3034.74454 18.240 0.030
3036.77141 18.256 0.028
3039.68181 18.455 0.040
3041.77124 18.232 0.036
3043.72230 18.235 0.044
3044.73321 18.274 0.044
3046.71527 18.302 0.049
3048.74831 18.251 0.029
3049.73842 18.208 0.031
3051.65804 18.214 0.031
3053.63320 18.300 0.026
3055.65039 18.333 0.035
3057.70081 18.238 0.028
3059.67428 18.230 0.030
3062.57631 18.371 0.042
3066.66483 18.202 0.028
3069.66030 18.325 0.036
3071.59373 18.271 0.046
3074.60719 18.208 0.037
3077.50889 18.413 0.042
3079.71311 18.323 0.028
3083.61050 18.256 0.029
3086.57491 18.354 0.043
3088.63809 18.270 0.038
3091.64239 18.278 0.034
3097.56972 18.161 0.040
3100.60334 18.380 0.046
3103.61443 18.238 0.036
3110.59723 18.361 0.054
3114.55563 18.399 0.042
3123.57349 18.226 0.048
3129.55071 18.265 0.044
3135.48705 18.260 0.049
3146.48594 18.414 0.047
3244.90825 18.298 0.032
3250.88659 18.250 0.029
3261.81247 18.297 0.034
3266.82682 18.262 0.036
3272.77706 18.374 0.042
3279.86834 18.432 0.032
3283.73134 18.265 0.023
3295.87809 18.267 0.026
3300.73332 18.318 0.038
3301.84963 18.314 0.039
3301.85588 18.372 0.042
3301.85870 18.389 0.040
3301.86123 18.665 0.053
3302.77075 18.753 0.067
3305.83889 18.232 0.030
3307.86380 18.202 0.045
3310.69034 18.366 0.042
3314.83741 18.243 0.035
3321.80125 18.180 0.027
3324.73560 18.321 0.037
3329.64193 18.221 0.030
3335.71404 18.146 0.043
3340.73472 18.379 0.032
3351.60421 18.256 0.036
3354.79853 18.268 0.031
3357.83126 18.365 0.030
3359.85521 18.264 0.035
3366.79500 18.299 0.036
3376.82259 18.205 0.029
3378.84573 18.390 0.042
3385.61883 18.207 0.028
3388.78543 18.467 0.046
3394.78334 18.362 0.051
3396.78987 18.388 0.040
3402.76403 18.313 0.030
3405.55910 18.268 0.030
3413.62290 18.286 0.030
3418.57756 18.332 0.032
3426.57168 18.545 0.043
3432.58806 18.298 0.025
3439.53911 18.269 0.034
3449.49749 18.288 0.039
3459.48263 18.305 0.043
3607.88076 18.239 0.035
3625.89209 18.261 0.035
3630.88700 18.278 0.038
3631.76904 18.212 0.047
3638.83857 18.295 0.032
3640.88815 18.247 0.030
3652.79448 18.312 0.027
3655.83171 18.231 0.025
3659.81551 18.361 0.038
3663.77902 18.268 0.037
3669.84925 18.267 0.036
3670.85591 18.262 0.035
3673.76094 18.334 0.032
3681.82229 18.300 0.035
3686.71490 18.203 0.034
3688.82589 18.276 0.029
3692.78636 18.207 0.030
3694.69522 18.271 0.030
3696.81635 18.313 0.029
3699.82898 18.285 0.027
3702.68976 18.282 0.027
3704.78678 18.295 0.026
3706.86031 18.155 0.042
3711.76643 18.234 0.026
3714.65138 18.306 0.028
3717.83278 18.216 0.029
3722.85485 18.336 0.038
3726.80924 18.264 0.028
3730.80570 18.277 0.028
3733.77150 18.214 0.025
3735.81428 18.316 0.029
3738.78697 18.307 0.031
3740.85075 18.203 0.029
3742.86066 18.302 0.043
3746.82701 18.270 0.030
3748.80563 18.221 0.042
3750.82801 18.258 0.044
3752.84040 18.344 0.044
3753.81645 18.307 0.036
3755.82925 18.211 0.036
3757.73601 18.267 0.027
3762.79653 18.196 0.030
3767.61235 18.650 0.039
3771.70701 18.242 0.026
3774.69908 18.340 0.029
3777.68858 18.308 0.032
3780.61336 18.215 0.034
3784.59108 18.316 0.036
3789.55731 18.313 0.028
3795.55936 18.194 0.034
3802.55759 18.224 0.036
3813.53039 18.317 0.037
3832.48250 18.254 0.045
3960.90772 18.352 0.030
3975.81365 18.424 0.040
3983.91871 18.257 0.031
3986.78235 18.300 0.037
3994.83097 18.231 0.032
4003.80996 18.243 0.025
4006.86516 18.190 0.027
4009.79904 18.289 0.037
4016.78243 18.296 0.036
4020.78779 18.207 0.028
4024.88671 18.198 0.054
4027.79117 18.236 0.028
4030.73102 18.343 0.034
4036.79787 18.296 0.026
4039.76840 18.310 0.031
4041.84439 18.290 0.029
4045.74941 18.356 0.046
4047.72717 18.350 0.039
4050.68250 18.215 0.028
4053.65438 18.360 0.028
4057.81313 18.196 0.031
4060.72688 18.241 0.021
4065.81011 18.269 0.025
4068.77819 18.292 0.026
4070.82303 18.294 0.032
4075.65686 18.313 0.032
4078.82973 18.408 0.039
4082.76093 18.241 0.032
4084.83085 18.326 0.035
4087.70029 18.267 0.030
4096.69256 18.163 0.030
4103.85881 18.268 0.037
4106.72264 18.268 0.035
4113.78792 18.209 0.025
4122.76131 18.271 0.023
4128.68896 18.239 0.037
4145.67310 18.333 0.051
4149.65371 18.249 0.042
4158.56687 18.166 0.031
4170.52453 18.508 0.040
4344.87683 18.279 0.039
4349.81406 18.309 0.039
4354.85612 18.280 0.042
4361.88487 18.288 0.062
4362.83392 18.332 0.044
4365.87691 18.342 0.042
4369.84848 18.264 0.038
4372.89832 18.324 0.045
4373.86365 18.308 0.032
4378.82107 18.321 0.032
4382.77745 18.251 0.039
4387.77935 18.644 0.046
4391.78511 18.245 0.031
4396.81737 18.309 0.039
4400.82529 18.287 0.039
4408.83695 18.246 0.037
4415.79300 18.229 0.031
4424.70049 18.285 0.036
4428.72188 18.278 0.048
4430.84790 18.239 0.052
4434.67511 18.343 0.031
4437.79308 18.207 0.034
4440.82101 18.330 0.040
4444.76552 18.241 0.055
4450.79371 18.369 0.038
4452.82468 18.242 0.032
4455.83543 18.291 0.040
4458.84256 18.298 0.070
4463.83045 18.322 0.034
4466.77700 18.304 0.030
4469.80139 18.173 0.040
4472.79685 18.341 0.030
4480.81581 18.638 0.038
4484.83256 18.220 0.029
4488.78222 18.389 0.054
4492.77228 18.216 0.036
4497.67134 18.226 0.030
4501.58206 18.266 0.037
4506.67610 18.224 0.039
4508.72279 18.259 0.036
4518.74019 18.422 0.067
4520.74434 18.219 0.059
4522.59733 18.221 0.038
4524.70532 18.229 0.034
4525.70707 18.254 0.035
4531.66676 18.243 0.030
4535.65040 18.309 0.043
4539.63244 18.294 0.039
4542.63415 18.664 0.056
4546.51914 18.210 0.044
4551.59392 18.252 0.036
4560.59577 18.234 0.034
4567.59976 18.288 0.043
4573.55758 18.659 0.057
4576.50632 18.258 0.056
4591.51382 18.255 0.040
4600.52145 18.249 0.046
4609.48559 18.193 0.056
4688.90313 18.314 0.031
4700.89983 18.250 0.036
4709.90217 18.216 0.031
4715.89195 18.308 0.038
4721.86920 18.350 0.031
4726.85347 18.263 0.035
4729.87095 18.351 0.036
4741.83924 18.235 0.030
4749.81939 18.228 0.034
4754.84783 18.256 0.039
4758.78241 18.304 0.031
4761.81702 18.260 0.028
4767.69553 18.272 0.039
4769.85713 18.245 0.037
4773.74942 18.278 0.030
4776.69028 18.293 0.047
4778.80736 18.249 0.030
4782.77115 18.358 0.031
4786.82165 18.193 0.030
4786.85930 18.306 0.042
4787.78733 18.281 0.032
4790.68206 18.701 0.037
4793.79275 18.162 0.031
4795.85620 18.241 0.036
4796.77936 18.307 0.030
4799.80991 18.287 0.030
4801.80488 18.238 0.026
4804.71099 18.304 0.035
4806.76422 18.274 0.029
4808.84406 18.180 0.037
4809.74263 18.214 0.030
4811.72183 18.119 0.053
4814.78158 18.384 0.042
4815.85073 18.316 0.047
4816.77532 18.223 0.031
4817.85382 18.213 0.035
4818.80276 18.211 0.035
4821.77340 18.614 0.031
4823.83094 18.210 0.051
4826.82360 18.276 0.028
4833.79424 18.204 0.023
4837.82824 18.211 0.038
4840.79033 18.231 0.053
4842.84645 18.300 0.048
4844.78792 18.315 0.060
4847.82453 18.236 0.036
4850.83500 18.282 0.030
4852.81931 18.581 0.047
4857.80531 18.258 0.035
4863.74092 18.197 0.031
4867.79129 18.466 0.040
4869.75117 18.344 0.037
4874.73279 18.160 0.046
4875.73324 18.370 0.039
4876.73151 18.302 0.032
4877.71963 18.303 0.035
4880.69235 18.231 0.023
4881.72466 18.287 0.034
4883.59767 18.610 0.035
4886.58778 18.227 0.030
4891.56199 18.429 0.035
4903.54576 18.215 0.036
4914.63014 18.642 0.043
4917.59738 18.250 0.029
4919.63492 18.186 0.028
4921.59403 18.287 0.062
4925.61746 18.259 0.032
4928.60603 18.310 0.039
4930.61070 18.335 0.040
4933.59965 18.148 0.043
4936.57049 18.296 0.054
4940.58521 18.204 0.036
4944.55319 18.259 0.032
4948.54791 18.235 0.034
