2165.90054 16.694 0.012
2166.81917 16.688 0.011
2172.86794 16.703 0.011
2183.87927 16.722 0.012
2189.82525 16.681 0.012
2191.85442 16.673 0.010
2200.86116 16.680 0.011
2212.77512 16.744 0.011
2223.78032 16.668 0.010
2226.75516 16.694 0.011
2228.79869 16.685 0.011
2232.73234 16.695 0.010
2234.72609 16.684 0.011
2238.67695 16.698 0.011
2240.80588 16.684 0.011
2242.81165 16.702 0.012
2244.85830 16.686 0.012
2249.74112 16.676 0.010
2251.77357 16.725 0.011
2253.73173 16.687 0.010
2255.84755 16.700 0.011
2258.65450 16.685 0.010
2261.64009 16.685 0.011
2265.68226 16.692 0.011
2271.65524 16.675 0.011
2273.65093 16.653 0.011
2275.76119 16.705 0.011
2277.75598 16.680 0.010
2279.76108 16.674 0.010
2281.77494 16.688 0.010
2283.77807 16.651 0.009
2289.70720 16.673 0.010
2293.68676 16.663 0.011
2295.71349 16.718 0.010
2297.70436 16.721 0.011
2299.70312 16.688 0.010
2302.57399 16.691 0.011
2317.62349 16.649 0.011
2326.54175 16.671 0.011
2331.57690 16.678 0.011
2338.50940 16.711 0.013
2344.50219 16.684 0.012
2354.50393 16.664 0.014
2368.48794 16.699 0.015
2401.48985 16.685 0.012
2520.89884 16.675 0.012
2521.87817 16.718 0.011
2537.83157 16.695 0.014
2539.80719 16.688 0.012
2542.79961 16.684 0.011
2545.78127 16.724 0.012
2551.84522 16.706 0.011
2555.86922 16.714 0.011
2559.77816 16.689 0.011
2563.82836 16.687 0.011
2577.81878 16.684 0.011
2580.84823 16.678 0.010
2589.75452 16.738 0.011
2594.76937 16.741 0.016
2599.81507 16.735 0.011
2609.62755 16.709 0.014
2613.71913 16.723 0.013
2620.75192 16.691 0.010
2623.69625 16.710 0.011
2627.59245 16.686 0.013
2629.61774 16.688 0.011
2634.66189 16.675 0.011
2637.68789 16.691 0.011
2639.80268 16.681 0.010
2641.62533 16.678 0.011
2645.62908 16.700 0.011
2646.65650 16.679 0.011
2650.71236 16.669 0.011
2652.69888 16.697 0.011
2654.80755 16.697 0.011
2657.72208 16.713 0.011
2659.69105 16.689 0.011
2661.79075 16.668 0.011
2665.76071 16.669 0.011
2667.78087 16.728 0.011
2671.70643 16.684 0.012
2673.66899 16.680 0.011
2675.69680 16.669 0.010
2677.73145 16.744 0.011
2679.72218 16.658 0.011
2681.73824 16.710 0.011
2686.54689 16.775 0.017
2690.62513 16.692 0.011
2695.55570 16.687 0.011
2700.50673 16.704 0.017
2705.57862 16.690 0.011
2712.54108 16.672 0.012
2734.49074 16.688 0.014
2869.87245 16.689 0.012
2883.92198 16.694 0.011
2890.80189 16.686 0.013
2895.83763 16.669 0.011
2900.79325 16.671 0.010
2906.82426 16.683 0.010
2910.85771 16.668 0.010
2915.85395 16.676 0.010
2921.85622 16.684 0.011
2925.80175 16.676 0.011
2925.83231 16.664 0.011
2929.83667 16.670 0.011
2933.78333 16.663 0.010
2939.79184 16.667 0.012
2942.76726 16.682 0.011
2946.78768 16.668 0.011
2948.83281 16.672 0.011
2952.77206 16.687 0.011
2955.82911 16.685 0.012
2957.75671 16.683 0.011
2961.74002 16.730 0.011
2963.79826 16.688 0.012
2966.73769 16.691 0.009
2970.66426 16.688 0.011
2974.66641 16.682 0.011
2975.79159 16.703 0.011
2979.82802 16.666 0.011
2981.83528 16.686 0.016
2983.73607 16.671 0.011
2986.71854 16.682 0.011
2988.68539 16.657 0.011
2990.70594 16.717 0.010
2992.70688 16.678 0.011
2994.79763 16.690 0.010
2996.67313 16.690 0.010
2998.65642 16.674 0.011
3000.67321 16.709 0.011
3002.66040 16.676 0.010
3004.66020 16.688 0.010
3006.60589 16.680 0.010
3008.66891 16.716 0.014
3010.68043 16.693 0.011
3012.77587 16.682 0.013
3016.69459 16.683 0.011
3018.68445 16.698 0.011
3020.75978 16.705 0.012
3022.78623 16.670 0.010
3024.73484 16.696 0.011
3026.70386 16.697 0.011
3028.73963 16.684 0.009
3030.74461 16.690 0.011
3033.66656 16.679 0.010
3035.67273 16.722 0.011
3038.65640 16.696 0.011
3041.55355 16.670 0.011
3043.58333 16.705 0.013
3045.62235 16.694 0.011
3047.57654 16.699 0.011
3049.58223 16.693 0.011
3050.55286 16.696 0.010
3052.54715 16.679 0.011
3054.54877 16.692 0.011
3056.54789 16.672 0.011
3058.54094 16.743 0.011
3060.56209 16.696 0.011
3067.59743 16.718 0.013
3069.58226 16.697 0.011
3072.63038 16.672 0.012
3075.58494 16.699 0.011
3077.66779 16.675 0.011
3081.65976 16.674 0.011
3084.57191 16.677 0.010
3087.53197 16.724 0.011
3089.63551 16.700 0.011
3098.57721 16.683 0.011
3101.53752 16.702 0.013
3104.50896 16.700 0.011
3110.51729 16.696 0.013
3113.50096 16.692 0.013
3125.49836 16.701 0.012
3135.46427 16.709 0.013
3229.87842 16.707 0.010
3239.89240 16.693 0.011
3247.86332 16.690 0.011
3256.83474 16.667 0.011
3262.91047 16.689 0.011
3268.83219 16.679 0.010
3273.79105 16.681 0.011
3276.87657 16.668 0.011
3283.88657 16.678 0.010
3289.80049 16.714 0.010
3294.79844 16.715 0.010
3296.80384 16.686 0.009
3298.83440 16.701 0.010
3301.65472 16.703 0.012
3303.80617 16.720 0.012
3306.79859 16.669 0.011
3308.81536 16.685 0.011
3310.84774 16.692 0.011
3314.81524 16.700 0.011
3321.69405 16.661 0.010
3325.75193 16.657 0.010
3329.78719 16.671 0.009
3334.68329 16.690 0.011
3338.73933 16.726 0.010
3349.71152 16.675 0.011
3352.62600 16.741 0.011
3355.64787 16.673 0.010
3359.70688 16.702 0.010
3363.67556 16.714 0.011
3363.68480 16.707 0.011
3369.74691 16.699 0.011
3372.65680 16.712 0.010
3377.69096 16.718 0.010
3381.79667 16.697 0.010
3386.77358 16.694 0.009
3391.56433 16.724 0.011
3395.61526 16.687 0.011
3398.67588 16.687 0.011
3400.66226 16.697 0.012
3403.65100 16.695 0.011
3406.58497 16.689 0.010
3410.60279 16.691 0.009
3415.55833 16.709 0.011
3421.56277 16.736 0.011
3436.55605 16.707 0.010
3442.53533 16.700 0.012
3452.51855 16.688 0.010
3574.90913 16.699 0.011
3585.93193 16.695 0.010
3588.89945 16.732 0.010
3590.90138 16.704 0.009
3614.89069 16.700 0.010
3629.78609 16.715 0.011
3634.74424 16.710 0.011
3640.73956 16.650 0.010
3644.88291 16.689 0.010
3650.79266 16.699 0.009
3653.82060 16.695 0.011
3656.87656 16.697 0.010
3661.78299 16.762 0.011
3666.78016 16.733 0.011
3671.77857 16.736 0.010
3675.79301 16.701 0.010
3683.81614 16.687 0.009
3686.86377 16.730 0.011
3689.78161 16.712 0.010
3692.70215 16.687 0.010
3694.83439 16.699 0.010
3696.65494 16.696 0.010
3699.66721 16.724 0.009
3701.71834 16.692 0.010
3704.73963 16.706 0.010
3706.73814 16.692 0.009
3711.62992 16.689 0.011
3713.64355 16.684 0.010
3716.67703 16.686 0.011
3719.65427 16.713 0.011
3725.73760 16.701 0.011
3727.68554 16.671 0.011
3730.61387 16.687 0.009
3733.60255 16.702 0.009
3734.70538 16.731 0.010
3736.72435 16.681 0.010
3738.64625 16.706 0.010
3740.68129 16.689 0.010
3743.64677 16.714 0.011
3746.71942 16.705 0.012
3748.67326 16.686 0.011
3750.56555 16.680 0.011
3752.68678 16.669 0.010
3754.67460 16.688 0.011
3756.76997 16.682 0.015
3758.69604 16.688 0.012
3760.77768 16.674 0.011
3762.65413 16.698 0.009
3765.64473 16.664 0.008
3769.71664 16.706 0.009
3772.68482 16.666 0.010
3775.65625 16.689 0.011
3778.65525 16.721 0.011
3781.71629 16.665 0.011
3786.53931 16.690 0.010
3791.53491 16.690 0.010
3798.53524 16.706 0.011
3805.52042 16.679 0.011
3819.49925 16.676 0.010
3937.93945 16.695 0.011
3961.89415 16.715 0.011
3968.87668 16.692 0.012
3974.86138 16.718 0.012
3981.76979 16.696 0.010
3987.89378 16.676 0.010
3995.80142 16.716 0.011
4002.80087 16.681 0.009
4004.82201 16.734 0.010
4007.75471 16.684 0.009
4011.73542 16.689 0.010
4018.77482 16.710 0.011
4023.76924 16.736 0.009
4026.68522 16.665 0.010
4028.82124 16.716 0.010
4031.70898 16.704 0.010
4037.80937 16.698 0.010
4040.78465 16.713 0.010
4042.80014 16.689 0.010
4046.67490 16.692 0.011
4048.76428 16.709 0.010
4051.75393 16.707 0.011
4053.80524 16.712 0.010
4056.62510 16.721 0.011
4059.63614 16.694 0.010
4064.65879 16.661 0.009
4067.65931 16.730 0.010
4069.64739 16.685 0.010
4072.68456 16.733 0.010
4076.75497 16.661 0.011
4079.62990 16.674 0.010
4082.65054 16.699 0.011
4084.73103 16.690 0.011
4087.65077 16.709 0.009
4093.79910 16.697 0.010
4102.60535 16.686 0.010
4104.77406 16.664 0.011
4109.63087 16.678 0.011
4113.65415 16.702 0.009
4118.56113 16.703 0.011
4120.64714 16.704 0.009
4123.72129 16.688 0.009
4124.67796 16.656 0.009
4127.63184 16.684 0.009
4132.60984 16.680 0.011
4142.54474 16.673 0.011
4150.52183 16.706 0.011
4153.59636 16.689 0.011
4165.51861 16.674 0.012
4180.51663 16.685 0.013
4341.83117 16.683 0.012
4345.89031 16.676 0.011
4350.86480 16.683 0.011
4355.87237 16.688 0.012
4361.83318 16.751 0.014
4364.83998 16.666 0.012
4367.75248 16.689 0.012
4370.78936 16.665 0.012
4376.82448 16.729 0.011
4379.83082 16.680 0.011
4383.83509 16.676 0.011
4388.77499 16.660 0.011
4392.82921 16.687 0.010
4397.87821 16.698 0.014
4403.71787 16.686 0.011
4410.84507 16.728 0.011
4417.73299 16.677 0.010
4421.70894 16.678 0.010
4421.76489 16.683 0.010
4425.72899 16.688 0.011
4429.69319 16.734 0.013
4431.83301 16.686 0.015
4435.85182 16.704 0.012
4439.70550 16.736 0.011
4442.68276 16.684 0.011
4448.73182 16.686 0.011
4450.74311 16.698 0.012
4453.71873 16.677 0.010
4456.73213 16.672 0.011
4458.67973 16.688 0.011
4461.62984 16.670 0.010
4465.65064 16.675 0.010
4468.68141 16.705 0.010
4473.61771 16.706 0.011
4477.70520 16.686 0.011
4479.72680 16.691 0.011
4483.68670 16.713 0.011
4486.68516 16.671 0.012
4490.68341 16.678 0.012
4493.75417 16.724 0.012
4498.61908 16.706 0.011
4501.61213 16.686 0.011
4503.60861 16.676 0.011
4508.55593 16.677 0.011
4510.63739 16.672 0.011
4516.51809 16.688 0.014
4520.60812 16.683 0.012
4523.59162 16.672 0.011
4530.53502 16.701 0.012
4532.50704 16.710 0.013
4535.58612 16.683 0.012
4538.60674 16.676 0.012
4540.57599 16.664 0.012
4544.54186 16.656 0.012
4546.59390 16.700 0.014
4559.52251 16.689 0.013
4566.54483 16.699 0.011
4574.50325 16.680 0.012
4591.46666 16.674 0.012
4677.93975 16.674 0.011
4681.89485 16.675 0.011
4691.86038 16.673 0.012
4704.89119 16.745 0.012
4717.85260 16.663 0.008
4722.87671 16.677 0.010
4726.81759 16.676 0.011
4730.83946 16.685 0.010
4747.81072 16.684 0.010
4750.88405 16.670 0.010
4756.78146 16.696 0.011
4759.82865 16.696 0.010
4762.78835 16.704 0.011
4768.76639 16.704 0.011
4771.80833 16.689 0.010
4774.78905 16.671 0.010
4776.84276 16.698 0.012
4780.77574 16.687 0.011
4783.77369 16.671 0.010
4788.70019 16.672 0.011
4790.86383 16.680 0.011
4794.64645 16.683 0.011
4797.66373 16.693 0.011
4800.70985 16.680 0.010
4802.74157 16.692 0.010
4805.71089 16.685 0.010
4806.67843 16.732 0.011
4807.67348 16.690 0.011
4808.64149 16.692 0.011
4808.77717 16.694 0.010
4809.66624 16.677 0.011
4809.81805 16.673 0.010
4810.65183 16.690 0.010
4810.80537 16.681 0.010
4811.63876 16.703 0.011
4811.81354 16.706 0.012
4812.65383 16.686 0.012
4813.67655 16.685 0.012
4814.64189 16.678 0.011
4815.71026 16.696 0.011
4816.64355 16.699 0.011
4818.66571 16.681 0.011
4820.67259 16.676 0.009
4823.67620 16.676 0.011
4825.76500 16.704 0.011
4831.81039 16.727 0.011
4834.74013 16.696 0.011
4836.74255 16.691 0.010
4838.69311 16.679 0.011
4841.70963 16.673 0.011
4843.70895 16.669 0.011
4846.67486 16.692 0.011
4848.70074 16.700 0.011
4850.69281 16.749 0.011
4852.68703 16.669 0.011
4854.68989 16.671 0.010
4856.68653 16.678 0.010
4859.65912 16.697 0.011
4865.70578 16.706 0.010
4867.64206 16.664 0.010
4870.62749 16.690 0.011
4873.64998 16.671 0.011
4875.60794 16.667 0.010
4877.63334 16.657 0.011
4879.52207 16.718 0.012
4879.56176 16.732 0.010
4882.65484 16.648 0.010
4884.59235 16.720 0.011
4887.62871 16.679 0.010
4901.63188 16.643 0.012
4905.52879 16.687 0.011
4907.57384 16.684 0.011
4908.52052 16.720 0.011
4908.57934 16.697 0.011
4911.54649 16.659 0.011
4911.63256 16.657 0.011
4913.52541 16.725 0.011
4914.53427 16.683 0.011
4916.52436 16.661 0.011
4920.55618 16.660 0.011
4926.51296 16.659 0.012
4931.54977 16.669 0.012
4935.51639 16.697 0.011
4939.52336 16.676 0.011
4943.52305 16.694 0.011
4948.49979 16.677 0.011
4955.48630 16.677 0.011
