2115.93631 19.865 0.199
2116.93721 19.224 0.094
2122.92136 20.308 0.215
2128.92746 20.079 0.253
2130.91232 19.231 0.085
2131.91416 19.652 0.145
2132.90885 19.498 0.105
2134.91389 19.363 0.101
2135.92482 20.016 0.152
2140.91357 19.251 0.090
2142.90189 19.244 0.122
2143.90948 19.353 0.089
2144.91230 19.628 0.105
2156.88489 19.176 0.089
2161.84991 20.251 0.257
2173.86441 19.314 0.065
2190.80163 19.469 0.083
2192.83588 19.292 0.076
2201.82236 19.580 0.077
2214.80394 20.071 0.185
2224.75954 19.620 0.133
2227.66215 19.475 0.107
2229.67561 19.481 0.094
2232.83934 19.530 0.105
2234.83415 19.448 0.071
2237.75457 19.808 0.117
2241.67984 19.963 0.161
2243.73371 19.580 0.114
2248.81430 19.344 0.063
2250.80101 19.340 0.074
2252.66525 19.443 0.085
2254.65634 20.387 0.220
2257.66301 19.781 0.109
2260.66970 19.705 0.100
2266.66121 19.430 0.090
2270.65907 19.754 0.106
2271.80926 19.387 0.064
2272.81721 20.336 0.244
2274.64733 19.554 0.117
2276.76481 19.615 0.109
2277.81814 19.431 0.082
2279.83576 19.544 0.091
2280.80929 19.325 0.065
2282.69479 19.266 0.069
2283.86006 19.346 0.077
2288.76751 19.266 0.078
2290.80371 19.299 0.086
2296.76981 19.238 0.114
2298.72650 19.433 0.098
2300.73701 19.245 0.086
2302.71364 19.668 0.145
2315.64475 19.398 0.082
2327.57405 19.394 0.094
2333.58404 19.562 0.134
2339.56040 20.313 0.185
2345.52147 19.320 0.090
2351.49958 19.334 0.084
2369.49709 20.002 0.200
2385.48276 19.874 0.183
2529.82839 19.636 0.118
2539.83086 20.703 0.335
2545.80153 19.376 0.097
2552.85406 20.001 0.174
2556.84544 19.287 0.073
2560.75386 19.378 0.077
2564.86210 19.403 0.082
2578.78433 19.789 0.123
2583.83871 19.326 0.097
2590.74381 19.194 0.069
2596.75643 19.149 0.083
2605.78368 19.505 0.085
2609.75581 19.199 0.082
2614.71785 19.444 0.103
2618.77304 19.577 0.094
2621.69576 19.560 0.067
2624.60386 19.263 0.091
2627.69980 19.344 0.119
2629.72274 19.269 0.090
2635.69591 19.452 0.073
2638.66690 20.572 0.219
2640.76380 19.626 0.092
2642.72260 19.258 0.100
2644.72530 20.428 0.198
2646.70083 19.414 0.076
2650.73508 19.869 0.131
2652.78900 19.393 0.076
2654.75142 19.397 0.092
2656.66072 19.366 0.093
2658.62247 19.803 0.156
2660.64079 19.417 0.089
2662.65173 19.431 0.095
2664.63042 20.570 0.258
2666.69516 19.376 0.057
2668.68128 19.153 0.064
2670.64338 19.428 0.110
2672.78217 19.359 0.080
2674.68293 19.418 0.084
2676.67201 19.242 0.072
2678.72530 19.265 0.072
2680.63604 19.607 0.083
2682.68467 19.350 0.095
2687.56098 19.451 0.120
2693.52022 19.455 0.097
2696.55689 19.294 0.082
2701.53850 19.504 0.110
2707.54029 19.652 0.134
2714.53240 19.553 0.125
2839.90897 19.362 0.101
2867.88000 19.781 0.137
2885.85768 19.463 0.088
2892.88620 19.325 0.094
2897.85516 19.901 0.147
2903.90095 20.463 0.170
2907.77537 19.579 0.097
2911.81281 19.433 0.066
2916.86323 20.003 0.115
2922.84691 19.303 0.092
2926.77861 19.376 0.076
2930.84830 19.451 0.085
2934.75027 19.328 0.077
2940.72982 19.672 0.091
2943.73540 20.594 0.261
2947.74402 19.360 0.081
2953.70121 19.799 0.152
2956.72656 20.097 0.122
2958.75289 19.141 0.081
2962.76465 19.437 0.075
2965.78840 19.409 0.077
2968.65427 19.264 0.099
2973.67310 19.655 0.103
2975.85720 20.194 0.183
2976.79163 19.578 0.085
2978.69928 19.373 0.080
2980.71172 19.404 0.074
2982.70444 19.844 0.137
2984.75158 19.314 0.073
2988.80462 20.201 0.155
2989.75988 19.554 0.081
2991.65507 19.322 0.067
2993.64237 19.472 0.084
2995.74333 20.190 0.122
2997.72100 19.313 0.068
2999.68517 19.451 0.082
3001.77999 19.869 0.120
3003.75071 19.293 0.068
3005.71257 19.667 0.106
3007.63393 19.297 0.065
3009.63178 20.764 0.325
3011.73134 19.195 0.108
3013.73553 19.273 0.072
3017.73687 19.345 0.081
3019.66492 19.458 0.089
3021.78349 20.760 0.256
3023.64525 19.345 0.058
3024.84636 19.655 0.095
3027.66252 19.340 0.063
3029.64752 19.528 0.076
3031.71748 19.480 0.074
3033.78111 19.398 0.061
3035.78796 19.345 0.074
3038.76558 19.354 0.100
3041.60606 19.281 0.094
3043.64014 19.193 0.097
3045.70306 19.450 0.091
3047.65678 19.198 0.074
3048.58553 19.667 0.072
3050.60386 19.254 0.049
3052.60101 19.437 0.063
3054.60161 19.165 0.074
3056.59893 19.423 0.064
3058.59295 19.792 0.102
3060.64252 19.353 0.067
3068.52842 19.708 0.120
3070.58935 19.303 0.100
3073.62057 19.154 0.091
3076.52054 19.127 0.095
3078.62954 19.349 0.075
3082.60738 19.560 0.080
3085.50843 19.684 0.106
3087.64667 21.541 0.568
3090.61065 19.459 0.098
3096.52864 19.539 0.123
3099.59791 19.369 0.111
3102.57706 19.331 0.089
3104.56377 19.854 0.134
3110.54551 19.222 0.088
3113.52340 19.323 0.101
3128.49523 19.387 0.113
3140.50295 19.887 0.152
3216.86713 19.702 0.184
3241.91011 19.566 0.098
3248.85229 20.301 0.244
3257.88065 19.482 0.073
3264.80199 19.392 0.057
3270.86874 19.376 0.073
3274.75445 19.352 0.103
3277.87644 19.688 0.107
3281.89645 19.781 0.124
3287.75817 19.224 0.051
3295.71655 20.350 0.131
3301.77009 20.576 0.283
3304.83042 19.384 0.077
3307.70395 19.469 0.117
3309.73618 19.265 0.065
3311.73419 19.778 0.098
3320.77710 19.852 0.089
3327.74911 20.975 0.291
3330.70775 19.414 0.089
3334.80665 19.276 0.088
3338.85512 19.322 0.072
3339.75445 19.360 0.078
3354.77038 19.402 0.076
3358.81657 19.297 0.060
3361.84744 19.315 0.061
3365.74913 19.365 0.090
3372.76554 19.536 0.073
3378.67818 19.238 0.058
3391.74596 19.244 0.073
3395.70854 19.534 0.118
3399.71476 20.821 0.308
3403.70206 19.215 0.069
3406.67091 20.313 0.111
3410.62464 19.340 0.052
3415.62184 19.400 0.069
3427.58554 19.203 0.081
3433.60812 19.509 0.114
3438.53736 19.277 0.064
3446.49445 19.883 0.199
3461.51188 19.454 0.076
3473.47115 19.536 0.153
3575.92977 19.335 0.091
3592.92165 19.561 0.067
3601.92169 19.349 0.076
3619.82363 19.705 0.093
3629.89711 19.462 0.080
3633.86213 19.239 0.077
3639.77461 20.267 0.135
3644.81122 19.482 0.072
3651.75357 19.183 0.057
3654.80191 19.250 0.060
3658.76593 19.176 0.075
3661.83667 19.309 0.086
3668.80936 19.446 0.083
3672.79764 19.817 0.095
3676.75441 19.132 0.061
3684.81644 19.573 0.083
3687.79089 19.287 0.059
3690.71071 19.327 0.086
3693.74476 19.277 0.067
3695.77753 19.449 0.058
3698.75926 21.485 0.482
3700.78785 19.373 0.065
3703.71872 19.272 0.052
3705.78588 19.388 0.058
3708.77382 19.160 0.074
3712.73146 19.398 0.061
3714.80167 19.655 0.075
3717.66413 19.238 0.064
3719.83664 19.195 0.089
3721.79756 19.386 0.076
3726.69340 19.103 0.071
3730.72572 19.318 0.059
3732.71776 19.361 0.054
3734.84860 19.164 0.061
3737.74958 20.873 0.189
3739.81957 19.297 0.055
3741.83248 19.244 0.095
3743.72961 19.493 0.089
3746.77208 19.219 0.078
3748.72533 19.613 0.116
3749.73036 19.171 0.082
3751.74223 19.569 0.086
3753.69377 19.409 0.076
3755.69410 19.263 0.068
3759.74932 19.399 0.066
3762.77094 19.277 0.086
3765.75804 19.293 0.065
3770.63047 19.630 0.075
3773.69656 19.485 0.089
3776.66687 19.301 0.081
3779.62144 19.310 0.103
3782.73236 19.078 0.078
3787.59826 19.678 0.091
3792.54899 19.272 0.071
3800.53095 19.206 0.071
3809.53824 19.254 0.106
3823.49828 19.308 0.081
3946.92046 19.199 0.103
3964.87699 21.586 0.441
3969.90105 19.198 0.078
3980.91751 19.618 0.091
3981.87562 19.349 0.093
3989.90419 19.539 0.108
3998.86793 19.539 0.091
3999.83042 19.253 0.060
4001.87946 19.304 0.056
4004.84342 19.450 0.078
4005.85738 19.380 0.066
4008.72368 19.591 0.076
4011.89053 19.369 0.068
4018.85329 19.332 0.072
4023.88564 19.423 0.100
4026.79383 19.437 0.055
4029.74303 19.382 0.089
4031.81642 19.392 0.069
4038.72442 19.273 0.065
4041.68572 19.240 0.076
4043.69057 19.661 0.134
4046.78230 19.481 0.130
4048.87171 19.829 0.212
4049.65326 19.387 0.076
4052.71462 19.393 0.055
4056.75944 20.878 0.342
4058.79177 19.372 0.057
4063.69041 20.812 0.239
4065.86357 19.806 0.144
4066.74772 19.531 0.069
4068.65259 19.243 0.058
4070.67770 19.794 0.102
4073.85150 19.341 0.091
4074.74531 19.567 0.108
4077.79378 19.156 0.063
4079.83872 19.300 0.093
4083.68433 19.916 0.162
4085.75003 19.386 0.083
4093.73455 19.222 0.056
4102.84709 18.856 0.068
4105.80714 19.332 0.085
4109.77704 19.441 0.068
4113.73274 19.349 0.048
4120.76305 19.243 0.060
4122.71956 19.564 0.063
4125.77379 19.112 0.066
4132.66151 19.417 0.084
4142.71242 19.146 0.095
4156.54752 19.434 0.077
4168.50215 19.689 0.169
4197.48146 19.172 0.084
4341.91385 20.560 0.289
4347.86379 19.402 0.076
4353.79875 19.340 0.068
4358.89707 19.522 0.099
4364.86151 19.532 0.116
4367.88597 19.902 0.114
4371.75122 19.324 0.095
4377.80607 19.394 0.076
4380.82259 19.468 0.078
4386.79827 19.438 0.100
4390.76021 19.189 0.071
4394.71634 19.444 0.072
4399.73431 19.384 0.122
4404.73250 19.399 0.114
4412.71281 19.204 0.089
4418.80622 19.326 0.059
4421.85201 19.310 0.068
4426.74994 19.213 0.089
4429.85639 19.546 0.159
4430.67642 19.019 0.089
4432.73652 19.336 0.063
4436.77642 19.409 0.093
4439.84150 19.655 0.137
4443.72136 19.228 0.110
4449.69242 19.262 0.059
4451.70214 19.391 0.098
4455.70128 19.476 0.116
4457.73173 19.396 0.092
4460.80337 19.354 0.100
4463.72163 19.708 0.098
4466.71063 20.021 0.115
4470.65806 19.623 0.089
4473.70083 20.681 0.245
4477.75926 19.430 0.094
4482.76311 19.720 0.132
4486.74015 19.804 0.150
4491.71438 19.178 0.085
4494.65968 19.296 0.093
4498.69331 19.424 0.078
4501.69057 19.208 0.080
4506.62467 20.681 0.304
4508.64771 19.356 0.071
4510.71642 19.294 0.071
4517.65064 19.460 0.099
4521.63026 19.252 0.073
4524.59385 19.175 0.078
4530.61735 19.249 0.077
4532.64558 19.986 0.147
4535.61458 19.464 0.106
4536.61782 19.379 0.067
4539.49980 19.784 0.155
4541.60896 19.459 0.102
4545.53900 19.491 0.094
4556.57502 19.354 0.089
4561.56610 19.289 0.072
4568.52068 19.469 0.101
4580.50646 19.318 0.102
4588.47165 19.328 0.071
4606.46924 19.861 0.148
4683.91626 19.520 0.108
4697.87299 19.062 0.094
4708.85056 19.485 0.076
4720.78909 19.776 0.109
4724.84238 19.230 0.098
4728.83632 19.278 0.078
4733.83980 19.453 0.089
4748.79860 19.429 0.065
4752.87875 19.490 0.090
4757.76920 19.372 0.085
4760.77107 19.408 0.066
4763.82985 19.256 0.088
4769.69966 19.405 0.109
4772.71875 20.080 0.134
4773.72641 19.409 0.075
4773.85447 19.367 0.094
4774.66774 19.263 0.094
4775.74904 19.604 0.098
4776.64497 19.649 0.155
4777.76295 19.294 0.071
4781.79234 19.655 0.134
4784.71369 19.023 0.106
4788.81016 19.620 0.085
4791.82049 21.134 0.307
4791.85789 19.749 0.119
4794.79218 19.344 0.080
4796.67108 19.369 0.071
4797.81150 19.459 0.083
4800.78810 19.332 0.059
4803.63390 19.339 0.090
4805.73217 19.635 0.084
4807.83878 19.775 0.107
4809.71629 19.430 0.081
4812.75282 19.136 0.092
4814.75319 19.689 0.124
4816.74997 19.257 0.069
4818.77758 19.366 0.075
4820.75497 19.279 0.068
4823.78129 19.505 0.083
4826.69825 19.291 0.060
4833.70855 19.332 0.065
4835.69474 19.289 0.076
4836.65289 19.200 0.074
4836.79990 19.549 0.076
4837.69573 19.714 0.133
4837.74311 20.938 0.373
4839.79337 19.413 0.077
4841.75977 19.273 0.085
4843.75901 19.496 0.135
4846.72761 19.354 0.082
4848.73523 19.319 0.068
4853.75737 19.782 0.113
4855.77281 19.553 0.133
4857.75102 19.648 0.119
4859.74070 19.526 0.099
4865.72722 19.282 0.085
4868.72023 19.312 0.073
4871.64339 19.473 0.102
4874.58370 19.808 0.107
4876.55375 19.276 0.058
4878.66019 19.390 0.068
4879.63307 19.326 0.066
4885.56437 19.481 0.086
4888.64769 19.519 0.074
4899.52302 19.361 0.089
4900.70141 19.349 0.108
4901.53211 19.510 0.144
4901.65366 19.214 0.108
4908.60165 19.247 0.081
4917.54679 19.967 0.142
4921.56849 19.359 0.081
4927.56294 19.643 0.155
4931.57020 19.287 0.113
4935.53694 19.362 0.089
4939.54393 19.510 0.090
4943.54114 19.830 0.152
4948.52431 19.542 0.101
4953.51680 19.476 0.106
