2167.84210 17.178 0.015
2173.84945 17.169 0.014
2190.78721 17.216 0.015
2192.82172 17.198 0.015
2214.78907 17.169 0.015
2224.74585 17.201 0.014
2226.84999 17.181 0.019
2229.66192 17.210 0.015
2232.82048 17.176 0.015
2234.81490 17.141 0.013
2239.59986 17.133 0.016
2241.66140 17.132 0.016
2243.71999 17.132 0.015
2248.79660 17.159 0.013
2250.84628 17.170 0.014
2252.65163 17.151 0.014
2254.64255 17.151 0.014
2257.64643 17.175 0.013
2261.76077 17.193 0.013
2266.64408 17.169 0.015
2270.64019 17.142 0.014
2271.79100 17.162 0.012
2273.72748 17.160 0.015
2275.82790 17.126 0.015
2277.64954 17.158 0.012
2279.82189 17.161 0.015
2281.80872 17.159 0.013
2283.84294 16.933 0.011
2288.74907 17.129 0.013
2290.78746 17.133 0.013
2292.76398 17.183 0.017
2296.74943 17.232 0.019
2298.76883 17.239 0.016
2300.72186 17.182 0.018
2302.69966 17.161 0.017
2327.55888 17.183 0.015
2333.56807 17.194 0.018
2339.54453 17.193 0.019
2395.51674 17.168 0.018
2526.90888 17.162 0.014
2542.88757 17.216 0.015
2552.83892 17.151 0.015
2556.83044 17.150 0.015
2559.88101 17.155 0.015
2564.84693 17.166 0.015
2578.77042 17.187 0.016
2583.82488 17.197 0.016
2589.85777 17.178 0.015
2596.74113 17.162 0.017
2605.74414 17.150 0.014
2609.74038 17.185 0.019
2614.70651 17.226 0.016
2618.73078 17.212 0.015
2621.64019 17.192 0.013
2623.82197 17.191 0.014
2627.68528 17.201 0.019
2629.70831 17.188 0.018
2634.76299 17.159 0.014
2635.68212 17.163 0.013
2638.65320 17.152 0.013
2639.65332 17.167 0.012
2641.72112 17.165 0.014
2643.72981 17.172 0.015
2645.71734 17.170 0.013
2647.67514 17.226 0.014
2650.83682 17.212 0.014
2652.73791 17.209 0.015
2654.67274 17.197 0.016
2656.64568 17.179 0.015
2658.60869 17.207 0.017
2660.62612 17.188 0.014
2662.60897 17.199 0.014
2664.61653 17.172 0.014
2666.67473 17.176 0.011
2668.66349 17.155 0.016
2670.62961 17.192 0.016
2672.73889 17.152 0.014
2674.63727 17.177 0.015
2676.62384 17.172 0.013
2678.71152 17.170 0.015
2680.62219 17.175 0.014
2682.67330 17.232 0.017
2687.54583 17.274 0.021
2696.53896 17.197 0.017
2701.52111 17.196 0.016
2707.51852 17.166 0.015
2714.51745 17.163 0.021
2840.90657 17.184 0.018
2867.91898 17.217 0.015
2888.91302 17.152 0.013
2894.84807 17.185 0.015
2899.84965 17.234 0.015
2905.83865 17.205 0.018
2908.89970 17.186 0.015
2911.79798 17.196 0.014
2916.84818 17.185 0.013
2922.83204 17.165 0.017
2926.75945 17.159 0.014
2930.83318 17.228 0.015
2933.87759 17.213 0.016
2940.71514 17.216 0.015
2947.72904 17.200 0.015
2949.81919 17.191 0.015
2953.68594 17.184 0.016
2956.71174 17.149 0.014
2958.73804 17.170 0.015
2962.74989 17.176 0.014
2965.76931 17.212 0.013
2968.71288 17.218 0.014
2973.85293 17.229 0.015
2975.84208 17.211 0.015
2976.83737 17.219 0.015
2978.85698 17.227 0.017
2982.68907 17.185 0.015
2984.73662 17.207 0.015
2986.81922 17.159 0.015
2988.78381 17.147 0.014
2989.80697 17.147 0.015
2991.64013 17.186 0.016
2993.62755 17.151 0.013
2995.72784 17.143 0.012
2997.70612 17.172 0.014
2999.72874 17.173 0.014
3001.76499 17.201 0.014
3003.73565 17.222 0.014
3005.64092 17.202 0.015
3007.67400 17.245 0.015
3009.74028 17.205 0.015
3011.71598 17.187 0.017
3013.72044 17.189 0.015
3017.72191 17.170 0.015
3019.64987 17.169 0.015
3021.76865 17.173 0.013
3023.63044 17.163 0.013
3024.83157 17.154 0.015
3026.82826 17.146 0.012
3029.63259 17.142 0.013
3031.70257 17.150 0.013
3033.76606 17.160 0.012
3035.77311 17.177 0.013
3038.75060 17.241 0.017
3040.72125 17.217 0.017
3044.59906 17.223 0.015
3045.68806 17.228 0.015
3047.64177 17.195 0.015
3049.64749 17.206 0.012
3051.61569 17.223 0.015
3055.60914 17.192 0.014
3057.63462 17.168 0.013
3059.57848 17.153 0.012
3061.57152 17.180 0.016
3068.51288 17.172 0.016
3070.56855 17.165 0.015
3073.56925 17.192 0.017
3075.68223 17.201 0.017
3078.61422 17.204 0.015
3082.59175 17.234 0.014
3084.66878 17.221 0.013
3087.63148 17.205 0.017
3090.59487 17.159 0.015
3099.58291 17.159 0.016
3102.56167 17.127 0.015
3105.59440 17.144 0.016
3108.57235 17.164 0.015
3112.54964 17.168 0.015
3116.53102 17.207 0.015
3127.49841 17.198 0.013
3140.48705 17.164 0.015
3223.88727 17.194 0.017
3241.87350 17.176 0.017
3248.83692 17.181 0.017
3257.86477 17.184 0.014
3263.91076 17.210 0.015
3270.85373 17.193 0.015
3273.90175 17.236 0.020
3277.83778 17.173 0.014
3281.88153 17.155 0.012
3287.74260 17.150 0.011
3295.69485 17.200 0.011
3301.75536 17.238 0.017
3304.81127 17.203 0.015
3307.68612 17.201 0.020
3309.72150 17.190 0.014
3311.71936 17.175 0.013
3320.76215 17.162 0.012
3323.69696 17.177 0.014
3327.73371 17.150 0.013
3330.69256 17.195 0.016
3334.79180 17.205 0.017
3338.83828 17.182 0.013
3340.85336 17.209 0.015
3350.67179 17.244 0.010
3354.71821 17.186 0.013
3358.79979 17.178 0.011
3361.83197 17.149 0.012
3365.73437 17.180 0.014
3372.75069 17.206 0.012
3378.66340 17.170 0.013
3391.73111 17.170 0.014
3394.74267 17.197 0.014
3396.62266 17.150 0.014
3399.69990 17.165 0.014
3403.68717 17.218 0.015
3408.59659 17.218 0.013
3412.64180 17.202 0.016
3417.56923 17.174 0.014
3425.57748 17.166 0.016
3431.53918 17.199 0.012
3437.54096 17.199 0.012
3445.56090 17.230 0.013
3460.49461 17.201 0.014
3477.48933 17.202 0.015
3583.93144 17.232 0.015
3593.92968 17.166 0.015
3601.86664 17.188 0.015
3618.90071 17.221 0.013
3629.88196 17.159 0.013
3634.84854 17.136 0.012
3639.84187 17.171 0.011
3644.79665 17.196 0.012
3650.88549 17.221 0.013
3654.78641 17.240 0.013
3657.86697 17.219 0.012
3660.80143 17.194 0.015
3664.83652 17.180 0.012
3668.79446 17.188 0.015
3672.78267 17.171 0.013
3675.86234 17.171 0.012
3684.77048 17.180 0.012
3687.77612 17.190 0.013
3690.69598 17.227 0.017
3693.72995 17.228 0.014
3695.75148 17.218 0.013
3698.74425 17.202 0.014
3700.77308 17.183 0.012
3702.86072 17.185 0.012
3705.76750 17.174 0.011
3708.72607 17.220 0.015
3712.71295 17.189 0.014
3714.72330 17.049 0.011
3717.63939 17.173 0.013
3719.81657 17.184 0.015
3725.81046 17.236 0.020
3727.78288 17.234 0.014
3730.67829 17.215 0.012
3732.70303 17.221 0.012
3734.80107 17.200 0.014
3736.81733 17.184 0.013
3737.70570 17.189 0.012
3739.80479 17.177 0.011
3742.69068 17.189 0.015
3745.76633 17.177 0.013
3747.76899 17.152 0.018
3749.66076 17.178 0.016
3750.74573 17.195 0.014
3752.75643 17.145 0.014
3754.77416 17.192 0.014
3756.59767 17.206 0.013
3758.77055 17.182 0.016
3761.78296 17.224 0.012
3764.73741 17.230 0.013
3767.59723 17.177 0.014
3770.61494 17.191 0.012
3773.61777 17.196 0.015
3776.61720 17.207 0.014
3779.60676 17.157 0.016
3782.65747 17.180 0.013
3787.58245 17.187 0.013
3792.53421 17.173 0.016
3809.52346 17.164 0.018
3822.50926 17.237 0.017
3946.90560 17.222 0.015
3964.86237 17.175 0.013
3969.88648 17.197 0.014
3981.86125 17.175 0.015
3989.88827 17.186 0.014
3995.91194 17.130 0.023
4001.86497 17.178 0.011
4005.84259 17.164 0.011
4007.84679 17.218 0.013
4011.84705 17.217 0.014
4018.83862 17.215 0.013
4023.87075 17.205 0.013
4026.77922 17.184 0.011
4029.72048 17.189 0.018
4031.80082 17.181 0.012
4038.70991 17.153 0.013
4041.67106 17.195 0.015
4043.67543 17.193 0.016
4046.76752 17.226 0.016
4048.85704 17.221 0.015
4052.69997 17.203 0.013
4056.74396 17.162 0.015
4058.77708 17.201 0.011
4063.67583 17.165 0.012
4066.73310 17.171 0.012
4068.82062 17.149 0.011
4070.66307 17.167 0.013
4073.82244 17.169 0.014
4076.79057 17.197 0.015
4079.75295 17.241 0.015
4083.66974 17.219 0.015
4085.73526 17.150 0.013
4092.85371 17.179 0.013
4102.83024 17.128 0.015
4105.68915 17.209 0.013
4109.76230 17.175 0.011
4113.71803 17.198 0.011
4120.74843 17.227 0.013
4122.70488 17.198 0.011
4125.75611 17.187 0.014
4131.60945 17.190 0.011
4142.64609 17.186 0.016
4156.53278 17.212 0.015
4166.57400 17.203 0.017
4196.52349 17.215 0.019
4340.88883 17.212 0.014
4341.89938 17.196 0.016
4343.81836 17.192 0.017
4344.87322 17.218 0.015
4345.91179 17.222 0.017
4346.84073 17.192 0.018
4347.84928 17.188 0.015
4348.84243 17.190 0.014
4349.84267 17.172 0.016
4350.92002 17.178 0.020
4353.90325 17.159 0.015
4354.88699 17.148 0.016
4357.89321 17.173 0.018
4358.89322 17.184 0.015
4361.85470 17.188 0.019
4362.80921 17.191 0.017
4363.87230 17.202 0.018
4366.83629 17.206 0.018
4367.77387 17.238 0.019
4368.88753 17.216 0.020
4369.80950 17.227 0.020
4370.81063 17.235 0.017
4371.85578 17.228 0.015
4373.78127 17.237 0.015
4377.79163 17.208 0.015
4380.80812 17.197 0.015
4386.78375 17.180 0.015
4390.74574 17.138 0.014
4393.85983 17.168 0.014
4398.87111 17.185 0.015
4403.87805 17.211 0.029
4411.86956 17.249 0.019
4418.79071 17.182 0.013
4422.85678 17.171 0.015
4426.73512 17.198 0.016
4429.84110 17.173 0.019
4432.72195 17.179 0.014
4436.76134 17.189 0.015
4439.82691 17.191 0.018
4440.86315 17.230 0.036
4441.65288 17.216 0.015
4442.67487 17.228 0.017
4443.65039 17.249 0.018
4444.82951 17.247 0.019
4448.69507 17.219 0.016
4449.74257 17.210 0.015
4450.70540 17.230 0.018
4451.64044 17.221 0.015
4451.78230 17.183 0.014
4452.85345 17.194 0.015
4453.62932 17.221 0.015
4454.65323 17.191 0.015
4454.81614 17.184 0.013
4455.63979 17.192 0.015
4455.77685 17.183 0.015
4456.72045 17.197 0.015
4456.81069 17.191 0.016
4456.85814 17.172 0.015
4457.69528 17.196 0.015
4457.84503 17.203 0.015
4458.61771 17.174 0.015
4459.60194 17.190 0.015
4459.74640 17.186 0.015
4459.80854 17.198 0.015
4461.57252 17.174 0.015
4462.63270 17.197 0.015
4462.78237 17.183 0.013
4463.62613 17.181 0.014
4464.62379 17.165 0.014
4464.76580 17.171 0.015
4465.64302 17.176 0.013
4466.63614 17.186 0.015
4466.73635 17.182 0.013
4467.60362 17.206 0.016
4467.67235 17.166 0.013
4468.63641 17.179 0.012
4469.62083 17.169 0.015
4470.60860 17.188 0.014
4470.79863 17.189 0.014
4471.59865 17.185 0.013
4471.76477 17.182 0.015
4472.59938 17.195 0.012
4472.77208 17.194 0.012
4473.68604 17.205 0.013
4477.74419 17.222 0.015
4481.68174 17.215 0.013
4485.72982 17.230 0.015
4489.71331 17.189 0.018
4493.70314 17.151 0.015
4498.67964 17.169 0.014
4501.67697 17.156 0.015
4506.61091 17.175 0.015
4508.62813 17.218 0.015
4510.70133 17.207 0.015
4521.61145 17.219 0.017
4523.62728 17.177 0.014
4525.54669 17.150 0.015
4531.56873 17.211 0.015
4533.57108 17.162 0.015
4537.62112 17.184 0.015
4539.54008 17.159 0.016
4541.59235 17.175 0.016
4543.65319 17.194 0.019
4545.51145 17.189 0.015
4549.59629 17.210 0.015
4560.53892 17.178 0.015
4566.51885 17.175 0.015
4567.54397 17.176 0.015
4568.50266 17.208 0.015
4569.52841 17.174 0.019
4570.50005 17.180 0.016
4570.55554 17.202 0.015
4571.51006 17.189 0.016
4571.55908 17.195 0.020
4572.54813 17.181 0.016
4573.52241 17.165 0.016
4574.55832 17.205 0.019
4581.50983 17.204 0.016
4610.47791 17.154 0.019
4683.90181 17.172 0.014
4694.92026 17.285 0.021
4697.85843 17.223 0.020
4707.90921 17.160 0.013
4720.77449 17.166 0.015
4724.82775 17.230 0.015
4728.81527 17.255 0.015
4731.88979 17.238 0.014
4733.82497 17.208 0.015
4734.80183 17.217 0.015
4737.79847 17.132 0.012
4740.79071 17.177 0.015
4741.80909 17.160 0.013
4743.89365 17.138 0.015
4747.74034 17.159 0.014
4748.83096 17.156 0.012
4749.69875 17.154 0.015
4750.78694 17.169 0.015
4750.85109 17.174 0.014
4751.87021 17.137 0.010
4752.79931 17.162 0.016
4752.86401 17.162 0.014
4753.73832 17.163 0.017
4754.77119 17.166 0.016
4755.76583 17.161 0.014
4756.76919 17.187 0.016
4756.87336 17.183 0.015
4760.75646 17.232 0.014
4763.81522 17.244 0.016
4768.85790 17.223 0.015
4772.70421 17.188 0.015
4775.73357 17.138 0.016
4777.74835 17.175 0.015
4781.74481 17.161 0.015
4784.69841 17.121 0.020
4787.73685 17.136 0.017
4788.68127 17.140 0.014
4788.79541 17.138 0.014
4788.85046 17.138 0.012
4789.65759 17.149 0.013
4791.80588 17.159 0.013
4794.77737 17.205 0.015
4797.79658 17.223 0.015
4800.77346 17.222 0.012
4802.84049 17.254 0.014
4804.85769 17.241 0.016
4806.85382 17.213 0.015
4807.72102 17.187 0.015
4808.65385 17.169 0.015
4808.77313 17.170 0.013
4809.70160 17.184 0.018
4809.81407 17.181 0.013
4809.85942 17.165 0.016
4810.66437 17.189 0.013
4811.69792 17.154 0.019
4813.71967 17.176 0.019
4814.73850 17.198 0.016
4816.73538 17.140 0.015
4818.73458 17.175 0.013
4820.65394 17.165 0.011
4820.79421 17.163 0.013
4822.69046 17.145 0.012
4824.67936 17.137 0.013
4826.68372 17.149 0.013
4833.68166 17.186 0.014
4835.73405 17.221 0.014
4838.73866 17.234 0.014
4840.72291 17.224 0.015
4842.70689 17.176 0.014
4844.70613 17.179 0.013
4847.77312 17.151 0.014
4850.76621 17.183 0.015
4853.74268 17.152 0.014
4855.75815 17.152 0.016
4857.73628 17.142 0.015
4863.69756 17.158 0.018
4865.59777 17.178 0.013
4866.60048 17.172 0.013
4866.70532 17.175 0.015
4867.59735 17.199 0.013
4867.71696 17.184 0.014
4868.61679 17.189 0.013
4868.70133 17.186 0.014
4869.64659 17.218 0.015
4869.71869 17.213 0.013
4870.59133 17.195 0.014
4871.58135 17.238 0.015
4872.67584 17.224 0.022
4874.56901 17.211 0.014
4876.59264 17.212 0.012
4878.61750 17.181 0.012
4882.69061 17.151 0.015
4885.54881 17.180 0.015
4888.61602 17.140 0.012
4890.53617 17.185 0.013
4891.55338 17.163 0.014
4892.60465 17.172 0.014
4892.64948 17.138 0.015
4893.54708 17.168 0.015
4893.61557 17.182 0.017
4894.56626 17.150 0.015
4894.63033 17.117 0.014
4895.53902 17.170 0.019
4896.53382 17.132 0.012
4897.52145 17.148 0.015
4900.61983 17.165 0.017
4905.58492 17.198 0.021
4908.54355 17.211 0.015
4916.55994 17.154 0.014
4919.50542 17.152 0.015
4920.54508 17.139 0.015
4920.59040 17.107 0.014
4921.50344 17.124 0.013
4924.50188 17.140 0.013
4925.50053 17.154 0.015
4926.54656 17.173 0.019
4927.49274 17.124 0.016
4930.54314 17.112 0.016
4934.53994 17.180 0.017
4937.47240 17.151 0.014
4937.53167 17.142 0.013
4940.54768 17.234 0.014
4946.54128 17.215 0.015
4951.52104 17.160 0.020
