2995.68578 15.726 0.005
3009.81611 15.763 0.005
3326.80577 15.724 0.005
3336.85175 15.700 0.005
3352.77654 15.720 0.005
3355.75318 15.712 0.005
3359.76121 15.734 0.005
3363.79555 15.710 0.005
3370.75229 15.706 0.005
3376.76407 15.736 0.005
3383.79213 15.727 0.005
3390.69730 15.718 0.005
3398.73231 15.715 0.005
3715.68416 15.747 0.005
3720.69675 15.698 0.005
3727.83027 15.764 0.005
3738.67233 15.711 0.005
3747.67485 15.700 0.005
3756.62636 15.719 0.005
3766.66314 15.721 0.005
3769.77176 15.716 0.005
3774.58916 15.725 0.005
3783.61928 15.720 0.005
4064.74757 15.709 0.005
4072.80616 15.716 0.005
4078.67576 15.720 0.005
4103.67258 15.727 0.005
4113.76306 15.744 0.005
4127.68355 15.726 0.005
4373.78927 15.771 0.005
4396.73978 15.710 0.005
4409.79809 15.769 0.005
4423.75268 15.727 0.005
4434.77359 15.728 0.005
4443.80956 15.730 0.005
4454.72280 15.723 0.005
4462.72867 15.770 0.005
4472.66204 15.730 0.005
4482.82272 15.780 0.005
4488.75710 15.732 0.006
4511.66231 15.723 0.005
4698.87036 15.770 0.005
4784.79440 15.740 0.005
4796.70093 15.732 0.005
4798.70281 15.724 0.005
4856.74869 15.746 0.005
4897.53792 15.743 0.005
