2166.85603 14.143 0.006
2183.89928 14.139 0.006
2189.86169 14.112 0.006
2192.76512 14.107 0.006
2201.77532 14.091 0.006
2212.80960 14.049 0.006
2217.79400 14.040 0.006
2223.81457 14.051 0.006
2226.78894 14.072 0.006
2228.83237 14.078 0.006
2232.76604 14.104 0.006
2234.75998 14.119 0.006
2238.71065 14.146 0.006
2240.83957 14.153 0.006
2242.84532 14.165 0.006
2248.72657 14.191 0.006
2251.75620 14.191 0.006
2253.77380 14.193 0.006
2255.70212 14.202 0.006
2258.70157 14.198 0.006
2269.78308 14.173 0.006
2271.73138 14.174 0.006
2273.82172 14.166 0.006
2275.79519 14.163 0.006
2277.79798 14.155 0.006
2279.79480 14.139 0.006
2281.75763 14.131 0.006
2283.81483 14.120 0.006
2289.75169 14.071 0.006
2291.75780 14.059 0.006
2293.72615 14.048 0.006
2295.74721 14.039 0.006
2297.73813 14.028 0.006
2299.77055 14.022 0.006
2303.67136 14.003 0.006
2326.58006 13.954 0.006
2332.52346 13.959 0.006
2338.54603 13.972 0.006
2355.51150 14.026 0.006
2387.50181 14.202 0.006
2524.86659 14.176 0.006
2542.83342 14.234 0.006
2544.89157 14.245 0.006
2551.88179 14.240 0.006
2559.81971 14.224 0.006
2563.86494 14.198 0.006
2577.85446 14.145 0.006
2583.75090 14.146 0.006
2589.79143 14.145 0.006
2594.80826 14.173 0.006
2599.86307 14.180 0.006
2609.66930 14.192 0.006
2611.67318 14.193 0.006
2617.81982 14.170 0.006
2620.78884 14.154 0.006
2623.76207 14.159 0.006
2626.68715 14.164 0.006
2627.62896 14.164 0.006
2628.85428 14.155 0.006
2630.84300 14.142 0.006
2632.63371 14.153 0.006
2635.62855 14.151 0.006
2637.76871 14.147 0.006
2639.78496 14.149 0.006
2641.65923 14.150 0.006
2643.67113 14.148 0.006
2645.66274 14.151 0.006
2647.58948 14.149 0.006
2651.65775 14.157 0.006
2653.68248 14.162 0.006
2655.66680 14.162 0.006
2657.80052 14.168 0.006
2659.66856 14.166 0.006
2661.69244 14.169 0.006
2665.79432 14.161 0.006
2671.80025 14.163 0.006
2675.73071 14.135 0.006
2677.76561 14.122 0.006
2679.75614 14.120 0.006
2686.60786 14.092 0.006
2691.53462 14.078 0.006
2695.59196 14.067 0.006
2700.54296 14.073 0.006
2713.52806 14.103 0.006
2841.93229 14.170 0.006
2868.89484 14.124 0.006
2890.83797 14.044 0.006
2895.87369 14.053 0.006
2900.82936 14.057 0.006
2906.86035 14.080 0.006
2910.89370 14.086 0.006
2915.89384 14.097 0.006
2922.77399 14.095 0.006
2925.86239 14.107 0.006
2930.77496 14.133 0.006
2933.81939 14.143 0.006
2939.82779 14.167 0.006
2941.84585 14.173 0.006
2943.72065 14.185 0.006
2946.82369 14.195 0.006
2948.81400 14.198 0.006
2952.81004 14.200 0.006
2956.65345 14.200 0.006
2958.68024 14.208 0.006
2962.69116 14.211 0.006
2965.70820 14.234 0.006
2967.80754 14.232 0.006
2970.77316 14.254 0.006
2974.71272 14.251 0.006
2976.74657 14.229 0.006
2978.64111 14.224 0.006
2980.66754 14.209 0.006
2982.62670 14.186 0.006
2984.66783 14.172 0.006
2986.75567 14.143 0.006
2988.72364 14.115 0.006
2990.65706 14.086 0.006
2992.74668 14.052 0.006
2994.65446 14.011 0.006
2996.74478 13.978 0.006
2998.69950 13.951 0.006
2999.79153 13.928 0.006
3001.67025 13.908 0.006
3003.66591 13.889 0.006
3005.62290 13.870 0.006
3007.74138 13.851 0.006
3009.67720 13.837 0.006
3011.62277 13.830 0.006
3013.65343 13.825 0.006
3017.62873 13.818 0.006
3018.72056 13.816 0.006
3020.79577 13.818 0.006
3022.82226 13.818 0.006
3024.77083 13.825 0.006
3026.76814 13.834 0.006
3028.77561 13.838 0.006
3030.78048 13.846 0.006
3033.70778 13.865 0.006
3035.71407 13.883 0.006
3038.69244 13.905 0.006
3040.69207 13.921 0.006
3042.63561 13.950 0.006
3044.56952 13.979 0.006
3046.58501 14.003 0.006
3048.56996 14.029 0.006
3050.58882 14.050 0.006
3052.58585 14.080 0.006
3054.58670 14.109 0.006
3056.58389 14.143 0.006
3058.57764 14.176 0.006
3060.59812 14.199 0.006
3064.60266 14.257 0.006
3067.65963 14.290 0.006
3069.61973 14.307 0.006
3073.53451 14.327 0.006
3075.62386 14.319 0.006
3078.54370 14.316 0.006
3082.53269 14.304 0.006
3084.60863 14.297 0.006
3087.57091 14.293 0.006
3090.52586 14.257 0.006
3093.50719 14.261 0.006
3098.61612 14.240 0.006
3101.57380 14.215 0.006
3104.54703 14.184 0.006
3111.52055 14.103 0.006
3114.51449 14.078 0.006
3115.53883 14.069 0.006
3126.47895 13.970 0.006
3144.49424 13.912 0.006
3224.89441 14.004 0.006
3239.92839 14.011 0.006
3247.89934 14.026 0.006
3256.87762 14.073 0.006
3263.85244 14.103 0.006
3268.86819 14.123 0.006
3273.83980 14.150 0.006
3276.85787 14.165 0.006
3281.82281 14.191 0.006
3289.83626 14.230 0.006
3294.83441 14.235 0.006
3296.83976 14.243 0.006
3298.87030 14.226 0.006
3301.69067 14.221 0.006
3303.85970 14.204 0.006
3306.83430 14.171 0.006
3308.85131 14.153 0.006
3311.66143 14.120 0.006
3320.69457 14.039 0.006
3323.64754 14.022 0.006
3329.82359 13.981 0.006
3334.72342 13.943 0.006
3338.77916 13.946 0.006
3349.79543 13.944 0.006
3351.78025 13.938 0.006
3354.74839 13.953 0.006
3358.63470 13.954 0.006
3361.73051 13.988 0.006
3363.72064 13.998 0.006
3372.69294 14.026 0.006
3377.72913 14.023 0.006
3386.75491 13.982 0.006
3391.60024 13.965 0.006
3395.66433 13.965 0.006
3398.71203 13.969 0.006
3402.65731 13.979 0.006
3404.58514 13.988 0.006
3408.53859 14.008 0.006
3412.58388 14.022 0.006
3414.61543 14.033 0.006
3419.58627 14.043 0.006
3426.52178 14.063 0.006
3433.57297 14.079 0.006
3443.54356 14.084 0.006
3453.50992 14.086 0.006
3575.91504 14.011 0.006
3589.88650 14.030 0.006
3617.88345 14.062 0.006
3629.82294 14.087 0.006
3634.78906 14.093 0.006
3639.89930 14.086 0.006
3641.83294 14.090 0.006
3650.82828 14.070 0.006
3653.85629 14.041 0.006
3657.80679 14.042 0.006
3660.77250 14.030 0.006
3664.80795 14.021 0.006
3668.74426 14.010 0.006
3672.75379 13.983 0.006
3676.85520 13.977 0.006
3684.79940 13.987 0.006
3687.71841 13.998 0.006
3689.81701 14.008 0.006
3692.74143 14.033 0.006
3694.81541 14.043 0.006
3696.69067 14.059 0.006
3699.70289 14.083 0.006
3701.75378 14.100 0.006
3704.72029 14.102 0.006
3706.77450 14.109 0.006
3711.66549 14.144 0.006
3713.67915 14.130 0.006
3716.72821 14.136 0.006
3719.75596 14.127 0.006
3722.81417 14.115 0.006
3726.67840 14.090 0.006
3728.65116 14.069 0.006
3731.75173 14.040 0.006
3733.63789 14.026 0.006
3734.74087 14.013 0.006
3736.75974 13.991 0.006
3737.64838 13.987 0.006
3739.71048 13.971 0.006
3741.81675 13.966 0.006
3743.71464 13.956 0.006
3746.75703 13.939 0.006
3748.70965 13.937 0.006
3750.71584 13.940 0.006
3752.72390 13.926 0.006
3754.74520 13.926 0.006
3755.66495 13.930 0.006
3757.63905 13.925 0.006
3759.60469 13.914 0.006
3762.68957 13.913 0.006
3765.71149 13.917 0.006
3769.75209 13.906 0.006
3772.72040 13.907 0.006
3775.71235 13.924 0.006
3778.69084 13.914 0.006
3782.59896 13.937 0.006
3786.57503 13.955 0.006
3791.57135 13.987 0.006
3798.57104 14.033 0.006
3805.55825 14.075 0.006
3820.50359 14.116 0.006
3944.93718 13.957 0.006
3961.93382 13.913 0.006
3968.91590 13.898 0.006
3974.91186 13.884 0.006
3981.80487 13.886 0.006
3988.88677 13.908 0.006
3995.83979 13.952 0.006
4002.83592 14.009 0.006
4005.78595 14.035 0.006
4007.79015 14.064 0.006
4011.77058 14.094 0.006
4018.75615 14.149 0.006
4023.80965 14.166 0.006
4026.72027 14.170 0.006
4028.85634 14.162 0.006
4031.74407 14.159 0.006
4037.85294 14.117 0.006
4040.82029 14.095 0.006
4042.83507 14.084 0.006
4046.71089 14.047 0.006
4048.79982 14.036 0.006
4052.64272 14.022 0.006
4053.84042 14.015 0.006
4056.68396 13.999 0.006
4059.67118 13.988 0.006
4064.63570 13.971 0.006
4066.61526 13.951 0.006
4069.68265 13.951 0.006
4071.60771 13.932 0.006
4076.67949 13.926 0.006
4079.69607 13.929 0.006
4082.68643 13.925 0.006
4084.76629 13.926 0.006
4087.68574 13.937 0.006
4093.77473 13.946 0.006
4102.66298 14.020 0.006
4104.80976 14.030 0.006
4109.67063 14.070 0.006
4113.68923 14.098 0.006
4119.62746 14.133 0.006
4122.67632 14.133 0.006
4125.72371 14.143 0.006
4129.72315 14.149 0.006
4142.58138 14.143 0.006
4150.55790 14.100 0.006
4154.55284 14.053 0.006
4166.51621 13.935 0.006
4184.50575 13.871 0.006
4340.90636 14.171 0.006
4346.89446 14.175 0.006
4350.91303 14.163 0.006
4357.84665 14.145 0.006
4363.77509 14.109 0.006
4365.79873 14.098 0.006
4369.79431 14.063 0.006
4372.76899 14.020 0.006
4376.85956 13.982 0.006
4379.86611 13.957 0.006
4383.87017 13.933 0.006
4388.86416 13.915 0.006
4393.73804 13.907 0.006
4398.81323 13.924 0.006
4403.75385 13.954 0.006
4411.74903 13.985 0.006
4417.83186 14.037 0.006
4421.74427 14.065 0.006
4425.81749 14.098 0.006
4429.72824 14.136 0.006
4432.76980 14.147 0.006
4436.69631 14.171 0.006
4439.74045 14.170 0.006
4442.71785 14.171 0.006
4448.77353 14.138 0.006
4450.77821 14.124 0.006
4453.75404 14.098 0.006
4456.76737 14.073 0.006
4459.67739 14.050 0.006
4462.67940 14.027 0.006
4465.71963 14.006 0.006
4469.67275 13.990 0.006
4474.67479 13.965 0.006
4478.77756 13.944 0.006
4481.77634 13.934 0.006
4484.68607 13.911 0.006
4487.74844 13.915 0.006
4492.70101 13.918 0.006
4494.73545 13.924 0.006
4499.61693 13.944 0.006
4502.68978 13.943 0.006
4507.64852 13.973 0.006
4509.64579 13.977 0.006
4522.55334 14.051 0.006
4524.56735 14.051 0.006
4530.57253 14.083 0.006
4532.56459 14.102 0.006
4537.56265 14.120 0.006
4540.61139 14.137 0.006
4549.56779 14.187 0.006
4560.50634 14.197 0.006
4567.51790 14.166 0.006
4574.53894 14.124 0.006
4592.47660 14.043 0.006
4681.92998 14.157 0.006
4691.89567 14.111 0.006
4702.90760 14.049 0.006
4719.82313 14.023 0.006
4722.91191 14.029 0.006
4726.89753 14.046 0.006
4731.87386 14.049 0.006
4747.84624 14.125 0.006
4751.89253 14.140 0.006
4756.81659 14.140 0.006
4759.86364 14.143 0.006
4762.82342 14.149 0.006
4768.80136 14.161 0.006
4771.84351 14.175 0.006
4774.85290 14.181 0.006
4777.69031 14.194 0.006
4780.83925 14.208 0.006
4783.80917 14.212 0.006
4788.73856 14.199 0.006
4791.71597 14.180 0.006
4794.72026 14.150 0.006
4797.70169 14.125 0.006
4800.74493 14.099 0.006
4802.77657 14.092 0.006
4804.80070 14.079 0.006
4805.82379 14.072 0.006
4807.77465 14.059 0.006
4810.73259 14.051 0.006
4812.79218 14.057 0.006
4814.68178 14.039 0.006
4816.67859 14.038 0.006
4818.70074 14.039 0.006
4820.70755 14.039 0.006
4823.72117 14.035 0.006
4825.80835 14.027 0.006
4831.85071 14.023 0.006
4832.81094 14.022 0.006
4834.78003 14.016 0.006
4837.68005 14.004 0.006
4839.70857 14.014 0.006
4841.74490 14.004 0.006
4843.74413 14.003 0.006
4846.71007 14.010 0.006
4850.72811 14.035 0.006
4852.72214 14.054 0.006
4855.72956 14.069 0.006
4857.70773 14.081 0.006
4866.67487 14.125 0.006
4868.67294 14.144 0.006
4870.66239 14.158 0.006
4873.69304 14.174 0.006
4875.59007 14.182 0.006
4876.62073 14.190 0.006
4878.64564 14.197 0.006
4882.56491 14.218 0.006
4884.62731 14.221 0.006
4888.54375 14.237 0.006
4900.57538 14.267 0.006
4904.60111 14.250 0.006
4913.57893 14.161 0.006
4918.55556 14.108 0.006
4924.57517 14.043 0.006
4928.56497 14.010 0.006
4930.51620 13.992 0.006
4934.51302 13.981 0.006
4938.50428 13.975 0.006
4942.52085 13.968 0.006
4947.51422 13.978 0.006
