 726.81779 14.631 0.006
 728.88162 14.588 0.006
 739.85160 14.406 0.006
 744.75992 14.338 0.006
 745.84454 14.331 0.006
 746.83042 14.322 0.006
 747.72585 14.311 0.006
 748.67789 14.302 0.006
 750.79082 14.293 0.006
 751.79160 14.290 0.006
 752.84942 14.288 0.006
 754.79568 14.303 0.006
 755.77363 14.290 0.006
 759.69950 14.300 0.006
 761.78070 14.319 0.006
 766.83039 14.350 0.006
 773.78594 14.441 0.006
 776.81113 14.480 0.006
 778.84054 14.506 0.006
 780.77149 14.528 0.006
 782.80013 14.550 0.006
 788.82756 14.630 0.006
 792.73760 14.674 0.006
 795.82291 14.707 0.006
 798.74720 14.742 0.006
 817.74544 14.972 0.006
 819.82209 15.010 0.006
 824.69277 15.096 0.006
 826.78542 15.136 0.006
 827.68219 15.149 0.006
 828.74185 15.160 0.006
 829.68946 15.175 0.006
 830.74758 15.195 0.006
 831.58482 15.208 0.006
 832.56744 15.242 0.006
 832.75444 15.247 0.006
 833.57401 15.255 0.006
 834.70865 15.279 0.006
 835.79574 15.294 0.006
 837.65764 15.320 0.006
 839.65606 15.333 0.006
 841.74508 15.364 0.006
 842.73504 15.363 0.006
 844.58993 15.365 0.006
 846.76187 15.361 0.006
 850.75269 15.370 0.006
 854.76991 15.310 0.006
 855.69959 15.266 0.007
 856.66158 15.268 0.006
 857.72025 15.244 0.006
 858.68342 15.214 0.006
 859.75016 15.190 0.006
 860.64311 15.170 0.006
 865.56040 15.023 0.006
 867.61552 14.959 0.006
 874.67917 14.729 0.006
 876.59523 14.677 0.006
 876.69771 14.670 0.006
 878.68526 14.622 0.006
 880.61956 14.577 0.006
 885.57867 14.485 0.006
 887.66379 14.444 0.006
 890.68740 14.413 0.006
 892.53417 14.404 0.006
 893.70040 14.355 0.006
 896.50212 14.350 0.006
 900.55559 14.335 0.006
 919.55748 14.221 0.006
 925.51056 14.241 0.006
 931.56857 14.302 0.006
 934.51737 14.333 0.006
 950.51059 14.573 0.006
 951.50409 14.592 0.006
1072.89371 14.203 0.006
1079.80210 14.263 0.006
1080.80569 14.269 0.006
1083.81622 14.293 0.006
1084.81167 14.307 0.006
1086.83969 14.324 0.006
1090.76736 14.350 0.006
1091.87516 14.361 0.006
1092.81775 14.358 0.006
1093.82981 14.368 0.006
1106.75873 14.517 0.006
1108.77973 14.542 0.006
1114.78917 14.625 0.006
1119.83240 14.680 0.006
1120.73694 14.686 0.006
1126.75674 14.738 0.006
1129.82104 14.773 0.006
1131.82699 14.790 0.006
1132.81659 14.806 0.006
1137.79876 14.854 0.006
1138.84006 14.853 0.006
1142.76674 14.893 0.006
1152.72434 14.939 0.006
1154.73986 14.942 0.006
1155.69609 14.929 0.006
1157.74997 14.952 0.006
1159.75566 14.946 0.006
1161.81966 14.932 0.006
1163.82156 14.932 0.006
1164.83646 14.933 0.006
1166.75395 14.944 0.006
1167.78016 14.921 0.006
1168.76281 14.918 0.006
1171.73170 14.916 0.006
1175.72906 14.865 0.006
1179.77845 14.818 0.006
1181.74194 14.788 0.006
1183.82685 14.730 0.006
1185.82422 14.685 0.006
1187.77953 14.627 0.006
1189.71596 14.582 0.006
1191.75465 14.527 0.006
1192.81344 14.501 0.006
1193.80535 14.465 0.006
1194.68100 14.446 0.006
1201.76949 14.263 0.006
1202.76361 14.240 0.006
1204.68521 14.206 0.006
1206.78538 14.169 0.006
1207.69561 14.162 0.006
1211.67212 14.137 0.006
1213.63556 14.146 0.006
1214.71430 14.138 0.006
1215.54039 14.145 0.006
1216.60847 14.147 0.006
1217.67608 14.159 0.006
1219.61331 14.171 0.006
1221.58394 14.185 0.006
1223.67409 14.195 0.006
1224.55377 14.197 0.006
1226.56202 14.201 0.006
1227.56908 14.203 0.006
1232.65868 14.224 0.006
1235.55984 14.248 0.006
1237.54376 14.281 0.006
1238.64578 14.284 0.006
1241.54600 14.313 0.006
1242.61700 14.320 0.006
1243.56312 14.334 0.006
1245.53168 14.346 0.006
1247.66605 14.353 0.006
1248.63377 14.372 0.006
1251.58833 14.408 0.006
1254.54220 14.432 0.006
1255.57520 14.435 0.006
1257.60685 14.448 0.006
1260.59291 14.476 0.006
1264.58333 14.499 0.006
1266.58507 14.516 0.006
1267.60118 14.527 0.006
1274.58422 14.577 0.006
1275.52359 14.583 0.006
1278.50623 14.595 0.006
1281.51430 14.616 0.006
1290.48403 14.655 0.006
1296.57490 14.693 0.006
1300.52101 14.717 0.006
1305.49944 14.740 0.006
1308.53043 14.756 0.006
1315.48965 14.800 0.006
1318.47233 14.822 0.006
1329.45796 14.869 0.006
1331.47697 14.842 0.006
1431.82031 14.659 0.006
1433.81688 14.664 0.006
1435.86478 14.665 0.006
1437.85750 14.662 0.006
1440.89647 14.660 0.006
1443.78779 14.659 0.006
1447.76154 14.663 0.006
1448.85231 14.654 0.006
1453.77234 14.692 0.006
1454.88835 14.674 0.006
1455.77049 14.692 0.006
1458.75646 14.691 0.006
1459.87801 14.681 0.006
1460.75863 14.689 0.006
1461.72436 14.698 0.006
1471.73482 14.714 0.006
1475.82924 14.734 0.006
1478.75396 14.733 0.006
1481.81616 14.766 0.006
1484.82047 14.769 0.006
1487.81327 14.797 0.006
1488.86132 14.798 0.006
1491.75201 14.812 0.006
1493.69392 14.816 0.006
1495.73735 14.807 0.006
1498.65853 14.804 0.006
1500.79906 14.785 0.006
1503.68935 14.761 0.006
1505.79619 14.734 0.006
1507.69219 14.711 0.006
1508.80883 14.689 0.006
1509.67033 14.677 0.006
1510.63585 14.652 0.006
1511.71851 14.635 0.006
1512.75252 14.608 0.006
1514.76699 14.560 0.006
1516.81278 14.513 0.006
1517.84469 14.487 0.006
1518.68462 14.456 0.006
1520.70994 14.407 0.006
1522.71062 14.349 0.006
1523.71080 14.312 0.006
1525.68674 14.268 0.006
1527.75208 14.212 0.006
1528.67801 14.188 0.006
1529.80346 14.166 0.006
1531.69540 14.136 0.006
1538.65253 14.106 0.006
1541.60835 14.129 0.006
1542.76271 14.137 0.006
1544.66503 14.150 0.006
1546.67425 14.172 0.006
1546.68971 14.178 0.006
1547.69130 14.184 0.006
1548.66847 14.203 0.006
1551.69782 14.242 0.006
1552.63077 14.254 0.006
1553.65447 14.265 0.006
1554.63308 14.277 0.006
1555.65752 14.283 0.006
1556.63168 14.304 0.006
1560.62341 14.360 0.006
1564.54253 14.418 0.006
1568.61924 14.473 0.006
1571.62889 14.513 0.006
1575.64329 14.572 0.006
1578.68359 14.624 0.006
1580.69438 14.638 0.006
1582.62889 14.665 0.006
1585.61969 14.694 0.006
1588.62291 14.725 0.006
1591.58675 14.757 0.006
1595.57999 14.761 0.006
1599.64600 14.755 0.006
1600.59890 14.767 0.006
1601.60602 14.757 0.006
1602.67249 14.750 0.006
1604.60408 14.747 0.006
1606.56105 14.738 0.006
1609.51727 14.733 0.006
1610.53217 14.723 0.006
1611.59231 14.728 0.006
1613.57266 14.721 0.006
1614.64373 14.721 0.006
1616.50135 14.720 0.006
1618.64688 14.723 0.006
1619.54060 14.723 0.006
1621.53675 14.731 0.006
1623.63392 14.729 0.006
1625.61497 14.736 0.006
1627.58522 14.746 0.006
1628.52511 14.739 0.006
1630.49682 14.761 0.006
1631.49460 14.767 0.006
1633.61003 14.785 0.006
1635.49304 14.797 0.006
1643.56904 14.841 0.006
1644.49604 14.848 0.006
1645.50213 14.849 0.006
1653.48745 14.847 0.006
1655.53141 14.831 0.006
1657.54086 14.822 0.006
1660.51573 14.794 0.006
1662.52307 14.762 0.006
1664.54614 14.747 0.006
1669.51606 14.690 0.006
1672.48872 14.655 0.006
1687.48641 14.299 0.006
1695.47177 14.153 0.006
1766.86451 14.635 0.006
1768.85017 14.642 0.006
1773.90852 14.666 0.006
1782.83973 14.727 0.006
1788.84815 14.777 0.006
1804.84342 14.855 0.006
1811.86397 14.817 0.006
1815.84014 14.761 0.006
1818.88246 14.712 0.006
1822.72184 14.658 0.006
1829.87110 14.526 0.006
1844.77893 14.318 0.006
1850.76029 14.255 0.006
1854.81732 14.201 0.006
1858.76440 14.167 0.006
1860.80678 14.162 0.006
1863.77988 14.175 0.006
1866.73059 14.182 0.006
1868.71168 14.199 0.006
1870.83273 14.218 0.006
1872.84855 14.234 0.006
1874.75348 14.248 0.006
2166.85603 14.164 0.006
2183.89928 14.166 0.006
2189.86169 14.261 0.006
2192.76512 14.310 0.006
2201.77532 14.461 0.006
2212.80960 14.618 0.006
2217.79400 14.662 0.006
2223.81457 14.711 0.006
2226.78894 14.734 0.006
2228.83237 14.750 0.006
2232.76604 14.757 0.006
2234.75998 14.764 0.006
2238.71065 14.762 0.006
2240.83957 14.763 0.006
2242.84532 14.772 0.006
2248.72657 14.764 0.006
2251.75620 14.766 0.006
2253.77380 14.763 0.006
2255.70212 14.771 0.006
2258.70157 14.783 0.006
2269.78308 14.823 0.006
2271.73138 14.839 0.006
2273.82172 14.833 0.006
2275.79519 14.840 0.006
2277.79798 14.851 0.006
2279.79480 14.844 0.006
2281.75763 14.847 0.006
2283.81483 14.824 0.006
2289.75169 14.782 0.006
2291.75780 14.766 0.006
2293.72615 14.744 0.006
2295.74721 14.699 0.006
2297.73813 14.676 0.006
2299.77055 14.631 0.006
2303.67136 14.554 0.006
2326.58006 14.252 0.006
2332.52346 14.195 0.006
2338.54603 14.187 0.006
2355.51150 14.295 0.006
2387.50181 14.726 0.006
2524.86659 14.466 0.006
2542.83342 14.688 0.006
2544.89157 14.699 0.006
2551.88179 14.782 0.006
2559.81971 14.870 0.006
2563.86494 14.886 0.006
2577.85446 14.854 0.006
2583.75090 14.829 0.006
2589.79143 14.792 0.006
2594.80826 14.728 0.006
2599.86307 14.662 0.006
2609.66930 14.508 0.006
2611.67318 14.488 0.006
2617.81982 14.474 0.006
2620.78884 14.467 0.006
2623.76207 14.469 0.006
2626.68715 14.460 0.006
2627.62896 14.457 0.006
2628.85428 14.448 0.006
2630.84300 14.452 0.006
2632.63371 14.448 0.006
2635.62855 14.433 0.006
2637.76871 14.416 0.006
2639.78496 14.390 0.006
2641.65923 14.368 0.006
2643.67113 14.343 0.006
2645.66274 14.313 0.006
2647.58948 14.295 0.006
2651.65775 14.237 0.006
2653.68248 14.234 0.006
2655.66680 14.221 0.006
2657.80052 14.205 0.006
2659.66856 14.193 0.006
2661.69244 14.190 0.006
2665.79432 14.202 0.006
2671.80025 14.218 0.006
2675.73071 14.260 0.006
2677.76561 14.283 0.006
2679.75614 14.303 0.006
2686.60786 14.389 0.006
2691.53462 14.461 0.006
2695.59196 14.514 0.006
2700.54296 14.612 0.006
2713.52806 14.836 0.006
2841.93229 14.336 0.006
2868.89484 14.540 0.006
2890.83797 14.689 0.006
2895.87369 14.736 0.006
2900.82936 14.780 0.006
2906.86035 14.820 0.006
2910.89370 14.835 0.006
2915.89384 14.843 0.006
2922.77399 14.774 0.006
2925.86239 14.703 0.006
2930.77496 14.557 0.006
2933.81939 14.461 0.006
2939.82779 14.293 0.006
2941.84585 14.244 0.006
2943.72065 14.203 0.006
2946.82369 14.156 0.006
2948.81400 14.134 0.006
2952.81004 14.129 0.006
2956.65345 14.140 0.006
2958.68024 14.147 0.006
2962.69116 14.156 0.006
2965.70820 14.172 0.006
2967.80754 14.189 0.006
2970.77316 14.219 0.006
2974.71272 14.256 0.006
2976.74657 14.281 0.006
2978.64111 14.303 0.006
2980.66754 14.320 0.006
2982.62670 14.335 0.006
2984.66783 14.351 0.006
2986.75567 14.358 0.006
2988.72364 14.369 0.006
2990.65706 14.369 0.006
2992.74668 14.365 0.006
2994.65446 14.359 0.006
2996.74478 14.351 0.006
2998.69950 14.348 0.006
2999.79153 14.351 0.006
3001.67025 14.339 0.006
3003.66591 14.337 0.006
3005.62290 14.330 0.006
3007.74138 14.307 0.006
3009.67720 14.323 0.006
3011.62277 14.315 0.006
3013.65343 14.313 0.006
3017.62873 14.312 0.006
3018.72056 14.315 0.006
3020.79577 14.309 0.006
3022.82226 14.331 0.006
3024.77083 14.343 0.006
3026.76814 14.359 0.006
3028.77561 14.387 0.006
3030.78048 14.426 0.006
3033.70778 14.469 0.006
3035.71407 14.494 0.006
3038.69244 14.537 0.006
3040.69207 14.578 0.006
3042.63561 14.619 0.006
3044.56952 14.659 0.006
3046.58501 14.682 0.006
3048.56996 14.706 0.006
3050.58882 14.727 0.006
3052.58585 14.741 0.006
3054.58670 14.769 0.006
3056.58389 14.776 0.006
3058.57764 14.787 0.006
3060.59812 14.783 0.006
3064.60266 14.777 0.006
3067.65963 14.780 0.006
3069.61973 14.765 0.006
3073.53451 14.725 0.006
3075.62386 14.706 0.006
3078.54370 14.654 0.006
3082.53269 14.591 0.006
3084.60863 14.542 0.006
3087.57091 14.493 0.006
3090.52586 14.455 0.006
3093.50719 14.412 0.006
3098.61612 14.351 0.006
3101.57380 14.316 0.006
3104.54703 14.266 0.006
3111.52055 14.197 0.006
3114.51449 14.162 0.006
3115.53883 14.149 0.006
3126.47895 14.149 0.006
3144.49424 14.358 0.006
3224.89441 14.527 0.006
3239.92839 14.559 0.006
3247.89934 14.538 0.006
3256.87762 14.393 0.006
3263.85244 14.248 0.006
3268.86819 14.169 0.006
3273.83980 14.106 0.006
3276.85787 14.090 0.006
3281.82281 14.109 0.006
3289.83626 14.215 0.006
3294.83441 14.253 0.006
3296.83976 14.273 0.006
3298.87030 14.314 0.006
3301.69067 14.332 0.006
3303.85970 14.371 0.006
3306.83430 14.404 0.006
3308.85131 14.439 0.006
3311.66143 14.481 0.006
3320.69457 14.607 0.006
3323.64754 14.640 0.006
3329.82359 14.632 0.006
3334.72342 14.646 0.006
3338.77916 14.639 0.006
3349.79543 14.612 0.006
3351.78025 14.579 0.006
3354.74839 14.577 0.006
3358.63470 14.574 0.006
3361.73051 14.567 0.006
3363.72064 14.568 0.006
3372.69294 14.567 0.006
3377.72913 14.574 0.006
3386.75491 14.486 0.006
3391.60024 14.456 0.006
3395.66433 14.421 0.006
3398.71203 14.405 0.006
3402.65731 14.376 0.006
3404.58514 14.364 0.006
3408.53859 14.337 0.006
3412.58388 14.301 0.006
3414.61543 14.291 0.006
3419.58627 14.255 0.006
3426.52178 14.194 0.006
3433.57297 14.164 0.006
3443.54356 14.190 0.006
3453.50992 14.218 0.006
3575.91504 14.285 0.006
3589.88650 14.240 0.006
3617.88345 14.296 0.006
3629.82294 14.323 0.006
3634.78906 14.325 0.006
3639.89930 14.340 0.006
3641.83294 14.357 0.006
3650.82828 14.423 0.006
3653.85629 14.453 0.006
3657.80679 14.485 0.006
3660.77250 14.504 0.006
3664.80795 14.507 0.006
3668.74426 14.546 0.006
3672.75379 14.544 0.006
3676.85520 14.561 0.006
3684.79940 14.588 0.006
3687.71841 14.582 0.006
3689.81701 14.582 0.006
3692.74143 14.587 0.006
3694.81541 14.581 0.006
3696.69067 14.570 0.006
3699.70289 14.555 0.006
3701.75378 14.537 0.006
3704.72029 14.503 0.006
3706.77450 14.483 0.006
3711.66549 14.449 0.006
3713.67915 14.433 0.006
3716.72821 14.428 0.006
3719.75596 14.412 0.006
3722.81417 14.392 0.006
3726.67840 14.353 0.006
3728.65116 14.324 0.006
3731.75173 14.290 0.006
3733.63789 14.274 0.006
3734.74087 14.256 0.006
3736.75974 14.234 0.006
3737.64838 14.234 0.006
3739.71048 14.220 0.006
3741.81675 14.210 0.006
3743.71464 14.194 0.006
3746.75703 14.170 0.006
3748.70965 14.152 0.006
3750.71584 14.146 0.006
3752.72390 14.138 0.006
3754.74520 14.143 0.006
3755.66495 14.147 0.006
3757.63905 14.147 0.006
3759.60469 14.148 0.006
3762.68957 14.146 0.006
3765.71149 14.148 0.006
3769.75209 14.133 0.006
3772.72040 14.132 0.006
3775.71235 14.147 0.006
3778.69084 14.169 0.006
3782.59896 14.200 0.006
3786.57503 14.248 0.006
3791.57135 14.294 0.006
3798.57104 14.392 0.006
3805.55825 14.497 0.006
3820.50359 14.692 0.006
3944.93718 14.316 0.006
3961.93382 14.571 0.006
3968.91590 14.646 0.006
3974.91186 14.722 0.006
3981.80487 14.821 0.006
3988.88677 14.909 0.006
3995.83979 14.935 0.006
4002.83592 14.932 0.006
4005.78595 14.887 0.006
4007.79015 14.854 0.006
4011.77058 14.786 0.006
4018.75615 14.708 0.006
4023.80965 14.658 0.006
4026.72027 14.628 0.006
4028.85634 14.587 0.006
4031.74407 14.553 0.006
4037.85294 14.439 0.006
4040.82029 14.370 0.006
4042.83507 14.337 0.006
4046.71089 14.287 0.006
4048.79982 14.259 0.006
4052.64272 14.237 0.006
4053.84042 14.227 0.006
4056.68396 14.220 0.006
4059.67118 14.209 0.006
4064.63570 14.169 0.006
4066.61526 14.165 0.006
4069.68265 14.162 0.006
4071.60771 14.171 0.006
4076.67949 14.184 0.006
4079.69607 14.168 0.006
4082.68643 14.164 0.006
4084.76629 14.162 0.006
4087.68574 14.156 0.006
4093.77473 14.183 0.006
4102.66298 14.236 0.006
4104.80976 14.238 0.006
4109.67063 14.295 0.006
4113.68923 14.336 0.006
4119.62746 14.413 0.006
4122.67632 14.458 0.006
4125.72371 14.518 0.006
4129.72315 14.569 0.006
4142.58138 14.725 0.006
4150.55790 14.796 0.006
4154.55284 14.833 0.006
4166.51621 14.899 0.006
4184.50575 14.748 0.006
4340.90636 14.914 0.006
4346.89446 14.891 0.006
4350.91303 14.823 0.006
4357.84665 14.697 0.006
4363.77509 14.555 0.006
4365.79873 14.503 0.006
4369.79431 14.370 0.006
4372.76899 14.299 0.006
4376.85956 14.223 0.006
4379.86611 14.173 0.006
4383.87017 14.139 0.006
4388.86416 14.139 0.006
4393.73804 14.178 0.006
4398.81323 14.219 0.006
4403.75385 14.252 0.006
4411.74903 14.276 0.006
4417.83186 14.308 0.006
4421.74427 14.322 0.006
4425.81749 14.341 0.006
4429.72824 14.362 0.006
4432.76980 14.363 0.006
4436.69631 14.390 0.006
4439.74045 14.405 0.006
4442.71785 14.414 0.006
4448.77353 14.443 0.006
4450.77821 14.462 0.006
4453.75404 14.462 0.006
4456.76737 14.473 0.006
4459.67739 14.469 0.006
4462.67940 14.488 0.006
4465.71963 14.495 0.006
4469.67275 14.538 0.006
4474.67479 14.578 0.006
4478.77756 14.613 0.006
4481.77634 14.649 0.006
4484.68607 14.653 0.006
4487.74844 14.696 0.006
4492.70101 14.726 0.006
4494.73545 14.750 0.006
4499.61693 14.782 0.006
4502.68978 14.797 0.006
4507.64852 14.813 0.006
4509.64579 14.829 0.006
4522.55334 14.797 0.006
4524.56735 14.771 0.006
4530.57253 14.620 0.006
4532.56459 14.544 0.006
4537.56265 14.394 0.006
4540.61139 14.326 0.006
4549.56779 14.226 0.006
4560.50634 14.206 0.006
4567.51790 14.224 0.006
4574.53894 14.243 0.006
4592.47660 14.290 0.006
4681.92998 14.801 0.006
4691.89567 14.658 0.006
4702.90760 14.389 0.006
4719.82313 14.134 0.006
4722.91191 14.129 0.006
4726.89753 14.169 0.006
4731.87386 14.214 0.006
4747.84624 14.402 0.006
4751.89253 14.458 0.006
4756.81659 14.525 0.006
4759.86364 14.557 0.006
4762.82342 14.593 0.006
4768.80136 14.643 0.006
4771.84351 14.669 0.006
4774.85290 14.678 0.006
4777.69031 14.681 0.006
4780.83925 14.696 0.006
4783.80917 14.691 0.006
4788.73856 14.719 0.006
4791.71597 14.733 0.006
4794.72026 14.758 0.006
4797.70169 14.778 0.006
4800.74493 14.793 0.006
4802.77657 14.801 0.006
4804.80070 14.848 0.006
4805.82379 14.845 0.006
4807.77465 14.864 0.006
4810.73259 14.894 0.006
4812.79218 14.928 0.006
4814.68178 14.934 0.006
4816.67859 14.942 0.006
4818.70074 14.933 0.006
4820.70755 14.944 0.006
4823.72117 14.924 0.006
4825.80835 14.900 0.006
4831.85071 14.777 0.006
4832.81094 14.740 0.006
4834.78003 14.702 0.006
4837.68005 14.629 0.006
4839.70857 14.574 0.006
4841.74490 14.535 0.006
4843.74413 14.489 0.006
4846.71007 14.427 0.006
4850.72811 14.339 0.006
4852.72214 14.297 0.006
4855.72956 14.240 0.006
4857.70773 14.196 0.006
4866.67487 14.058 0.006
4868.67294 14.054 0.006
4870.66239 14.057 0.006
4873.69304 14.073 0.006
4875.59007 14.081 0.006
4876.62073 14.091 0.006
4878.64564 14.109 0.006
4882.56491 14.137 0.006
4884.62731 14.169 0.006
4888.54375 14.208 0.006
4900.57538 14.384 0.006
4904.60111 14.440 0.006
4913.57893 14.526 0.006
4918.55556 14.565 0.006
4924.57517 14.609 0.006
4928.56497 14.643 0.006
4930.51620 14.648 0.006
4934.51302 14.687 0.006
4938.50428 14.701 0.006
4942.52085 14.748 0.006
4947.51422 14.800 0.006
