 726.81881 14.108 0.005
 728.88264 14.121 0.005
 739.85262 14.121 0.005
 744.76094 14.111 0.005
 745.84556 14.103 0.005
 746.83144 14.104 0.005
 747.72687 14.101 0.005
 748.67891 14.100 0.005
 750.79185 14.092 0.005
 751.79262 14.090 0.005
 752.85045 14.085 0.005
 754.79670 14.080 0.005
 755.77465 14.077 0.005
 759.70053 14.052 0.005
 761.78172 14.048 0.005
 766.83141 14.028 0.005
 773.78697 14.027 0.005
 776.81215 14.021 0.005
 778.84156 14.019 0.005
 780.77252 14.011 0.005
 782.80115 13.998 0.005
 788.82858 13.990 0.005
 792.73862 13.981 0.005
 795.82394 13.977 0.005
 798.74823 13.982 0.005
 817.74646 13.986 0.005
 819.82311 13.971 0.005
 824.69380 13.985 0.005
 826.78645 13.983 0.005
 827.68321 13.985 0.005
 828.74287 13.983 0.005
 829.69048 13.988 0.005
 830.74860 13.979 0.005
 831.58584 13.997 0.005
 832.56846 14.002 0.005
 832.75546 13.997 0.005
 833.57503 14.004 0.005
 834.70968 14.013 0.005
 835.79677 14.007 0.005
 837.65867 14.012 0.005
 839.65708 14.028 0.005
 841.74610 14.033 0.005
 842.73607 14.040 0.005
 844.59095 14.051 0.005
 846.76289 14.062 0.005
 850.75372 14.102 0.005
 854.77093 14.132 0.005
 855.70062 14.136 0.005
 856.66261 14.136 0.005
 857.72127 14.136 0.005
 858.68444 14.141 0.005
 859.75118 14.139 0.005
 860.64413 14.136 0.005
 865.56142 14.131 0.005
 867.61654 14.140 0.005
 874.68020 14.106 0.005
 876.59625 14.103 0.005
 876.69873 14.103 0.005
 878.68628 14.096 0.005
 880.62058 14.097 0.005
 885.57970 14.107 0.005
 887.66481 14.106 0.005
 890.68842 14.120 0.005
 892.53519 14.117 0.005
 893.70143 14.110 0.005
 896.50314 14.115 0.005
 900.55662 14.126 0.005
 919.55851 14.116 0.005
 925.51158 14.112 0.005
 931.56959 14.136 0.005
 934.51839 14.156 0.005
 950.51161 14.227 0.005
 951.50512 14.221 0.005
1072.89474 14.057 0.005
1079.80313 14.074 0.005
1080.80671 14.085 0.005
1083.81725 14.096 0.005
1084.81269 14.099 0.005
1086.84071 14.108 0.005
1090.76838 14.131 0.005
1091.87619 14.139 0.005
1092.81877 14.143 0.005
1093.83084 14.141 0.005
1106.75976 14.208 0.005
1108.78076 14.218 0.005
1114.79019 14.239 0.005
1119.83343 14.243 0.005
1120.73797 14.247 0.005
1126.75777 14.233 0.005
1129.82206 14.226 0.005
1131.82801 14.227 0.005
1132.81761 14.216 0.005
1137.79978 14.193 0.005
1138.84109 14.182 0.005
1142.76776 14.169 0.005
1152.72536 14.124 0.005
1154.74089 14.107 0.005
1155.69712 14.112 0.005
1157.75099 14.105 0.005
1159.75668 14.105 0.005
1161.82069 14.102 0.005
1163.82258 14.099 0.005
1164.83749 14.096 0.005
1166.75497 14.099 0.005
1167.78119 14.102 0.005
1168.76383 14.100 0.005
1171.73273 14.105 0.005
1175.73009 14.101 0.005
1179.77947 14.102 0.005
1181.74297 14.107 0.005
1183.82787 14.104 0.005
1185.82524 14.096 0.005
1187.78055 14.096 0.005
1189.71698 14.094 0.005
1191.75567 14.102 0.005
1192.81446 14.094 0.005
1193.80638 14.103 0.005
1194.68202 14.103 0.005
1201.77051 14.118 0.005
1202.76463 14.115 0.005
1204.68623 14.117 0.005
1206.78641 14.128 0.005
1207.69663 14.122 0.005
1211.67315 14.120 0.005
1213.63658 14.124 0.005
1214.71533 14.128 0.005
1215.54141 14.127 0.005
1216.60949 14.121 0.005
1217.67710 14.128 0.005
1219.61433 14.121 0.005
1221.58497 14.131 0.005
1223.67512 14.135 0.005
1224.55479 14.128 0.005
1226.56304 14.129 0.005
1227.57010 14.135 0.005
1232.65970 14.119 0.005
1235.56086 14.115 0.005
1237.54479 14.129 0.005
1238.64680 14.105 0.005
1241.54703 14.112 0.005
1242.61803 14.106 0.005
1243.56414 14.103 0.005
1245.53270 14.108 0.005
1247.66707 14.116 0.005
1248.63479 14.121 0.005
1251.58935 14.127 0.005
1254.54322 14.134 0.005
1255.57622 14.128 0.005
1257.60788 14.123 0.005
1260.59393 14.114 0.005
1264.58435 14.114 0.005
1266.58609 14.108 0.005
1267.60221 14.108 0.005
1274.58524 14.101 0.005
1275.52461 14.102 0.005
1278.50725 14.098 0.005
1281.51532 14.100 0.005
1290.48505 14.082 0.005
1296.57592 14.076 0.005
1300.52203 14.083 0.005
1305.50046 14.088 0.005
1308.53146 14.095 0.005
1315.49067 14.130 0.005
1318.47335 14.143 0.005
1329.45899 14.217 0.005
1331.47799 14.209 0.005
1431.82134 13.981 0.005
1433.81790 13.994 0.005
1435.86580 14.000 0.005
1437.85852 14.009 0.005
1440.89749 14.013 0.005
1443.78882 14.014 0.005
1447.76257 14.026 0.005
1448.85334 14.026 0.005
1453.77336 14.054 0.005
1454.88937 14.038 0.005
1455.77151 14.059 0.005
1458.75748 14.051 0.005
1459.87904 14.065 0.005
1460.75965 14.050 0.005
1461.72539 14.061 0.005
1471.73585 14.080 0.005
1475.83027 14.093 0.005
1478.75498 14.090 0.005
1481.81719 14.087 0.005
1484.82150 14.079 0.005
1487.81429 14.077 0.005
1488.86235 14.065 0.005
1491.75304 14.074 0.005
1493.69495 14.061 0.005
1495.73838 14.056 0.005
1498.65955 14.043 0.005
1500.80008 14.037 0.005
1503.69037 14.029 0.005
1505.79722 14.023 0.005
1507.69321 14.009 0.005
1508.80986 14.014 0.005
1509.67135 14.012 0.005
1510.63688 14.017 0.005
1511.71954 14.007 0.005
1512.75354 14.007 0.005
1514.76801 14.002 0.005
1516.81380 14.000 0.005
1517.84571 14.001 0.005
1518.68565 13.995 0.005
1520.71096 13.984 0.005
1522.71165 13.981 0.005
1523.71182 13.982 0.005
1525.68776 13.992 0.005
1527.75310 13.991 0.005
1528.67903 13.997 0.005
1529.80448 13.995 0.005
1531.69642 13.997 0.005
1538.65356 14.011 0.005
1541.60937 14.027 0.005
1542.76373 14.030 0.005
1544.66605 14.033 0.005
1546.67527 14.049 0.005
1546.69073 14.047 0.005
1547.69232 14.051 0.005
1548.66949 14.056 0.005
1551.69885 14.068 0.005
1552.63179 14.069 0.005
1553.65550 14.074 0.005
1554.63410 14.078 0.005
1555.65854 14.079 0.005
1556.63270 14.082 0.005
1560.62444 14.093 0.005
1564.54356 14.101 0.005
1568.62026 14.114 0.005
1571.62991 14.122 0.005
1575.64431 14.125 0.005
1578.68461 14.115 0.005
1580.69541 14.105 0.005
1582.62992 14.099 0.005
1585.62071 14.090 0.005
1588.62394 14.087 0.005
1591.58778 14.092 0.005
1595.58102 14.056 0.005
1599.64703 14.039 0.005
1600.59992 14.038 0.005
1601.60704 14.036 0.005
1602.67351 14.025 0.005
1604.60510 14.031 0.005
1606.56207 14.025 0.005
1609.51830 14.018 0.005
1610.53320 14.024 0.005
1611.59334 14.023 0.005
1613.57368 14.017 0.005
1614.64475 14.006 0.005
1616.50237 14.011 0.005
1618.64790 14.007 0.005
1619.54162 14.016 0.005
1621.53778 14.006 0.005
1623.63494 13.996 0.005
1625.61599 13.993 0.005
1627.58625 14.001 0.005
1628.52614 13.992 0.005
1630.49784 13.997 0.005
1631.49562 13.991 0.005
1633.61105 13.988 0.005
1635.49406 13.993 0.005
1643.57006 14.008 0.005
1644.49706 14.010 0.005
1645.50316 14.016 0.005
1653.48847 14.042 0.005
1655.53243 14.047 0.005
1657.54189 14.058 0.005
1660.51675 14.060 0.005
1662.52410 14.064 0.005
1664.54716 14.066 0.005
1669.51708 14.076 0.005
1672.48974 14.083 0.005
1687.48743 14.106 0.005
1695.47279 14.130 0.005
1766.86554 13.977 0.005
1768.85119 13.980 0.005
1773.90954 13.982 0.005
1782.84075 14.017 0.005
1788.84917 14.056 0.005
1804.84444 14.160 0.005
1811.86499 14.216 0.005
1815.84116 14.250 0.005
1818.88348 14.246 0.005
1822.72286 14.245 0.005
1829.87212 14.257 0.005
1844.77995 14.190 0.005
1850.76132 14.168 0.005
1854.81835 14.134 0.005
1858.76542 14.119 0.005
1860.80780 14.101 0.005
1863.78090 14.098 0.005
1866.73161 14.082 0.005
1868.71270 14.083 0.005
1870.83376 14.085 0.005
1872.84957 14.079 0.005
1874.75450 14.072 0.005
2166.85603 14.088 0.005
2183.89928 14.102 0.005
2189.86169 14.097 0.005
2192.76512 14.100 0.005
2201.77532 14.105 0.005
2212.80960 14.087 0.005
2217.79400 14.082 0.005
2223.81457 14.075 0.005
2226.78894 14.077 0.005
2228.83237 14.068 0.005
2232.76604 14.066 0.005
2234.75998 14.067 0.005
2238.71065 14.063 0.005
2240.83957 14.060 0.005
2242.84532 14.065 0.005
2248.72657 14.075 0.005
2251.75620 14.082 0.005
2253.77380 14.085 0.005
2255.70212 14.085 0.005
2258.70157 14.080 0.005
2269.78308 14.089 0.005
2271.73138 14.094 0.005
2273.82172 14.089 0.005
2275.79519 14.088 0.005
2277.79798 14.084 0.005
2279.79480 14.084 0.005
2281.75763 14.079 0.005
2283.81483 14.087 0.005
2289.75169 14.090 0.005
2291.75780 14.088 0.005
2293.72615 14.100 0.005
2295.74721 14.093 0.005
2297.73813 14.093 0.005
2299.77055 14.091 0.005
2303.67136 14.087 0.005
2326.58006 14.074 0.005
2332.52346 14.066 0.005
2338.54603 14.064 0.005
2355.51150 14.045 0.005
2387.50181 14.109 0.005
2524.86659 14.153 0.005
2542.83342 14.110 0.005
2544.89157 14.108 0.005
2551.88179 14.078 0.005
2559.81971 14.078 0.005
2563.86494 14.070 0.005
2577.85446 14.076 0.005
2583.75090 14.085 0.005
2589.79143 14.109 0.005
2594.80826 14.116 0.005
2599.86307 14.118 0.005
2609.66930 14.104 0.005
2611.67318 14.094 0.005
2617.81982 14.075 0.005
2620.78884 14.063 0.005
2623.76207 14.057 0.005
2626.68715 14.046 0.005
2627.62896 14.050 0.005
2628.85428 14.041 0.005
2630.84300 14.042 0.005
2632.63371 14.045 0.005
2635.62855 14.039 0.005
2637.76871 14.062 0.005
2639.78496 14.065 0.005
2641.65923 14.081 0.005
2643.67113 14.085 0.005
2645.66274 14.095 0.005
2647.58948 14.098 0.005
2651.65775 14.099 0.005
2653.68248 14.103 0.005
2655.66680 14.104 0.005
2657.80052 14.096 0.005
2659.66856 14.102 0.005
2661.69244 14.101 0.005
2665.79432 14.097 0.005
2671.80025 14.092 0.005
2675.73071 14.101 0.005
2677.76561 14.102 0.005
2679.75614 14.100 0.005
2686.60786 14.108 0.005
2691.53462 14.120 0.005
2695.59196 14.107 0.005
2700.54296 14.118 0.005
2713.52806 14.091 0.005
2841.93229 14.189 0.005
2868.89484 14.185 0.005
2890.83797 14.125 0.005
2895.87369 14.114 0.005
2900.82936 14.092 0.005
2906.86035 14.070 0.005
2910.89370 14.064 0.005
2915.89384 14.056 0.005
2922.77399 14.060 0.005
2925.86239 14.078 0.005
2930.77496 14.101 0.005
2933.81939 14.114 0.005
2939.82779 14.143 0.005
2941.84585 14.156 0.005
2943.72065 14.154 0.005
2946.82369 14.169 0.005
2948.81400 14.176 0.005
2952.81004 14.192 0.005
2956.65345 14.204 0.005
2958.68024 14.206 0.005
2962.69116 14.208 0.005
2965.70820 14.218 0.005
2967.80754 14.211 0.005
2970.77316 14.213 0.005
2974.71272 14.215 0.005
2976.74657 14.217 0.005
2978.64111 14.224 0.005
2980.66754 14.237 0.005
2982.62670 14.242 0.005
2984.66783 14.240 0.005
2986.75567 14.245 0.005
2988.72364 14.239 0.005
2990.65706 14.239 0.005
2992.74668 14.227 0.005
2994.65446 14.217 0.005
2996.74478 14.212 0.005
2998.69950 14.193 0.005
2999.79153 14.192 0.005
3001.67025 14.176 0.005
3003.66591 14.166 0.005
3005.62290 14.145 0.005
3007.74138 14.136 0.005
3009.67720 14.121 0.005
3011.62277 14.112 0.005
3013.65343 14.099 0.005
3017.62873 14.074 0.005
3018.72056 14.072 0.005
3020.79577 14.063 0.005
3022.82226 14.060 0.005
3024.77083 14.052 0.005
3026.76814 14.056 0.005
3028.77561 14.052 0.005
3030.78048 14.052 0.005
3033.70778 14.059 0.005
3035.71407 14.058 0.005
3038.69244 14.063 0.005
3040.69207 14.073 0.005
3042.63561 14.082 0.005
3044.56952 14.089 0.005
3046.58501 14.096 0.005
3048.56996 14.108 0.005
3050.58882 14.112 0.005
3052.58585 14.117 0.005
3054.58670 14.126 0.005
3056.58389 14.135 0.005
3058.57764 14.150 0.005
3060.59812 14.159 0.005
3064.60266 14.174 0.005
3067.65963 14.189 0.005
3069.61973 14.179 0.005
3073.53451 14.188 0.005
3075.62386 14.191 0.005
3078.54370 14.193 0.005
3082.53269 14.186 0.005
3084.60863 14.197 0.005
3087.57091 14.195 0.005
3090.52586 14.181 0.005
3093.50719 14.198 0.005
3098.61612 14.186 0.005
3101.57380 14.164 0.005
3104.54703 14.162 0.005
3111.52055 14.154 0.005
3114.51449 14.135 0.005
3115.53883 14.136 0.005
3126.47895 14.085 0.005
3144.49424 14.098 0.005
3224.89441 14.159 0.005
3239.92839 14.091 0.005
3247.89934 14.080 0.005
3256.87762 14.080 0.005
3263.85244 14.077 0.005
3268.86819 14.071 0.005
3273.83980 14.069 0.005
3276.85787 14.068 0.005
3281.82281 14.055 0.005
3289.83626 14.038 0.005
3294.83441 14.039 0.005
3296.83976 14.030 0.005
3298.87030 14.033 0.005
3301.69067 14.030 0.005
3303.85970 14.019 0.005
3306.83430 14.012 0.005
3308.85131 14.007 0.005
3311.66143 14.006 0.005
3320.69457 14.008 0.005
3323.64754 14.010 0.005
3329.82359 13.996 0.005
3334.72342 13.991 0.005
3338.77916 14.010 0.005
3349.79543 14.049 0.005
3351.78025 14.045 0.005
3354.74839 14.057 0.005
3358.63470 14.056 0.005
3361.73051 14.070 0.005
3363.72064 14.072 0.005
3372.69294 14.063 0.005
3377.72913 14.058 0.005
3386.75491 14.054 0.005
3391.60024 14.062 0.005
3395.66433 14.058 0.005
3398.71203 14.053 0.005
3402.65731 14.036 0.005
3404.58514 14.042 0.005
3408.53859 14.043 0.005
3412.58388 14.051 0.005
3414.61543 14.048 0.005
3419.58627 14.060 0.005
3426.52178 14.073 0.005
3433.57297 14.094 0.005
3443.54356 14.107 0.005
3453.50992 14.121 0.005
3575.91504 14.017 0.005
3589.88650 13.994 0.005
3617.88345 14.063 0.005
3629.82294 14.102 0.005
3634.78906 14.127 0.005
3639.89930 14.139 0.005
3641.83294 14.150 0.005
3650.82828 14.132 0.005
3653.85629 14.119 0.005
3657.80679 14.103 0.005
3660.77250 14.082 0.005
3664.80795 14.088 0.005
3668.74426 14.076 0.005
3672.75379 14.085 0.005
3676.85520 14.084 0.005
3684.79940 14.100 0.005
3687.71841 14.121 0.005
3689.81701 14.126 0.005
3692.74143 14.116 0.005
3694.81541 14.121 0.005
3696.69067 14.118 0.005
3699.70289 14.134 0.005
3701.75378 14.138 0.005
3704.72029 14.138 0.005
3706.77450 14.143 0.005
3711.66549 14.144 0.005
3713.67915 14.146 0.005
3716.72821 14.145 0.005
3719.75596 14.132 0.005
3722.81417 14.126 0.005
3726.67840 14.102 0.005
3728.65116 14.091 0.005
3731.75173 14.075 0.005
3733.63789 14.070 0.005
3734.74087 14.068 0.005
3736.75974 14.070 0.005
3737.64838 14.065 0.005
3739.71048 14.072 0.005
3741.81675 14.079 0.005
3743.71464 14.057 0.005
3746.75703 14.047 0.005
3748.70965 14.038 0.005
3750.71584 14.031 0.005
3752.72390 14.020 0.005
3754.74520 14.003 0.005
3755.66495 13.991 0.005
3757.63905 13.983 0.005
3759.60469 13.970 0.005
3762.68957 13.944 0.005
3765.71149 13.928 0.005
3769.75209 13.903 0.005
3772.72040 13.899 0.005
3775.71235 13.894 0.005
3778.69084 13.887 0.005
3782.59896 13.900 0.005
3786.57503 13.914 0.005
3791.57135 13.934 0.005
3798.57104 13.999 0.005
3805.55825 14.048 0.005
3820.50359 14.112 0.005
3944.93718 14.071 0.005
3961.93382 14.110 0.005
3968.91590 14.129 0.005
3974.91186 14.155 0.005
3981.80487 14.178 0.005
3988.88677 14.192 0.005
3995.83979 14.193 0.005
4002.83592 14.184 0.005
4005.78595 14.170 0.005
4007.79015 14.164 0.005
4011.77058 14.144 0.005
4018.75615 14.114 0.005
4023.80965 14.096 0.005
4026.72027 14.099 0.005
4028.85634 14.090 0.005
4031.74407 14.072 0.005
4037.85294 14.066 0.005
4040.82029 14.051 0.005
4042.83507 14.053 0.005
4046.71089 14.052 0.005
4048.79982 14.039 0.005
4052.64272 14.042 0.005
4053.84042 14.040 0.005
4056.68396 14.049 0.005
4059.67118 14.052 0.005
4064.63570 14.083 0.005
4066.61526 14.098 0.005
4069.68265 14.113 0.005
4071.60771 14.126 0.005
4076.67949 14.159 0.005
4079.69607 14.177 0.005
4082.68643 14.191 0.005
4084.76629 14.198 0.005
4087.68574 14.200 0.005
4093.77473 14.199 0.005
4102.66298 14.166 0.005
4104.80976 14.160 0.005
4109.67063 14.124 0.005
4113.68923 14.101 0.005
4119.62746 14.056 0.005
4122.67632 14.039 0.005
4125.72371 14.023 0.005
4129.72315 13.998 0.005
4142.58138 13.955 0.005
4150.55790 13.931 0.005
4154.55284 13.922 0.005
4166.51621 13.928 0.005
4184.50575 13.929 0.005
4340.90636 14.162 0.005
4346.89446 14.153 0.005
4350.91303 14.143 0.005
4357.84665 14.148 0.005
4363.77509 14.149 0.005
4365.79873 14.140 0.005
4369.79431 14.128 0.005
4372.76899 14.112 0.005
4376.85956 14.099 0.005
4379.86611 14.087 0.005
4383.87017 14.073 0.005
4388.86416 14.038 0.005
4393.73804 14.023 0.005
4398.81323 14.015 0.005
4403.75385 14.014 0.005
4411.74903 14.030 0.005
4417.83186 14.059 0.005
4421.74427 14.077 0.005
4425.81749 14.095 0.005
4429.72824 14.125 0.005
4432.76980 14.137 0.005
4436.69631 14.160 0.005
4439.74045 14.178 0.005
4442.71785 14.193 0.005
4448.77353 14.218 0.005
4450.77821 14.218 0.005
4453.75404 14.233 0.005
4456.76737 14.228 0.005
4459.67739 14.224 0.005
4462.67940 14.215 0.005
4465.71963 14.208 0.005
4469.67275 14.198 0.005
4474.67479 14.175 0.005
4478.77756 14.160 0.005
4481.77634 14.152 0.005
4484.68607 14.124 0.005
4487.74844 14.102 0.005
4492.70101 14.064 0.005
4494.73545 14.032 0.005
4499.61693 14.020 0.005
4502.68978 13.985 0.005
4507.64852 13.957 0.005
4509.64579 13.958 0.005
4522.55334 13.950 0.005
4524.56735 13.963 0.005
4530.57253 13.978 0.005
4532.56459 13.994 0.005
4537.56265 13.989 0.005
4540.61139 14.003 0.005
4549.56779 14.060 0.005
4560.50634 14.115 0.005
4567.51790 14.120 0.005
4574.53894 14.122 0.005
4592.47660 14.124 0.005
4681.92998 14.129 0.005
4691.89567 14.088 0.005
4702.90760 14.065 0.005
4719.82313 14.006 0.005
4722.91191 14.001 0.005
4726.89753 14.009 0.005
4731.87386 14.014 0.005
4747.84624 14.070 0.005
4751.89253 14.080 0.005
4756.81659 14.098 0.005
4759.86364 14.112 0.005
4762.82342 14.126 0.005
4768.80136 14.148 0.005
4771.84351 14.152 0.005
4774.85290 14.150 0.005
4777.69031 14.146 0.005
4780.83925 14.149 0.005
4783.80917 14.144 0.005
4788.73856 14.137 0.005
4791.71597 14.132 0.005
4794.72026 14.115 0.005
4797.70169 14.107 0.005
4800.74493 14.100 0.005
4802.77657 14.093 0.005
4804.80070 14.080 0.005
4805.82379 14.083 0.005
4807.77465 14.079 0.005
4810.73259 14.079 0.005
4812.79218 14.081 0.005
4814.68178 14.075 0.005
4816.67859 14.074 0.005
4818.70074 14.081 0.005
4820.70755 14.086 0.005
4823.72117 14.081 0.005
4825.80835 14.087 0.005
4831.85071 14.107 0.005
4832.81094 14.113 0.005
4834.78003 14.122 0.005
4837.68005 14.128 0.005
4839.70857 14.143 0.005
4841.74490 14.151 0.005
4843.74413 14.156 0.005
4846.71007 14.176 0.005
4850.72811 14.200 0.005
4852.72214 14.223 0.005
4855.72956 14.225 0.005
4857.70773 14.240 0.005
4866.67487 14.243 0.005
4868.67294 14.242 0.005
4870.66239 14.222 0.005
4873.69304 14.209 0.005
4875.59007 14.209 0.005
4876.62073 14.211 0.005
4878.64564 14.191 0.005
4882.56491 14.174 0.005
4884.62731 14.149 0.005
4888.54375 14.133 0.005
4900.57538 14.035 0.005
4904.60111 13.997 0.005
4913.57893 13.929 0.005
4918.55556 13.922 0.005
4924.57517 13.921 0.005
4928.56497 13.937 0.005
4930.51620 13.941 0.005
4934.51302 13.954 0.005
4938.50428 13.967 0.005
4942.52085 13.984 0.005
4947.51422 14.011 0.005
