2171.89332 14.652 0.006
2183.85277 14.649 0.006
2184.85474 14.648 0.006
2189.79906 14.625 0.006
2191.82319 14.614 0.006
2200.83352 14.599 0.006
2217.73618 14.630 0.006
2223.75614 14.627 0.006
2226.73132 14.628 0.006
2228.77493 14.631 0.006
2230.68794 14.625 0.006
2232.70848 14.621 0.006
2234.70165 14.619 0.006
2238.65297 14.620 0.006
2240.78134 14.617 0.006
2242.78320 14.610 0.006
2244.83390 14.621 0.006
2249.70625 14.651 0.006
2251.80113 14.652 0.006
2253.69363 14.650 0.006
2256.69739 14.656 0.006
2258.81275 14.656 0.006
2261.60503 14.643 0.006
2265.65495 14.636 0.006
2271.62642 14.631 0.006
2273.78444 14.631 0.006
2275.72232 14.636 0.006
2277.72585 14.637 0.006
2279.73179 14.635 0.006
2281.72399 14.642 0.006
2283.75226 14.640 0.006
2289.67602 14.644 0.006
2291.68481 14.635 0.006
2295.68026 14.635 0.006
2297.67841 14.630 0.006
2299.67118 14.628 0.006
2301.64060 14.635 0.006
2303.63740 14.616 0.006
2317.56110 14.625 0.006
2322.60598 14.625 0.006
2326.51536 14.635 0.006
2331.54590 14.651 0.006
2337.56465 14.650 0.006
2349.52246 14.620 0.006
2366.49801 14.598 0.006
2397.49488 14.634 0.006
2519.92055 14.617 0.006
2535.90379 14.619 0.006
2542.77565 14.628 0.006
2544.81892 14.630 0.006
2551.81902 14.626 0.006
2555.84307 14.618 0.006
2559.73076 14.614 0.006
2563.80093 14.614 0.006
2571.85784 14.593 0.006
2577.79495 14.592 0.006
2580.82413 14.584 0.006
2588.86554 14.601 0.006
2594.74250 14.630 0.006
2599.77850 14.645 0.006
2607.74116 14.649 0.006
2613.66581 14.655 0.006
2617.75642 14.664 0.006
2620.69585 14.665 0.006
2623.67042 14.660 0.006
2626.64959 14.653 0.006
2628.81632 14.645 0.006
2631.61713 14.642 0.006
2634.63771 14.642 0.006
2637.66393 14.641 0.006
2640.70480 14.634 0.006
2642.67384 14.639 0.006
2644.67218 14.641 0.006
2650.65258 14.649 0.006
2652.63749 14.653 0.006
2655.62839 14.647 0.006
2657.69463 14.646 0.006
2659.71496 14.652 0.006
2661.76678 14.652 0.006
2663.69365 14.651 0.006
2665.73682 14.639 0.006
2667.75168 14.641 0.006
2671.65249 14.622 0.006
2673.64484 14.619 0.006
2675.66913 14.615 0.006
2677.67168 14.615 0.006
2679.69819 14.607 0.006
2681.68609 14.610 0.006
2685.63260 14.620 0.006
2690.58649 14.631 0.006
2695.52423 14.640 0.006
2699.57653 14.637 0.006
2705.55029 14.637 0.006
2712.51494 14.617 0.006
2733.48447 14.610 0.006
2870.89604 14.670 0.006
2883.89562 14.688 0.006
2888.87668 14.671 0.006
2894.81181 14.664 0.006
2899.81270 14.636 0.006
2905.80201 14.611 0.006
2910.83190 14.607 0.006
2915.82780 14.623 0.006
2921.83023 14.642 0.006
2925.77353 14.633 0.006
2929.81061 14.621 0.006
2933.75745 14.627 0.006
2939.76331 14.630 0.006
2942.74141 14.608 0.006
2946.76189 14.607 0.006
2949.74557 14.601 0.006
2952.73745 14.600 0.006
2955.80314 14.611 0.006
2957.73079 14.606 0.006
2961.70557 14.613 0.006
2966.70541 14.609 0.006
2969.66077 14.610 0.006
2973.82669 14.597 0.006
2975.76221 14.604 0.006
2977.75009 14.597 0.006
2977.77612 14.597 0.006
2979.80209 14.601 0.006
2981.80907 14.587 0.006
2983.70973 14.597 0.006
2986.69237 14.597 0.006
2988.65784 14.600 0.006
2990.73571 14.596 0.006
2992.67604 14.600 0.006
2994.77106 14.599 0.006
2996.64705 14.606 0.006
2998.62993 14.603 0.006
3000.64669 14.612 0.006
3002.63242 14.612 0.006
3004.63428 14.624 0.006
3006.68378 14.629 0.006
3010.65458 14.653 0.006
3012.75000 14.656 0.006
3016.66881 14.662 0.006
3018.65385 14.654 0.006
3020.69537 14.664 0.006
3022.76056 14.645 0.006
3024.70883 14.644 0.006
3026.67791 14.638 0.006
3028.71375 14.626 0.006
3030.71874 14.616 0.006
3033.64083 14.617 0.006
3035.64697 14.608 0.006
3040.65584 14.615 0.006
3042.59089 14.610 0.006
3044.53294 14.616 0.006
3046.54874 14.612 0.006
3048.52588 14.600 0.006
3050.52712 14.607 0.006
3052.52139 14.607 0.006
3054.52281 14.603 0.006
3056.52209 14.614 0.006
3057.56848 14.621 0.006
3058.51500 14.635 0.006
3060.53470 14.634 0.006
3062.52843 14.633 0.006
3067.57128 14.648 0.006
3072.60324 14.654 0.006
3075.55564 14.656 0.006
3077.64060 14.658 0.006
3081.63298 14.651 0.006
3084.53856 14.650 0.006
3087.50463 14.677 0.006
3092.54818 14.686 0.006
3098.55029 14.679 0.006
3102.48716 14.664 0.006
3105.52755 14.650 0.006
3108.50589 14.626 0.006
3111.48383 14.608 0.006
3114.47514 14.595 0.006
3125.47239 14.601 0.006
3134.47278 14.626 0.006
3229.90388 14.646 0.006
3238.93145 14.643 0.006
3246.91977 14.597 0.006
3247.83741 14.588 0.006
3254.90977 14.589 0.006
3262.88438 14.617 0.006
3268.80601 14.649 0.006
3273.76509 14.667 0.006
3276.81076 14.652 0.006
3281.76085 14.659 0.006
3283.86063 14.655 0.006
3289.77442 14.628 0.006
3294.77194 14.605 0.006
3296.77765 14.595 0.006
3298.80824 14.603 0.006
3300.86415 14.593 0.006
3303.77308 14.588 0.006
3306.77278 14.583 0.006
3308.78948 14.581 0.006
3310.82188 14.598 0.006
3314.74902 14.611 0.006
3321.66390 14.638 0.006
3325.72570 14.652 0.006
3329.76030 14.659 0.006
3334.65560 14.665 0.006
3338.70828 14.673 0.006
3349.68539 14.654 0.006
3352.65219 14.648 0.006
3355.67342 14.647 0.006
3359.67858 14.635 0.006
3369.67852 14.635 0.006
3377.66491 14.617 0.006
3381.77044 14.601 0.006
3389.65995 14.618 0.006
3394.70551 14.626 0.006
3396.58494 14.635 0.006
3399.62240 14.627 0.006
3402.62075 14.622 0.006
3404.54886 14.624 0.006
3409.52815 14.626 0.006
3414.52348 14.637 0.006
3418.61614 14.643 0.006
3428.59515 14.622 0.006
3434.59573 14.609 0.006
3444.52813 14.587 0.006
3451.50718 14.599 0.006
3570.93987 14.652 0.006
3585.89965 14.645 0.006
3590.92711 14.622 0.006
3592.89906 14.620 0.006
3617.84731 14.623 0.006
3629.75773 14.627 0.006
3633.79765 14.620 0.006
3638.75861 14.616 0.006
3641.79700 14.623 0.006
3646.86680 14.636 0.006
3653.79507 14.642 0.006
3656.85088 14.638 0.006
3660.73681 14.620 0.006
3665.78629 14.617 0.006
3671.75225 14.606 0.006
3675.76725 14.602 0.006
3683.79028 14.623 0.006
3686.83803 14.639 0.006
3689.75587 14.658 0.006
3692.67634 14.644 0.006
3694.85967 14.644 0.006
3698.69783 14.654 0.006
3700.73715 14.643 0.006
3702.82483 14.653 0.006
3705.73165 14.646 0.006
3707.70772 14.647 0.006
3712.81123 14.632 0.006
3715.62892 14.632 0.006
3718.66151 14.631 0.006
3721.85609 14.630 0.006
3722.61494 14.631 0.006
3725.71182 14.629 0.006
3728.61534 14.631 0.006
3731.68657 14.653 0.006
3734.67945 14.659 0.006
3736.66747 14.658 0.006
3738.62061 14.655 0.006
3740.59087 14.655 0.006
3743.58822 14.653 0.006
3746.58951 14.634 0.006
3748.61782 14.633 0.006
3750.59084 14.611 0.006
3752.60611 14.591 0.006
3754.64425 14.585 0.006
3756.74426 14.587 0.006
3758.66955 14.589 0.006
3761.71574 14.601 0.006
3765.58128 14.605 0.006
3769.69112 14.618 0.006
3772.65917 14.624 0.006
3775.63045 14.638 0.006
3778.62946 14.641 0.006
3781.67524 14.643 0.006
3785.61309 14.644 0.006
3790.58180 14.621 0.006
3797.56204 14.594 0.006
3804.55806 14.600 0.006
3817.52497 14.632 0.006
3936.94539 14.596 0.006
3961.86872 14.615 0.006
3968.85148 14.621 0.006
3974.82351 14.647 0.006
3981.74465 14.665 0.006
3987.86860 14.646 0.006
3995.77542 14.621 0.006
3999.80837 14.620 0.006
4004.79680 14.646 0.006
4007.72938 14.641 0.006
4009.88112 14.649 0.006
4016.84046 14.628 0.006
4023.74375 14.613 0.006
4030.87005 14.619 0.006
4037.76366 14.614 0.006
4040.75941 14.626 0.006
4042.77481 14.634 0.006
4046.64956 14.638 0.006
4048.73808 14.644 0.006
4051.72867 14.642 0.006
4053.78005 14.644 0.006
4055.72982 14.643 0.006
4057.70876 14.638 0.006
4060.64803 14.627 0.006
4065.69553 14.614 0.006
4067.63160 14.599 0.006
4069.62194 14.603 0.006
4072.65922 14.600 0.006
4077.69153 14.598 0.006
4080.67533 14.606 0.006
4084.70524 14.606 0.006
4087.73215 14.623 0.006
4092.78795 14.625 0.006
4100.84434 14.619 0.006
4104.74819 14.610 0.006
4107.72086 14.590 0.006
4117.64895 14.606 0.006
4122.64071 14.616 0.006
4124.61582 14.626 0.006
4126.68548 14.635 0.006
4131.53841 14.630 0.006
4149.63020 14.595 0.006
4153.57093 14.608 0.006
4164.54896 14.648 0.006
4177.53684 14.661 0.006
4345.86501 14.588 0.006
4350.82691 14.595 0.006
4355.84708 14.605 0.006
4361.80788 14.593 0.006
4364.79232 14.587 0.006
4366.81479 14.590 0.006
4370.76008 14.573 0.006
4373.76005 14.573 0.006
4376.79919 14.593 0.006
4379.80475 14.606 0.006
4383.80990 14.639 0.006
4388.74958 14.673 0.006
4392.77473 14.677 0.006
4397.78519 14.666 0.006
4402.86066 14.638 0.006
4410.81956 14.575 0.006
4416.84302 14.573 0.006
4420.85993 14.573 0.006
4425.69960 14.577 0.006
4431.75793 14.620 0.006
4435.79222 14.651 0.006
4439.68014 14.665 0.006
4441.85703 14.665 0.006
4448.70646 14.652 0.006
4450.71682 14.645 0.006
4453.69332 14.637 0.006
4457.66292 14.618 0.006
4459.64220 14.620 0.006
4464.64037 14.631 0.006
4467.65074 14.634 0.006
4471.63951 14.653 0.006
4474.69368 14.644 0.006
4478.70735 14.637 0.006
4481.73648 14.622 0.006
4484.65006 14.612 0.006
4487.71284 14.593 0.006
4490.70837 14.605 0.006
4494.63760 14.580 0.006
4499.58340 14.581 0.006
4502.61550 14.587 0.006
4507.61502 14.610 0.006
4509.60896 14.624 0.006
4520.58260 14.676 0.006
4523.51401 14.686 0.006
4530.50946 14.663 0.006
4533.53117 14.658 0.006
4537.52688 14.641 0.006
4540.55060 14.635 0.006
4544.49645 14.613 0.006
4547.59200 14.593 0.006
4558.54228 14.590 0.006
4564.48812 14.596 0.006
4570.52983 14.603 0.006
4583.46578 14.632 0.006
4598.47013 14.652 0.006
4672.93148 14.622 0.006
4675.93406 14.612 0.006
4677.91452 14.614 0.006
4691.83507 14.648 0.006
4703.90066 14.642 0.006
4704.86581 14.644 0.006
4716.85579 14.642 0.006
4722.79366 14.635 0.006
4726.79228 14.633 0.006
4731.83629 14.626 0.006
4747.78506 14.614 0.006
4750.85862 14.611 0.006
4755.86896 14.586 0.006
4759.80327 14.591 0.006
4762.76308 14.598 0.006
4768.74114 14.606 0.006
4771.78299 14.621 0.006
4774.73500 14.640 0.006
4776.81681 14.653 0.006
4779.85364 14.657 0.006
4783.71974 14.653 0.006
4787.86069 14.652 0.006
4790.82965 14.642 0.006
4793.73292 14.622 0.006
4795.74723 14.624 0.006
4799.70860 14.610 0.006
4802.71634 14.608 0.006
4805.68523 14.619 0.006
4807.69854 14.621 0.006
4810.69699 14.630 0.006
4813.68379 14.636 0.006
4815.68852 14.635 0.006
4817.69458 14.639 0.006
4819.68703 14.650 0.006
4821.75122 14.652 0.006
4825.73949 14.658 0.006
4831.78432 14.657 0.006
4834.71464 14.649 0.006
4836.71709 14.647 0.006
4840.64514 14.633 0.006
4842.64307 14.641 0.006
4844.64240 14.636 0.006
4847.70914 14.634 0.006
4849.70177 14.633 0.006
4853.70681 14.637 0.006
4855.69432 14.635 0.006
4863.62632 14.634 0.006
4866.63943 14.634 0.006
4869.59114 14.640 0.006
4871.62135 14.621 0.006
4873.61667 14.631 0.006
4875.55029 14.640 0.006
4875.63259 14.635 0.006
4877.52228 14.643 0.006
4878.57759 14.628 0.006
4881.57359 14.634 0.006
4882.63213 14.631 0.006
4884.56652 14.628 0.006
4887.60341 14.629 0.006
4899.64646 14.625 0.006
4900.52416 14.636 0.006
4905.54883 14.640 0.006
4915.52862 14.625 0.006
4919.51643 14.628 0.006
4925.52606 14.618 0.006
4929.49980 14.621 0.006
4933.52480 14.610 0.006
4936.49905 14.614 0.006
4940.51393 14.596 0.006
4945.50761 14.604 0.006
4951.48727 14.619 0.006
