2171.85293 14.102 0.006
2183.81230 14.138 0.006
2184.81184 14.131 0.006
2188.86239 14.120 0.006
2191.77255 14.106 0.006
2200.79366 14.098 0.006
2206.72879 14.079 0.006
2216.85289 14.057 0.006
2223.71754 14.045 0.006
2226.69366 14.050 0.006
2228.73741 14.043 0.006
2230.64896 14.024 0.006
2232.67073 14.035 0.006
2234.66350 14.028 0.006
2238.60796 14.031 0.006
2240.73449 14.023 0.006
2244.79615 14.044 0.006
2249.66442 14.057 0.006
2252.62788 14.075 0.006
2253.65230 14.084 0.006
2256.65687 14.101 0.006
2259.65142 14.122 0.006
2262.65663 14.124 0.006
2269.71776 14.127 0.006
2272.62253 14.124 0.006
2276.63329 14.130 0.006
2279.62777 14.122 0.006
2281.67519 14.129 0.006
2283.71082 14.113 0.006
2288.69635 14.103 0.006
2290.73420 14.087 0.006
2292.70435 14.077 0.006
2294.67506 14.073 0.006
2296.69399 14.067 0.006
2298.71554 14.043 0.006
2300.66719 14.029 0.006
2302.64082 14.030 0.006
2304.64547 14.026 0.006
2315.56879 13.980 0.006
2322.54666 13.939 0.006
2325.56035 13.942 0.006
2330.56905 13.941 0.006
2337.52088 13.967 0.006
2343.51690 13.989 0.006
2353.51110 14.030 0.006
2370.51582 14.123 0.006
2403.49440 13.968 0.006
2518.92031 13.937 0.006
2526.84999 13.966 0.006
2540.85817 13.991 0.006
2544.77832 14.012 0.006
2550.89616 14.014 0.006
2554.86148 14.010 0.006
2554.86574 14.014 0.006
2558.87255 14.003 0.006
2562.89345 14.012 0.006
2571.81855 14.001 0.006
2577.75724 14.004 0.006
2580.78599 14.006 0.006
2588.82316 13.976 0.006
2593.81230 13.978 0.006
2599.73218 13.952 0.006
2607.69040 13.958 0.006
2617.67969 14.004 0.006
2620.62320 14.019 0.006
2622.79898 14.030 0.006
2624.79362 14.042 0.006
2626.60687 14.049 0.006
2629.60349 14.056 0.006
2631.78763 14.074 0.006
2637.59559 14.084 0.006
2640.63523 14.110 0.006
2642.63346 14.112 0.006
2644.62368 14.120 0.006
2649.64694 14.138 0.006
2651.69578 14.141 0.006
2654.64841 14.144 0.006
2656.72667 14.172 0.006
2658.71248 14.154 0.006
2661.72779 14.151 0.006
2663.63148 14.146 0.006
2665.66100 14.149 0.006
2667.62194 14.148 0.006
2669.66409 14.149 0.006
2671.59241 14.128 0.006
2673.59946 14.119 0.006
2675.59904 14.119 0.006
2677.59689 14.108 0.006
2679.62380 14.091 0.006
2681.64529 14.090 0.006
2685.58494 14.084 0.006
2694.53691 14.021 0.006
2698.59871 13.994 0.006
2704.58126 13.978 0.006
2711.53645 13.965 0.006
2731.49051 14.011 0.006
2879.88339 14.149 0.006
2884.82929 14.086 0.006
2888.86200 14.052 0.006
2893.85338 13.982 0.006
2897.81500 13.948 0.006
2903.86096 13.917 0.006
2906.80964 13.898 0.006
2910.78278 13.884 0.006
2915.78676 13.888 0.006
2921.78860 13.916 0.006
2924.87833 13.940 0.006
2929.87606 13.990 0.006
2932.84418 14.035 0.006
2941.82063 14.124 0.006
2943.69534 14.131 0.006
2946.72208 14.159 0.006
2949.70564 14.196 0.006
2952.69667 14.212 0.006
2955.75833 14.232 0.006
2957.69087 14.238 0.006
2960.71181 14.250 0.006
2963.69855 14.230 0.006
2966.66405 14.223 0.006
2968.82705 14.186 0.006
2971.83440 14.165 0.006
2975.63267 14.136 0.006
2983.66854 14.062 0.006
2985.84960 14.027 0.006
2988.61328 14.012 0.006
2990.80464 13.996 0.006
2994.73103 13.984 0.006
2997.61397 13.966 0.006
2999.63357 13.970 0.006
3001.61147 13.973 0.006
3003.64045 13.971 0.006
3005.66986 13.991 0.006
3007.62248 13.979 0.006
3009.62026 13.981 0.006
3011.65250 13.998 0.006
3013.62797 14.010 0.006
3016.62845 14.017 0.006
3018.61358 14.007 0.006
3020.65472 14.037 0.006
3022.68670 14.054 0.006
3024.66876 14.068 0.006
3026.63784 14.061 0.006
3028.64322 14.088 0.006
3030.67854 14.097 0.006
3032.78229 14.092 0.006
3035.60691 14.117 0.006
3037.61365 14.120 0.006
3040.58495 14.153 0.006
3042.57301 14.151 0.006
3045.58188 14.172 0.006
3047.53370 14.178 0.006
3049.53923 14.185 0.006
3051.53282 14.191 0.006
3053.52533 14.195 0.006
3055.52809 14.188 0.006
3057.52347 14.181 0.006
3059.52603 14.194 0.006
3060.51964 14.185 0.006
3061.52075 14.183 0.006
3064.53319 14.177 0.006
3067.53079 14.154 0.006
3069.51510 14.122 0.006
3072.50953 14.098 0.006
3075.51476 14.087 0.006
3077.59995 14.056 0.006
3081.59116 14.054 0.006
3083.59826 14.064 0.006
3086.53412 14.075 0.006
3089.52147 14.069 0.006
3092.50411 14.089 0.006
3098.50118 14.101 0.006
3101.52267 14.115 0.006
3104.49412 14.131 0.006
3108.49117 14.149 0.006
3112.48648 14.200 0.006
3115.51318 14.215 0.006
3123.49205 14.286 0.006
3132.49218 14.307 0.006
3230.86448 14.173 0.006
3246.88031 14.158 0.006
3251.91115 14.151 0.006
3254.86805 14.124 0.006
3261.90093 14.089 0.006
3272.88059 14.005 0.006
3275.87947 14.001 0.006
3280.87901 14.009 0.006
3283.81931 14.004 0.006
3289.73228 14.046 0.006
3294.73894 14.055 0.006
3296.68738 14.076 0.006
3298.76847 14.093 0.006
3300.82434 14.118 0.006
3303.73164 14.121 0.006
3306.73311 14.155 0.006
3308.74971 14.155 0.006
3310.78220 14.142 0.006
3314.70340 14.167 0.006
3321.62395 14.192 0.006
3328.83323 14.189 0.006
3335.83722 14.159 0.006
3336.70142 14.158 0.006
3340.82264 14.144 0.006
3349.64541 14.086 0.006
3353.63823 14.061 0.006
3356.63188 14.040 0.006
3360.64512 14.008 0.006
3369.66373 14.021 0.006
3377.62474 14.017 0.006
3381.62331 14.038 0.006
3386.63513 14.018 0.006
3390.63814 14.012 0.006
3395.74816 13.997 0.006
3398.61566 14.006 0.006
3400.60116 14.009 0.006
3403.60988 14.020 0.006
3406.53938 14.022 0.006
3410.56291 14.031 0.006
3415.53885 14.063 0.006
3421.60831 14.088 0.006
3429.56039 14.079 0.006
3434.54847 14.089 0.006
3442.52022 14.069 0.006
3450.52198 14.073 0.006
3569.93180 14.007 0.006
3592.88410 13.947 0.006
3608.89091 13.914 0.006
3614.87376 13.906 0.006
3621.90624 13.921 0.006
3628.88568 13.945 0.006
3633.75674 13.956 0.006
3639.76242 13.981 0.006
3641.75631 13.983 0.006
3646.81737 13.982 0.006
3652.86903 13.984 0.006
3656.80758 13.975 0.006
3661.74298 13.966 0.006
3665.74634 13.968 0.006
3671.71226 13.984 0.006
3674.83438 13.981 0.006
3683.75023 14.007 0.006
3686.79630 14.017 0.006
3689.71319 14.009 0.006
3692.63482 14.013 0.006
3695.70027 14.014 0.006
3698.65250 14.021 0.006
3700.69736 14.003 0.006
3702.78354 13.996 0.006
3705.68933 14.001 0.006
3707.65703 14.007 0.006
3713.62859 13.993 0.006
3716.70314 14.003 0.006
3720.64851 13.993 0.006
3724.70430 14.011 0.006
3727.61505 14.003 0.006
3731.61664 14.011 0.006
3736.62726 14.013 0.006
3739.60189 14.022 0.006
3742.65250 14.034 0.006
3745.74118 14.043 0.006
3748.60151 14.049 0.006
3750.62742 14.041 0.006
3752.58207 14.059 0.006
3755.59386 14.070 0.006
3758.59849 14.087 0.006
3760.73332 14.080 0.006
3762.61059 14.099 0.006
3766.59205 14.099 0.006
3769.59307 14.106 0.006
3772.61767 14.088 0.006
3775.58893 14.085 0.006
3778.58962 14.067 0.006
3781.60066 14.064 0.006
3785.57318 14.026 0.006
3790.54206 13.993 0.006
3796.58246 13.957 0.006
3804.51823 13.952 0.006
3816.52339 13.944 0.006
3935.91359 14.021 0.006
3960.86779 13.960 0.006
3967.89717 13.949 0.006
3973.89263 13.933 0.006
3979.87067 13.953 0.006
3987.82279 13.986 0.006
3994.87541 14.014 0.006
4004.75775 14.052 0.006
4008.71280 14.064 0.006
4011.87590 14.057 0.006
4016.88451 14.056 0.006
4021.83127 14.057 0.006
4025.84315 14.049 0.006
4028.75316 14.045 0.006
4030.82486 14.046 0.006
4037.72452 14.035 0.006
4040.71940 14.028 0.006
4042.73572 14.019 0.006
4045.83507 14.030 0.006
4048.69874 14.025 0.006
4050.77152 14.048 0.006
4053.74095 14.035 0.006
4055.69071 14.039 0.006
4057.66954 14.051 0.006
4060.60855 14.064 0.006
4065.62607 14.076 0.006
4068.64171 14.078 0.006
4070.63821 14.078 0.006
4073.79757 14.077 0.006
4077.65092 14.104 0.006
4080.63281 14.103 0.006
4084.66450 14.119 0.006
4092.74125 14.101 0.006
4100.80152 14.099 0.006
4104.70632 14.075 0.006
4107.64392 14.080 0.006
4117.60944 14.046 0.006
4121.61038 14.033 0.006
4123.58716 14.020 0.006
4125.69853 14.015 0.006
4129.67102 13.990 0.006
4144.54237 13.996 0.006
4153.52584 13.998 0.006
4161.56384 14.017 0.006
4176.50540 14.084 0.006
4345.83274 14.053 0.006
4349.89381 14.069 0.006
4355.80784 14.065 0.006
4361.79359 14.067 0.006
4364.77770 14.061 0.006
4368.87707 14.060 0.006
4371.74057 14.048 0.006
4376.75987 14.060 0.006
4379.76556 14.069 0.006
4383.77042 14.076 0.006
4387.86532 14.085 0.006
4391.87101 14.087 0.006
4397.74270 14.096 0.006
4402.82128 14.087 0.006
4406.77157 14.084 0.006
4409.84069 14.053 0.006
4416.70791 14.006 0.006
4420.82045 13.968 0.006
4424.84016 13.945 0.006
4428.81865 13.927 0.006
4431.74340 13.906 0.006
4435.71330 13.891 0.006
4438.83994 13.891 0.006
4441.81141 13.891 0.006
4444.65389 13.872 0.006
4450.66758 13.901 0.006
4453.65103 13.912 0.006
4456.65502 13.925 0.006
4458.63943 13.919 0.006
4462.65410 13.947 0.006
4467.63617 13.966 0.006
4471.62459 13.983 0.006
4474.80870 13.997 0.006
4478.66381 14.021 0.006
4482.68859 14.034 0.006
4485.67035 14.042 0.006
4487.66732 14.049 0.006
4492.72932 14.066 0.006
4497.66022 14.074 0.006
4499.68265 14.074 0.006
4502.60158 14.060 0.006
4507.57755 14.061 0.006
4509.57063 14.055 0.006
4515.53686 14.054 0.006
4520.52574 14.046 0.006
4523.54930 14.029 0.006
4525.52148 14.029 0.006
4531.51857 14.020 0.006
4537.51244 14.037 0.006
4540.51101 14.040 0.006
4543.60062 14.034 0.006
4547.50585 14.022 0.006
4556.50444 13.975 0.006
4561.50787 13.957 0.006
4570.48851 13.957 0.006
4581.48449 13.970 0.006
4690.86931 14.168 0.006
4702.88303 14.224 0.006
4715.85309 14.259 0.006
4726.75202 14.214 0.006
4730.89110 14.183 0.006
4743.80459 14.075 0.006
4750.81076 14.010 0.006
4755.82952 13.973 0.006
4758.86838 13.962 0.006
4762.72388 13.938 0.006
4767.86475 13.913 0.006
4768.70186 13.910 0.006
4771.74358 13.915 0.006
4773.83568 13.898 0.006
4776.77748 13.892 0.006
4779.74861 13.891 0.006
4782.86497 13.892 0.006
4787.69629 13.900 0.006
4789.84096 13.909 0.006
4792.72068 13.919 0.006
4795.67157 13.937 0.006
4799.66914 13.955 0.006
4802.67691 13.962 0.006
4805.62501 13.976 0.006
4807.65397 13.999 0.006
4810.64055 14.011 0.006
4813.63584 14.020 0.006
4815.64912 14.026 0.006
4817.65390 14.023 0.006
4819.64752 14.032 0.006
4821.68430 14.020 0.006
4825.70000 14.033 0.006
4831.74476 14.020 0.006
4834.66519 14.014 0.006
4836.67485 14.020 0.006
4838.66891 14.008 0.006
4841.66253 14.002 0.006
4843.66366 13.996 0.006
4845.67797 13.987 0.006
4847.69442 13.974 0.006
4849.68489 13.966 0.006
4853.69212 13.941 0.006
4855.67965 13.934 0.006
4857.65569 13.932 0.006
4863.60500 13.893 0.006
4867.62749 13.892 0.006
4869.56883 13.884 0.006
4871.60689 13.887 0.006
4873.60243 13.886 0.006
4875.53578 13.885 0.006
4877.59548 13.896 0.006
4879.59680 13.890 0.006
4882.59297 13.902 0.006
4883.68267 13.896 0.006
4887.54786 13.925 0.006
4899.63199 14.019 0.006
4903.58739 14.059 0.006
4913.54819 14.104 0.006
4917.53551 14.102 0.006
4921.53252 14.091 0.006
4927.52871 14.036 0.006
4931.53621 13.986 0.006
4935.50274 13.925 0.006
4939.50982 13.872 0.006
4944.52220 13.819 0.006
4950.50245 13.794 0.006
