 726.81650 14.717 0.005
 728.88033 14.728 0.005
 739.85031 14.744 0.005
 744.75863 14.679 0.005
 745.84325 14.675 0.005
 746.82913 14.663 0.005
 747.72456 14.648 0.005
 748.67660 14.633 0.005
 750.78954 14.625 0.005
 751.79031 14.618 0.005
 752.84814 14.604 0.005
 754.79439 14.598 0.005
 755.77234 14.596 0.005
 759.69822 14.596 0.005
 761.77941 14.606 0.005
 766.82910 14.635 0.005
 773.78466 14.663 0.005
 776.80984 14.668 0.005
 778.83926 14.671 0.005
 780.77021 14.667 0.005
 782.79884 14.657 0.005
 788.82627 14.618 0.005
 792.73631 14.605 0.005
 795.82163 14.591 0.005
 798.74592 14.590 0.005
 817.74415 14.697 0.005
 819.82080 14.695 0.005
 824.69149 14.670 0.005
 826.78414 14.651 0.005
 827.68090 14.649 0.005
 828.74056 14.636 0.005
 829.68817 14.627 0.005
 830.74629 14.630 0.005
 831.58353 14.622 0.005
 832.56615 14.608 0.005
 832.75315 14.610 0.005
 833.57272 14.610 0.005
 834.70737 14.608 0.005
 835.79446 14.600 0.005
 837.65636 14.599 0.005
 839.65477 14.602 0.005
 841.74379 14.605 0.005
 842.73376 14.607 0.005
 844.58864 14.619 0.005
 846.76058 14.632 0.005
 850.75141 14.650 0.005
 854.76862 14.669 0.005
 855.69831 14.674 0.005
 856.66030 14.679 0.005
 857.71896 14.685 0.005
 858.68213 14.683 0.005
 859.74887 14.676 0.005
 860.64182 14.680 0.005
 865.55911 14.696 0.005
 867.61423 14.672 0.005
 874.67789 14.676 0.005
 876.59394 14.672 0.005
 876.69642 14.663 0.005
 878.68397 14.660 0.005
 880.61827 14.651 0.005
 885.57739 14.642 0.005
 887.66250 14.639 0.005
 890.68611 14.631 0.005
 892.53288 14.630 0.005
 893.69912 14.625 0.005
 896.50083 14.639 0.005
 900.55431 14.649 0.005
 919.55620 14.612 0.005
 925.50927 14.632 0.005
 931.56728 14.631 0.005
 934.51608 14.634 0.005
 950.50930 14.629 0.005
 951.50281 14.634 0.005
1072.89243 14.643 0.005
1079.80082 14.624 0.005
1080.80440 14.618 0.005
1083.81494 14.609 0.005
1084.81038 14.614 0.005
1086.83840 14.614 0.005
1090.76607 14.627 0.005
1091.87388 14.633 0.005
1092.81646 14.642 0.005
1093.82853 14.636 0.005
1106.75745 14.667 0.005
1108.77845 14.662 0.005
1114.78788 14.659 0.005
1119.83112 14.640 0.005
1120.73566 14.649 0.005
1126.75546 14.635 0.005
1129.81975 14.639 0.005
1131.82570 14.631 0.005
1132.81530 14.639 0.005
1137.79747 14.647 0.005
1138.83878 14.634 0.005
1142.76545 14.647 0.005
1152.72305 14.675 0.005
1154.73858 14.676 0.005
1155.69481 14.684 0.005
1157.74869 14.679 0.005
1159.75437 14.678 0.005
1161.81838 14.676 0.005
1163.82027 14.667 0.005
1164.83518 14.679 0.005
1166.75266 14.664 0.005
1167.77888 14.666 0.005
1168.76152 14.667 0.005
1171.73042 14.662 0.005
1175.72778 14.656 0.005
1179.77716 14.634 0.005
1181.74066 14.633 0.005
1183.82556 14.637 0.005
1185.82293 14.633 0.005
1187.77824 14.643 0.005
1189.71467 14.641 0.005
1191.75336 14.644 0.005
1192.81215 14.646 0.005
1193.80407 14.643 0.005
1194.67971 14.647 0.005
1201.76820 14.657 0.005
1202.76232 14.668 0.005
1204.68392 14.665 0.005
1206.78410 14.658 0.005
1207.69432 14.664 0.005
1211.67084 14.647 0.005
1213.63427 14.644 0.005
1214.71302 14.645 0.005
1215.53910 14.648 0.005
1216.60718 14.636 0.005
1217.67479 14.630 0.005
1219.61202 14.629 0.005
1221.58266 14.628 0.005
1223.67281 14.631 0.005
1224.55248 14.636 0.005
1226.56073 14.647 0.005
1227.56779 14.648 0.005
1232.65739 14.679 0.005
1235.55855 14.687 0.005
1237.54248 14.697 0.005
1238.64449 14.693 0.005
1241.54472 14.693 0.005
1242.61572 14.688 0.005
1243.56183 14.696 0.005
1245.53039 14.689 0.005
1247.66476 14.689 0.005
1248.63248 14.689 0.005
1251.58704 14.674 0.005
1254.54091 14.668 0.005
1255.57391 14.661 0.005
1257.60557 14.654 0.005
1260.59162 14.640 0.005
1264.58204 14.640 0.005
1266.58378 14.639 0.005
1267.59990 14.638 0.005
1274.58293 14.642 0.005
1275.52230 14.643 0.005
1278.50494 14.641 0.005
1281.51301 14.649 0.005
1290.48274 14.674 0.005
1296.57361 14.674 0.005
1300.51972 14.678 0.005
1305.49815 14.659 0.005
1308.52915 14.649 0.005
1315.48836 14.641 0.005
1318.47104 14.642 0.005
1329.45668 14.661 0.005
1331.47568 14.662 0.005
1431.81903 14.682 0.005
1433.81559 14.684 0.005
1435.86349 14.682 0.005
1437.85621 14.683 0.005
1440.89518 14.684 0.005
1443.78651 14.670 0.005
1447.76026 14.666 0.005
1448.85103 14.658 0.005
1453.77105 14.649 0.005
1454.88706 14.644 0.005
1455.76920 14.677 0.005
1458.75517 14.639 0.005
1459.87673 14.639 0.005
1460.75734 14.638 0.005
1461.72308 14.633 0.005
1471.73354 14.636 0.005
1475.82796 14.642 0.005
1478.75267 14.634 0.005
1481.81488 14.640 0.005
1484.81919 14.638 0.005
1487.81198 14.633 0.005
1488.86004 14.641 0.005
1491.75073 14.641 0.005
1493.69264 14.638 0.005
1495.73607 14.638 0.005
1498.65724 14.642 0.005
1500.79777 14.644 0.005
1503.68806 14.649 0.005
1505.79491 14.656 0.005
1507.69090 14.648 0.005
1508.80755 14.654 0.005
1509.66904 14.660 0.005
1510.63457 14.648 0.005
1511.71723 14.651 0.005
1512.75123 14.649 0.005
1514.76570 14.647 0.005
1516.81149 14.647 0.005
1517.84340 14.636 0.005
1518.68334 14.633 0.005
1520.70865 14.639 0.005
1522.70934 14.632 0.005
1523.70951 14.630 0.005
1525.68545 14.637 0.005
1527.75079 14.628 0.005
1528.67672 14.622 0.005
1529.80217 14.619 0.005
1531.69411 14.619 0.005
1538.65125 14.601 0.005
1541.60707 14.599 0.005
1542.76142 14.598 0.005
1544.66374 14.601 0.005
1546.67296 14.591 0.005
1546.68842 14.601 0.005
1547.69001 14.600 0.005
1548.66718 14.600 0.005
1551.69654 14.605 0.005
1552.62948 14.601 0.005
1553.65319 14.605 0.005
1554.63179 14.595 0.005
1555.65623 14.602 0.005
1556.63039 14.596 0.005
1560.62213 14.599 0.005
1564.54125 14.609 0.005
1568.61795 14.629 0.005
1571.62760 14.653 0.005
1575.64200 14.667 0.005
1578.68230 14.687 0.005
1580.69310 14.686 0.005
1582.62761 14.679 0.005
1585.61840 14.681 0.005
1588.62163 14.674 0.005
1591.58547 14.684 0.006
1595.57871 14.659 0.005
1599.64472 14.658 0.005
1600.59761 14.661 0.005
1601.60473 14.667 0.005
1602.67120 14.654 0.005
1604.60279 14.659 0.005
1606.55976 14.656 0.005
1609.51599 14.662 0.005
1610.53089 14.659 0.005
1611.59103 14.652 0.005
1613.57137 14.661 0.005
1614.64244 14.664 0.005
1616.50006 14.658 0.005
1618.64559 14.665 0.005
1619.53931 14.666 0.005
1621.53547 14.667 0.005
1623.63263 14.666 0.005
1625.61368 14.668 0.005
1627.58394 14.663 0.005
1628.52383 14.667 0.005
1630.49553 14.677 0.005
1631.49331 14.672 0.005
1633.60874 14.662 0.005
1635.49176 14.662 0.005
1643.56775 14.630 0.005
1644.49475 14.629 0.005
1645.50085 14.630 0.005
1653.48616 14.645 0.005
1655.53012 14.663 0.005
1657.53958 14.666 0.005
1660.51444 14.673 0.005
1662.52179 14.666 0.005
1664.54485 14.675 0.005
1669.51477 14.673 0.005
1672.48743 14.668 0.005
1687.48512 14.646 0.005
1695.47048 14.662 0.005
1766.86323 14.647 0.005
1768.84888 14.638 0.005
1773.90723 14.626 0.005
1782.83844 14.593 0.005
1788.84686 14.588 0.005
1804.84213 14.637 0.005
1811.86268 14.650 0.005
1815.83885 14.647 0.005
1818.88117 14.645 0.005
1822.72055 14.644 0.005
1829.86981 14.641 0.005
1844.77764 14.636 0.005
1850.75901 14.624 0.005
1854.81604 14.631 0.005
1858.76311 14.629 0.005
1860.80549 14.632 0.005
1863.77859 14.630 0.005
1866.72930 14.630 0.005
1868.71039 14.625 0.005
1870.83145 14.628 0.005
1872.84726 14.624 0.005
1874.75219 14.632 0.005
2166.85603 14.638 0.005
2183.89928 14.664 0.005
2189.86169 14.664 0.005
2192.76512 14.657 0.005
2201.77532 14.615 0.005
2212.80960 14.618 0.005
2217.79400 14.647 0.005
2223.81457 14.647 0.005
2226.78894 14.652 0.005
2228.83237 14.654 0.005
2232.76604 14.642 0.005
2234.75998 14.639 0.005
2238.71065 14.631 0.005
2240.83957 14.632 0.005
2242.84532 14.626 0.005
2248.72657 14.623 0.005
2251.75620 14.637 0.005
2253.77380 14.638 0.005
2255.70212 14.652 0.005
2258.70157 14.640 0.005
2269.78308 14.661 0.005
2271.73138 14.661 0.005
2273.82172 14.658 0.005
2275.79519 14.654 0.005
2277.79798 14.661 0.005
2279.79480 14.651 0.005
2281.75763 14.651 0.005
2283.81483 14.648 0.005
2289.75169 14.626 0.005
2291.75780 14.617 0.005
2293.72615 14.624 0.005
2295.74721 14.622 0.005
2297.73813 14.635 0.005
2299.77055 14.625 0.005
2303.67136 14.649 0.005
2326.58006 14.686 0.005
2332.52346 14.690 0.005
2338.54603 14.675 0.005
2355.51150 14.692 0.005
2387.50181 14.642 0.005
2524.86659 14.629 0.005
2542.83342 14.631 0.005
2544.89157 14.627 0.005
2551.88179 14.612 0.005
2559.81971 14.586 0.005
2563.86494 14.569 0.005
2577.85446 14.588 0.005
2583.75090 14.603 0.005
2589.79143 14.638 0.005
2594.80826 14.686 0.005
2599.86307 14.682 0.005
2609.66930 14.639 0.005
2611.67318 14.631 0.005
2617.81982 14.617 0.005
2620.78884 14.613 0.005
2623.76207 14.614 0.005
2626.68715 14.634 0.005
2627.62896 14.641 0.005
2628.85428 14.647 0.005
2630.84300 14.659 0.005
2632.63371 14.670 0.005
2635.62855 14.669 0.005
2637.76871 14.670 0.005
2639.78496 14.669 0.005
2641.65923 14.677 0.005
2643.67113 14.678 0.005
2645.66274 14.678 0.005
2647.58948 14.672 0.005
2651.65775 14.666 0.005
2653.68248 14.662 0.005
2655.66680 14.662 0.005
2657.80052 14.643 0.005
2659.66856 14.640 0.005
2661.69244 14.637 0.005
2665.79432 14.627 0.005
2671.80025 14.642 0.005
2675.73071 14.652 0.005
2677.76561 14.658 0.005
2679.75614 14.666 0.005
2686.60786 14.663 0.005
2691.53462 14.651 0.005
2695.59196 14.619 0.005
2700.54296 14.611 0.005
2713.52806 14.675 0.005
2841.93229 14.686 0.005
2868.89484 14.660 0.005
2890.83797 14.698 0.005
2895.87369 14.641 0.005
2900.82936 14.593 0.005
2906.86035 14.568 0.005
2910.89370 14.580 0.005
2915.89384 14.606 0.005
2922.77399 14.648 0.005
2925.86239 14.659 0.005
2930.77496 14.665 0.005
2933.81939 14.666 0.005
2939.82779 14.653 0.005
2941.84585 14.667 0.005
2943.72065 14.662 0.005
2946.82369 14.662 0.005
2948.81400 14.664 0.005
2952.81004 14.681 0.005
2956.65345 14.686 0.005
2958.68024 14.700 0.005
2962.69116 14.692 0.005
2965.70820 14.693 0.005
2967.80754 14.691 0.005
2970.77316 14.677 0.005
2974.71272 14.656 0.005
2976.74657 14.644 0.005
2978.64111 14.638 0.005
2980.66754 14.624 0.005
2982.62670 14.614 0.005
2984.66783 14.607 0.005
2986.75567 14.600 0.005
2988.72364 14.598 0.005
2990.65706 14.602 0.005
2992.74668 14.607 0.005
2994.65446 14.613 0.005
2996.74478 14.619 0.005
2998.69950 14.635 0.005
2999.79153 14.635 0.005
3001.67025 14.644 0.005
3003.66591 14.657 0.005
3005.62290 14.655 0.005
3007.74138 14.667 0.005
3009.67720 14.667 0.005
3011.62277 14.667 0.005
3013.65343 14.671 0.005
3017.62873 14.662 0.005
3018.72056 14.659 0.005
3020.79577 14.655 0.005
3022.82226 14.641 0.005
3024.77083 14.643 0.005
3026.76814 14.635 0.005
3028.77561 14.633 0.005
3030.78048 14.638 0.005
3033.70778 14.623 0.005
3035.71407 14.614 0.005
3038.69244 14.611 0.005
3040.69207 14.611 0.005
3042.63561 14.613 0.005
3044.56952 14.633 0.005
3046.58501 14.630 0.005
3048.56996 14.629 0.005
3050.58882 14.639 0.005
3052.58585 14.636 0.005
3054.58670 14.636 0.005
3056.58389 14.638 0.005
3058.57764 14.638 0.005
3060.59812 14.634 0.005
3064.60266 14.622 0.005
3067.65963 14.616 0.005
3069.61973 14.621 0.005
3073.53451 14.619 0.005
3075.62386 14.621 0.005
3078.54370 14.630 0.005
3082.53269 14.653 0.005
3084.60863 14.649 0.005
3087.57091 14.652 0.005
3090.52586 14.652 0.005
3093.50719 14.637 0.005
3098.61612 14.587 0.005
3101.57380 14.585 0.005
3104.54703 14.571 0.005
3111.52055 14.616 0.005
3114.51449 14.629 0.005
3115.53883 14.642 0.005
3126.47895 14.651 0.005
3144.49424 14.671 0.005
3224.89441 14.592 0.005
3239.92839 14.642 0.005
3247.89934 14.657 0.005
3256.87762 14.632 0.005
3263.85244 14.617 0.005
3268.86819 14.619 0.005
3273.83980 14.638 0.005
3276.85787 14.635 0.005
3281.82281 14.673 0.005
3289.83626 14.703 0.005
3294.83441 14.673 0.005
3296.83976 14.665 0.005
3298.87030 14.649 0.005
3301.69067 14.625 0.005
3303.85970 14.604 0.005
3306.83430 14.578 0.005
3308.85131 14.575 0.005
3311.66143 14.563 0.005
3320.69457 14.589 0.005
3323.64754 14.606 0.005
3329.82359 14.638 0.005
3334.72342 14.655 0.005
3338.77916 14.655 0.005
3349.79543 14.626 0.005
3351.78025 14.618 0.005
3354.74839 14.622 0.005
3358.63470 14.625 0.005
3361.73051 14.623 0.005
3363.72064 14.619 0.005
3372.69294 14.634 0.005
3377.72913 14.650 0.005
3386.75491 14.635 0.005
3391.60024 14.650 0.005
3395.66433 14.635 0.005
3398.71203 14.625 0.005
3402.65731 14.624 0.005
3404.58514 14.640 0.005
3408.53859 14.638 0.005
3412.58388 14.644 0.005
3414.61543 14.652 0.005
3419.58627 14.658 0.005
3426.52178 14.656 0.005
3433.57297 14.647 0.005
3443.54356 14.636 0.005
3453.50992 14.644 0.005
3575.91504 14.654 0.005
3589.88650 14.640 0.005
3617.88345 14.635 0.005
3629.82294 14.618 0.005
3634.78906 14.623 0.005
3639.89930 14.633 0.005
3641.83294 14.640 0.005
3650.82828 14.644 0.005
3653.85629 14.661 0.005
3657.80679 14.678 0.005
3660.77250 14.674 0.005
3664.80795 14.691 0.005
3668.74426 14.676 0.005
3672.75379 14.665 0.005
3676.85520 14.661 0.005
3684.79940 14.636 0.005
3687.71841 14.644 0.005
3689.81701 14.639 0.005
3692.74143 14.636 0.005
3694.81541 14.635 0.005
3696.69067 14.634 0.005
3699.70289 14.629 0.005
3701.75378 14.623 0.005
3704.72029 14.626 0.005
3706.77450 14.634 0.005
3711.66549 14.650 0.005
3713.67915 14.656 0.005
3716.72821 14.672 0.005
3719.75596 14.671 0.005
3722.81417 14.674 0.005
3726.67840 14.680 0.005
3728.65116 14.678 0.005
3731.75173 14.662 0.005
3733.63789 14.661 0.005
3734.74087 14.655 0.005
3736.75974 14.657 0.005
3737.64838 14.655 0.005
3739.71048 14.649 0.005
3741.81675 14.664 0.005
3743.71464 14.658 0.005
3746.75703 14.663 0.005
3748.70965 14.653 0.005
3750.71584 14.665 0.005
3752.72390 14.661 0.005
3754.74520 14.667 0.005
3755.66495 14.665 0.005
3757.63905 14.670 0.005
3759.60469 14.672 0.005
3762.68957 14.656 0.005
3765.71149 14.651 0.005
3769.75209 14.643 0.005
3772.72040 14.643 0.005
3775.71235 14.652 0.005
3778.69084 14.645 0.005
3782.59896 14.650 0.005
3786.57503 14.657 0.005
3791.57135 14.666 0.005
3798.57104 14.687 0.005
3805.55825 14.682 0.005
3820.50359 14.588 0.005
3944.93718 14.662 0.005
3961.93382 14.621 0.005
3968.91590 14.633 0.005
3974.91186 14.675 0.005
3981.80487 14.719 0.005
3988.88677 14.760 0.005
3995.83979 14.725 0.005
4002.83592 14.651 0.005
4005.78595 14.635 0.005
4007.79015 14.630 0.005
4011.77058 14.625 0.005
4018.75615 14.639 0.005
4023.80965 14.640 0.005
4026.72027 14.649 0.005
4028.85634 14.640 0.005
4031.74407 14.653 0.005
4037.85294 14.677 0.005
4040.82029 14.679 0.005
4042.83507 14.681 0.005
4046.71089 14.679 0.005
4048.79982 14.686 0.005
4052.64272 14.673 0.005
4053.84042 14.665 0.005
4056.68396 14.670 0.005
4059.67118 14.673 0.005
4064.63570 14.694 0.005
4066.61526 14.713 0.005
4069.68265 14.727 0.005
4071.60771 14.747 0.005
4076.67949 14.759 0.005
4079.69607 14.730 0.005
4082.68643 14.696 0.005
4084.76629 14.662 0.005
4087.68574 14.616 0.005
4093.77473 14.571 0.005
4102.66298 14.606 0.005
4104.80976 14.614 0.005
4109.67063 14.651 0.005
4113.68923 14.677 0.005
4119.62746 14.694 0.005
4122.67632 14.695 0.005
4125.72371 14.713 0.005
4129.72315 14.704 0.005
4142.58138 14.620 0.005
4150.55790 14.594 0.005
4154.55284 14.611 0.005
4166.51621 14.633 0.005
4184.50575 14.603 0.005
4340.90636 14.697 0.005
4346.89446 14.695 0.005
4350.91303 14.692 0.005
4357.84665 14.692 0.005
4363.77509 14.661 0.005
4365.79873 14.651 0.005
4369.79431 14.634 0.005
4372.76899 14.622 0.005
4376.85956 14.620 0.005
4379.86611 14.622 0.005
4383.87017 14.626 0.005
4388.86416 14.652 0.005
4393.73804 14.682 0.005
4398.81323 14.724 0.005
4403.75385 14.761 0.005
4411.74903 14.780 0.005
4417.83186 14.765 0.005
4421.74427 14.741 0.005
4425.81749 14.716 0.005
4429.72824 14.709 0.005
4432.76980 14.690 0.005
4436.69631 14.673 0.005
4439.74045 14.662 0.005
4442.71785 14.645 0.005
4448.77353 14.613 0.005
4450.77821 14.603 0.005
4453.75404 14.601 0.005
4456.76737 14.604 0.005
4459.67739 14.610 0.005
4462.67940 14.629 0.005
4465.71963 14.635 0.005
4469.67275 14.657 0.005
4474.67479 14.670 0.005
4478.77756 14.660 0.005
4481.77634 14.665 0.005
4484.68607 14.653 0.005
4487.74844 14.646 0.005
4492.70101 14.647 0.005
4494.73545 14.643 0.005
4499.61693 14.660 0.005
4502.68978 14.644 0.005
4507.64852 14.636 0.005
4509.64579 14.635 0.005
4522.55334 14.587 0.005
4524.56735 14.589 0.005
4530.57253 14.586 0.005
4532.56459 14.589 0.005
4537.56265 14.602 0.005
4540.61139 14.608 0.005
4549.56779 14.659 0.005
4560.50634 14.696 0.005
4567.51790 14.657 0.005
4574.53894 14.641 0.005
4592.47660 14.662 0.005
4681.92998 14.681 0.005
4691.89567 14.707 0.005
4702.90760 14.665 0.005
4719.82313 14.620 0.005
4722.91191 14.623 0.005
4726.89753 14.626 0.005
4731.87386 14.649 0.005
4747.84624 14.665 0.005
4751.89253 14.636 0.005
4756.81659 14.634 0.005
4759.86364 14.625 0.005
4762.82342 14.633 0.005
4768.80136 14.650 0.005
4771.84351 14.665 0.005
4774.85290 14.661 0.005
4777.69031 14.659 0.005
4780.83925 14.651 0.005
4783.80917 14.647 0.005
4788.73856 14.643 0.005
4791.71597 14.645 0.005
4794.72026 14.634 0.005
4797.70169 14.650 0.005
4800.74493 14.631 0.005
4802.77657 14.636 0.005
4804.80070 14.637 0.005
4805.82379 14.637 0.005
4807.77465 14.639 0.005
4810.73259 14.643 0.005
4812.79218 14.657 0.005
4814.68178 14.640 0.005
4816.67859 14.641 0.005
4818.70074 14.634 0.005
4820.70755 14.644 0.005
4823.72117 14.651 0.005
4825.80835 14.656 0.005
4831.85071 14.667 0.005
4832.81094 14.671 0.005
4834.78003 14.659 0.005
4837.68005 14.654 0.005
4839.70857 14.648 0.005
4841.74490 14.647 0.005
4843.74413 14.652 0.005
4846.71007 14.648 0.005
4850.72811 14.645 0.005
4852.72214 14.647 0.005
4855.72956 14.639 0.005
4857.70773 14.638 0.005
4866.67487 14.644 0.005
4868.67294 14.646 0.005
4870.66239 14.650 0.005
4873.69304 14.651 0.005
4875.59007 14.654 0.005
4876.62073 14.660 0.005
4878.64564 14.662 0.005
4882.56491 14.667 0.005
4884.62731 14.662 0.005
4888.54375 14.671 0.005
4900.57538 14.661 0.005
4904.60111 14.655 0.005
4913.57893 14.661 0.005
4918.55556 14.676 0.005
4924.57517 14.697 0.005
4928.56497 14.710 0.005
4930.51620 14.707 0.005
4934.51302 14.704 0.005
4938.50428 14.696 0.005
4942.52085 14.669 0.005
4947.51422 14.639 0.005
