2166.81545 14.214 0.005
2171.88969 14.231 0.005
2172.86425 14.222 0.005
2183.84919 14.198 0.005
2183.87557 14.188 0.005
2184.85114 14.190 0.005
2189.79546 14.173 0.005
2189.82153 14.161 0.005
2191.81957 14.166 0.005
2191.85072 14.146 0.005
2200.83021 14.108 0.005
2211.80597 14.012 0.005
2212.77181 14.005 0.005
2217.73286 13.980 0.005
2217.75676 13.975 0.005
2223.75286 13.942 0.005
2223.77700 13.935 0.005
2226.72802 13.938 0.005
2226.75187 13.929 0.005
2228.77165 13.936 0.005
2228.79540 13.917 0.005
2230.68464 13.929 0.005
2232.70519 13.919 0.005
2232.72905 13.913 0.005
2234.69836 13.922 0.005
2234.72281 13.910 0.005
2238.64967 13.914 0.005
2238.67367 13.907 0.005
2240.77805 13.921 0.005
2240.80258 13.924 0.005
2242.77990 13.926 0.005
2242.80837 13.910 0.005
2244.83062 13.921 0.005
2244.85501 13.921 0.005
2249.70295 13.925 0.005
2249.73544 13.929 0.005
2251.77027 13.930 0.005
2251.79784 13.924 0.005
2253.69035 13.931 0.005
2253.72017 13.934 0.005
2255.84426 13.924 0.005
2256.69411 13.942 0.005
2258.65121 13.943 0.005
2258.80946 13.952 0.005
2261.60173 13.954 0.005
2261.63679 13.939 0.005
2265.65166 13.938 0.005
2265.67896 13.942 0.005
2271.62314 13.962 0.005
2271.65194 13.961 0.005
2273.64763 13.964 0.005
2273.78115 13.955 0.005
2275.71902 13.960 0.005
2275.75789 13.959 0.005
2277.72257 13.957 0.005
2277.75269 13.966 0.005
2279.72848 13.971 0.005
2279.75778 13.964 0.005
2281.72070 13.964 0.005
2281.77165 13.964 0.005
2283.74896 13.982 0.005
2283.77476 13.967 0.005
2289.67271 13.987 0.005
2289.70391 13.983 0.005
2291.68150 13.991 0.005
2291.71132 13.991 0.005
2293.64880 13.993 0.005
2293.68344 13.986 0.005
2295.67697 13.991 0.005
2295.71019 13.998 0.005
2297.67510 13.992 0.005
2297.70106 13.989 0.005
2299.66789 13.998 0.005
2299.69983 13.998 0.005
2301.63310 14.005 0.005
2302.57015 14.005 0.005
2303.63409 14.005 0.005
2317.55778 14.048 0.005
2317.62017 14.049 0.005
2322.60235 14.046 0.005
2326.51175 14.067 0.005
2326.53805 14.048 0.005
2331.54229 14.055 0.005
2331.57321 14.048 0.005
2337.56104 14.051 0.005
2338.50568 14.050 0.005
2344.49848 14.031 0.005
2349.51881 14.016 0.005
2354.50022 14.005 0.005
2366.49438 14.003 0.005
2368.48422 13.991 0.005
2397.49123 14.138 0.005
2401.48611 14.161 0.005
2519.91691 13.935 0.005
2520.89513 13.937 0.005
2521.87446 13.941 0.005
2535.90017 14.045 0.005
2539.80385 14.053 0.005
2542.77230 14.083 0.005
2542.79626 14.083 0.005
2544.81533 14.098 0.005
2545.77795 14.106 0.005
2551.81541 14.139 0.005
2551.84151 14.118 0.005
2555.83945 14.153 0.005
2555.86557 14.138 0.005
2559.72717 14.168 0.005
2563.79734 14.180 0.005
2563.82469 14.170 0.005
2571.85454 14.193 0.005
2577.79165 14.184 0.005
2577.81548 14.166 0.005
2580.82083 14.164 0.005
2580.84493 14.153 0.005
2588.86194 14.105 0.005
2589.75087 14.085 0.005
2594.73893 14.062 0.005
2594.76572 14.043 0.005
2599.77494 14.026 0.005
2599.81142 14.003 0.005
2607.73758 13.954 0.005
2607.81173 13.935 0.005
2613.66231 13.937 0.005
2613.71555 13.918 0.005
2617.75289 13.931 0.005
2617.78024 13.911 0.005
2620.69234 13.916 0.005
2620.74832 13.905 0.005
2623.66690 13.909 0.005
2623.69266 13.908 0.005
2626.64609 13.905 0.005
2627.58884 13.900 0.005
2628.81303 13.914 0.005
2629.61447 13.893 0.005
2631.61382 13.921 0.005
2634.63441 13.923 0.005
2634.65859 13.914 0.005
2637.66064 13.941 0.005
2637.68460 13.920 0.005
2639.79942 13.918 0.005
2640.70150 13.960 0.005
2641.62205 13.937 0.005
2642.67033 13.960 0.005
2643.63307 13.941 0.005
2644.66864 13.968 0.005
2645.62580 13.948 0.005
2646.65320 13.962 0.005
2650.64908 13.985 0.005
2650.70873 13.972 0.005
2652.63420 13.997 0.005
2652.69558 13.987 0.005
2654.80424 13.988 0.005
2655.62509 14.008 0.005
2657.69132 14.019 0.005
2657.71878 14.004 0.005
2659.68774 13.994 0.005
2659.71165 14.019 0.005
2661.76348 14.021 0.005
2661.78747 14.013 0.005
2663.69035 14.026 0.005
2665.73353 14.016 0.005
2665.75739 14.009 0.005
2667.74838 14.015 0.005
2667.77755 14.013 0.005
2671.64170 14.011 0.005
2671.70312 13.987 0.005
2673.64153 14.005 0.005
2675.66583 14.003 0.005
2677.66836 13.992 0.005
2677.72814 13.973 0.005
2679.69489 13.981 0.005
2679.71885 13.952 0.005
2681.68257 13.973 0.005
2681.73460 13.957 0.005
2685.62904 13.957 0.005
2686.54325 13.956 0.005
2690.58292 13.934 0.005
2690.62151 13.927 0.005
2695.52068 13.916 0.005
2695.55206 13.915 0.005
2699.57296 13.900 0.005
2700.50309 13.872 0.005
2705.54670 13.855 0.005
2705.57499 13.851 0.005
2712.51136 13.830 0.005
2712.53741 13.827 0.005
2733.48089 13.849 0.005
2734.48707 13.815 0.005
2869.86908 13.882 0.005
2870.89245 13.888 0.005
2883.89206 13.928 0.005
2883.91834 13.897 0.005
2888.87310 13.952 0.005
2890.79822 13.924 0.005
2894.80824 13.974 0.005
2895.83398 13.949 0.005
2899.80911 13.982 0.005
2900.78961 13.980 0.005
2905.79844 14.013 0.005
2906.82063 13.987 0.005
2910.82335 14.022 0.005
2910.85407 14.001 0.005
2915.82424 14.023 0.005
2915.85034 13.994 0.005
2921.82670 14.039 0.005
2921.85260 14.019 0.005
2925.77001 14.032 0.005
2925.79812 14.022 0.005
2929.80708 14.015 0.005
2929.83307 14.016 0.005
2933.75390 14.004 0.005
2933.77968 14.020 0.005
2939.75978 14.001 0.005
2939.78824 13.997 0.005
2942.73789 13.996 0.005
2942.76365 13.978 0.005
2946.75836 13.989 0.005
2946.78409 13.973 0.005
2948.82922 13.972 0.005
2949.74204 13.984 0.005
2952.73395 13.988 0.005
2952.76844 13.966 0.005
2955.79473 13.965 0.005
2955.82553 13.951 0.005
2957.72727 13.961 0.005
2957.75311 13.950 0.005
2961.70205 13.955 0.005
2961.73643 13.926 0.005
2963.76906 13.935 0.005
2963.79467 13.939 0.005
2966.70190 13.924 0.005
2966.73411 13.936 0.005
2969.65728 13.927 0.005
2970.66068 13.918 0.005
2973.82321 13.930 0.005
2974.66281 13.915 0.005
2975.75870 13.917 0.005
2975.78800 13.914 0.005
2977.74660 13.937 0.005
2977.77264 13.941 0.005
2979.79861 13.946 0.005
2979.82445 13.933 0.005
2981.80557 13.937 0.005
2981.83171 13.938 0.005
2983.70622 13.962 0.005
2983.73249 13.954 0.005
2986.68887 13.972 0.005
2986.71495 13.961 0.005
2988.65434 13.970 0.005
2988.68179 13.960 0.005
2990.70236 13.977 0.005
2990.73220 13.985 0.005
2992.67255 13.989 0.005
2992.70327 13.982 0.005
2994.76758 13.996 0.005
2994.79403 13.988 0.005
2996.64357 14.002 0.005
2996.66953 14.003 0.005
2998.62642 14.016 0.005
2998.65284 13.997 0.005
3000.64317 14.029 0.005
3000.66963 14.019 0.005
3002.62889 14.031 0.005
3002.65680 14.023 0.005
3004.63080 14.048 0.005
3004.65659 14.029 0.005
3006.60229 14.034 0.005
3006.68025 14.050 0.005
3008.63948 14.069 0.005
3008.66534 14.066 0.005
3010.65109 14.084 0.005
3010.67684 14.063 0.005
3012.74651 14.101 0.005
3012.77229 14.081 0.005
3016.66530 14.102 0.005
3016.69099 14.083 0.005
3018.65036 14.115 0.005
3018.68087 14.094 0.005
3020.69186 14.118 0.005
3020.75617 14.104 0.005
3022.75705 14.124 0.005
3022.78266 14.107 0.005
3024.70531 14.124 0.005
3024.73121 14.126 0.005
3026.67438 14.125 0.005
3026.70025 14.117 0.005
3028.71023 14.130 0.005
3028.73602 14.115 0.005
3030.71522 14.144 0.005
3030.74098 14.136 0.005
3033.63733 14.140 0.005
3033.66296 14.128 0.005
3035.64346 14.151 0.005
3035.66912 14.145 0.005
3038.62702 14.170 0.005
3038.65278 14.166 0.005
3040.65229 14.174 0.005
3041.54995 14.167 0.005
3042.58735 14.188 0.005
3043.57972 14.192 0.005
3044.52938 14.181 0.005
3045.61872 14.185 0.005
3046.54520 14.193 0.005
3047.57293 14.197 0.005
3048.52234 14.189 0.005
3049.57862 14.189 0.005
3050.52356 14.183 0.005
3050.54925 14.193 0.005
3052.51783 14.192 0.005
3052.54352 14.204 0.005
3054.51929 14.207 0.005
3054.54513 14.201 0.005
3056.51855 14.203 0.005
3056.54427 14.204 0.005
3057.56493 14.197 0.005
3058.51145 14.211 0.005
3058.53731 14.221 0.005
3060.53115 14.199 0.005
3060.55846 14.216 0.005
3062.60576 14.224 0.005
3067.56774 14.197 0.005
3067.59379 14.211 0.005
3069.55282 14.176 0.005
3069.57861 14.194 0.005
3072.59969 14.160 0.005
3072.62673 14.171 0.005
3075.55208 14.167 0.005
3075.58130 14.155 0.005
3077.63703 14.150 0.005
3077.66416 14.139 0.005
3081.62942 14.076 0.005
3081.65609 14.094 0.005
3084.53499 14.060 0.005
3084.56434 14.057 0.005
3087.50105 14.021 0.005
3087.52832 14.028 0.005
3089.55926 14.003 0.005
3089.63185 13.981 0.005
3092.54461 13.958 0.005
3098.54471 13.892 0.005
3098.57355 13.914 0.005
3101.53385 13.895 0.005
3102.48359 13.866 0.005
3104.50529 13.880 0.005
3105.52324 13.836 0.005
3108.50229 13.839 0.005
3110.51360 13.867 0.005
3111.48025 13.846 0.005
3113.49728 13.845 0.005
3114.47155 13.850 0.005
3125.46880 13.853 0.005
3125.49466 13.882 0.005
3134.46919 13.887 0.005
3135.46059 13.897 0.005
3229.87474 13.927 0.005
3229.90029 13.919 0.005
3238.92787 13.890 0.005
3239.88876 13.897 0.005
3246.91621 13.891 0.005
3247.83384 13.888 0.005
3247.85965 13.908 0.005
3254.90621 13.924 0.005
3256.83110 13.946 0.005
3262.88084 13.942 0.005
3262.90682 13.967 0.005
3268.80244 13.948 0.005
3268.82857 13.965 0.005
3273.76155 13.978 0.005
3273.78742 13.980 0.005
3276.80720 13.990 0.005
3276.87297 13.991 0.005
3281.75733 13.998 0.005
3281.78318 14.024 0.005
3283.85711 14.007 0.005
3289.77089 14.021 0.005
3289.79687 14.027 0.005
3294.76842 14.034 0.005
3294.79483 14.043 0.005
3296.77410 14.050 0.005
3296.80023 14.038 0.005
3298.80469 14.053 0.005
3298.83077 14.071 0.005
3300.86062 14.048 0.005
3301.65111 14.081 0.005
3303.76958 14.054 0.005
3303.80255 14.083 0.005
3306.76924 14.074 0.005
3306.79499 14.090 0.005
3308.78596 14.066 0.005
3310.81837 14.073 0.005
3310.84413 14.087 0.005
3314.74027 14.068 0.005
3314.81166 14.094 0.005
3321.66038 14.049 0.005
3321.69044 14.045 0.005
3325.72219 14.024 0.005
3325.74834 14.047 0.005
3329.75679 14.000 0.005
3329.78361 14.008 0.005
3334.65207 13.966 0.005
3334.67970 13.981 0.005
3338.70477 13.945 0.005
3338.73574 13.962 0.005
3349.68187 13.884 0.005
3349.70792 13.897 0.005
3352.62241 13.880 0.005
3352.64865 13.874 0.005
3355.64431 13.879 0.005
3355.66991 13.866 0.005
3359.67510 13.855 0.005
3359.70108 13.868 0.005
3363.68118 13.867 0.005
3369.67500 13.863 0.005
3369.73783 13.865 0.005
3372.65321 13.860 0.005
3377.66141 13.857 0.005
3377.68736 13.869 0.005
3381.76692 13.859 0.005
3381.79307 13.891 0.005
3386.76997 13.865 0.005
3389.65645 13.868 0.005
3391.56073 13.889 0.005
3394.70199 13.873 0.005
3395.61167 13.898 0.005
3396.58143 13.879 0.005
3398.67228 13.899 0.005
3399.60473 13.891 0.005
3400.65868 13.900 0.005
3402.61722 13.906 0.005
3403.64738 13.910 0.005
3404.54534 13.907 0.005
3406.58137 13.927 0.005
3409.52462 13.944 0.005
3410.59918 13.960 0.005
3414.51996 13.993 0.005
3415.55474 13.978 0.005
3418.61263 13.987 0.005
3421.54360 14.002 0.005
3428.54930 14.035 0.005
3428.59161 14.022 0.005
3434.59220 14.030 0.005
3436.55244 14.035 0.005
3442.53171 14.027 0.005
3444.52461 14.020 0.005
3451.50364 14.013 0.005
3452.51492 14.007 0.005
3570.93499 13.883 0.005
3574.90548 13.880 0.005
3585.89610 13.895 0.005
3585.92829 13.874 0.005
3588.89582 13.870 0.005
3590.89773 13.911 0.005
3590.92354 13.903 0.005
3592.89548 13.911 0.005
3614.88706 13.897 0.005
3617.84378 13.890 0.005
3629.75200 13.888 0.005
3629.78248 13.883 0.005
3633.79414 13.895 0.005
3634.74066 13.886 0.005
3638.75508 13.894 0.005
3640.73596 13.875 0.005
3641.79347 13.891 0.005
3644.87930 13.874 0.005
3646.86106 13.891 0.005
3650.78907 13.890 0.005
3653.79157 13.900 0.005
3653.81700 13.885 0.005
3656.84738 13.897 0.005
3656.87296 13.887 0.005
3660.73333 13.907 0.005
3661.77940 13.927 0.005
3665.78277 13.920 0.005
3666.77659 13.926 0.005
3671.74876 13.957 0.005
3671.77500 13.939 0.005
3674.87091 13.966 0.005
3675.78942 13.957 0.005
3683.78682 14.020 0.005
3683.81255 14.007 0.005
3686.83457 14.024 0.005
3686.86020 14.016 0.005
3689.75241 14.043 0.005
3689.77805 14.024 0.005
3692.67287 14.046 0.005
3692.69858 14.048 0.005
3694.83082 14.061 0.005
3694.85617 14.050 0.005
3696.65139 14.056 0.005
3698.69439 14.048 0.005
3699.66365 14.051 0.005
3700.73369 14.039 0.005
3701.71479 14.064 0.005
3702.82136 14.040 0.005
3704.73606 14.044 0.005
3705.72818 14.037 0.005
3706.73461 14.014 0.005
3707.70428 14.030 0.005
3711.62638 14.015 0.005
3712.80776 13.999 0.005
3713.63999 13.998 0.005
3715.62545 13.981 0.005
3716.67347 13.971 0.005
3718.65803 13.956 0.005
3719.65072 13.954 0.005
3721.85263 13.938 0.005
3722.61147 13.933 0.005
3725.70837 13.916 0.005
3725.73406 13.924 0.005
3727.68198 13.904 0.005
3728.61185 13.892 0.005
3730.61030 13.883 0.005
3731.68308 13.875 0.005
3733.59900 13.867 0.005
3734.67599 13.865 0.005
3734.70181 13.862 0.005
3736.66402 13.854 0.005
3736.72078 13.855 0.005
3738.61712 13.848 0.005
3738.64269 13.853 0.005
3740.58737 13.843 0.005
3740.67775 13.846 0.005
3743.58475 13.840 0.005
3743.64320 13.841 0.005
3746.58607 13.841 0.005
3746.71051 13.849 0.005
3748.61293 13.858 0.005
3748.66970 13.852 0.005
3750.56200 13.856 0.005
3750.58734 13.859 0.005
3752.60261 13.849 0.005
3752.68320 13.850 0.005
3754.64074 13.865 0.005
3754.67104 13.867 0.005
3756.74078 13.866 0.005
3756.76639 13.903 0.005
3758.66494 13.884 0.005
3758.69245 13.889 0.005
3760.77413 13.891 0.005
3761.71225 13.875 0.005
3762.65053 13.893 0.005
3765.57779 13.897 0.005
3765.64116 13.898 0.005
3769.68761 13.900 0.005
3769.71305 13.894 0.005
3772.65569 13.911 0.005
3772.68124 13.908 0.005
3775.62696 13.912 0.005
3775.65266 13.934 0.005
3778.62595 13.921 0.005
3778.65167 13.930 0.005
3781.71271 13.942 0.005
3785.60957 13.940 0.005
3786.53572 13.945 0.005
3790.57829 13.945 0.005
3791.53130 13.947 0.005
3797.55850 13.954 0.005
3798.53164 13.964 0.005
3804.55452 13.978 0.005
3805.51679 13.982 0.005
3817.52142 13.996 0.005
3819.49562 13.990 0.005
3936.94182 14.071 0.005
3937.93578 14.088 0.005
3961.86519 13.962 0.005
3961.89056 13.980 0.005
3968.84797 13.925 0.005
3968.87311 13.946 0.005
3981.74117 13.881 0.005
3981.76622 13.890 0.005
3987.85961 13.869 0.005
3987.89023 13.888 0.005
3995.77195 13.875 0.005
3995.79785 13.887 0.005
3999.80491 13.883 0.005
4002.79732 13.893 0.005
4004.79333 13.892 0.005
4004.81846 13.891 0.005
4007.72590 13.894 0.005
4007.75116 13.916 0.005
4009.87766 13.894 0.005
4011.73184 13.908 0.005
4016.83698 13.910 0.005
4018.77129 13.946 0.005
4023.74032 13.921 0.005
4023.76569 13.948 0.005
4025.87921 13.932 0.005
4026.68168 13.957 0.005
4028.78931 13.930 0.005
4028.81770 13.928 0.005
4030.86660 13.927 0.005
4031.70544 13.965 0.005
4037.76024 13.941 0.005
4037.80582 13.949 0.005
4040.75597 13.939 0.005
4040.78111 13.944 0.005
4042.77138 13.945 0.005
4042.79660 13.927 0.005
4046.64613 13.949 0.005
4046.67141 13.964 0.005
4048.73465 13.954 0.005
4051.72356 13.956 0.005
4051.75040 13.981 0.005
4053.77659 13.939 0.005
4053.80174 13.928 0.005
4055.72642 13.959 0.005
4056.62159 13.966 0.005
4057.70533 13.947 0.005
4059.63262 13.963 0.005
4060.64462 13.942 0.005
4064.65528 13.967 0.005
4065.69212 13.948 0.005
4067.62817 13.953 0.005
4067.65579 13.954 0.005
4069.61853 13.952 0.005
4069.64387 13.967 0.005
4072.65580 13.962 0.005
4072.68107 13.970 0.005
4076.75146 13.971 0.005
4077.68810 13.966 0.005
4079.62641 13.985 0.005
4080.67189 13.957 0.005
4082.64705 13.983 0.005
4084.70182 13.964 0.005
4084.72752 13.988 0.005
4087.64724 13.972 0.005
4087.72871 13.959 0.005
4092.78453 13.953 0.005
4093.79559 13.979 0.005
4100.84092 13.966 0.005
4102.60184 13.984 0.005
4104.74478 13.981 0.005
4104.77052 13.971 0.005
4107.71741 13.945 0.005
4109.62734 13.969 0.005
4113.65063 13.964 0.005
4117.64551 13.935 0.005
4118.55762 13.964 0.005
4120.64359 13.954 0.005
4122.63726 13.919 0.005
4123.71775 13.922 0.005
4124.61239 13.926 0.005
4124.67442 13.903 0.005
4126.68204 13.921 0.005
4127.62831 13.935 0.005
4131.53497 13.924 0.005
4132.60631 13.946 0.005
4142.54118 13.961 0.005
4149.62670 13.988 0.005
4150.51827 13.976 0.005
4153.56743 13.999 0.005
4153.59282 13.978 0.005
4164.54547 14.017 0.005
4165.51504 14.015 0.005
4177.50283 14.019 0.005
4180.51303 14.011 0.005
4193.50831 13.985 0.005
4345.86150 14.070 0.005
4345.88675 14.074 0.005
4350.82340 14.065 0.005
4350.85733 14.063 0.005
4350.86123 14.059 0.005
4355.84361 14.049 0.005
4355.86880 14.032 0.005
4361.80440 14.055 0.005
4361.82962 14.028 0.005
4364.78884 14.051 0.005
4364.83644 14.046 0.005
4366.81011 14.054 0.005
4367.74892 14.044 0.005
4370.75662 14.063 0.005
4370.78580 14.054 0.005
4373.75657 14.061 0.005
4376.79574 14.069 0.005
4376.82096 14.068 0.005
4379.80130 14.075 0.005
4379.82727 14.079 0.005
4383.80642 14.076 0.005
4383.83154 14.083 0.005
4388.74614 14.087 0.005
4388.77143 14.077 0.005
4392.77128 14.071 0.005
4392.82567 14.068 0.005
4397.78174 14.058 0.005
4397.87467 14.073 0.005
4402.85722 14.045 0.005
4403.71434 14.047 0.005
4410.81612 14.019 0.005
4410.84156 14.029 0.005
4416.83959 14.007 0.005
4417.72949 14.006 0.005
4420.85650 14.012 0.005
4421.70543 13.997 0.005
4421.76137 13.991 0.005
4425.69617 13.989 0.005
4425.72548 13.988 0.005
4429.68968 13.987 0.005
4431.75450 13.980 0.005
4431.82948 13.996 0.005
4435.78877 13.976 0.005
4439.67670 13.994 0.005
4439.70199 13.989 0.005
4441.85362 13.994 0.005
4442.67923 14.000 0.005
4448.70304 14.004 0.005
4448.72830 14.014 0.005
4450.71341 14.007 0.005
4450.73961 14.016 0.005
4453.68990 14.003 0.005
4453.71520 14.007 0.005
4456.72860 14.018 0.005
4457.65950 14.011 0.005
4458.67620 14.018 0.005
4459.63876 14.003 0.005
4461.62633 14.014 0.005
4464.63696 14.008 0.005
4465.64711 14.010 0.005
4467.64730 14.002 0.005
4468.67787 14.007 0.005
4471.63607 14.018 0.005
4473.61419 14.014 0.005
4474.69026 14.024 0.005
4477.70167 14.021 0.005
4478.70394 14.026 0.005
4479.72326 14.017 0.005
4481.73304 14.031 0.005
4484.64661 14.040 0.005
4486.68164 14.021 0.005
4487.70939 14.024 0.005
4490.67989 14.040 0.005
4490.70493 14.036 0.005
4493.75064 14.061 0.005
4494.63415 14.045 0.005
4498.61580 14.046 0.005
4499.56588 14.048 0.005
4501.60885 14.048 0.005
4502.61222 14.041 0.005
4503.60533 14.051 0.005
4507.61174 14.048 0.005
4508.55263 14.061 0.005
4509.60567 14.057 0.005
4510.63384 14.069 0.005
4516.51453 14.082 0.005
4520.57912 14.069 0.005
4520.60456 14.087 0.005
4523.51051 14.092 0.005
4523.58806 14.089 0.005
4530.50598 14.093 0.005
4530.53146 14.099 0.005
4532.50349 14.088 0.005
4533.52769 14.083 0.005
4535.56179 14.092 0.005
4537.52340 14.076 0.005
4538.60317 14.067 0.005
4540.54710 14.074 0.005
4540.57241 14.078 0.005
4544.49297 14.054 0.005
4547.58850 14.019 0.005
4558.53875 14.014 0.005
4564.48462 14.044 0.005
4570.52630 14.044 0.005
4583.46227 14.094 0.005
4598.46659 14.118 0.005
4672.92794 13.918 0.005
4675.93051 13.927 0.005
4677.91100 13.930 0.005
4691.83155 13.976 0.005
4703.89716 14.003 0.005
4704.86230 14.010 0.005
4716.85231 14.017 0.005
4722.79017 13.996 0.005
4726.78881 13.983 0.005
4731.83281 13.952 0.005
4747.78160 13.903 0.005
4750.85518 13.892 0.005
4755.86551 13.900 0.005
4759.79981 13.908 0.005
4762.75964 13.905 0.005
4768.73770 13.917 0.005
4771.77954 13.927 0.005
4774.73156 13.926 0.005
4776.81335 13.946 0.005
4779.85019 13.949 0.005
4783.71629 13.948 0.005
4787.85727 13.956 0.005
4790.82622 13.960 0.005
4793.72948 13.956 0.005
4795.74382 13.955 0.005
4799.70518 13.947 0.005
4802.71292 13.958 0.005
4805.68182 13.962 0.005
4807.69512 13.963 0.005
4810.69355 13.969 0.005
4813.68037 13.983 0.005
4815.68511 13.988 0.005
4817.69116 13.982 0.005
4819.68360 13.988 0.005
4821.74778 13.995 0.005
4825.73607 14.006 0.005
4831.78089 14.011 0.005
4834.71122 14.016 0.005
4836.71366 14.019 0.005
4840.64170 14.019 0.005
4842.63965 14.009 0.005
4844.63824 14.010 0.005
4847.70568 14.002 0.005
4849.69834 14.002 0.005
4851.71071 14.019 0.005
4853.70337 13.998 0.005
4855.69090 13.988 0.005
4863.62288 13.992 0.005
4866.63597 13.996 0.005
4869.58770 14.001 0.005
4871.61790 13.987 0.005
4873.61322 13.978 0.005
4875.54683 13.967 0.005
4875.62914 13.972 0.005
4877.51880 13.965 0.005
4878.57413 13.957 0.005
4881.57012 13.932 0.005
4882.62866 13.929 0.005
4884.56304 13.917 0.005
4887.59994 13.891 0.005
4899.64298 13.818 0.005
4900.52067 13.831 0.005
4905.54534 13.814 0.005
4915.52510 13.813 0.005
4919.51294 13.830 0.005
4925.52272 13.854 0.005
4929.49646 13.872 0.005
4933.52146 13.877 0.005
4936.49571 13.888 0.005
4940.51058 13.888 0.005
4945.50426 13.917 0.005
4951.48392 13.951 0.005
