2166.83000 14.857 0.006
2172.87877 14.910 0.006
2189.83600 14.981 0.006
2191.87033 14.950 0.006
2200.87108 14.878 0.006
2212.78503 14.879 0.006
2223.79023 14.958 0.006
2228.80859 15.007 0.006
2232.74223 15.036 0.006
2234.73600 15.032 0.006
2238.68682 15.025 0.006
2240.81574 15.001 0.007
2242.82154 14.994 0.006
2249.75477 14.935 0.006
2251.78724 14.910 0.006
2255.85744 14.893 0.006
2258.66437 14.887 0.006
2261.64998 14.885 0.006
2265.75201 14.884 0.006
2271.66511 14.896 0.006
2273.66082 14.898 0.006
2274.61289 14.903 0.006
2277.76586 14.891 0.006
2277.78046 14.899 0.006
2279.77094 14.893 0.006
2281.78483 14.892 0.006
2283.78794 14.883 0.006
2289.71709 14.888 0.006
2291.72452 14.903 0.006
2293.69664 14.910 0.006
2295.72341 14.909 0.006
2297.71427 14.913 0.006
2299.73666 14.932 0.006
2302.58393 14.939 0.006
2317.63347 14.999 0.006
2326.55254 15.021 0.006
2344.51302 14.932 0.006
2354.51482 14.920 0.007
2368.49881 14.939 0.007
2520.90966 14.958 0.006
2521.88902 14.959 0.006
2537.84238 14.898 0.007
2539.81721 14.873 0.006
2542.80957 14.816 0.006
2545.79124 14.804 0.006
2551.85594 14.801 0.006
2555.87998 14.836 0.006
2559.78889 14.895 0.007
2563.83910 14.934 0.006
2577.82868 15.042 0.006
2580.85813 15.024 0.006
2589.76518 14.947 0.006
2599.82575 14.867 0.006
2609.63821 14.862 0.006
2617.79428 14.868 0.007
2620.76236 14.867 0.006
2623.70670 14.871 0.006
2627.60289 14.866 0.006
2629.62762 14.878 0.006
2634.67175 14.856 0.006
2637.69777 14.849 0.006
2639.81257 14.830 0.006
2641.63520 14.835 0.006
2643.64623 14.821 0.006
2645.63896 14.809 0.007
2646.66638 14.806 0.006
2650.72288 14.792 0.006
2652.71366 14.782 0.006
2654.81744 14.785 0.006
2657.73196 14.794 0.006
2659.70095 14.793 0.006
2661.80065 14.820 0.006
2665.77061 14.853 0.006
2667.80419 14.870 0.006
2673.67980 14.919 0.006
2675.70673 14.937 0.006
2677.74140 14.970 0.006
2679.73210 14.977 0.006
2681.74880 14.998 0.006
2686.55749 15.000 0.007
2695.56632 14.992 0.006
2700.51734 14.924 0.006
2705.58926 14.852 0.006
2712.55174 14.794 0.006
2734.50144 14.880 0.007
2884.84477 14.846 0.007
2890.81255 14.863 0.006
2895.84823 14.865 0.007
2900.80391 14.888 0.006
2906.83486 14.905 0.006
2910.86833 14.915 0.006
2915.86450 14.920 0.006
2921.86679 14.934 0.006
2925.81231 14.910 0.006
2929.85422 14.909 0.006
2933.79386 14.846 0.006
2939.80236 14.828 0.006
2942.77779 14.826 0.006
2946.79821 14.872 0.006
2948.84329 14.867 0.007
2952.78258 14.913 0.006
2955.83961 14.951 0.006
2957.76714 14.965 0.006
2961.75050 15.010 0.006
2963.80875 15.041 0.006
2966.74811 15.021 0.006
2970.76218 15.009 0.006
2974.67686 14.968 0.006
2975.80200 14.950 0.006
2979.83846 14.913 0.006
2981.84571 14.904 0.007
2983.74649 14.884 0.006
2986.72894 14.847 0.006
2988.69586 14.812 0.007
2990.72048 14.837 0.006
2992.71733 14.837 0.006
2994.80807 14.838 0.006
2996.68355 14.864 0.006
2998.66687 14.849 0.006
3000.68367 14.857 0.006
3002.67087 14.870 0.006
3004.67061 14.883 0.006
3006.61633 14.940 0.006
3010.69090 14.932 0.006
3012.78636 14.950 0.006
3016.70506 14.968 0.006
3018.69488 14.985 0.006
3020.77027 14.981 0.006
3022.79668 14.986 0.006
3024.74533 15.004 0.006
3026.71437 14.994 0.006
3028.75007 14.989 0.006
3030.75512 14.969 0.006
3033.67704 14.924 0.006
3035.68325 14.903 0.006
3038.66691 14.870 0.006
3041.56404 14.812 0.006
3043.59385 14.795 0.006
3045.63287 14.795 0.006
3047.58705 14.808 0.006
3049.59274 14.828 0.006
3050.56336 14.831 0.006
3052.55766 14.838 0.006
3054.55931 14.855 0.006
3056.55847 14.875 0.006
3058.55152 14.900 0.006
3067.63432 14.945 0.006
3069.59285 14.946 0.006
3072.64099 14.950 0.006
3075.59557 14.952 0.006
3078.51684 14.929 0.006
3081.67034 14.908 0.006
3084.58257 14.884 0.006
3087.54353 14.865 0.006
3089.64620 14.877 0.006
3092.58495 14.857 0.007
3101.54823 14.874 0.006
3104.51964 14.864 0.006
3110.52801 14.918 0.006
3113.51166 14.950 0.006
3125.50912 15.031 0.007
3135.47501 14.974 0.006
3229.88915 14.874 0.006
3239.90304 14.914 0.006
3247.87393 14.924 0.006
3256.85062 14.927 0.006
3268.84278 14.835 0.006
3273.80163 14.841 0.006
3276.88712 14.827 0.006
3281.79732 14.846 0.006
3289.81100 14.865 0.006
3294.80894 14.911 0.006
3296.81435 14.934 0.006
3298.84495 14.957 0.006
3301.66522 14.987 0.006
3303.83429 15.012 0.006
3306.80906 15.000 0.006
3308.82588 14.990 0.006
3310.85820 14.977 0.006
3314.82573 14.923 0.006
3321.70451 14.867 0.006
3329.79763 14.859 0.006
3334.69376 14.851 0.006
3338.74978 14.854 0.006
3349.72194 14.871 0.006
3352.63647 14.894 0.006
3355.65832 14.916 0.006
3359.71731 14.942 0.006
3363.69525 14.954 0.006
3369.76219 14.945 0.006
3377.70141 14.909 0.006
3386.78405 14.854 0.006
3391.57482 14.855 0.006
3400.67274 14.920 0.006
3403.66151 14.937 0.006
3410.61319 14.937 0.006
3415.56877 14.933 0.006
3421.57325 14.934 0.006
3428.57223 14.921 0.006
3436.56654 14.884 0.006
3443.50929 14.878 0.006
3452.52912 14.901 0.006
3574.91976 14.948 0.006
3588.91010 14.975 0.006
3590.91200 14.973 0.006
3614.90125 14.943 0.006
3629.79661 14.888 0.006
3634.75473 14.902 0.006
3640.75107 14.901 0.006
3644.89337 14.910 0.007
3650.80314 14.905 0.006
3653.83104 14.891 0.006
3656.88699 14.919 0.006
3661.79341 14.915 0.006
3666.79057 14.905 0.006
3671.78894 14.919 0.006
3675.80337 14.943 0.006
3683.82652 14.971 0.006
3687.68835 14.966 0.006
3689.79196 14.980 0.006
3692.71249 14.972 0.006
3694.84477 14.963 0.006
3696.66527 14.950 0.006
3699.67756 14.953 0.006
3701.72869 14.929 0.006
3704.75000 14.926 0.007
3706.74849 14.904 0.006
3711.64028 14.866 0.006
3713.65389 14.846 0.006
3716.68735 14.825 0.006
3719.66463 14.807 0.006
3725.74795 14.811 0.006
3727.69590 14.817 0.006
3730.62419 14.850 0.006
3733.61290 14.853 0.006
3734.71574 14.873 0.006
3736.73468 14.889 0.006
3738.65659 14.906 0.006
3740.69161 14.913 0.006
3743.65708 14.934 0.006
3746.73102 14.959 0.006
3748.68431 14.966 0.006
3750.57591 14.961 0.006
3752.69716 14.954 0.006
3754.68556 14.944 0.006
3758.70644 14.922 0.006
3762.66452 14.887 0.006
3765.65510 14.872 0.006
3772.69524 14.859 0.006
3778.66569 14.851 0.006
3781.72671 14.868 0.006
3786.54977 14.866 0.006
3791.54540 14.878 0.006
3798.54573 14.900 0.006
3805.53093 14.912 0.006
3819.50981 14.833 0.006
3938.92755 14.997 0.006
3961.90464 15.024 0.006
3968.88714 14.992 0.006
3974.87270 14.943 0.006
3981.78019 14.895 0.006
3987.90417 14.875 0.006
3995.81182 14.887 0.006
4002.81119 14.898 0.006
4004.83242 14.918 0.006
4007.76504 14.917 0.006
4011.74576 14.940 0.006
4018.78513 14.974 0.006
4023.77950 14.978 0.006
4026.69549 14.962 0.006
4028.83149 14.970 0.006
4031.71923 14.953 0.006
4037.82672 14.924 0.006
4040.79490 14.888 0.006
4042.81040 14.880 0.006
4046.68516 14.842 0.006
4048.77452 14.809 0.006
4051.76418 14.822 0.006
4053.81547 14.808 0.006
4056.63533 14.831 0.006
4059.64637 14.845 0.006
4064.66900 14.873 0.006
4067.66949 14.885 0.006
4069.65760 14.905 0.006
4072.69474 14.912 0.006
4076.76519 14.929 0.006
4079.64011 14.940 0.006
4082.66077 14.949 0.006
4084.74117 14.944 0.006
4087.66098 14.924 0.006
4093.80933 14.894 0.006
4102.61557 14.844 0.006
4104.78430 14.829 0.006
4109.64559 14.804 0.006
4113.66440 14.813 0.006
4118.57132 14.880 0.006
4120.65746 14.888 0.006
4124.68819 14.952 0.006
4127.64208 14.996 0.006
4132.62012 15.014 0.006
4142.55509 14.933 0.006
4150.53216 14.821 0.006
4153.60680 14.776 0.006
4165.53716 14.810 0.006
4180.52707 14.970 0.007
4341.84164 14.909 0.006
4345.90075 14.925 0.006
4350.87517 14.933 0.007
4355.88279 14.937 0.006
4361.84354 14.906 0.006
4364.85036 14.897 0.006
4367.76287 14.900 0.006
4370.79972 14.888 0.006
4376.83480 14.853 0.006
4379.84113 14.838 0.006
4383.84539 14.807 0.006
4388.78528 14.780 0.006
4392.83953 14.782 0.006
4398.78835 14.803 0.006
4403.72812 14.851 0.006
4410.85528 14.888 0.006
4417.74322 14.919 0.006
4421.71920 14.918 0.006
4421.77514 14.920 0.006
4425.73922 14.906 0.006
4429.70339 14.896 0.006
4431.84320 14.873 0.007
4435.86202 14.874 0.007
4439.71572 14.878 0.006
4442.69299 14.893 0.006
4448.74645 14.898 0.006
4450.75331 14.903 0.006
4453.72898 14.926 0.006
4456.74233 14.948 0.006
4458.68995 14.957 0.006
4461.64005 14.981 0.006
4465.66086 14.985 0.006
4468.69165 14.976 0.006
4473.62794 14.941 0.006
4477.71545 14.910 0.006
4479.73707 14.886 0.006
4483.69696 14.864 0.006
4486.69544 14.855 0.006
4490.69366 14.858 0.006
4493.76448 14.858 0.006
4498.62894 14.874 0.006
4501.62199 14.869 0.006
4503.62302 14.897 0.006
4508.56580 14.920 0.006
4510.64774 14.916 0.006
4516.52844 14.935 0.006
4520.61843 14.946 0.006
4523.60197 14.936 0.006
4530.54541 14.966 0.006
4535.59655 14.961 0.006
4538.61713 14.945 0.006
4540.58639 14.933 0.006
4544.55229 14.944 0.006
4546.60431 14.958 0.006
4559.53295 14.973 0.006
4566.55529 14.981 0.006
4574.51373 14.999 0.006
4681.90536 14.916 0.006
4704.90164 14.868 0.006
4717.86746 14.864 0.006
4722.88705 14.866 0.006
4726.82799 14.880 0.006
4730.84984 14.881 0.006
4747.82103 14.934 0.006
4750.89431 14.939 0.007
4756.79179 14.910 0.006
4759.83893 14.883 0.006
4762.79862 14.888 0.006
4768.77666 14.889 0.006
4771.81857 14.894 0.006
4774.79928 14.892 0.006
4775.68343 14.909 0.006
4776.65323 14.906 0.006
4776.85299 14.893 0.006
4777.86736 14.901 0.006
4778.68485 14.903 0.006
4779.68537 14.910 0.006
4780.78601 14.905 0.006
4780.86115 14.905 0.006
4781.66149 14.911 0.006
4782.65588 14.916 0.006
4783.78391 14.905 0.006
4788.71046 14.927 0.006
4791.68689 14.957 0.006
4794.65668 14.961 0.006
4797.67397 14.987 0.006
4800.72005 15.002 0.006
4802.75174 15.008 0.006
4805.72111 15.006 0.006
4807.68371 15.023 0.006
4809.67648 15.014 0.006
4812.66407 15.024 0.006
4814.65211 15.025 0.006
4816.65377 15.027 0.006
4818.67589 15.022 0.006
4820.68283 15.032 0.006
4823.69597 15.036 0.007
4825.77522 15.034 0.006
4831.81714 15.021 0.006
4834.75036 15.025 0.006
4836.75276 15.017 0.006
4838.70333 15.010 0.006
4843.71918 14.976 0.006
4848.71099 14.961 0.006
4851.68403 14.954 0.006
4851.80479 14.945 0.006
4852.69727 14.953 0.006
4853.66185 14.950 0.006
4854.70048 14.959 0.006
4854.74915 14.952 0.006
4855.64926 14.949 0.006
4856.69685 14.953 0.006
4859.66939 14.956 0.006
4865.71609 14.894 0.006
4867.65235 14.887 0.006
4870.63783 14.868 0.006
4873.66030 14.861 0.006
4875.61828 14.852 0.006
4877.64363 14.853 0.006
4879.57209 14.852 0.006
4884.60271 14.876 0.006
4887.63911 14.901 0.006
4908.58977 15.056 0.006
4916.53477 14.983 0.006
4920.56619 14.941 0.006
4924.51693 14.889 0.006
4925.50799 14.898 0.006
4926.52297 14.893 0.006
4927.50025 14.883 0.006
4928.50136 14.885 0.006
4930.48782 14.880 0.006
4931.49062 14.882 0.006
4931.55981 14.844 0.006
4933.47540 14.869 0.006
4935.52646 14.861 0.006
4939.53341 14.871 0.006
4943.53313 14.873 0.006
4955.49311 14.928 0.006
