2167.87900 15.548 0.007
2186.85279 15.292 0.007
2190.83820 15.187 0.007
2192.88019 15.226 0.006
2193.80177 15.219 0.006
2202.80121 15.191 0.006
2214.84882 15.129 0.007
2224.80325 15.101 0.006
2227.71412 15.103 0.007
2229.71961 15.089 0.006
2231.68797 15.098 0.006
2233.65631 15.084 0.006
2236.66863 15.083 0.006
2239.63665 15.108 0.006
2241.72828 15.107 0.006
2243.79343 15.075 0.007
2247.85915 15.122 0.006
2248.86185 15.150 0.007
2250.79418 15.137 0.006
2252.71298 15.142 0.006
2254.70413 15.155 0.006
2257.70840 15.128 0.007
2260.71384 15.200 0.006
2266.70523 15.222 0.006
2270.77238 15.248 0.006
2271.85340 15.251 0.006
2272.75858 15.262 0.007
2274.75009 15.281 0.007
2276.81149 15.299 0.007
2280.75407 15.333 0.006
2282.74999 15.344 0.007
2289.81346 15.395 0.006
2292.83426 15.454 0.007
2296.81870 15.484 0.007
2298.81235 15.506 0.007
2300.80347 15.530 0.007
2315.68889 15.728 0.007
2324.54771 15.831 0.008
2328.53466 15.850 0.010
2334.52798 15.936 0.007
2340.52480 15.989 0.010
2385.53502 16.304 0.011
2539.87901 15.217 0.007
2545.84524 15.171 0.007
2556.89338 15.073 0.007
2560.80258 15.041 0.006
2561.80409 15.046 0.006
2565.80964 15.008 0.006
2574.75966 14.852 0.006
2578.82799 14.781 0.006
2586.75100 14.655 0.006
2590.79926 14.614 0.006
2596.80596 14.524 0.006
2605.84577 14.433 0.006
2609.81078 14.419 0.006
2614.78426 14.366 0.006
2618.81494 14.353 0.006
2621.74003 14.338 0.006
2624.65957 14.324 0.006
2627.77159 14.321 0.006
2629.79252 14.309 0.006
2632.69233 14.299 0.006
2634.83465 14.301 0.006
2635.79295 14.300 0.006
2638.71078 14.292 0.006
2642.76278 14.301 0.006
2644.76177 14.302 0.006
2646.72437 14.299 0.006
2650.77276 14.311 0.006
2652.87003 14.317 0.006
2654.79908 14.326 0.006
2664.68516 14.351 0.006
2666.74521 14.352 0.006
2668.73626 14.371 0.006
2670.71868 14.390 0.006
2672.82592 14.396 0.006
2674.73181 14.401 0.006
2676.72096 14.416 0.006
2678.79331 14.436 0.006
2680.68007 14.445 0.006
2682.72246 14.456 0.006
2687.61459 14.494 0.006
2692.64168 14.537 0.006
2696.60446 14.573 0.006
2701.59620 14.621 0.006
2708.52594 14.701 0.006
2715.52155 14.785 0.006
2890.87436 15.088 0.007
2895.91245 15.035 0.006
2900.87443 15.015 0.006
2911.87027 14.966 0.006
2917.77373 14.927 0.006
2931.75707 14.810 0.006
2934.79785 14.771 0.006
2940.77835 14.704 0.006
2943.78252 14.678 0.006
2947.79118 14.626 0.006
2950.70496 14.604 0.006
2954.72829 14.577 0.006
2956.77359 14.548 0.006
2958.81768 14.529 0.006
2962.81242 14.493 0.006
2965.83543 14.473 0.006
2968.70312 14.439 0.006
2973.77660 14.382 0.006
2976.64300 14.335 0.006
2978.84408 14.313 0.006
2982.76714 14.276 0.006
2984.79872 14.240 0.006
2987.68017 14.204 0.006
2989.64383 14.185 0.006
2991.71174 14.156 0.006
2993.72368 14.139 0.006
2995.79737 14.128 0.006
2997.76796 14.111 0.006
2999.66771 14.084 0.006
3002.70524 14.082 0.006
3004.70572 14.056 0.006
3006.64920 14.041 0.006
3008.80416 14.031 0.006
3010.72371 14.024 0.006
3011.77868 14.017 0.006
3015.79623 14.010 0.006
3017.78392 14.014 0.006
3019.73768 14.026 0.006
3021.83060 14.021 0.006
3023.69271 14.033 0.006
3025.66417 14.060 0.006
3027.70971 14.041 0.006
3029.69467 14.064 0.006
3031.76473 14.050 0.006
3034.59637 14.078 0.006
3036.62681 14.091 0.006
3039.56872 14.119 0.006
3041.67673 14.122 0.006
3043.68745 14.151 0.006
3045.75028 14.157 0.006
3047.70397 14.165 0.006
3048.63520 14.171 0.006
3050.65216 14.184 0.006
3052.65357 14.197 0.006
3054.65814 14.212 0.006
3056.64623 14.245 0.006
3058.64020 14.263 0.006
3060.68987 14.287 0.006
3066.55182 14.359 0.006
3068.57979 14.381 0.006
3070.64994 14.406 0.006
3073.66783 14.435 0.006
3076.59170 14.478 0.006
3078.67849 14.496 0.006
3085.55899 14.590 0.006
3088.52094 14.613 0.006
3090.66265 14.641 0.006
3093.54527 14.695 0.007
3099.53487 14.759 0.006
3102.62532 14.805 0.006
3106.52199 14.840 0.006
3111.55740 14.908 0.006
3129.49976 15.128 0.006
3134.52067 15.174 0.006
3216.91446 15.879 0.007
3248.90187 15.782 0.007
3264.84944 15.645 0.007
3274.80148 15.598 0.007
3278.87459 15.583 0.007
3282.83259 15.544 0.006
3295.76357 15.501 0.006
3304.88155 15.450 0.007
3307.75100 15.475 0.007
3311.78107 15.465 0.007
3327.79665 15.428 0.007
3330.75498 15.429 0.007
3334.85447 15.413 0.007
3339.80230 15.361 0.007
3353.84857 15.149 0.006
3357.63961 15.094 0.006
3363.78592 15.021 0.006
3369.86325 14.962 0.007
3375.79962 14.864 0.006
3378.72519 14.834 0.006
3394.60832 14.688 0.006
3396.65914 14.721 0.007
3399.76177 14.667 0.006
3403.74912 14.668 0.006
3408.63358 14.664 0.006
3413.58849 14.652 0.006
3417.61238 14.650 0.006
3425.61378 14.656 0.006
3431.60176 14.651 0.006
3437.57735 14.667 0.006
3446.54645 14.671 0.006
3456.50798 14.680 0.006
3474.49472 14.762 0.006
3619.87979 15.921 0.007
3633.85624 15.862 0.007
3639.82336 15.799 0.007
3644.85993 15.761 0.007
3651.80264 15.682 0.007
3654.84891 15.684 0.007
3658.81249 15.627 0.007
3660.83732 15.621 0.007
3665.83125 15.568 0.007
3670.80097 15.545 0.007
3673.81110 15.516 0.007
3676.81111 15.483 0.007
3690.75743 15.362 0.007
3693.79491 15.335 0.006
3695.82623 15.311 0.006
3698.81580 15.295 0.007
3700.83442 15.266 0.007
3703.76848 15.245 0.006
3705.83270 15.224 0.006
3708.82048 15.203 0.006
3712.77798 15.186 0.006
3714.84882 15.175 0.006
3717.74120 15.178 0.006
3720.82923 15.161 0.006
3724.74688 15.116 0.007
3727.82148 15.133 0.006
3728.78424 15.124 0.006
3731.78779 15.116 0.006
3732.77086 15.120 0.006
3735.62726 15.076 0.007
3737.79719 15.090 0.006
3740.75905 15.075 0.006
3742.76644 15.094 0.006
3745.80236 15.088 0.007
3747.80498 15.065 0.006
3748.77220 15.059 0.007
3750.78289 15.053 0.006
3752.79240 15.029 0.007
3754.81021 15.011 0.007
3757.59120 15.022 0.006
3759.79626 15.017 0.006
3763.66820 14.974 0.006
3766.62461 14.957 0.006
3770.71118 14.925 0.006
3773.74395 14.903 0.006
3776.71568 14.854 0.006
3779.66895 14.835 0.006
3783.58556 14.781 0.006
3788.55836 14.739 0.006
3792.59582 14.708 0.006
3800.57773 14.666 0.006
3810.53583 14.636 0.006
3824.50606 14.617 0.006
3950.92960 15.562 0.008
3964.92830 15.718 0.007
3970.85316 15.777 0.007
3981.92168 15.880 0.007
3990.91033 15.911 0.007
4003.72778 15.953 0.007
4006.74907 15.961 0.007
4008.76989 15.965 0.007
4013.77043 15.974 0.007
4019.88033 15.944 0.007
4024.76688 15.941 0.007
4026.84459 15.941 0.007
4029.78909 15.922 0.007
4032.81995 15.916 0.007
4038.77169 15.868 0.007
4041.73162 15.833 0.007
4043.73655 15.827 0.007
4046.82992 15.826 0.007
4049.69910 15.790 0.007
4052.76041 15.766 0.007
4056.80637 15.756 0.007
4058.85350 15.722 0.007
4063.73633 15.701 0.007
4065.85947 15.664 0.007
4067.70136 15.674 0.007
4070.72363 15.668 0.007
4074.79233 15.645 0.007
4077.84117 15.641 0.007
4080.71771 15.642 0.007
4084.64603 15.632 0.006
4086.80176 15.644 0.007
4093.85350 15.585 0.007
4105.86135 15.596 0.008
4111.78048 15.587 0.006
4117.72091 15.560 0.007
4121.69888 15.524 0.008
4124.78116 15.503 0.006
4132.73705 15.464 0.007
4142.75885 15.426 0.007
4156.59400 15.374 0.007
4168.55457 15.316 0.007
4198.50877 15.238 0.007
4343.84470 16.932 0.015
4347.91178 17.005 0.014
4353.84488 17.144 0.015
4358.79630 17.295 0.020
4363.83879 17.407 0.024
4367.79857 17.333 0.024
4370.83535 17.519 0.021
4373.83477 17.525 0.018
4377.85374 17.619 0.022
4381.72623 17.835 0.031
4386.84425 17.723 0.022
4390.80624 17.834 0.025
4394.82380 17.821 0.021
4399.78041 17.946 0.031
4407.74333 17.975 0.028
4412.76691 17.794 0.026
4418.85242 17.721 0.019
4422.74453 17.738 0.019
4427.72020 17.755 0.025
4430.72351 17.700 0.025
4433.74106 17.608 0.019
4436.82246 17.645 0.028
4440.68336 17.581 0.019
4443.77576 17.636 0.022
4449.73841 17.539 0.018
4451.77803 17.502 0.018
4452.75734 17.581 0.020
4455.74747 17.499 0.020
4457.77772 17.489 0.025
4459.74239 17.411 0.018
4462.72016 17.366 0.017
4464.79051 17.453 0.025
4467.76622 17.414 0.017
4471.82419 17.403 0.018
4472.65362 17.335 0.015
4476.70712 17.346 0.015
4480.81061 17.332 0.015
4483.79889 17.388 0.018
4486.82514 17.378 0.022
4492.68304 17.407 0.018
4497.74412 17.384 0.017
4500.61718 17.396 0.017
4502.72698 17.450 0.022
4507.72984 17.255 0.018
4509.68158 17.354 0.018
4518.64443 17.229 0.019
4521.67882 17.259 0.017
4523.66386 17.270 0.017
4525.62855 17.183 0.016
4531.60671 17.192 0.015
4533.60691 17.179 0.016
4537.65698 17.104 0.015
4539.57615 17.035 0.015
4541.65836 17.032 0.014
4545.58576 16.940 0.014
4547.63546 16.874 0.017
4559.57614 16.629 0.011
4565.51705 16.523 0.011
4580.50300 16.354 0.010
4609.48110 16.130 0.010
4708.89696 15.974 0.008
4720.83533 16.033 0.007
4725.77515 16.083 0.008
4728.88282 16.077 0.008
4734.84405 16.039 0.007
4748.86717 16.229 0.008
4753.86746 16.254 0.009
4757.81564 16.312 0.009
4760.81721 16.308 0.008
4763.87619 16.365 0.011
4769.74642 16.409 0.010
4772.77853 16.389 0.011
4775.79600 16.432 0.011
4777.80919 16.439 0.009
4782.63589 16.336 0.009
4784.75970 16.456 0.010
4789.76509 16.473 0.009
4792.75254 16.500 0.009
4794.85562 16.534 0.010
4797.85773 16.518 0.010
4799.75146 16.542 0.010
4801.68436 16.532 0.009
4803.68004 16.610 0.011
4805.77828 16.530 0.009
4808.67868 16.571 0.010
4810.77062 16.504 0.009
4813.75566 16.560 0.012
4815.73950 16.530 0.010
4817.73710 16.514 0.009
4819.74603 16.555 0.009
4822.72592 16.521 0.009
4824.72305 16.496 0.009
4826.75691 16.492 0.009
4833.75938 16.447 0.009
4835.76978 16.453 0.009
4838.77447 16.392 0.008
4840.75745 16.360 0.009
4842.74549 16.350 0.009
4844.74180 16.333 0.009
4846.77388 16.317 0.009
4848.79772 16.281 0.008
4853.81953 16.229 0.008
4861.71046 16.145 0.009
4865.64111 16.106 0.008
4868.76641 16.059 0.007
4870.73902 16.035 0.008
4873.75713 16.034 0.008
4875.72874 15.995 0.008
4877.67582 15.999 0.007
4885.64755 15.922 0.007
4889.62121 15.926 0.007
4896.61745 15.871 0.007
4900.65598 15.842 0.008
4908.57191 15.756 0.007
4917.59314 15.698 0.007
4921.56497 15.670 0.007
4927.55949 15.611 0.007
4932.55194 15.580 0.007
4936.56673 15.540 0.007
4940.58159 15.491 0.007
4945.54837 15.440 0.007
4950.53022 15.387 0.007
4955.52366 15.331 0.007
