2167.83852 20.302 0.183
2173.84588 20.172 0.121
2190.78366 20.038 0.120
2192.81843 20.449 0.175
2214.78575 19.891 0.134
2224.74253 20.168 0.125
2226.84669 20.481 0.289
2229.65861 20.144 0.166
2232.81719 20.126 0.147
2234.81161 20.004 0.092
2239.59656 20.233 0.206
2241.65811 20.116 0.162
2243.71669 20.222 0.157
2248.79332 20.006 0.096
2250.84219 19.975 0.107
2252.64834 19.805 0.098
2254.63927 19.783 0.098
2257.64314 19.871 0.089
2261.75749 19.904 0.094
2266.64079 20.042 0.143
2270.63690 19.841 0.093
2271.78770 20.045 0.107
2273.72418 19.844 0.128
2275.82461 19.896 0.122
2277.64625 19.853 0.082
2279.81860 19.935 0.108
2281.80543 19.907 0.096
2283.83965 19.750 0.076
2288.74579 19.891 0.089
2290.78416 19.696 0.092
2292.76068 19.572 0.101
2296.74612 19.784 0.132
2298.76553 20.005 0.137
2300.71855 20.146 0.198
2302.69635 19.955 0.147
2327.55448 19.449 0.083
2333.56449 19.425 0.107
2339.54097 19.495 0.104
2357.51217 19.343 0.132
2395.51312 18.886 0.066
2526.90528 19.172 0.049
2542.88422 19.357 0.065
2556.82690 19.481 0.068
2559.87673 19.438 0.079
2564.84336 19.691 0.096
2578.76713 19.749 0.111
2583.82159 19.808 0.114
2589.85295 19.869 0.103
2596.73758 19.930 0.153
2605.74060 19.858 0.096
2609.73685 20.013 0.154
2614.70304 20.227 0.162
2618.72732 20.290 0.170
2621.63489 20.324 0.126
2623.81853 20.118 0.116
2627.68200 20.762 0.364
2629.70504 20.372 0.221
2631.75738 20.658 0.344
2634.75950 20.404 0.151
2635.67882 20.214 0.106
2638.64992 20.404 0.154
2639.65003 20.266 0.097
2641.71766 20.287 0.136
2643.72634 20.471 0.179
2645.71405 20.298 0.118
2647.67185 20.255 0.148
2650.83336 20.628 0.169
2652.73463 20.291 0.167
2654.66944 20.736 0.280
2656.64237 20.553 0.207
2658.60540 20.833 0.337
2660.62282 20.435 0.167
2662.60567 20.657 0.203
2664.61320 20.419 0.165
2666.67141 20.604 0.139
2668.65631 20.734 0.338
2670.62631 20.688 0.274
2672.73559 20.504 0.202
2674.63396 20.679 0.237
2676.62053 20.525 0.151
2678.70821 20.349 0.163
2680.61888 20.987 0.316
2696.53545 20.561 0.253
2701.51762 20.510 0.235
2707.51500 20.383 0.199
2840.90300 19.744 0.129
2867.91561 19.744 0.090
2888.90948 19.300 0.053
2894.84455 19.102 0.054
2899.84616 19.032 0.048
2905.83513 19.017 0.061
2908.89618 18.949 0.046
2911.79448 18.874 0.036
2916.84468 18.810 0.034
2922.82853 18.765 0.051
2926.75595 18.678 0.035
2930.82970 18.690 0.035
2933.87411 18.704 0.039
2940.71125 18.598 0.033
2942.83304 18.573 0.030
2947.72557 18.597 0.037
2949.81574 18.548 0.031
2953.68247 18.560 0.043
2956.70829 18.522 0.032
2958.73459 18.523 0.039
2962.74643 18.491 0.031
2965.76586 18.491 0.026
2967.86531 18.536 0.044
2973.84947 18.515 0.035
2975.83863 18.436 0.031
2976.83389 18.433 0.031
2978.85350 18.479 0.036
2982.68564 18.464 0.033
2984.73315 18.495 0.033
2986.81575 18.491 0.037
2988.78034 18.478 0.029
2989.79627 18.468 0.030
2991.63668 18.455 0.029
2993.62410 18.494 0.027
2995.72372 18.435 0.025
2997.70267 18.466 0.028
2999.72487 18.417 0.030
3001.76153 18.455 0.030
3003.73219 18.520 0.028
3005.63746 18.549 0.036
3007.67052 18.433 0.033
3009.73682 18.454 0.033
3011.71255 18.522 0.040
3013.71700 18.503 0.034
3017.71843 18.534 0.032
3019.64642 18.557 0.037
3021.76519 18.495 0.027
3023.62698 18.508 0.027
3024.82812 18.469 0.034
3026.82479 18.498 0.023
3029.62915 18.553 0.028
3031.69910 18.550 0.028
3033.76261 18.522 0.027
3035.76964 18.585 0.031
3038.74712 18.602 0.039
3040.71776 18.619 0.047
3042.66167 18.561 0.037
3044.59558 18.582 0.038
3045.68456 18.665 0.044
3047.63830 18.577 0.039
3049.64400 18.549 0.027
3051.61218 18.589 0.036
3055.60565 18.628 0.038
3057.63110 18.670 0.035
3059.57499 18.648 0.029
3061.56803 18.749 0.047
3068.50936 18.753 0.053
3070.56505 18.607 0.038
3073.56576 18.843 0.059
3075.67872 18.763 0.052
3078.61072 18.696 0.041
3082.58822 18.712 0.037
3084.66526 18.801 0.037
3087.62795 18.809 0.046
3090.59135 18.862 0.049
3096.49839 19.068 0.093
3099.57936 18.902 0.060
3102.55814 18.985 0.063
3105.59085 19.048 0.058
3108.56881 19.055 0.056
3112.54610 19.046 0.055
3116.52744 19.033 0.059
3127.49485 19.180 0.051
3140.48350 19.434 0.081
3223.88372 19.820 0.131
3241.86998 20.292 0.192
3248.83340 20.001 0.162
3257.86126 20.009 0.107
3263.90724 20.012 0.107
3270.85021 20.033 0.121
3273.89822 20.093 0.148
3277.83425 20.179 0.144
3281.87803 20.081 0.097
3287.73909 20.269 0.120
3295.69138 20.099 0.097
3301.75189 20.022 0.143
3304.80782 20.072 0.148
3307.68265 20.100 0.211
3309.71804 19.898 0.095
3311.71589 19.976 0.114
3320.75868 19.933 0.087
3323.69350 20.207 0.151
3327.73026 19.786 0.084
3330.68910 19.896 0.147
3334.78836 19.961 0.153
3338.83482 19.842 0.104
3340.84990 19.733 0.108
3350.66834 19.487 0.056
3354.71475 19.705 0.076
3358.79571 19.634 0.055
3361.82852 19.594 0.067
3365.73092 19.467 0.081
3372.74722 19.567 0.071
3378.65993 19.498 0.057
3391.72765 19.595 0.084
3394.73921 19.429 0.075
3396.61919 19.516 0.082
3399.69641 19.507 0.079
3403.68367 19.424 0.071
3408.59310 19.327 0.058
3412.63834 19.424 0.077
3417.56579 19.424 0.070
3425.57401 19.252 0.079
3431.53570 19.144 0.051
3437.53748 18.920 0.044
3445.54284 19.022 0.051
3460.49108 18.729 0.041
3477.48581 18.468 0.037
3583.92791 18.360 0.028
3593.92617 18.277 0.031
3601.86312 18.282 0.030
3618.89723 18.358 0.025
3629.87849 18.335 0.025
3634.84509 18.335 0.024
3639.83840 18.375 0.023
3644.79318 18.435 0.026
3650.88205 18.390 0.026
3654.78128 18.436 0.025
3657.86353 18.510 0.026
3660.79798 18.526 0.040
3664.83306 18.599 0.029
3668.79102 18.539 0.035
3672.77924 18.610 0.033
3675.85892 18.563 0.027
3684.76703 18.773 0.031
3687.77268 18.741 0.033
3690.66314 18.678 0.066
3693.72652 18.830 0.043
3695.74806 18.799 0.036
3698.74078 18.979 0.050
3700.76964 18.855 0.038
3702.85729 18.867 0.038
3705.76406 18.943 0.034
3708.72265 18.968 0.054
3712.70954 18.990 0.044
3714.71989 19.003 0.039
3716.86152 18.753 0.086
3719.81316 19.046 0.062
3725.80704 19.145 0.063
3727.77945 19.230 0.058
3730.67486 19.243 0.040
3732.69958 19.201 0.040
3734.79763 19.341 0.057
3736.81390 19.276 0.054
3737.70225 19.272 0.046
3739.80137 19.356 0.051
3742.68723 19.491 0.078
3745.76291 19.509 0.063
3747.76560 19.479 0.109
3749.65733 19.299 0.094
3750.74229 19.471 0.077
3752.75298 19.404 0.068
3754.77072 19.488 0.074
3756.59425 19.592 0.073
3758.76712 19.548 0.101
3761.77951 19.633 0.065
3764.73394 19.672 0.071
3767.59378 19.701 0.077
3770.61149 19.597 0.072
3773.61433 19.984 0.125
3776.61374 19.865 0.097
3779.60328 19.684 0.113
3782.65401 19.853 0.095
3787.57897 19.948 0.093
3792.53070 20.187 0.154
3809.51993 20.127 0.199
3822.50574 20.458 0.260
3946.90204 19.629 0.114
3964.85887 19.770 0.076
3969.88299 19.845 0.120
3981.85775 19.796 0.115
3989.88478 19.676 0.085
3995.90848 19.844 0.162
4001.86148 19.704 0.066
4005.83915 19.542 0.061
4007.84333 19.457 0.065
4011.84360 19.448 0.068
4018.83518 19.279 0.059
4023.86732 19.104 0.048
4026.77578 19.053 0.034
4029.71705 18.979 0.065
4031.79739 19.020 0.040
4038.70650 18.944 0.041
4040.87334 18.992 0.079
4043.67199 18.953 0.066
4046.76410 18.913 0.054
4048.85362 18.772 0.051
4052.69649 18.723 0.031
4056.74054 18.801 0.046
4058.77286 18.770 0.028
4063.67241 18.739 0.033
4066.72969 18.730 0.033
4068.81719 18.756 0.031
4070.65963 18.752 0.036
4073.81901 18.717 0.041
4076.78716 18.718 0.040
4079.74951 18.787 0.043
4083.66634 18.694 0.044
4085.73184 18.803 0.043
4092.85030 18.657 0.032
4102.82684 18.621 0.042
4105.68573 18.540 0.032
4109.72862 18.664 0.033
4109.75885 18.478 0.024
4113.71461 18.550 0.024
4120.74503 18.515 0.030
4122.70144 18.383 0.023
4125.75267 18.437 0.029
4131.60602 18.354 0.022
4142.64261 18.324 0.034
4156.52928 18.323 0.027
4166.57052 18.387 0.038
4196.51994 18.605 0.052
4341.89587 20.324 0.194
4347.84578 20.710 0.243
4357.90716 20.569 0.286
4362.78294 20.634 0.280
4368.90172 20.634 0.428
4371.85232 20.757 0.230
4377.78815 20.706 0.238
4380.80466 20.665 0.199
4386.78031 21.101 0.314
4390.74231 20.552 0.182
4393.85638 20.620 0.214
4398.86766 20.990 0.256
4411.86614 20.827 0.295
4418.78730 20.707 0.161
4422.85337 20.711 0.208
4426.73169 21.252 0.427
4432.71854 20.674 0.183
4436.75791 20.701 0.222
4439.82350 20.714 0.316
4448.86039 20.551 0.314
4449.67795 20.745 0.179
4451.68752 20.995 0.339
4454.70403 21.061 0.298
4458.74473 20.449 0.187
4461.66164 20.826 0.222
4465.74475 20.693 0.184
4468.71330 20.513 0.131
4473.68262 20.781 0.197
4477.74074 20.792 0.258
4481.67832 20.987 0.266
4485.72637 20.793 0.292
4493.69972 20.285 0.192
4498.67637 20.212 0.127
4501.67369 20.578 0.199
4506.60763 20.595 0.224
4508.61762 20.516 0.181
4510.69790 20.286 0.166
4521.60798 20.546 0.242
4523.62383 20.632 0.217
4525.54322 20.074 0.128
4531.56525 20.366 0.165
4533.56762 20.508 0.232
4537.61763 20.232 0.152
4539.53661 20.218 0.185
4541.58887 20.314 0.223
4543.64971 20.131 0.220
4545.50801 20.503 0.212
4549.59281 20.302 0.199
4560.53542 20.569 0.240
4567.58455 20.082 0.150
4571.52938 20.031 0.155
4581.50631 19.965 0.150
4610.47439 19.535 0.122
4683.89829 18.889 0.044
4694.91675 18.928 0.058
4697.85493 18.924 0.066
4707.90572 18.885 0.042
4720.77101 18.903 0.051
4724.82429 18.895 0.052
4728.81178 18.903 0.045
4733.82150 18.927 0.044
4743.89018 18.860 0.043
4748.82752 18.972 0.037
4752.86057 19.012 0.048
4756.86989 18.865 0.044
4760.75300 18.980 0.041
4761.74103 19.006 0.042
4762.68976 18.974 0.049
4762.87644 18.992 0.054
4768.85446 18.961 0.045
4772.70079 18.980 0.051
4775.73015 19.147 0.065
4777.74493 18.974 0.045
4781.74137 19.008 0.053
4784.69497 19.237 0.106
4788.79197 19.079 0.051
4791.80248 19.128 0.045
4794.77397 19.203 0.061
4797.79317 19.185 0.055
4800.77004 19.247 0.043
4802.83705 19.223 0.053
4804.85429 19.123 0.060
4806.85042 19.302 0.063
4809.69816 19.238 0.067
4811.69447 19.428 0.109
4813.71625 19.372 0.109
4814.73509 19.383 0.082
4816.73196 19.440 0.088
4818.73117 19.268 0.051
4819.71722 19.425 0.052
4820.65054 19.308 0.044
4820.79079 19.404 0.062
4821.73277 19.351 0.046
4821.83444 19.452 0.057
4822.68705 19.449 0.063
4822.78764 19.492 0.053
4823.74900 19.464 0.057
4823.81069 19.464 0.055
4824.67594 19.431 0.062
4825.65827 19.535 0.063
4826.68031 19.317 0.058
4833.67825 19.739 0.076
4835.73064 19.586 0.081
4838.73524 19.677 0.086
4840.71946 19.535 0.079
4842.70346 19.582 0.083
4844.70271 19.670 0.091
4847.76969 20.079 0.145
4850.76278 19.872 0.113
4853.73926 19.760 0.098
4855.75471 19.936 0.131
4857.73282 19.991 0.131
4863.69412 19.845 0.118
4865.59432 19.805 0.087
4868.69790 20.073 0.120
4869.64313 19.872 0.120
4870.58339 20.148 0.120
4870.71001 19.916 0.134
4871.56928 20.080 0.149
4871.69772 19.969 0.147
4872.58607 19.978 0.188
4872.67242 20.414 0.305
4873.64274 20.101 0.126
4874.56556 19.903 0.097
4876.58921 19.971 0.086
4878.61402 20.133 0.098
4882.68716 19.912 0.109
4885.54534 20.268 0.155
4888.61255 20.362 0.119
4900.61633 20.446 0.246
4905.58144 20.072 0.185
4908.54005 20.489 0.197
4916.55646 20.499 0.194
4920.58706 20.759 0.234
4926.54323 20.732 0.364
4930.53982 20.259 0.204
4934.53658 20.238 0.195
4936.48464 20.481 0.176
4937.52832 20.272 0.154
4938.47990 21.150 0.448
4939.48565 20.333 0.173
4940.48111 20.462 0.146
4940.54432 20.506 0.162
4941.48498 20.657 0.271
4943.49274 20.411 0.193
4946.53793 20.836 0.300
