2123.93450 17.220 0.016
2130.92356 17.272 0.018
2131.92535 17.280 0.020
2132.92352 17.266 0.018
2134.92508 17.315 0.019
2140.92475 17.379 0.018
2142.91199 17.409 0.021
2144.92237 17.445 0.018
2156.89607 17.551 0.027
2161.86302 17.631 0.026
2173.87628 17.735 0.019
2190.80798 17.822 0.023
2192.84593 17.875 0.022
2201.83238 17.982 0.022
2214.81394 18.074 0.032
2221.75684 18.068 0.033
2224.76955 18.135 0.027
2227.67217 18.116 0.027
2229.68563 18.136 0.033
2234.84416 18.099 0.030
2237.76461 18.163 0.026
2241.68986 18.209 0.034
2243.74372 18.182 0.031
2247.82559 18.158 0.028
2248.82818 18.202 0.024
2250.81497 18.158 0.027
2252.67528 18.130 0.030
2254.66634 18.194 0.026
2257.67301 18.139 0.025
2260.67972 18.141 0.029
2266.67121 18.131 0.028
2270.67890 18.108 0.025
2271.81926 18.124 0.021
2272.82721 18.055 0.030
2274.66473 18.075 0.030
2276.77484 18.078 0.027
2277.82814 18.063 0.022
2279.84574 18.040 0.024
2280.81929 18.068 0.034
2282.70891 18.049 0.024
2283.87005 18.013 0.031
2288.77751 17.938 0.032
2290.81480 17.993 0.027
2292.78782 17.968 0.030
2296.77979 17.973 0.035
2298.73650 17.889 0.026
2300.74697 17.907 0.030
2302.72365 17.950 0.032
2327.58515 17.426 0.020
2333.59517 17.278 0.021
2339.57156 17.177 0.015
2345.53263 17.087 0.016
2351.51076 17.014 0.014
2369.50827 16.906 0.014
2385.49396 16.825 0.016
2529.83955 18.076 0.030
2539.84198 18.274 0.039
2545.81155 18.359 0.041
2552.86519 18.447 0.042
2556.85656 18.496 0.035
2560.76498 18.576 0.040
2564.87325 18.620 0.045
2578.79432 18.675 0.048
2583.84872 18.570 0.050
2590.75492 18.673 0.045
2596.76753 18.632 0.051
2605.79479 18.555 0.038
2609.76695 18.491 0.048
2614.72524 18.523 0.048
2618.78021 18.460 0.040
2621.70532 18.441 0.032
2624.61127 18.427 0.045
2627.70978 18.441 0.050
2629.73273 18.405 0.037
2632.65867 18.431 0.034
2635.70591 18.423 0.031
2638.67689 18.323 0.034
2640.77378 18.348 0.038
2642.73000 18.397 0.047
2644.73270 18.355 0.036
2646.68693 18.330 0.039
2650.74250 18.321 0.037
2652.79989 18.354 0.033
2654.76530 18.315 0.040
2656.67072 18.327 0.041
2658.63247 18.299 0.036
2660.65080 18.308 0.035
2662.66174 18.230 0.034
2664.64180 18.281 0.036
2666.70519 18.211 0.027
2668.69131 18.196 0.033
2670.65343 18.209 0.043
2672.79219 18.096 0.028
2674.69294 18.043 0.028
2676.68205 18.056 0.028
2678.73530 18.014 0.030
2680.64606 17.920 0.026
2682.69211 17.882 0.030
2687.57192 17.762 0.025
2693.53115 17.656 0.019
2696.56788 17.568 0.022
2701.54953 17.518 0.024
2707.55130 17.398 0.018
2714.54340 17.264 0.019
2839.92000 16.959 0.013
2867.89101 17.386 0.018
2885.86870 17.719 0.019
2892.89721 17.855 0.027
2897.86612 17.960 0.026
2907.78634 18.101 0.026
2911.82373 18.130 0.023
2916.87415 18.212 0.025
2922.85785 18.265 0.044
2926.78955 18.334 0.032
2930.85923 18.344 0.031
2934.76126 18.390 0.029
2940.74111 18.466 0.031
2943.74630 18.449 0.036
2947.75495 18.505 0.037
2949.84495 18.490 0.032
2953.71209 18.445 0.040
2956.73743 18.436 0.032
2958.76379 18.432 0.040
2962.77629 18.463 0.030
2965.79932 18.441 0.033
2968.66661 18.405 0.037
2973.79011 18.373 0.029
2976.80254 18.397 0.034
2978.71019 18.323 0.035
2980.72261 18.350 0.030
2982.71533 18.370 0.034
2984.76246 18.315 0.032
2986.84513 18.283 0.037
2988.81550 18.311 0.030
2989.77081 18.280 0.027
2991.66595 18.209 0.027
2993.68638 18.207 0.031
2995.75421 18.213 0.027
2997.73190 18.185 0.029
3001.79094 18.223 0.028
3003.76159 18.176 0.028
3005.72343 18.112 0.027
3007.64485 18.103 0.024
3009.64270 18.108 0.026
3011.74228 18.051 0.033
3017.74779 18.069 0.025
3019.67582 18.068 0.026
3021.79439 18.008 0.023
3023.65617 17.993 0.020
3025.62407 17.996 0.022
3027.67345 17.956 0.021
3029.65848 17.951 0.022
3031.72840 17.904 0.023
3033.79204 17.891 0.018
3035.79887 17.887 0.020
3038.77649 17.841 0.023
3041.61700 17.816 0.029
3043.65104 17.784 0.027
3045.71396 17.760 0.024
3047.66771 17.752 0.023
3048.59649 17.713 0.016
3050.61600 17.680 0.017
3052.61720 17.645 0.019
3054.61742 17.653 0.020
3056.60987 17.646 0.018
3058.60386 17.622 0.019
3060.65346 17.602 0.018
3068.53938 17.520 0.022
3070.60029 17.481 0.024
3073.63148 17.427 0.021
3076.54509 17.379 0.023
3078.64050 17.334 0.015
3082.61831 17.282 0.013
3085.51940 17.238 0.016
3087.65759 17.186 0.017
3090.62374 17.146 0.015
3096.53962 17.099 0.016
3099.60940 17.051 0.017
3102.58801 17.029 0.015
3104.57473 16.993 0.013
3110.55650 16.931 0.014
3113.53441 16.891 0.014
3128.50692 16.671 0.011
3140.51391 16.603 0.010
3216.87814 16.839 0.014
3248.86326 17.340 0.017
3257.89160 17.508 0.015
3264.81294 17.660 0.016
3270.87973 17.716 0.018
3274.76538 17.753 0.025
3277.88741 17.842 0.021
3287.76907 17.968 0.021
3295.72749 18.045 0.018
3301.78100 18.134 0.036
3304.84134 18.163 0.029
3307.71488 18.221 0.042
3309.74710 18.209 0.026
3311.74507 18.273 0.028
3320.78803 18.240 0.025
3323.73416 18.256 0.028
3327.76000 18.278 0.028
3330.71865 18.176 0.034
3334.81758 18.129 0.032
3338.86601 18.211 0.035
3339.76535 18.136 0.027
3354.78126 18.043 0.026
3358.82996 17.993 0.022
3365.76005 17.988 0.024
3372.77645 17.940 0.023
3378.68907 17.852 0.022
3391.75682 17.689 0.021
3395.71941 17.756 0.027
3399.72563 17.622 0.021
3403.71297 17.664 0.020
3406.68250 17.633 0.016
3410.63545 17.656 0.016
3415.63265 17.628 0.016
3420.62241 17.629 0.022
3427.59637 17.544 0.019
3433.61897 17.462 0.018
3438.54817 17.403 0.015
3446.50533 17.250 0.016
3461.52273 16.946 0.013
3473.48206 16.727 0.012
3575.94071 16.493 0.010
3592.93256 16.653 0.009
3619.83448 16.924 0.011
3629.90796 17.042 0.014
3633.87299 17.088 0.013
3639.78547 17.160 0.012
3644.82209 17.207 0.012
3651.76525 17.270 0.013
3654.81277 17.309 0.014
3658.77679 17.343 0.016
3661.84749 17.408 0.018
3668.82022 17.458 0.016
3672.80849 17.501 0.016
3676.76528 17.504 0.016
3684.82727 17.575 0.016
3687.80168 17.587 0.016
3690.72154 17.605 0.019
3693.75556 17.642 0.019
3695.78832 17.658 0.016
3698.77007 17.658 0.021
3700.79865 17.704 0.017
3703.72953 17.703 0.016
3705.79670 17.698 0.016
3708.78463 17.665 0.020
3712.74225 17.659 0.016
3714.81248 17.656 0.016
3717.67492 17.666 0.018
3719.84744 17.634 0.020
3721.80841 17.655 0.017
3726.70425 17.638 0.022
3730.73649 17.613 0.016
3732.72858 17.617 0.015
3734.85942 17.607 0.017
3737.76036 17.580 0.014
3739.83034 17.559 0.016
3741.84328 17.528 0.020
3743.74041 17.511 0.016
3746.78292 17.532 0.021
3748.73612 17.532 0.019
3749.74170 17.521 0.021
3751.75306 17.519 0.018
3753.70456 17.486 0.015
3755.70556 17.489 0.016
3757.69542 17.489 0.016
3759.76021 17.470 0.014
3762.78172 17.463 0.017
3765.76881 17.451 0.013
3770.64132 17.396 0.012
3773.70740 17.447 0.017
3776.67772 17.403 0.017
3779.63230 17.363 0.022
3782.74590 17.372 0.016
3787.60911 17.374 0.015
3792.55983 17.339 0.016
3800.54182 17.311 0.015
3809.54906 17.223 0.017
3823.50916 17.027 0.012
3946.93135 16.276 0.009
3964.88773 16.420 0.008
3969.91854 16.502 0.009
3981.88634 16.676 0.010
3989.91496 16.792 0.013
3998.87866 16.914 0.010
3999.84114 16.932 0.010
4001.89016 16.982 0.010
4004.85413 17.016 0.010
4005.86808 17.022 0.010
4008.73435 17.037 0.010
4011.90124 17.128 0.016
4018.86402 17.184 0.012
4024.73147 17.267 0.012
4026.80453 17.291 0.011
4029.75376 17.321 0.014
4032.76906 17.431 0.018
4038.73513 17.427 0.015
4041.69639 17.534 0.016
4043.70124 17.473 0.017
4046.79297 17.515 0.020
4049.66390 17.547 0.016
4052.72531 17.574 0.016
4056.77013 17.594 0.016
4058.80246 17.628 0.015
4063.70106 17.644 0.015
4066.75837 17.687 0.017
4068.66326 17.664 0.016
4070.68835 17.645 0.018
4074.75598 17.681 0.024
4077.80450 17.663 0.019
4079.84939 17.719 0.020
4083.69496 17.722 0.024
4085.76069 17.704 0.021
4093.74522 17.660 0.016
4102.85775 17.698 0.020
4105.81779 17.578 0.018
4109.78766 17.652 0.016
4113.74349 17.619 0.014
4120.77372 17.597 0.016
4122.73018 17.601 0.016
4125.78445 17.587 0.018
4132.67221 17.432 0.019
4142.72319 17.400 0.023
4156.55829 17.326 0.016
4168.51294 17.274 0.016
4197.49220 16.809 0.014
4341.92462 16.300 0.010
4347.87554 16.331 0.010
4353.80951 16.365 0.009
4358.90781 16.401 0.010
4364.87223 16.445 0.010
4367.89668 16.474 0.010
4371.76197 16.497 0.010
4377.81834 16.558 0.010
4380.83327 16.607 0.010
4386.80899 16.676 0.012
4390.77090 16.732 0.011
4394.72705 16.793 0.011
4399.74500 16.851 0.016
4412.72350 17.032 0.013
4418.81690 17.084 0.013
4421.86271 17.130 0.017
4426.76061 17.171 0.019
4430.68799 17.201 0.019
4432.74718 17.217 0.014
4436.78711 17.247 0.017
4439.85219 17.293 0.021
4443.74022 17.295 0.018
4449.70309 17.302 0.014
4451.71284 17.361 0.017
4455.71192 17.310 0.017
4457.74238 17.346 0.018
4460.81402 17.388 0.022
4463.73231 17.368 0.015
4466.72131 17.388 0.015
4470.66877 17.371 0.016
4473.71150 17.407 0.017
4477.76998 17.404 0.019
4482.77380 17.420 0.022
4486.75162 17.340 0.019
4491.72515 17.365 0.022
4494.67051 17.364 0.020
4498.70324 17.350 0.016
4501.70049 17.329 0.017
4506.63461 17.309 0.017
4508.65764 17.304 0.016
4510.72722 17.297 0.016
4517.66144 17.231 0.018
4521.64198 17.216 0.016
4524.60471 17.191 0.015
4530.63068 17.099 0.015
4532.65643 17.072 0.015
4536.62867 17.014 0.013
4539.51064 16.944 0.013
4541.61978 16.922 0.015
4545.54988 16.805 0.012
4556.58589 16.549 0.011
4561.57696 16.422 0.010
4568.53157 16.299 0.009
4588.48257 16.015 0.008
4607.47184 15.817 0.009
4683.92716 15.549 0.007
4697.88388 15.713 0.008
4708.86144 15.835 0.007
4720.79997 16.001 0.007
4724.85322 16.064 0.008
4728.84718 16.120 0.009
4733.85063 16.189 0.008
4748.80945 16.396 0.008
4749.69009 16.416 0.010
4750.79529 16.424 0.010
4752.88956 16.479 0.011
4757.78005 16.525 0.010
4760.78187 16.562 0.009
4763.84069 16.620 0.011
4769.71047 16.700 0.013
4772.72956 16.716 0.010
4775.75985 16.771 0.011
4777.68282 16.795 0.012
4777.77383 16.778 0.010
4778.67692 16.796 0.012
4779.67786 16.798 0.010
4780.69003 16.799 0.012
4780.85359 16.835 0.011
4781.65357 16.840 0.012
4781.80313 16.812 0.012
4782.64840 16.823 0.012
4783.67611 16.859 0.011
4784.72445 16.876 0.015
4788.82093 16.936 0.011
4791.83131 16.963 0.011
4792.69199 16.984 0.013
4794.80296 17.002 0.012
4796.68187 17.009 0.012
4797.82229 17.025 0.013
4800.79887 17.080 0.012
4803.64471 17.079 0.016
4805.74293 17.100 0.012
4806.65677 17.127 0.014
4806.79260 17.097 0.013
4807.78936 17.120 0.012
4808.68333 17.123 0.014
4809.72812 17.120 0.013
4812.76361 17.122 0.019
4814.76400 17.136 0.016
4816.76081 17.160 0.015
4818.78837 17.188 0.015
4820.76576 17.183 0.013
4823.79211 17.211 0.013
4824.66154 17.231 0.013
4825.66594 17.208 0.013
4826.70903 17.200 0.015
4833.71933 17.212 0.011
4834.64295 17.210 0.016
4834.85793 17.239 0.016
4835.70558 17.224 0.014
4837.71036 17.219 0.016
4837.75393 17.185 0.016
4838.64603 17.201 0.014
4838.81206 17.174 0.013
4839.65223 17.211 0.015
4839.80415 17.194 0.013
4840.63337 17.180 0.017
4840.82224 17.201 0.016
4841.77426 17.202 0.015
4842.63120 17.168 0.015
4843.76983 17.188 0.018
4846.73840 17.150 0.014
4848.74608 17.171 0.014
4853.76818 17.179 0.015
4855.78361 17.176 0.016
4857.76182 17.137 0.015
4859.75152 17.138 0.015
4865.73799 17.142 0.015
4868.73104 17.119 0.014
4871.65422 17.092 0.016
4874.59453 17.090 0.013
4876.56455 17.069 0.012
4878.67101 17.047 0.012
4879.64390 17.062 0.011
4885.57518 17.020 0.011
4888.65852 16.989 0.013
4890.52810 16.997 0.012
4890.61193 16.963 0.011
4891.54573 17.009 0.013
4891.63450 16.996 0.012
4892.53379 16.978 0.013
4899.53139 16.960 0.014
4900.68930 16.975 0.016
4901.52369 16.954 0.016
4901.66451 16.945 0.016
4902.56668 16.926 0.016
4902.65362 16.912 0.015
4903.51864 16.941 0.016
4904.53588 16.901 0.016
4905.53744 16.926 0.012
4908.61254 16.897 0.012
4917.55764 16.810 0.010
4921.57939 16.773 0.010
4927.57291 16.694 0.012
4931.58022 16.665 0.012
4935.54695 16.622 0.010
4939.55392 16.584 0.010
4943.55112 16.625 0.013
4944.47840 16.579 0.010
4945.47447 16.585 0.011
4946.47263 16.567 0.012
4947.47014 16.566 0.013
4948.46662 16.570 0.012
4948.53431 16.546 0.010
4953.52682 16.515 0.010
