2167.84574 14.746 0.006
2173.85310 14.720 0.006
2190.79086 14.699 0.006
2192.82504 14.694 0.006
2214.79237 14.770 0.006
2224.74915 14.817 0.006
2226.85328 14.832 0.006
2229.66520 14.842 0.006
2232.82377 14.854 0.006
2234.81821 14.860 0.006
2239.60316 14.904 0.006
2241.66469 14.909 0.006
2243.72326 14.920 0.006
2248.80370 14.954 0.006
2250.84955 14.965 0.006
2252.65492 14.976 0.006
2254.64582 14.994 0.006
2257.64974 15.020 0.006
2261.76977 15.048 0.006
2266.64738 15.088 0.006
2270.64348 15.120 0.006
2271.79429 15.123 0.006
2273.74415 15.149 0.006
2275.83120 15.170 0.006
2277.65284 15.189 0.006
2279.82518 15.202 0.006
2281.81203 15.229 0.006
2283.84625 15.249 0.006
2288.75237 15.297 0.006
2290.79075 15.321 0.006
2292.76729 15.342 0.006
2296.75272 15.376 0.006
2298.77215 15.392 0.006
2300.72515 15.425 0.006
2302.70297 15.437 0.006
2327.56249 15.677 0.007
2333.57172 15.713 0.007
2339.54816 15.752 0.007
2357.51941 15.862 0.008
2395.52044 15.896 0.008
2526.91254 15.093 0.006
2542.89090 14.987 0.006
2552.84252 14.938 0.006
2556.83406 14.917 0.006
2559.88462 14.905 0.006
2564.85053 14.864 0.006
2578.77372 14.765 0.006
2583.82819 14.728 0.006
2589.86137 14.702 0.006
2596.74472 14.670 0.006
2605.74771 14.659 0.006
2609.74396 14.663 0.006
2610.63255 14.651 0.006
2610.73803 14.654 0.006
2610.84445 14.653 0.006
2611.64466 14.658 0.006
2613.62585 14.660 0.006
2613.70368 14.662 0.006
2614.67385 14.658 0.006
2614.75720 14.665 0.006
2614.84881 14.662 0.006
2615.65789 14.655 0.006
2615.78000 14.664 0.006
2615.83773 14.660 0.006
2617.64659 14.668 0.006
2617.74099 14.662 0.006
2617.84945 14.668 0.006
2618.66304 14.659 0.006
2618.75661 14.659 0.006
2619.61985 14.663 0.006
2619.72661 14.660 0.006
2619.85098 14.659 0.006
2620.64977 14.660 0.006
2620.73495 14.666 0.006
2620.85168 14.663 0.006
2621.68384 14.687 0.006
2621.75947 14.669 0.006
2621.85267 14.666 0.006
2622.64975 14.678 0.006
2622.73115 14.678 0.006
2622.85203 14.674 0.006
2623.64846 14.672 0.006
2623.73653 14.673 0.006
2623.84787 14.675 0.006
2624.67905 14.676 0.006
2624.75013 14.673 0.006
2624.84494 14.671 0.006
2625.66405 14.679 0.006
2625.71593 14.670 0.006
2626.63287 14.674 0.006
2627.68857 14.672 0.006
2627.74066 14.678 0.006
2627.81453 14.671 0.006
2628.65740 14.670 0.006
2628.73450 14.674 0.006
2628.80160 14.667 0.006
2629.65317 14.681 0.006
2629.71160 14.677 0.006
2629.76148 14.675 0.006
2629.84126 14.674 0.006
2630.64100 14.680 0.006
2630.72053 14.680 0.006
2631.65248 14.683 0.006
2631.73528 14.701 0.006
2631.84459 14.705 0.006
2632.60844 14.685 0.006
2632.73521 14.686 0.006
2632.81577 14.683 0.006
2634.60724 14.693 0.006
2634.69729 14.687 0.006
2634.83106 14.695 0.006
2635.65747 14.695 0.006
2635.68541 14.697 0.006
2635.73477 14.692 0.006
2635.83774 14.702 0.006
2636.68532 14.702 0.006
2636.76570 14.690 0.006
2636.84540 14.703 0.006
2637.64737 14.703 0.006
2637.72598 14.705 0.006
2637.82907 14.706 0.006
2638.62863 14.707 0.006
2638.65648 14.713 0.006
2638.72956 14.696 0.006
2638.82904 14.701 0.006
2639.60172 14.701 0.006
2639.65661 14.710 0.006
2639.68205 14.715 0.006
2639.83809 14.703 0.006
2640.61066 14.723 0.006
2640.75266 14.710 0.006
2641.61078 14.721 0.006
2641.74718 14.716 0.006
2641.85800 14.719 0.006
2642.60891 14.729 0.006
2642.71070 14.720 0.006
2643.61583 14.720 0.006
2643.75945 14.725 0.006
2644.59846 14.737 0.006
2644.70897 14.729 0.006
2645.61325 14.729 0.014
2645.72061 14.732 0.006
2645.74959 14.735 0.006
2645.85598 14.739 0.006
2646.61837 14.730 0.006
2646.74334 14.736 0.006
2647.61833 14.736 0.006
2647.72815 14.735 0.006
2649.61551 14.748 0.006
2649.70794 14.729 0.006
2650.63569 14.756 0.006
2650.69719 14.748 0.006
2650.80702 14.753 0.006
2651.63170 14.754 0.006
2651.72748 14.761 0.006
2652.59714 14.767 0.006
2652.67609 14.767 0.006
2652.74121 14.767 0.006
2652.77365 14.767 0.006
2653.60489 14.768 0.006
2653.78178 14.761 0.006
2654.62362 14.767 0.006
2654.67605 14.773 0.006
2654.70065 14.767 0.006
2654.84126 14.769 0.006
2655.60925 14.774 0.006
2655.81278 14.778 0.006
2656.62072 14.772 0.006
2656.64960 14.781 0.006
2656.76970 14.791 0.006
2656.86699 14.795 0.006
2657.62310 14.777 0.006
2657.86347 14.785 0.006
2658.58464 14.795 0.006
2658.61199 14.800 0.006
2658.68416 14.789 0.006
2658.76520 14.795 0.006
2659.64265 14.790 0.006
2659.77783 14.805 0.006
2660.59735 14.805 0.006
2660.62945 14.799 0.006
2660.74688 14.801 0.006
2661.60242 14.799 0.006
2661.65621 14.813 0.006
2661.85537 14.811 0.006
2662.61226 14.812 0.006
2662.64112 14.802 0.006
2662.77674 14.814 0.006
2663.65571 14.812 0.006
2664.61984 14.819 0.006
2664.70343 14.820 0.006
2665.68631 14.824 0.006
2665.82329 14.827 0.006
2666.64553 14.828 0.006
2666.68327 14.829 0.006
2666.76334 14.831 0.006
2667.68051 14.840 0.006
2667.84120 14.847 0.006
2668.66680 14.833 0.006
2668.75486 14.838 0.006
2670.63291 14.845 0.006
2671.69045 14.849 0.006
2672.66757 14.873 0.006
2672.74220 14.865 0.006
2674.64057 14.873 0.006
2674.67248 14.860 0.006
2674.79456 14.868 0.006
2675.65119 14.872 0.006
2675.75802 14.869 0.006
2676.62716 14.885 0.006
2676.65728 14.876 0.006
2676.73803 14.878 0.006
2677.65794 14.893 0.006
2677.71667 14.876 0.006
2678.63103 14.884 0.006
2678.71484 14.883 0.006
2678.76271 14.899 0.006
2679.65151 14.888 0.006
2679.78743 14.914 0.006
2680.62551 14.902 0.006
2680.77345 14.895 0.006
2681.61176 14.901 0.006
2681.72328 14.908 0.006
2682.58918 14.918 0.006
2683.62429 14.915 0.006
2687.54937 14.938 0.006
2696.54251 14.986 0.006
2701.52466 15.010 0.006
2707.52211 15.028 0.006
2714.52102 15.071 0.006
2840.91018 15.803 0.007
2867.92234 15.585 0.007
2888.92133 15.418 0.007
2894.85165 15.372 0.006
2899.85322 15.338 0.006
2905.84221 15.311 0.006
2908.90525 15.287 0.006
2911.80152 15.278 0.006
2916.85176 15.259 0.006
2922.83557 15.233 0.006
2926.77463 15.234 0.006
2930.83672 15.226 0.006
2934.73852 15.217 0.006
2940.71861 15.223 0.006
2942.84006 15.225 0.006
2947.73256 15.229 0.006
2949.82274 15.220 0.006
2953.68946 15.228 0.006
2956.71527 15.236 0.006
2958.74155 15.229 0.006
2962.75343 15.235 0.006
2965.77282 15.223 0.006
2968.71638 15.215 0.006
2973.85644 15.182 0.006
2975.84561 15.160 0.006
2976.84087 15.155 0.006
2978.86049 15.150 0.006
2982.69256 15.120 0.006
2984.74014 15.114 0.006
2986.82271 15.092 0.006
2988.79315 15.080 0.006
2989.81048 15.083 0.006
2991.64362 15.073 0.006
2993.63105 15.048 0.006
2995.73185 15.046 0.006
2997.70963 15.032 0.006
2999.73225 15.034 0.006
3001.76851 15.026 0.006
3003.73915 15.013 0.006
3005.64443 15.014 0.006
3007.67749 15.005 0.006
3009.74381 14.983 0.006
3011.71950 14.982 0.006
3013.72395 14.969 0.006
3017.72544 14.941 0.006
3019.65340 14.940 0.006
3021.77219 14.928 0.006
3023.63397 14.919 0.006
3024.83507 14.911 0.006
3026.83178 14.900 0.006
3029.63611 14.901 0.006
3031.70609 14.881 0.006
3033.76960 14.877 0.006
3035.77665 14.883 0.006
3038.75414 14.869 0.006
3042.66870 14.861 0.006
3044.60264 14.865 0.006
3045.69160 14.849 0.006
3047.64530 14.839 0.006
3049.65103 14.849 0.006
3051.61921 14.829 0.006
3055.61273 14.828 0.006
3057.63816 14.824 0.006
3059.58205 14.828 0.006
3061.57507 14.820 0.006
3068.51642 14.815 0.006
3070.58507 14.818 0.006
3073.58586 14.826 0.006
3075.68581 14.829 0.006
3078.61780 14.829 0.006
3082.59532 14.846 0.006
3084.67238 14.850 0.006
3087.63508 14.866 0.006
3090.59846 14.876 0.006
3096.51619 14.913 0.006
3099.58649 14.930 0.006
3102.56524 14.938 0.006
3105.59803 14.962 0.006
3108.57595 14.976 0.006
3112.55325 15.003 0.006
3116.53462 15.041 0.006
3127.50202 15.116 0.006
3140.49129 15.226 0.006
3223.89087 15.943 0.008
3241.87707 16.031 0.007
3248.84050 16.067 0.008
3257.86832 16.085 0.007
3263.91431 16.085 0.008
3270.85731 16.069 0.007
3277.84134 16.057 0.007
3281.88508 16.040 0.007
3287.74615 16.029 0.006
3295.69838 16.009 0.006
3301.75888 15.983 0.007
3304.81916 15.960 0.007
3307.68964 15.947 0.008
3309.72502 15.935 0.007
3311.72289 15.941 0.007
3320.76566 15.878 0.006
3323.70049 15.873 0.006
3327.73724 15.863 0.006
3330.69610 15.851 0.007
3334.79528 15.857 0.007
3338.84177 15.852 0.007
3340.85688 15.851 0.007
3350.67532 15.876 0.006
3354.72295 15.883 0.007
3358.80332 15.892 0.006
3361.83549 15.916 0.007
3365.73788 15.926 0.007
3372.75422 15.950 0.006
3378.66691 15.956 0.007
3391.73465 15.936 0.007
3394.74618 15.936 0.007
3396.62618 15.918 0.007
3399.70344 15.902 0.007
3403.69073 15.870 0.007
3408.60013 15.836 0.006
3417.57276 15.775 0.007
3425.58101 15.695 0.007
3431.56321 15.641 0.006
3445.54986 15.542 0.006
3460.49818 15.505 0.006
3477.49288 15.479 0.006
3583.93502 16.092 0.008
3593.93327 16.231 0.008
3601.87021 16.350 0.008
3618.90424 16.521 0.008
3629.88551 16.630 0.008
3634.85205 16.673 0.008
3639.84540 16.703 0.008
3644.80017 16.727 0.008
3650.88901 16.726 0.008
3654.79060 16.791 0.008
3657.87049 16.775 0.008
3660.80493 16.814 0.011
3664.84004 16.858 0.008
3668.79795 16.823 0.009
3672.78617 16.855 0.009
3675.86583 16.865 0.008
3684.77397 16.829 0.008
3687.77961 16.808 0.008
3690.69948 16.781 0.009
3693.73343 16.808 0.008
3695.75496 16.745 0.008
3698.74775 16.739 0.009
3700.77654 16.729 0.008
3702.86420 16.754 0.009
3705.77098 16.715 0.008
3708.72957 16.665 0.009
3712.71641 16.650 0.008
3714.72680 16.635 0.008
3717.64285 16.623 0.008
3719.82007 16.613 0.009
3725.81394 16.589 0.008
3727.78641 16.587 0.008
3730.68175 16.553 0.008
3732.70650 16.534 0.008
3734.80454 16.551 0.008
3736.82082 16.539 0.008
3737.70918 16.532 0.008
3739.80828 16.524 0.008
3742.69418 16.496 0.008
3745.76986 16.502 0.008
3747.77254 16.492 0.009
3749.66424 16.500 0.009
3750.74920 16.496 0.008
3752.75991 16.496 0.008
3754.77766 16.477 0.008
3756.60118 16.479 0.008
3758.77406 16.467 0.009
3761.78647 16.484 0.008
3764.74093 16.484 0.008
3767.60073 16.473 0.008
3770.61844 16.464 0.008
3773.62129 16.402 0.008
3776.62071 16.446 0.008
3779.61027 16.451 0.008
3782.66098 16.466 0.008
3787.58599 16.445 0.008
3792.53776 16.438 0.008
3800.51518 16.428 0.008
3809.52701 16.434 0.009
3822.51281 16.383 0.008
3934.93127 15.645 0.006
3935.92565 15.653 0.006
3936.93045 15.661 0.006
3937.93196 15.659 0.006
3944.92896 15.684 0.006
3945.94201 15.693 0.006
3946.90928 15.694 0.007
3950.93384 15.709 0.006
3959.90160 15.768 0.007
3960.90392 15.778 0.006
3961.91566 15.771 0.007
3963.93785 15.808 0.008
3964.86596 15.780 0.006
3964.90226 15.791 0.006
3965.89471 15.811 0.006
3967.90772 15.806 0.006
3968.89813 15.824 0.007
3969.83274 15.828 0.007
3969.89007 15.826 0.006
3970.85716 15.824 0.006
3975.84244 15.859 0.007
3979.91885 15.900 0.007
3980.91352 15.895 0.006
3981.86482 15.918 0.007
3982.80795 15.900 0.007
3983.91517 15.938 0.006
3986.84673 15.939 0.007
3987.80478 15.960 0.007
3988.86234 15.937 0.007
3989.89186 15.962 0.007
3999.80001 16.057 0.007
4001.86850 16.076 0.007
4005.84614 16.115 0.007
4007.85035 16.108 0.007
4011.85061 16.146 0.007
4011.88644 16.139 0.007
4018.84215 16.216 0.007
4023.87428 16.291 0.008
4026.78279 16.300 0.007
4029.72403 16.318 0.008
4031.80436 16.356 0.007
4038.71342 16.449 0.008
4041.67461 16.492 0.008
4043.67892 16.499 0.008
4046.77108 16.547 0.008
4048.86059 16.553 0.008
4052.70353 16.640 0.008
4056.74751 16.648 0.008
4058.78063 16.716 0.008
4063.67937 16.771 0.008
4066.73666 16.810 0.008
4068.82417 16.823 0.008
4070.66655 16.870 0.009
4073.82602 16.886 0.009
4076.79412 16.871 0.011
4078.85801 16.892 0.013
4079.75648 16.911 0.009
4083.67324 16.999 0.012
4085.73875 17.017 0.009
4092.85720 17.026 0.011
4102.83376 17.089 0.012
4105.69268 17.130 0.011
4109.76585 17.129 0.009
4113.72158 17.148 0.009
4120.75195 17.150 0.011
4122.70841 17.157 0.009
4125.75964 17.156 0.012
4131.61298 17.175 0.009
4142.64965 17.094 0.013
4156.53631 17.022 0.011
4166.57758 16.937 0.012
4196.52708 16.622 0.011
4341.90293 16.112 0.008
4347.85284 16.148 0.008
4357.91067 16.162 0.008
4362.81273 16.184 0.008
4365.83139 16.202 0.009
4369.81303 16.242 0.008
4371.85933 16.253 0.008
4377.79513 16.283 0.008
4380.81165 16.302 0.008
4386.78729 16.349 0.008
4390.74922 16.379 0.008
4393.86331 16.386 0.008
4398.87461 16.423 0.008
4404.72143 16.475 0.009
4412.86203 16.507 0.011
4418.79420 16.574 0.008
4422.86029 16.596 0.009
4426.73859 16.632 0.011
4429.84458 16.645 0.012
4432.72543 16.662 0.008
4436.76481 16.701 0.009
4439.83038 16.725 0.011
4443.69661 16.750 0.011
4449.68137 16.826 0.009
4451.69091 16.812 0.011
4454.70742 16.875 0.009
4455.68969 16.883 0.012
4458.74814 16.909 0.011
4461.66498 16.963 0.011
4465.74814 16.989 0.009
4468.71669 17.029 0.009
4473.68952 17.066 0.011
4477.74767 17.117 0.012
4481.68528 17.171 0.011
4485.73334 17.175 0.013
4489.71681 17.171 0.016
4493.70662 17.226 0.014
4498.68295 17.270 0.013
4501.68031 17.289 0.013
4506.61426 17.355 0.014
4508.63146 17.332 0.013
4510.70487 17.332 0.013
4521.61499 17.353 0.015
4523.63079 17.449 0.015
4525.55022 17.379 0.013
4531.57225 17.439 0.014
4533.57462 17.461 0.015
4537.62465 17.461 0.015
4539.54364 17.495 0.017
4541.59590 17.378 0.016
4545.51630 17.487 0.016
4549.59984 17.494 0.018
4560.54249 17.456 0.016
4567.58810 17.476 0.016
4571.53298 17.518 0.017
4610.48154 17.252 0.016
4683.90539 17.499 0.014
4694.92383 17.363 0.019
4697.86208 17.374 0.019
4707.91279 17.416 0.014
4720.77805 17.293 0.014
4724.83131 17.316 0.014
4728.81879 17.284 0.013
4733.82851 17.253 0.012
4743.89722 17.247 0.016
4748.83449 17.265 0.011
4752.86754 17.214 0.014
4756.87685 17.231 0.013
4760.75994 17.255 0.012
4763.81873 17.223 0.014
4768.86141 17.242 0.013
4772.70774 17.249 0.013
4775.73706 17.228 0.013
4777.75183 17.239 0.013
4781.74834 17.242 0.013
4784.70193 17.169 0.017
4788.79890 17.295 0.012
4791.80935 17.310 0.012
4794.78086 17.331 0.013
4797.80010 17.288 0.013
4800.77695 17.334 0.012
4802.84393 17.349 0.014
4805.67039 17.362 0.013
4806.85727 17.325 0.015
4807.72448 17.358 0.013
4809.70506 17.393 0.014
4811.70141 17.398 0.018
4813.72317 17.391 0.016
4814.74199 17.406 0.015
4816.73891 17.402 0.015
4818.73804 17.465 0.013
4820.65744 17.492 0.013
4820.79768 17.443 0.013
4822.69398 17.488 0.014
4824.68281 17.498 0.013
4826.68721 17.528 0.014
4833.68515 17.584 0.014
4835.73754 17.571 0.015
4838.74215 17.639 0.015
4840.72643 17.651 0.017
4842.71041 17.729 0.016
4844.70962 17.705 0.017
4847.77659 17.743 0.017
4850.76969 17.737 0.017
4853.74617 17.794 0.017
4855.76162 17.691 0.019
4857.73976 17.814 0.019
4863.70104 17.828 0.023
4865.60128 17.892 0.018
4868.70484 17.911 0.018
4869.65013 17.917 0.021
4872.67935 17.813 0.026
4874.57252 17.939 0.019
4876.59616 18.015 0.018
4878.62105 18.007 0.017
4882.69414 18.013 0.021
4885.55233 18.055 0.022
4888.61955 18.152 0.018
4900.62336 18.222 0.031
4905.58852 17.930 0.029
4908.54712 18.285 0.026
4916.56348 18.396 0.031
4920.59381 18.451 0.028
4926.54993 18.212 0.032
4930.54652 18.375 0.038
4934.54336 18.400 0.036
4937.53508 18.554 0.031
4940.55108 18.589 0.031
4946.54468 18.577 0.035
4951.52447 18.393 0.039
