 455.69064 15.142 0.006
 455.71827 15.147 0.006
 455.76282 15.140 0.006
 456.58593 15.130 0.006
 456.62317 15.129 0.006
 456.70639 15.132 0.006
 456.75385 15.128 0.006
 456.80529 15.129 0.006
 457.55362 15.121 0.006
 457.59755 15.117 0.006
 457.65622 15.123 0.006
 457.71477 15.113 0.006
 457.77345 15.123 0.006
 458.62995 15.116 0.006
 458.68866 15.108 0.006
 458.75786 15.102 0.006
 459.54720 15.106 0.006
 459.59342 15.106 0.006
 459.65196 15.101 0.006
 459.71143 15.102 0.006
 459.75520 15.096 0.006
 459.79904 15.097 0.006
 461.55814 15.078 0.006
 461.60195 15.084 0.006
 461.66055 15.084 0.006
 461.72673 15.078 0.006
 461.78872 15.085 0.006
 462.55864 15.072 0.006
 462.61729 15.071 0.006
 462.66326 15.073 0.006
 465.66211 15.047 0.006
 465.70978 15.055 0.006
 465.79465 15.052 0.006
 466.64587 15.048 0.006
 466.71239 15.038 0.006
 466.79735 15.043 0.006
 467.64952 15.044 0.006
 467.75412 15.032 0.006
 467.82006 15.035 0.006
 468.65621 15.041 0.006
 468.72638 15.030 0.006
 468.78499 15.036 0.006
 469.65707 15.024 0.006
 469.73389 15.027 0.006
 469.79410 15.030 0.006
 470.73186 15.030 0.006
 471.64293 15.018 0.006
 471.77969 15.024 0.006
 472.61749 15.019 0.006
 472.66137 15.018 0.006
 472.70514 15.020 0.006
 472.77110 15.026 0.006
 472.84446 15.022 0.006
 473.68516 15.023 0.006
 474.69707 15.018 0.006
 474.76353 15.020 0.006
 475.53147 15.028 0.006
 475.59024 15.026 0.006
 475.65640 15.023 0.006
 475.70853 15.022 0.006
 475.75561 15.028 0.006
 476.73655 15.025 0.006
 477.52821 15.027 0.006
 477.57377 15.025 0.006
 477.72694 15.028 0.006
 477.80782 15.029 0.006
 477.85207 15.025 0.006
 478.53434 15.029 0.006
 478.75476 15.029 0.006
 478.81369 15.028 0.006
 479.53317 15.038 0.006
 479.57710 15.036 0.006
 479.76913 15.031 0.006
 479.81471 15.037 0.006
 480.56921 15.037 0.006
 480.65038 15.038 0.006
 480.74398 15.036 0.006
 480.78807 15.034 0.006
 481.55441 15.039 0.006
 481.70282 15.039 0.006
 481.74679 15.041 0.006
 481.79074 15.044 0.006
 482.70363 15.044 0.006
 482.78158 15.044 0.006
 483.56992 15.042 0.006
 483.61435 15.051 0.006
 483.65826 15.047 0.006
 483.70224 15.041 0.006
 483.74613 15.049 0.006
 483.79005 15.046 0.006
 484.56859 15.052 0.006
 484.67727 15.049 0.006
 484.72165 15.047 0.006
 484.76567 15.048 0.006
 485.57225 15.056 0.006
 485.71915 15.048 0.006
 485.76331 15.056 0.006
 486.56871 15.058 0.006
 486.61430 15.058 0.006
 486.71084 15.062 0.006
 486.75600 15.059 0.006
 487.59567 15.064 0.006
 487.64391 15.062 0.006
 487.69176 15.059 0.006
 487.73590 15.064 0.006
 487.78007 15.067 0.006
 488.58120 15.069 0.006
 488.62517 15.061 0.006
 488.69403 15.068 0.006
 488.73805 15.066 0.006
 488.78211 15.070 0.006
 489.55697 15.070 0.006
 489.61349 15.072 0.006
 489.64593 15.073 0.006
 489.68985 15.075 0.006
 489.73378 15.077 0.006
 489.77780 15.068 0.006
 490.55021 15.077 0.006
 490.68740 15.078 0.006
 490.73150 15.076 0.006
 490.77546 15.075 0.006
 491.57472 15.074 0.006
 491.62652 15.083 0.006
 491.67064 15.080 0.006
 491.78401 15.079 0.006
 492.55887 15.083 0.006
 492.60278 15.086 0.006
 492.63323 15.087 0.006
 492.67910 15.089 0.006
 493.56191 15.089 0.006
 493.60642 15.088 0.006
 494.55663 15.095 0.006
 494.60057 15.093 0.006
 494.64479 15.095 0.006
 494.68910 15.100 0.006
 494.73411 15.092 0.006
 495.55944 15.099 0.006
 495.63307 15.099 0.006
 495.68656 15.102 0.006
 496.55485 15.103 0.006
 496.59959 15.103 0.006
 496.64367 15.094 0.006
 496.68857 15.097 0.006
 497.58257 15.102 0.006
 498.55390 15.108 0.006
 498.59794 15.106 0.006
 498.71169 15.095 0.006
 498.75563 15.100 0.006
 499.54886 15.104 0.006
 499.59457 15.111 0.006
 499.73484 15.113 0.006
 500.57639 15.114 0.006
 500.59159 15.114 0.006
 500.63646 15.116 0.006
 500.68762 15.107 0.006
 500.73203 15.110 0.006
 501.55573 15.106 0.006
 501.67450 15.109 0.006
 507.54417 15.127 0.006
 507.58937 15.130 0.006
 507.66120 15.119 0.006
 509.54009 15.126 0.006
 509.58714 15.126 0.006
 509.63945 15.124 0.006
 510.58169 15.123 0.006
 510.62725 15.122 0.006
 510.67485 15.119 0.006
 511.66714 15.119 0.006
 512.57376 15.117 0.006
 512.62214 15.121 0.006
 512.69645 15.112 0.006
 512.74195 15.123 0.006
 513.55411 15.126 0.006
 513.59966 15.122 0.006
 513.69135 15.122 0.006
 513.73858 15.115 0.006
 514.56233 15.124 0.006
 514.63141 15.118 0.006
 514.68177 15.119 0.006
 514.72862 15.114 0.006
 515.55647 15.120 0.006
 515.60938 15.114 0.006
 515.65948 15.119 0.006
 516.56277 15.119 0.006
 516.61696 15.113 0.006
 516.66395 15.113 0.006
 516.71048 15.122 0.006
 517.56076 15.107 0.006
 517.61065 15.103 0.006
 517.66061 15.106 0.006
 517.70678 15.104 0.006
 518.59812 15.103 0.006
 518.64337 15.103 0.006
 518.69245 15.104 0.006
 519.55876 15.105 0.006
 519.60538 15.104 0.006
 519.67293 15.100 0.006
 520.69955 15.101 0.006
 521.55504 15.101 0.006
 521.60015 15.100 0.006
 521.66295 15.093 0.006
 523.56410 15.089 0.006
 523.61540 15.094 0.006
 523.66626 15.102 0.006
 524.55636 15.107 0.006
 524.60647 15.103 0.006
 526.54371 15.090 0.006
 526.64571 15.096 0.006
 527.66889 15.089 0.006
 530.55902 15.093 0.006
 531.55641 15.095 0.006
 532.54589 15.096 0.006
 533.56315 15.096 0.006
 534.55231 15.097 0.006
 534.59650 15.100 0.006
 534.64825 15.090 0.006
 535.59723 15.091 0.006
 535.67096 15.088 0.006
 536.51604 15.095 0.006
 536.56127 15.092 0.006
 536.61176 15.092 0.006
 537.51067 15.093 0.006
 537.61088 15.089 0.006
 537.65770 15.093 0.006
 538.49868 15.087 0.006
 538.55040 15.087 0.006
 539.50728 15.085 0.006
 539.61842 15.090 0.006
 539.66250 15.086 0.006
 540.53750 15.095 0.006
 540.66855 15.090 0.006
 541.51764 15.097 0.006
 541.57471 15.091 0.006
 542.49741 15.091 0.006
 542.50672 15.094 0.006
 542.55866 15.093 0.006
 542.60613 15.083 0.006
 542.65027 15.097 0.006
 543.54498 15.100 0.006
 543.58907 15.095 0.006
 543.62612 15.099 0.006
 543.67015 15.092 0.006
 544.49781 15.107 0.006
 544.54206 15.101 0.006
 544.58631 15.096 0.006
 544.63154 15.094 0.006
 551.48751 15.129 0.006
 552.49582 15.131 0.006
 553.50420 15.156 0.006
 553.61498 15.158 0.006
 554.48101 15.160 0.006
 554.56645 15.172 0.006
 555.48734 15.172 0.006
 557.58788 15.183 0.007
 558.53472 15.196 0.006
 559.51850 15.210 0.006
 560.49657 15.220 0.006
 561.49660 15.213 0.006
 562.49810 15.231 0.007
 564.49930 15.239 0.006
 565.50510 15.258 0.006
 566.49909 15.264 0.006
 567.50019 15.274 0.006
 568.48540 15.273 0.006
 569.49525 15.283 0.006
 570.47485 15.301 0.007
 571.48106 15.290 0.006
 572.50957 15.307 0.006
 573.51340 15.316 0.006
 574.47183 15.315 0.006
 575.47047 15.324 0.006
 576.48552 15.350 0.006
 577.47942 15.346 0.007
 578.49243 15.365 0.006
 582.47513 15.392 0.007
 583.47790 15.400 0.006
 665.80320 16.235 0.007
 672.86324 16.257 0.009
 689.89370 16.241 0.009
 699.89708 16.177 0.009
 701.81400 16.150 0.009
 704.85649 16.118 0.009
 706.83798 16.095 0.010
 714.80535 16.042 0.009
 715.87811 16.048 0.009
 716.76994 16.054 0.007
 720.82631 15.998 0.007
 728.76518 15.972 0.007
 729.76515 15.950 0.007
 730.72075 15.942 0.009
 733.81170 15.887 0.009
 741.81497 15.886 0.007
 745.76978 15.883 0.007
 747.81824 15.868 0.007
 753.76616 15.849 0.007
 759.80664 15.830 0.007
 766.78079 15.815 0.009
 772.79988 15.761 0.007
 775.78159 15.742 0.007
 779.80027 15.699 0.007
 781.81712 15.688 0.007
 787.77669 15.639 0.006
 789.76065 15.599 0.007
 790.77119 15.585 0.006
 795.72880 15.526 0.006
 796.80065 15.509 0.007
 797.72845 15.510 0.006
 798.70044 15.490 0.006
 805.78534 15.393 0.006
 816.75636 15.228 0.006
 817.67559 15.219 0.006
 819.77530 15.187 0.006
 822.78947 15.148 0.006
 824.81876 15.128 0.006
 826.64226 15.106 0.006
 829.71288 15.072 0.006
 832.66904 15.048 0.006
 836.76787 15.021 0.006
 840.64726 14.996 0.006
 843.64777 14.986 0.006
 850.62132 14.963 0.006
 854.65206 14.950 0.006
 855.62608 14.931 0.006
 856.59234 14.936 0.006
 858.56495 14.930 0.006
 860.74542 14.937 0.006
 864.66811 14.936 0.006
 866.62705 14.931 0.006
 875.54028 14.934 0.006
 879.62678 14.949 0.006
 880.52588 14.937 0.006
 887.53916 14.934 0.006
 892.62270 14.931 0.006
 895.51359 14.975 0.006
 898.52040 14.920 0.006
 918.50748 14.957 0.006
 922.58778 14.975 0.006
 928.51370 14.983 0.006
 931.53564 14.994 0.006
 933.54544 15.007 0.006
 940.52668 15.029 0.006
 947.48509 15.058 0.006
 951.53502 15.081 0.006
1045.86706 15.832 0.007
1051.85362 15.851 0.007
1052.88884 15.860 0.007
1053.86900 15.866 0.007
1054.88473 15.878 0.007
1055.85722 15.874 0.009
1059.86996 15.863 0.009
1068.86409 15.902 0.007
1069.87476 15.917 0.007
1071.89183 15.924 0.007
1081.85225 15.918 0.007
1087.79931 15.897 0.007
1091.80176 15.888 0.007
1095.78353 15.857 0.007
1102.78423 15.869 0.006
1106.83928 15.856 0.007
1107.76705 15.837 0.007
1112.86700 15.829 0.007
1119.78457 15.796 0.007
1126.80646 15.732 0.007
1131.67406 15.693 0.007
1132.73040 15.688 0.007
1136.76366 15.653 0.006
1138.78779 15.630 0.006
1142.65485 15.603 0.006
1144.72378 15.581 0.006
1151.74963 15.534 0.006
1155.74887 15.511 0.006
1158.74644 15.519 0.006
1161.72439 15.515 0.006
1165.74510 15.510 0.006
1169.74002 15.517 0.006
1174.71381 15.484 0.006
1179.73066 15.455 0.006
1181.80268 15.448 0.006
1186.75714 15.376 0.006
1187.81839 15.366 0.006
1188.74642 15.359 0.006
1196.69713 15.262 0.006
1201.70605 15.200 0.006
1203.72419 15.175 0.006
1207.58282 15.112 0.006
1211.62055 15.061 0.006
1214.62141 15.024 0.006
1217.59627 14.982 0.006
1220.60110 14.945 0.006
1223.62734 14.922 0.006
1225.56827 14.913 0.006
1227.64883 14.896 0.006
1231.54472 14.879 0.006
1234.59293 14.865 0.006
1236.60045 14.858 0.006
1240.55091 14.834 0.006
1242.65267 14.831 0.006
1244.60204 14.825 0.006
1247.53478 14.827 0.006
1252.65068 14.835 0.006
1256.51954 14.823 0.006
1260.54209 14.805 0.006
1265.51997 14.778 0.006
1273.56588 14.719 0.006
1277.50215 14.703 0.006
1288.50041 14.651 0.006
1290.56782 14.643 0.006
1296.50518 14.633 0.006
1298.54311 14.638 0.006
1301.48477 14.642 0.006
1305.53061 14.655 0.006
1308.46013 14.668 0.006
1313.50661 14.704 0.006
1316.49849 14.722 0.006
1319.47472 14.765 0.006
1329.52958 14.896 0.006
1332.50481 14.940 0.006
1339.47310 15.046 0.006
1412.83302 16.021 0.010
1418.83021 16.052 0.009
1430.88468 16.127 0.009
1432.81853 16.149 0.009
1435.79458 16.122 0.010
1437.77848 16.114 0.009
1440.82614 16.158 0.009
1446.83818 16.151 0.011
1447.86372 16.148 0.010
1451.75883 16.148 0.009
1455.82680 16.117 0.011
1458.84979 16.152 0.010
1459.76548 16.141 0.009
1462.76973 16.123 0.010
1470.83012 16.124 0.009
1475.74273 16.089 0.009
1478.69813 16.040 0.010
1478.83298 16.046 0.009
1481.67179 16.001 0.009
1487.70117 15.961 0.007
1490.69800 15.931 0.009
1492.69109 15.917 0.009
1495.68962 15.881 0.007
1497.81578 15.867 0.009
1499.64744 15.858 0.009
1502.64264 15.819 0.009
1505.68324 15.810 0.007
1507.81672 15.793 0.007
1510.79273 15.772 0.007
1512.68943 15.751 0.007
1514.80053 15.739 0.007
1517.63601 15.724 0.007
1519.70969 15.716 0.007
1521.64543 15.698 0.007
1523.76615 15.669 0.007
1525.76053 15.657 0.006
1527.68948 15.648 0.007
1528.73581 15.646 0.006
1529.75698 15.634 0.006
1531.75005 15.608 0.007
1538.70665 15.551 0.006
1541.66272 15.513 0.006
1542.69258 15.510 0.007
1544.61859 15.486 0.006
1547.74549 15.459 0.006
1548.72311 15.449 0.006
1549.71739 15.442 0.006
1552.58211 15.403 0.006
1554.70857 15.383 0.006
1555.71535 15.373 0.006
1562.71827 15.318 0.006
1564.59686 15.306 0.006
1567.68948 15.275 0.006
1570.59483 15.252 0.006
1574.78254 15.211 0.006
1577.73424 15.187 0.006
1580.76832 15.156 0.006
1583.65363 15.122 0.006
1585.74026 15.107 0.006
1588.74795 15.068 0.006
1591.72086 15.033 0.006
1593.56693 15.017 0.006
1595.73599 14.985 0.006
1596.71591 14.966 0.006
1599.63780 14.928 0.006
1601.71387 14.898 0.006
1604.59534 14.859 0.006
1606.63030 14.834 0.006
1609.67161 14.801 0.006
1610.65671 14.793 0.006
1613.54778 14.757 0.006
1615.57972 14.727 0.006
1617.65106 14.706 0.006
1619.63472 14.689 0.006
1620.58588 14.677 0.006
1622.53607 14.664 0.006
1624.53263 14.639 0.006
1626.53345 14.631 0.006
1627.65457 14.613 0.006
1629.53356 14.610 0.006
1630.61503 14.614 0.006
1632.55152 14.604 0.006
1634.52927 14.596 0.006
1643.52127 14.613 0.006
1650.53661 14.647 0.006
1654.55859 14.652 0.006
1656.54480 14.696 0.006
1659.55225 14.688 0.006
1661.57621 14.698 0.006
1664.53790 14.714 0.006
1667.54310 14.746 0.006
1670.56484 14.772 0.006
1672.55387 14.777 0.006
1691.51494 14.947 0.006
1769.89667 15.784 0.009
1771.92347 15.817 0.009
1772.90332 15.839 0.007
1775.90442 15.890 0.007
1784.88900 15.989 0.009
1789.87770 16.037 0.007
1804.82729 16.158 0.009
1809.85167 16.160 0.009
1812.82244 16.166 0.009
1816.83374 16.158 0.007
1821.82433 16.121 0.009
1823.86646 16.148 0.009
1826.84954 16.124 0.009
1829.82324 16.108 0.009
1830.83660 16.105 0.009
1834.87553 16.098 0.009
1859.81269 15.989 0.009
1861.82987 15.955 0.009
1864.80731 15.957 0.007
1865.78748 15.945 0.007
1866.85624 15.914 0.007
1868.82691 15.924 0.007
1870.76020 15.903 0.007
1871.84415 15.900 0.007
1873.80372 15.882 0.007
2167.89381 15.866 0.007
2193.81645 16.072 0.007
2202.81579 16.124 0.009
2214.86348 16.184 0.010
2215.76899 16.166 0.009
2224.81711 16.177 0.009
2227.72793 16.180 0.009
2229.73370 16.186 0.009
2231.70196 16.176 0.009
2233.67022 16.170 0.009
2237.58963 16.167 0.011
2239.65063 16.146 0.009
2241.74231 16.139 0.009
2243.80731 16.133 0.009
2248.66639 16.114 0.007
2250.75440 16.090 0.009
2252.72763 16.081 0.007
2254.71868 16.078 0.007
2257.72272 16.057 0.007
2265.77702 16.029 0.009
2266.74805 16.023 0.007
2270.79366 16.009 0.007
2272.64320 15.999 0.007
2274.77055 15.979 0.009
2276.82849 15.965 0.007
2278.78534 15.979 0.009
2280.76808 15.967 0.007
2282.76531 15.953 0.007
2289.82775 15.919 0.007
2291.81379 15.921 0.007
2293.78268 15.918 0.009
2295.80656 15.913 0.007
2297.79262 15.906 0.007
2300.81764 15.875 0.009
2302.77888 15.881 0.009
2315.70265 15.816 0.007
2324.56429 15.687 0.007
2328.54993 15.651 0.007
2334.54312 15.601 0.007
2340.53977 15.581 0.007
2347.53707 15.520 0.007
2373.49226 15.277 0.007
2385.55539 15.169 0.006
2534.88796 16.047 0.009
2539.89513 16.083 0.009
2545.86324 16.143 0.009
2553.75513 16.220 0.010
2557.82317 16.244 0.010
2561.82122 16.281 0.010
2565.82358 16.309 0.010
2574.78580 16.351 0.010
2578.84219 16.355 0.010
2584.73799 16.385 0.011
2590.81471 16.381 0.014
2596.82113 16.391 0.011
2606.71766 16.407 0.010
2609.82623 16.387 0.011
2614.79301 16.368 0.011
2621.79703 16.337 0.010
2624.69405 16.295 0.009
2629.81236 16.269 0.010
2632.70645 16.242 0.009
2638.80015 16.179 0.010
2643.77433 16.153 0.009
2645.77028 16.145 0.009
2650.78079 16.099 0.009
2655.70618 16.061 0.009
2657.64464 16.056 0.009
2659.79844 16.027 0.010
2660.70490 16.026 0.009
2662.71468 16.000 0.009
2664.73011 15.999 0.010
2666.78396 15.975 0.007
2668.77550 15.964 0.007
2675.80256 15.904 0.007
2677.78956 15.868 0.009
2679.80820 15.863 0.009
2682.73022 15.836 0.009
2687.62960 15.807 0.009
2692.57241 15.777 0.007
2697.51878 15.712 0.007
2702.51760 15.653 0.009
2708.54636 15.544 0.007
2724.51619 15.238 0.006
2871.92310 15.124 0.006
2884.86732 15.223 0.006
2890.88933 15.282 0.007
2896.84200 15.323 0.006
2902.77665 15.375 0.006
2911.88518 15.460 0.006
2917.78872 15.510 0.006
2923.78809 15.570 0.006
2926.84399 15.591 0.007
2931.77246 15.626 0.006
2934.81289 15.641 0.007
2940.79327 15.685 0.007
2943.79746 15.694 0.007
2947.80603 15.727 0.007
2954.74324 15.764 0.007
2956.78879 15.769 0.007
2958.83338 15.789 0.009
2962.82762 15.808 0.007
2964.84605 15.827 0.007
2967.77657 15.829 0.007
2970.83056 15.858 0.007
2974.76858 15.869 0.007
2976.65806 15.868 0.007
2979.64149 15.873 0.007
2981.66283 15.872 0.010
2983.76964 15.880 0.007
2985.81736 15.885 0.007
2987.71611 15.893 0.007
2989.65877 15.887 0.007
2991.73102 15.886 0.007
2993.73876 15.876 0.007
2995.81398 15.885 0.007
2997.78287 15.881 0.007
2998.73041 15.878 0.007
3000.73292 15.883 0.007
3002.72028 15.879 0.007
3004.72374 15.880 0.007
3006.71666 15.869 0.007
3008.73111 15.873 0.007
3010.77757 15.865 0.009
3011.79389 15.863 0.009
3016.72753 15.840 0.007
3018.75793 15.828 0.007
3020.82169 15.819 0.007
3021.84662 15.816 0.007
3023.70761 15.808 0.007
3025.67925 15.790 0.006
3027.72469 15.787 0.007
3029.70955 15.760 0.006
3031.77988 15.743 0.007
3034.61124 15.729 0.006
3036.64160 15.709 0.006
3039.58352 15.694 0.007
3042.69103 15.665 0.007
3044.63047 15.658 0.007
3046.61643 15.639 0.007
3047.71878 15.626 0.007
3048.64989 15.621 0.006
3049.67343 15.607 0.006
3051.64276 15.600 0.007
3053.61798 15.569 0.006
3055.63502 15.553 0.006
3057.66015 15.532 0.006
3059.60480 15.525 0.006
3061.59709 15.513 0.006
3066.56666 15.474 0.007
3068.59449 15.447 0.006
3070.66486 15.440 0.007
3073.68314 15.391 0.006
3076.60687 15.362 0.006
3079.58591 15.322 0.006
3082.67517 15.273 0.006
3085.57569 15.237 0.006
3088.53594 15.194 0.006
3091.51829 15.165 0.006
3096.56735 15.101 0.006
3099.63501 15.069 0.006
3100.49492 15.050 0.006
3103.51656 15.005 0.006
3106.53783 14.984 0.006
3109.52343 14.916 0.006
3112.57526 14.898 0.006
3116.55695 14.851 0.006
3127.55410 14.759 0.006
3133.51457 14.739 0.006
3223.91288 14.732 0.006
3242.86376 14.861 0.006
3248.91771 14.928 0.006
3258.89848 15.027 0.006
3264.86473 15.086 0.006
3271.81252 15.163 0.006
3274.81650 15.190 0.006
3278.88949 15.219 0.006
3282.78169 15.272 0.006
3287.82063 15.324 0.006
3295.77841 15.392 0.006
3301.83194 15.467 0.006
3305.74093 15.505 0.006
3307.76581 15.522 0.007
3309.80223 15.543 0.006
3311.79584 15.549 0.006
3320.85927 15.645 0.006
3327.81171 15.701 0.006
3330.78777 15.724 0.007
3336.64017 15.766 0.009
3339.81866 15.788 0.007
3350.75618 15.824 0.006
3353.81239 15.835 0.007
3357.75304 15.822 0.007
3360.72979 15.820 0.006
3365.84920 15.812 0.007
3373.81327 15.778 0.007
3378.74006 15.753 0.006
3394.62320 15.659 0.009
3395.79596 15.636 0.007
3399.77693 15.624 0.007
3403.76402 15.594 0.006
3408.68719 15.554 0.006
3413.53345 15.505 0.006
3417.62735 15.469 0.006
3427.56333 15.386 0.006
3434.51518 15.326 0.006
3440.53930 15.272 0.006
3447.50851 15.194 0.006
3456.53407 15.126 0.006
3469.48894 14.994 0.006
3478.48143 14.841 0.006
3619.89465 15.034 0.006
3630.77603 15.172 0.006
3636.83348 15.252 0.006
3640.78340 15.294 0.006
3651.81728 15.409 0.006
3654.86348 15.442 0.006
3658.82715 15.453 0.006
3661.87290 15.482 0.006
3665.84610 15.509 0.006
3670.81571 15.552 0.006
3673.82600 15.558 0.006
3676.82616 15.565 0.006
3685.76551 15.648 0.006
3687.85223 15.668 0.006
3690.77418 15.678 0.007
3693.80984 15.690 0.006
3695.84093 15.699 0.006
3698.83056 15.715 0.007
3701.69953 15.726 0.006
3703.78331 15.707 0.006
3705.84751 15.735 0.006
3708.83524 15.742 0.007
3712.79278 15.736 0.006
3715.75846 15.741 0.006
3718.69427 15.744 0.007
3720.84406 15.762 0.007
3724.76166 15.763 0.006
3728.73970 15.762 0.006
3731.80278 15.785 0.006
3733.66553 15.795 0.006
3735.65337 15.774 0.010
3737.81189 15.797 0.006
3740.77524 15.809 0.006
3742.78580 15.816 0.009
3745.81781 15.826 0.007
3747.82054 15.802 0.009
3749.76785 15.836 0.007
3751.78169 15.829 0.007
3753.73108 15.840 0.007
3755.73117 15.857 0.007
3757.72090 15.847 0.006
3759.81120 15.859 0.007
3763.68320 15.876 0.006
3766.69980 15.876 0.007
3770.72735 15.887 0.007
3773.75860 15.907 0.007
3776.73294 15.923 0.009
3779.68371 15.911 0.007
3783.60021 15.935 0.007
3788.57439 15.903 0.010
3793.57995 15.917 0.007
3801.51572 15.882 0.007
3810.55057 15.803 0.007
3826.49142 15.636 0.006
3958.88150 15.379 0.006
3965.85132 15.447 0.006
3970.87144 15.506 0.006
3982.82223 15.685 0.006
3993.77491 15.883 0.007
4003.74235 16.044 0.007
4006.76350 16.102 0.007
4008.78441 16.120 0.007
4013.79602 16.195 0.009
4019.79718 16.275 0.007
4024.79025 16.342 0.007
4026.85923 16.363 0.009
4029.80359 16.427 0.009
4032.84018 16.454 0.010
4038.78624 16.548 0.010
4041.74613 16.583 0.010
4043.75117 16.627 0.010
4046.84430 16.641 0.011
4049.71442 16.719 0.010
4052.77577 16.760 0.010
4056.82105 16.817 0.010
4059.71581 16.848 0.011
4064.78346 16.935 0.010
4066.78343 16.913 0.016
4069.73650 16.973 0.011
4071.66445 17.011 0.012
4076.73667 17.091 0.018
4079.77815 17.054 0.014
4082.82607 17.090 0.012
4084.79132 17.064 0.014
4086.81634 17.053 0.014
4103.64098 17.091 0.012
4111.79511 17.144 0.012
4117.73573 17.138 0.014
4121.71366 17.071 0.016
4127.66433 17.098 0.011
4132.75326 17.048 0.014
4143.54049 17.051 0.014
4157.53273 16.932 0.014
4168.57350 16.905 0.012
4198.52607 16.730 0.012
4343.85899 16.160 0.010
4348.82789 16.204 0.009
4353.85926 16.231 0.009
4358.81128 16.306 0.011
4364.89765 16.392 0.011
4367.87148 16.413 0.010
4370.89316 16.458 0.010
4373.84918 16.512 0.010
4378.75260 16.575 0.015
4381.74078 16.592 0.012
4386.85866 16.715 0.012
4390.82065 16.778 0.011
4394.86724 16.843 0.011
4399.79496 16.943 0.014
4412.78237 17.140 0.015
4423.73272 17.260 0.015
4427.73480 17.394 0.016
4430.73810 17.450 0.020
4433.75565 17.468 0.018
4437.75361 17.461 0.022
4440.69785 17.479 0.019
4443.79033 17.533 0.020
4444.83318 17.520 0.025
4448.69883 17.536 0.020
4449.74629 17.527 0.018
4449.76126 17.537 0.019
4450.70919 17.498 0.022
4451.64436 17.551 0.019
4451.79687 17.579 0.022
4452.85714 17.545 0.020
4453.63323 17.563 0.020
4454.65681 17.523 0.020
4455.64357 17.546 0.019
4455.76226 17.537 0.022
4456.72431 17.577 0.020
4457.69906 17.565 0.019
4457.79348 17.533 0.025
4458.62146 17.544 0.019
4459.60572 17.540 0.020
4459.76070 17.568 0.019
4461.61908 17.574 0.018
4461.76401 17.487 0.025
4462.63643 17.548 0.022
4462.78618 17.567 0.019
4463.62998 17.518 0.016
4463.75744 17.524 0.016
4464.63233 17.534 0.018
4464.76176 17.560 0.019
4465.63922 17.568 0.016
4465.77419 17.530 0.018
4466.64882 17.541 0.019
4466.74017 17.538 0.016
4467.60771 17.528 0.023
4467.68454 17.522 0.016
4468.64028 17.533 0.016
4468.73844 17.523 0.016
4469.62461 17.491 0.018
4470.62132 17.479 0.018
4470.69399 17.498 0.018
4471.60692 17.519 0.016
4471.76879 17.491 0.020
4472.60315 17.476 0.015
4472.77579 17.511 0.016
4473.73714 17.513 0.022
4476.75810 17.482 0.016
4482.79898 17.434 0.020
4485.78930 17.419 0.020
4490.63654 17.437 0.018
4494.70260 17.386 0.019
4498.72699 17.367 0.016
4501.72433 17.314 0.018
4506.65834 17.270 0.018
4508.68520 17.323 0.018
4509.74931 17.278 0.016
4518.65903 17.192 0.020
4521.69958 17.185 0.016
4523.67859 17.155 0.016
4525.64320 17.154 0.015
4531.62691 17.113 0.014
4534.55580 17.027 0.015
4537.67158 17.001 0.014
4539.59085 16.995 0.014
4542.50823 16.922 0.015
4545.60557 16.920 0.014
4547.57363 16.858 0.014
4552.54818 16.804 0.015
4559.59102 16.761 0.012
4568.55919 16.720 0.012
4575.53613 16.643 0.012
4589.49838 16.536 0.014
4685.88894 15.412 0.006
4699.85208 15.430 0.006
4708.91143 15.465 0.006
4720.84971 15.545 0.006
4725.79023 15.579 0.007
4728.90139 15.632 0.007
4749.74722 15.854 0.009
4753.81587 15.919 0.009
4757.83015 15.978 0.007
4760.83167 16.013 0.007
4765.86501 16.080 0.009
4769.76107 16.141 0.009
4772.79316 16.181 0.009
4775.81080 16.217 0.009
4777.82430 16.254 0.009
4782.67423 16.295 0.010
4784.77425 16.301 0.009
4789.68309 16.362 0.009
4792.85959 16.390 0.011
4796.73593 16.413 0.009
4798.68324 16.429 0.010
4801.64911 16.445 0.010
4803.69470 16.448 0.010
4805.79507 16.461 0.009
4808.72958 16.466 0.010
4810.78958 16.469 0.009
4813.77041 16.470 0.011
4815.75415 16.452 0.011
4817.75166 16.453 0.009
4819.76071 16.459 0.009
4822.74053 16.453 0.009
4824.75857 16.452 0.010
4826.77144 16.427 0.009
4833.77420 16.403 0.009
4835.78475 16.411 0.009
4837.78387 16.372 0.011
4839.73520 16.390 0.010
4841.79953 16.364 0.009
4843.79933 16.345 0.010
4846.78925 16.339 0.010
4848.81914 16.326 0.009
4852.77561 16.342 0.010
4854.77695 16.303 0.009
4856.78368 16.294 0.009
4861.73873 16.292 0.010
4867.70266 16.240 0.009
4869.67168 16.224 0.010
4871.67930 16.212 0.010
4875.66524 16.189 0.009
4877.69034 16.177 0.009
4879.69705 16.171 0.009
4882.71575 16.143 0.009
4885.67761 16.118 0.009
4889.63566 16.118 0.009
4902.63393 16.083 0.010
4911.65271 16.083 0.007
4915.57188 16.077 0.009
4919.57711 16.089 0.009
4925.59034 16.067 0.007
4929.55754 16.052 0.009
4932.59268 16.044 0.009
4935.57055 16.019 0.007
4939.57740 15.976 0.007
4944.54289 15.929 0.007
4949.53650 15.876 0.007
4954.53514 15.809 0.009
