 456.69204 17.161 0.011
 456.80157 17.146 0.009
 457.59381 17.146 0.009
 457.63773 17.145 0.009
 457.69637 17.165 0.009
 457.75497 17.145 0.009
 457.81362 17.138 0.009
 457.84308 17.161 0.009
 458.67018 17.146 0.010
 458.73927 17.138 0.010
 459.58742 17.138 0.009
 459.63355 17.136 0.009
 459.69213 17.133 0.009
 459.75156 17.131 0.009
 459.79543 17.137 0.009
 459.83922 17.121 0.010
 461.59830 17.103 0.009
 461.64209 17.092 0.009
 461.70074 17.096 0.009
 461.77028 17.107 0.009
 461.82893 17.118 0.010
 462.59885 17.103 0.009
 462.65746 17.112 0.009
 462.70344 17.110 0.009
 465.70552 17.081 0.009
 465.74998 17.084 0.009
 465.83473 17.068 0.009
 466.68599 17.059 0.009
 466.75254 17.054 0.009
 466.83754 17.069 0.009
 467.68966 17.037 0.009
 467.79425 17.065 0.009
 467.86021 17.070 0.010
 468.70057 17.043 0.009
 468.76648 17.036 0.009
 468.82511 17.052 0.009
 468.86172 17.052 0.009
 469.69725 17.017 0.009
 469.77537 17.044 0.011
 469.84435 17.040 0.009
 470.77595 17.020 0.011
 471.68309 17.005 0.009
 471.81983 16.989 0.011
 472.65772 17.028 0.009
 472.70150 16.995 0.009
 472.74532 17.008 0.009
 472.81122 17.009 0.009
 472.84072 17.025 0.011
 473.72526 17.016 0.011
 474.73728 16.973 0.009
 475.57160 16.970 0.009
 475.63036 16.981 0.009
 475.69646 16.964 0.010
 475.74862 17.005 0.010
 476.78262 16.978 0.010
 477.56834 16.958 0.009
 477.61966 16.972 0.009
 477.76710 16.959 0.009
 477.84793 16.948 0.009
 478.57450 16.949 0.009
 478.79488 16.909 0.009
 478.85384 16.964 0.009
 479.57330 16.953 0.009
 479.61716 16.962 0.009
 479.73638 16.942 0.010
 479.85478 16.941 0.010
 480.60936 16.966 0.009
 480.69052 16.941 0.009
 480.78412 16.959 0.009
 480.82822 16.952 0.009
 481.59454 16.947 0.009
 481.74293 16.940 0.009
 481.78694 16.934 0.009
 481.83084 16.932 0.010
 482.74379 16.943 0.009
 482.82168 16.931 0.009
 483.61005 16.914 0.009
 483.65449 16.926 0.009
 483.69840 16.947 0.009
 483.74233 16.911 0.009
 483.78626 16.925 0.009
 483.83019 16.903 0.010
 484.60877 16.935 0.009
 484.71743 16.924 0.009
 484.76177 16.931 0.009
 484.80578 16.920 0.010
 485.61236 16.920 0.009
 485.75929 16.912 0.009
 485.80343 16.931 0.009
 486.60888 16.908 0.009
 486.69523 16.915 0.009
 486.75097 16.908 0.009
 486.79612 16.899 0.009
 487.63591 16.901 0.009
 487.68410 16.903 0.009
 487.73196 16.918 0.009
 487.77604 16.910 0.009
 487.82020 16.914 0.009
 488.62137 16.907 0.009
 488.66529 16.885 0.008
 488.73413 16.892 0.009
 488.77815 16.893 0.009
 488.82220 16.902 0.009
 489.59706 16.905 0.008
 489.68606 16.882 0.009
 489.73001 16.902 0.009
 489.77391 16.888 0.009
 490.59031 16.884 0.008
 490.72750 16.874 0.008
 490.77157 16.885 0.009
 490.81559 16.874 0.009
 491.61486 16.864 0.008
 491.66663 16.882 0.008
 491.71081 16.850 0.009
 491.82418 16.895 0.009
 492.59898 16.862 0.009
 492.67331 16.889 0.009
 493.60204 16.845 0.008
 493.64651 16.874 0.009
 494.59676 16.846 0.009
 494.64070 16.860 0.009
 494.68488 16.854 0.008
 494.72924 16.865 0.009
 494.77418 16.877 0.008
 495.59955 16.854 0.009
 495.67319 16.853 0.009
 495.72666 16.852 0.010
 496.59489 16.856 0.009
 496.63968 16.850 0.009
 496.68377 16.839 0.010
 496.72870 16.842 0.010
 497.69773 16.827 0.010
 498.59399 16.833 0.009
 498.63804 16.853 0.009
 498.75178 16.837 0.009
 498.79573 16.831 0.009
 499.58897 16.846 0.009
 499.63465 16.831 0.009
 499.77495 16.833 0.009
 500.54363 16.828 0.009
 500.58763 16.827 0.009
 500.63164 16.844 0.010
 500.67659 16.838 0.009
 500.72769 16.833 0.009
 500.77216 16.836 0.009
 501.59585 16.814 0.009
 501.71460 16.808 0.009
 507.58430 16.811 0.009
 507.62946 16.800 0.010
 507.70127 16.808 0.010
 509.58011 16.795 0.009
 509.62724 16.811 0.009
 509.67957 16.820 0.010
 510.62175 16.815 0.009
 510.66732 16.810 0.009
 510.71490 16.817 0.009
 511.70719 16.795 0.009
 512.61394 16.790 0.009
 512.66219 16.819 0.011
 512.73653 16.793 0.008
 513.59419 16.798 0.008
 513.63976 16.785 0.008
 513.73146 16.789 0.008
 514.60241 16.783 0.008
 514.67150 16.775 0.009
 514.72185 16.790 0.009
 514.76871 16.773 0.008
 515.59655 16.785 0.008
 515.65133 16.775 0.008
 515.69956 16.786 0.009
 516.60286 16.777 0.009
 516.65706 16.775 0.009
 516.70404 16.784 0.009
 516.75056 16.782 0.009
 517.60086 16.771 0.009
 517.65068 16.771 0.009
 517.70068 16.768 0.009
 517.74683 16.799 0.009
 518.63822 16.766 0.009
 518.68346 16.762 0.009
 518.73253 16.760 0.009
 519.59881 16.766 0.009
 519.64548 16.757 0.009
 519.72787 16.743 0.009
 520.73963 16.765 0.010
 521.59515 16.767 0.009
 521.64024 16.759 0.009
 521.70304 16.747 0.009
 523.60443 16.766 0.009
 523.65738 16.757 0.009
 523.70727 16.738 0.009
 524.59690 16.777 0.009
 524.64682 16.751 0.011
 526.58379 16.768 0.009
 527.70894 16.759 0.009
 530.59911 16.726 0.010
 531.59652 16.768 0.010
 532.58598 16.759 0.010
 533.60320 16.774 0.009
 534.59243 16.764 0.009
 534.63652 16.768 0.009
 534.68829 16.757 0.010
 535.57701 16.744 0.009
 535.63726 16.765 0.011
 536.55615 16.736 0.009
 536.60130 16.780 0.009
 536.65185 16.744 0.011
 537.55074 16.758 0.008
 537.65096 16.764 0.009
 538.53876 16.757 0.009
 538.59049 16.753 0.009
 539.54735 16.741 0.009
 539.65843 16.762 0.008
 540.66417 16.761 0.009
 541.55771 16.747 0.008
 541.61477 16.760 0.008
 542.54683 16.754 0.008
 542.59869 16.763 0.009
 542.64616 16.750 0.009
 543.58509 16.752 0.009
 543.66617 16.763 0.009
 544.53781 16.746 0.009
 544.58211 16.740 0.009
 544.62640 16.765 0.009
 544.67164 16.765 0.009
 551.52757 16.772 0.008
 552.53903 16.770 0.009
 553.54438 16.797 0.010
 554.52107 16.777 0.010
 554.60654 16.784 0.015
 555.52746 16.804 0.017
 557.62800 16.824 0.012
 558.57476 16.818 0.015
 559.55860 16.825 0.012
 560.53662 16.807 0.012
 561.53665 16.812 0.011
 562.53818 16.823 0.015
 564.53940 16.821 0.012
 565.54516 16.843 0.010
 566.53915 16.839 0.009
 567.54024 16.858 0.010
 568.52550 16.844 0.012
 569.53529 16.862 0.010
 571.52113 16.855 0.010
 572.55160 16.880 0.011
 574.51368 16.878 0.010
 575.51227 16.890 0.013
 577.52121 16.896 0.010
 578.53478 16.889 0.010
 582.51694 16.912 0.012
 583.51967 16.908 0.013
 672.90518 17.377 0.011
 689.88917 17.485 0.013
 699.89041 17.510 0.013
 701.85600 17.475 0.017
 704.89855 17.532 0.016
 706.87994 17.557 0.019
 714.85578 17.573 0.013
 716.81197 17.566 0.015
 720.86829 17.563 0.017
 728.80716 17.595 0.015
 729.80720 17.604 0.017
 730.76274 17.558 0.016
 733.85374 17.567 0.019
 741.85701 17.555 0.016
 745.81183 17.538 0.016
 747.86020 17.560 0.016
 753.81405 17.521 0.015
 766.82273 17.416 0.019
 772.84188 17.359 0.013
 775.82360 17.362 0.013
 779.84226 17.338 0.012
 787.81864 17.212 0.011
 789.80266 17.196 0.012
 790.81312 17.174 0.010
 795.77077 17.134 0.011
 796.84266 17.102 0.012
 797.77046 17.106 0.012
 798.74239 17.077 0.011
 805.82727 17.028 0.016
 816.79828 16.916 0.010
 817.71752 16.886 0.010
 819.81720 16.879 0.011
 822.83140 16.874 0.009
 824.86065 16.846 0.009
 826.68412 16.837 0.010
 829.78659 16.833 0.011
 832.71097 16.811 0.009
 836.80975 16.795 0.010
 840.68912 16.794 0.010
 843.68957 16.761 0.009
 850.66316 16.742 0.010
 854.70097 16.688 0.010
 855.66787 16.708 0.013
 856.63419 16.695 0.010
 858.60674 16.670 0.009
 864.75684 16.644 0.015
 875.58207 16.484 0.008
 880.56762 16.431 0.009
 887.58102 16.369 0.009
 892.70923 16.326 0.008
 895.55536 16.325 0.009
 898.56226 16.298 0.007
 918.55049 16.113 0.009
 922.62958 16.069 0.008
 928.55549 16.035 0.009
 933.58719 16.039 0.008
 947.52684 16.026 0.009
 952.52070 16.016 0.007
1045.91534 16.536 0.009
1051.89558 16.604 0.009
1053.91104 16.597 0.009
1054.92672 16.638 0.012
1055.89921 16.601 0.010
1059.91198 16.656 0.009
1061.92172 16.705 0.015
1069.86919 16.793 0.009
1087.84131 17.015 0.012
1091.84386 17.077 0.013
1102.82623 17.241 0.010
1106.88127 17.245 0.016
1107.80904 17.325 0.013
1113.82180 17.366 0.012
1119.82655 17.467 0.015
1128.83477 17.526 0.015
1131.72036 17.552 0.019
1132.77240 17.607 0.017
1136.80568 17.608 0.015
1138.83209 17.605 0.016
1142.69680 17.643 0.012
1144.76572 17.660 0.015
1151.79159 17.624 0.017
1155.79087 17.626 0.016
1158.78837 17.670 0.017
1161.76627 17.706 0.013
1165.78702 17.661 0.016
1169.78190 17.679 0.018
1174.75569 17.656 0.016
1179.77258 17.642 0.018
1181.84465 17.643 0.018
1186.79903 17.620 0.013
1187.86029 17.618 0.016
1192.70616 17.596 0.015
1196.73908 17.567 0.020
1201.74789 17.550 0.016
1203.76772 17.538 0.015
1207.62459 17.544 0.018
1211.66235 17.503 0.017
1214.66325 17.495 0.018
1217.63807 17.475 0.015
1220.64294 17.463 0.015
1223.66917 17.454 0.015
1225.61015 17.448 0.012
1227.69060 17.393 0.017
1231.58654 17.431 0.016
1234.63479 17.418 0.015
1236.64228 17.354 0.027
1240.59471 17.386 0.015
1242.69641 17.371 0.017
1244.64603 17.395 0.015
1247.57661 17.356 0.016
1256.56132 17.294 0.015
1260.58683 17.303 0.013
1265.56177 17.285 0.015
1274.52442 17.238 0.017
1277.54396 17.247 0.013
1281.55716 17.205 0.016
1288.54219 17.203 0.015
1290.60961 17.170 0.016
1296.54695 17.161 0.016
1298.58485 17.165 0.021
1301.52659 17.133 0.016
1305.57241 17.118 0.013
1308.50196 17.083 0.012
1313.54843 17.013 0.015
1316.54027 17.000 0.013
1319.51661 16.970 0.011
1329.49513 16.870 0.013
1332.47803 16.816 0.016
1340.48985 16.763 0.012
1412.87497 16.297 0.009
1418.87219 16.168 0.013
1431.85455 16.307 0.009
1432.86056 16.320 0.009
1435.83659 16.325 0.009
1437.82053 16.349 0.009
1440.86815 16.351 0.009
1446.88020 16.390 0.009
1447.90576 16.394 0.011
1451.89848 16.435 0.009
1455.86883 16.460 0.010
1459.80751 16.532 0.009
1462.81176 16.527 0.010
1470.87215 16.614 0.009
1475.78478 16.653 0.009
1478.74014 16.691 0.010
1481.71375 16.715 0.009
1484.86322 16.746 0.009
1487.74319 16.777 0.009
1490.74000 16.833 0.011
1492.73313 16.873 0.010
1495.73162 16.894 0.010
1499.68938 16.942 0.012
1502.68466 16.964 0.011
1505.72524 16.983 0.011
1507.85866 17.039 0.012
1510.83467 17.058 0.011
1512.73143 17.052 0.015
1514.84253 17.082 0.011
1517.67798 17.122 0.011
1519.75162 17.140 0.011
1521.68735 17.156 0.012
1523.80812 17.167 0.015
1525.80248 17.201 0.012
1527.73141 17.197 0.011
1528.77778 17.228 0.012
1529.79888 17.229 0.012
1531.79199 17.209 0.012
1538.74852 17.262 0.013
1541.70462 17.298 0.011
1542.73449 17.298 0.013
1544.66053 17.308 0.012
1547.78742 17.268 0.016
1548.76504 17.358 0.012
1549.75932 17.340 0.011
1552.62403 17.336 0.012
1554.75052 17.355 0.012
1555.75723 17.376 0.013
1562.76015 17.386 0.017
1564.63874 17.414 0.018
1567.73133 17.421 0.017
1570.63662 17.407 0.013
1574.74807 17.421 0.012
1577.69776 17.432 0.015
1580.73382 17.450 0.013
1583.61919 17.459 0.015
1586.63470 17.426 0.015
1589.62401 17.439 0.016
1592.61573 17.423 0.013
1593.65854 17.421 0.016
1595.66167 17.406 0.016
1599.60136 17.402 0.013
1601.67932 17.392 0.017
1604.56087 17.365 0.015
1606.59572 17.353 0.015
1609.63709 17.351 0.013
1610.62223 17.335 0.013
1613.51327 17.308 0.016
1615.54518 17.317 0.013
1617.61659 17.289 0.013
1619.60020 17.248 0.016
1620.55142 17.263 0.016
1622.50155 17.248 0.016
1624.49810 17.226 0.017
1626.49895 17.184 0.013
1627.62004 17.200 0.016
1629.49909 17.181 0.013
1630.57053 17.158 0.012
1632.51699 17.143 0.012
1634.49474 17.133 0.012
1643.48667 17.023 0.015
1645.53685 16.959 0.017
1646.48564 16.976 0.012
1650.58734 16.911 0.019
1654.52410 16.891 0.013
1656.51029 16.865 0.010
1659.51773 16.840 0.011
1661.54171 16.814 0.010
1663.56699 16.785 0.009
1667.50864 16.756 0.011
1670.53038 16.710 0.010
1673.50081 16.693 0.011
1681.47075 16.600 0.015
1691.50961 16.542 0.009
1769.86235 15.710 0.007
1771.88916 15.684 0.008
1772.86904 15.657 0.006
1775.87011 15.626 0.007
1784.85467 15.535 0.007
1789.84342 15.479 0.006
1804.79302 15.343 0.006
1808.87360 15.319 0.006
1812.78813 15.278 0.006
1816.79949 15.272 0.006
1821.79005 15.259 0.006
1823.83218 15.252 0.006
1826.81527 15.250 0.006
1829.78891 15.242 0.006
1830.80223 15.247 0.006
1834.84120 15.255 0.006
1845.83866 15.254 0.006
1851.83603 15.263 0.006
1856.73531 15.230 0.006
1859.77834 15.282 0.006
1861.79553 15.292 0.006
1864.77299 15.300 0.006
1865.75320 15.299 0.006
1867.80698 15.314 0.006
1868.79255 15.308 0.006
1870.72580 15.326 0.006
1871.80984 15.323 0.006
1873.76936 15.346 0.006
2115.93631 16.428 0.009
2116.93721 16.418 0.009
2122.92136 16.393 0.008
2128.92746 16.376 0.009
2130.91232 16.367 0.009
2131.91416 16.390 0.009
2132.90885 16.390 0.009
2134.91389 16.385 0.009
2135.92482 16.398 0.009
2140.91357 16.416 0.009
2142.90189 16.411 0.010
2143.90948 16.431 0.009
2144.91230 16.423 0.009
2156.88489 16.422 0.009
2161.84991 16.418 0.009
2173.86441 16.286 0.008
2190.80163 16.012 0.007
2192.83588 15.969 0.007
2201.82236 15.832 0.007
2214.80394 15.747 0.007
2224.75954 15.693 0.007
2227.66215 15.678 0.007
2229.67561 15.669 0.007
2232.83934 15.654 0.007
2234.83415 15.654 0.006
2237.75457 15.658 0.007
2241.67984 15.659 0.007
2243.73371 15.658 0.007
2248.81430 15.669 0.006
2250.80101 15.685 0.007
2252.66525 15.676 0.007
2254.65634 15.686 0.007
2257.66301 15.699 0.007
2260.66970 15.700 0.007
2266.66121 15.721 0.007
2270.65907 15.736 0.007
2271.80926 15.738 0.006
2272.81721 15.748 0.007
2274.64733 15.755 0.007
2276.76481 15.760 0.007
2277.81814 15.769 0.007
2279.83576 15.781 0.007
2280.80929 15.781 0.007
2282.69479 15.788 0.007
2283.86006 15.792 0.007
2288.76751 15.818 0.007
2290.80371 15.829 0.007
2292.77783 15.860 0.008
2296.76981 15.875 0.008
2298.72650 15.865 0.007
2300.73701 15.882 0.007
2302.71364 15.912 0.008
2315.64475 15.995 0.007
2327.57405 16.083 0.008
2333.58404 16.158 0.009
2339.56040 16.219 0.009
2345.52147 16.291 0.009
2351.49958 16.339 0.009
2369.49709 16.605 0.011
2385.48276 16.787 0.012
2529.82839 16.779 0.010
2539.83086 16.741 0.011
2545.80153 16.674 0.010
2552.85406 16.637 0.010
2556.84544 16.614 0.009
2560.75386 16.573 0.009
2564.86210 16.562 0.009
2578.78433 16.487 0.009
2583.83871 16.464 0.009
2590.74381 16.382 0.009
2596.75643 16.326 0.009
2605.78368 16.229 0.008
2609.75581 16.184 0.009
2614.71785 16.150 0.009
2618.77304 16.102 0.008
2621.69576 16.078 0.007
2624.60386 16.086 0.009
2627.69980 16.013 0.008
2629.72274 16.018 0.008
2635.69591 15.965 0.007
2638.66690 15.939 0.007
2640.76380 15.933 0.007
2642.72260 15.929 0.008
2644.72530 15.919 0.008
2646.70083 15.908 0.007
2650.73508 15.905 0.008
2652.78900 15.892 0.007
2654.75142 15.874 0.008
2656.66072 15.881 0.008
2658.62247 15.882 0.008
2660.64079 15.869 0.007
2662.65173 15.873 0.008
2664.63042 15.854 0.007
2666.69516 15.855 0.007
2668.68128 15.855 0.007
2670.64338 15.861 0.008
2672.78217 15.840 0.007
2674.68293 15.831 0.007
2676.67201 15.842 0.007
2678.72530 15.836 0.007
2680.63604 15.838 0.007
2682.68467 15.834 0.007
2687.56098 15.829 0.008
2693.52022 15.851 0.007
2696.55689 15.843 0.007
2701.53850 15.863 0.008
2707.54029 15.885 0.008
2714.53240 15.894 0.008
2839.90897 16.985 0.012
2867.88000 17.247 0.015
2885.85768 17.262 0.013
2892.88620 17.258 0.016
2897.85516 17.259 0.015
2903.90095 17.221 0.011
2907.77537 17.222 0.013
2911.81281 17.209 0.011
2916.86323 17.169 0.011
2922.84691 17.140 0.013
2926.77861 17.108 0.012
2930.84830 17.081 0.011
2934.75027 17.065 0.012
2940.72982 17.028 0.011
2943.73540 17.019 0.012
2947.74402 16.977 0.011
2953.70121 16.917 0.012
2956.72656 16.923 0.010
2958.75289 16.925 0.012
2962.76465 16.911 0.009
2965.78840 16.899 0.010
2968.65427 16.886 0.012
2973.67310 16.892 0.010
2975.85720 16.873 0.011
2976.79163 16.859 0.010
2978.69928 16.868 0.011
2980.71172 16.862 0.010
2982.70444 16.856 0.011
2984.75158 16.867 0.010
2988.80462 16.868 0.010
2989.75988 16.858 0.010
2991.65507 16.862 0.009
2993.64237 16.863 0.010
2995.74333 16.851 0.009
2997.72100 16.862 0.010
2999.68517 16.849 0.009
3001.77999 16.850 0.010
3003.75071 16.863 0.010
3005.71257 16.847 0.010
3007.63393 16.849 0.010
3009.63178 16.846 0.010
3011.73134 16.840 0.012
3013.73553 16.848 0.010
3017.73687 16.825 0.010
3019.66492 16.816 0.010
3021.78349 16.797 0.009
3023.64525 16.803 0.009
3024.84636 16.802 0.009
3027.66252 16.781 0.009
3029.64752 16.773 0.009
3031.71748 16.751 0.009
3033.78111 16.743 0.009
3035.78796 16.740 0.009
3038.76558 16.733 0.010
3041.60606 16.703 0.010
3043.64014 16.696 0.011
3045.70306 16.642 0.009
3047.65678 16.614 0.009
3048.58553 16.610 0.009
3050.60386 16.576 0.009
3052.60101 16.570 0.009
3054.60161 16.563 0.009
3056.59893 16.513 0.009
3058.59295 16.489 0.009
3060.64252 16.480 0.009
3068.52842 16.428 0.009
3070.58935 16.389 0.009
3073.62057 16.414 0.009
3076.52054 16.413 0.009
3078.62954 16.368 0.009
3082.60738 16.364 0.008
3085.50843 16.372 0.009
3087.64667 16.374 0.009
3090.61065 16.397 0.009
3096.52864 16.375 0.009
3099.59791 16.362 0.009
3102.57706 16.372 0.009
3104.56377 16.357 0.009
3110.54551 16.381 0.009
3113.52340 16.385 0.009
3128.49523 16.381 0.009
3140.50295 16.406 0.009
3216.86713 17.073 0.016
3241.91011 17.554 0.016
3248.85229 17.697 0.020
3257.88065 17.866 0.017
3264.80199 18.023 0.017
3270.86874 18.070 0.020
3274.75445 18.182 0.030
3277.87644 18.181 0.023
3281.89645 18.267 0.027
3287.75817 18.355 0.020
3295.71655 18.456 0.021
3301.77009 18.505 0.037
3304.83042 18.510 0.029
3307.70395 18.547 0.042
3309.73618 18.579 0.029
3311.73419 18.573 0.030
3320.77710 18.604 0.027
3327.74911 18.547 0.028
3330.70775 18.558 0.034
3334.80665 18.595 0.040
3338.85512 18.544 0.029
3339.75445 18.529 0.031
3354.77038 18.530 0.030
3358.81657 18.479 0.028
3361.84744 18.497 0.025
3365.74913 18.428 0.031
3372.76554 18.435 0.024
3378.67818 18.407 0.024
3391.74596 18.356 0.029
3395.70854 18.361 0.035
3399.71476 18.371 0.030
3403.70206 18.401 0.028
3406.67091 18.381 0.020
3410.62464 18.390 0.021
3415.62184 18.366 0.024
3427.58554 18.304 0.031
3433.60812 18.308 0.031
3438.53736 18.281 0.023
3446.49445 18.138 0.034
3461.51188 18.112 0.021
3473.47115 17.962 0.030
3575.92977 17.455 0.016
3592.92165 17.540 0.012
3601.92169 17.592 0.015
3619.82363 17.752 0.016
3629.89711 17.872 0.018
3633.86213 17.944 0.021
3639.77461 17.977 0.017
3644.81122 18.047 0.018
3651.75357 18.120 0.020
3654.80191 18.108 0.020
3658.76593 18.193 0.025
3661.83667 18.201 0.028
3668.80936 18.277 0.025
3672.79764 18.331 0.023
3676.75441 18.440 0.029
3684.81644 18.446 0.027
3687.79089 18.414 0.024
3690.71071 18.453 0.033
3693.74476 18.519 0.030
3695.77753 18.497 0.023
3698.75926 18.554 0.030
3700.78785 18.681 0.031
3703.71872 18.613 0.025
3705.78588 18.600 0.025
3708.77382 18.594 0.037
3712.73146 18.692 0.028
3714.80167 18.653 0.028
3717.66413 18.673 0.033
3719.83664 18.766 0.047
3721.79756 18.678 0.034
3726.69340 18.637 0.038
3730.72572 18.724 0.030
3732.71776 18.661 0.024
3734.84860 18.728 0.034
3737.74958 18.629 0.023
3739.81957 18.602 0.027
3741.83248 18.571 0.041
3743.72961 18.568 0.032
3746.77208 18.646 0.040
3748.72533 18.599 0.038
3749.73036 18.604 0.039
3751.74223 18.634 0.033
3753.69377 18.690 0.032
3755.69410 18.638 0.032
3757.68462 18.609 0.031
3759.74932 18.628 0.029
3762.77094 18.590 0.039
3765.75804 18.630 0.031
3770.63047 18.558 0.024
3773.69656 18.572 0.032
3776.66687 18.524 0.033
3779.62144 18.501 0.040
3782.73236 18.371 0.033
3787.59826 18.389 0.027
3792.54899 18.286 0.024
3800.53095 18.247 0.027
3809.53824 18.168 0.034
3823.49828 18.032 0.023
3946.92046 17.073 0.015
3964.87699 17.029 0.009
3969.90105 17.030 0.011
3980.91751 17.047 0.010
3981.87562 17.060 0.012
3989.90419 17.067 0.012
3998.86793 17.075 0.010
3999.83042 17.064 0.010
4001.87946 17.069 0.009
4004.84342 17.078 0.010
4005.85738 17.104 0.010
4008.72368 17.115 0.010
4011.89053 17.127 0.010
4018.85329 17.143 0.011
4023.88564 17.216 0.015
4026.79383 17.208 0.009
4029.74303 17.209 0.012
4031.81642 17.239 0.011
4038.72442 17.246 0.011
4041.68572 17.303 0.012
4043.69057 17.311 0.015
4046.78230 17.357 0.017
4048.87171 17.388 0.021
4049.65326 17.375 0.012
4052.71462 17.393 0.010
4056.75944 17.447 0.015
4058.79177 17.460 0.012
4063.69041 17.509 0.012
4065.86357 17.560 0.018
4066.74772 17.561 0.012
4068.65259 17.593 0.013
4070.67770 17.615 0.015
4073.85150 17.632 0.018
4074.74531 17.651 0.018
4077.79378 17.702 0.017
4079.83872 17.712 0.020
4083.68433 17.792 0.021
4085.75003 17.819 0.019
4093.73455 17.950 0.017
4102.84709 18.138 0.030
4105.80714 18.140 0.024
4109.77704 18.231 0.020
4113.73274 18.317 0.018
4120.76305 18.359 0.024
4122.71956 18.449 0.021
4125.77379 18.468 0.030
4132.66151 18.610 0.034
4142.71242 18.600 0.049
4156.54752 18.834 0.040
4168.50215 18.800 0.065
4197.48146 18.907 0.057
4341.91385 18.327 0.033
4347.86379 18.190 0.024
4353.79875 18.095 0.021
4358.89707 18.077 0.024
4364.86151 17.980 0.025
4367.88597 17.935 0.019
4371.75122 17.880 0.023
4377.80607 17.801 0.019
4380.82259 17.816 0.018
4386.79827 17.726 0.020
4390.76021 17.731 0.018
4394.71634 17.718 0.017
4399.73431 17.702 0.023
4404.73250 17.723 0.022
4412.71281 17.669 0.020
4418.80622 17.714 0.016
4421.85201 17.710 0.017
4426.74994 17.740 0.021
4429.85639 17.770 0.028
4430.67642 17.753 0.025
4432.73652 17.751 0.016
4436.77642 17.741 0.020
4439.84150 17.765 0.023
4443.72136 17.825 0.027
4449.69242 17.825 0.017
4451.70214 17.808 0.021
4455.70128 17.863 0.024
4457.73173 17.868 0.022
4460.80337 17.867 0.023
4463.72163 17.877 0.019
4466.71063 17.898 0.018
4470.65806 17.938 0.019
4473.70083 18.005 0.020
4477.75926 18.016 0.024
4482.76311 18.061 0.027
4486.74015 18.086 0.028
4491.71438 18.181 0.030
4494.65968 18.189 0.031
4498.69331 18.278 0.027
4501.69057 18.327 0.032
4506.62467 18.338 0.032
4508.64771 18.353 0.025
4510.71642 18.434 0.030
4517.65064 18.577 0.039
4521.63026 18.570 0.034
4524.59385 18.564 0.039
4530.61735 18.741 0.041
4532.64558 18.793 0.042
4535.61458 18.714 0.046
4536.61782 18.798 0.034
4539.49980 18.769 0.050
4541.60896 18.831 0.048
4545.53900 18.931 0.049
4556.57502 18.924 0.050
4561.56610 19.085 0.051
4568.52068 19.043 0.058
4580.50646 19.161 0.075
4588.47165 19.104 0.049
4606.46924 19.206 0.065
4683.91626 18.266 0.031
4697.87299 18.154 0.034
4708.85056 18.053 0.020
4720.78909 17.951 0.020
4724.84238 17.937 0.027
4728.83632 17.874 0.021
4733.83980 17.833 0.019
4748.79860 17.628 0.015
4752.87875 17.553 0.016
4757.76920 17.459 0.016
4760.77107 17.408 0.012
4763.82985 17.366 0.016
4769.69966 17.198 0.015
4772.71875 17.125 0.011
4773.72641 17.125 0.011
4773.85447 17.121 0.013
4774.66774 17.089 0.013
4775.74904 17.075 0.011
4776.64497 17.029 0.015
4777.76295 17.030 0.010
4781.79234 16.964 0.012
4784.71369 16.933 0.016
4788.81016 16.813 0.009
4791.82049 16.788 0.009
4791.85789 16.771 0.009
4794.79218 16.728 0.009
4796.67108 16.707 0.009
4797.81150 16.706 0.009
4800.78810 16.651 0.009
4803.63390 16.629 0.009
4805.73217 16.600 0.009
4807.83878 16.572 0.009
4809.71629 16.542 0.009
4812.75282 16.504 0.009
4814.75319 16.471 0.009
4816.74997 16.433 0.009
4818.77758 16.420 0.009
4820.75497 16.394 0.008
4823.78129 16.360 0.008
4826.69825 16.313 0.008
4833.70855 16.217 0.008
4835.69474 16.203 0.008
4836.65289 16.177 0.008
4836.79990 16.182 0.007
4837.69573 16.173 0.008
4837.74311 16.167 0.008
4839.79337 16.145 0.008
4841.75977 16.144 0.008
4843.75901 16.123 0.009
4846.72761 16.087 0.008
4848.73523 16.073 0.007
4853.75737 16.045 0.007
4855.77281 16.028 0.008
4857.75102 16.016 0.008
4859.74070 16.002 0.008
4865.72722 15.969 0.008
4868.72023 15.956 0.007
4871.64339 15.953 0.008
4874.58370 15.945 0.007
4876.55375 15.933 0.007
4878.66019 15.929 0.007
4879.63307 15.931 0.007
4885.56437 15.905 0.007
4888.64769 15.919 0.007
4899.52302 15.932 0.007
4900.70141 15.940 0.008
4901.53211 15.941 0.008
4901.65366 15.932 0.008
4908.60165 15.975 0.008
4917.54679 16.018 0.007
4921.56849 16.033 0.007
4927.56294 16.083 0.009
4931.57020 16.126 0.009
4935.53694 16.146 0.008
4939.54393 16.184 0.008
4943.54114 16.245 0.009
4948.52431 16.248 0.008
4953.51680 16.319 0.009
