2171.90070 20.871 0.265
2183.86013 20.774 0.364
2184.86209 20.776 0.334
2191.83319 20.803 0.180
2200.84015 20.925 0.271
2211.81589 20.749 0.276
2217.74280 19.931 0.147
2223.76274 20.172 0.140
2226.73790 20.178 0.157
2228.78152 20.549 0.209
2230.69451 20.515 0.224
2232.71505 20.178 0.125
2234.70823 20.005 0.116
2238.65955 20.046 0.138
2240.78791 20.033 0.131
2242.78979 19.971 0.155
2244.84050 20.070 0.166
2249.71285 19.966 0.107
2251.80771 19.821 0.091
2253.70422 19.879 0.081
2256.70395 19.757 0.088
2258.81933 19.652 0.098
2261.61160 19.595 0.074
2265.66153 19.640 0.071
2271.63797 19.464 0.081
2273.79100 19.602 0.096
2275.72891 19.605 0.096
2277.73242 19.564 0.063
2279.74338 19.490 0.068
2281.73059 19.420 0.059
2283.75887 19.414 0.054
2289.68261 19.407 0.069
2291.69143 19.365 0.064
2293.66735 19.449 0.085
2295.68689 19.301 0.060
2297.68502 19.387 0.075
2299.67779 19.400 0.065
2301.64719 19.322 0.097
2303.64403 19.518 0.100
2317.56775 19.228 0.054
2322.61335 19.190 0.063
2326.52273 19.184 0.073
2331.55324 19.127 0.065
2337.57203 19.133 0.060
2349.53178 18.997 0.068
2366.50717 18.993 0.085
2397.50236 19.067 0.071
2520.87992 20.771 0.316
2535.91117 20.830 0.464
2542.78232 20.548 0.206
2544.82628 20.996 0.303
2551.82634 20.442 0.177
2555.85039 20.629 0.208
2559.73809 20.383 0.179
2563.80943 20.550 0.219
2571.86443 20.714 0.313
2577.80157 20.736 0.252
2580.83073 20.742 0.194
2589.73058 20.566 0.220
2594.74983 20.376 0.307
2599.79124 20.509 0.207
2607.74841 20.396 0.173
2613.67299 20.652 0.295
2617.76360 20.590 0.262
2620.70297 20.265 0.151
2623.67757 20.061 0.141
2626.65673 20.534 0.206
2628.82291 20.340 0.216
2631.62370 20.007 0.137
2634.64428 20.165 0.117
2637.67050 20.118 0.138
2640.71138 19.989 0.131
2642.68103 20.046 0.158
2644.67935 20.102 0.148
2650.66100 19.923 0.106
2652.64410 19.907 0.109
2655.63884 19.818 0.121
2657.70125 19.923 0.141
2659.72158 19.881 0.135
2661.77338 19.810 0.118
2663.70438 19.592 0.121
2665.74343 19.733 0.094
2667.75830 19.663 0.099
2671.65910 19.635 0.078
2673.65148 19.636 0.079
2675.67576 19.650 0.111
2677.68241 19.390 0.085
2679.70482 19.624 0.098
2681.69330 19.348 0.085
2685.63982 19.321 0.108
2690.59371 19.224 0.073
2695.53147 19.390 0.088
2699.58379 19.330 0.090
2705.55757 19.224 0.063
2712.52221 19.007 0.086
2733.49182 18.822 0.064
2870.90337 19.259 0.067
2883.90294 19.481 0.066
2888.88401 19.468 0.069
2894.81907 19.567 0.095
2899.81995 19.570 0.079
2905.80927 19.723 0.101
2910.83915 19.665 0.071
2915.83503 19.738 0.071
2921.83743 19.682 0.099
2925.78073 19.776 0.114
2929.81783 19.807 0.089
2933.76466 19.797 0.076
2939.77051 19.725 0.114
2942.74862 20.104 0.138
2946.76907 19.975 0.119
2949.75274 19.980 0.128
2952.74593 20.074 0.166
2955.81028 20.073 0.203
2957.73794 20.075 0.133
2961.72064 19.955 0.139
2963.77969 20.118 0.168
2966.71908 19.996 0.107
2969.66789 20.121 0.129
2975.76934 20.054 0.123
2977.75722 19.755 0.105
2977.78325 19.972 0.116
2979.80922 20.157 0.140
2981.81624 19.972 0.229
2983.71688 20.101 0.154
2986.69953 19.997 0.128
2988.66670 20.019 0.130
2990.74286 20.104 0.117
2992.68319 20.250 0.149
2994.77819 20.040 0.117
2996.65419 20.138 0.109
2998.63710 19.944 0.118
3000.65386 20.208 0.123
3002.63960 20.026 0.105
3004.64139 20.116 0.115
3006.69092 20.050 0.120
3010.66175 20.096 0.140
3012.75717 20.324 0.292
3016.67595 19.819 0.098
3018.66100 19.864 0.123
3020.70729 19.997 0.156
3022.76773 19.938 0.095
3024.71596 19.971 0.094
3026.68507 19.924 0.087
3028.72091 19.809 0.066
3030.72592 19.881 0.094
3033.64801 19.887 0.077
3035.65412 19.896 0.103
3038.63773 19.701 0.143
3040.66304 19.764 0.161
3042.59806 19.730 0.109
3044.54015 19.750 0.098
3046.55595 19.786 0.088
3048.53312 19.705 0.073
3050.53429 19.721 0.080
3052.52859 19.672 0.106
3054.53002 19.553 0.083
3056.52931 19.582 0.074
3057.57567 19.550 0.081
3058.52221 19.483 0.091
3060.54193 19.604 0.089
3062.53565 19.559 0.099
3067.57853 19.535 0.107
3069.56363 19.272 0.065
3072.61052 19.298 0.109
3075.56551 19.325 0.081
3077.64896 19.318 0.080
3081.64025 19.228 0.066
3084.54844 19.228 0.055
3087.51212 19.067 0.057
3089.57035 19.184 0.096
3092.55569 19.103 0.075
3098.55780 18.951 0.056
3102.49623 18.857 0.056
3105.53504 18.782 0.061
3108.51341 18.772 0.044
3111.49139 18.659 0.057
3114.48269 18.701 0.045
3125.47996 18.518 0.056
3134.48035 18.656 0.058
3229.91140 18.475 0.027
3246.92723 18.645 0.081
3247.84490 18.588 0.039
3254.91729 18.670 0.044
3262.89185 18.762 0.041
3268.81348 18.776 0.034
3273.77253 18.906 0.058
3276.81816 18.974 0.054
3281.76827 18.928 0.035
3283.86805 18.984 0.039
3289.78183 18.973 0.040
3294.77936 19.084 0.048
3296.78505 19.020 0.040
3298.81567 19.203 0.060
3300.87155 19.005 0.048
3303.78652 19.297 0.077
3306.78016 19.143 0.055
3308.79686 19.236 0.059
3310.82923 19.362 0.071
3314.75643 19.407 0.088
3321.67127 19.372 0.065
3325.73307 19.408 0.076
3329.76766 19.522 0.050
3334.66297 19.591 0.111
3338.71564 19.625 0.073
3349.69277 19.594 0.064
3352.65952 19.724 0.095
3355.68081 19.680 0.101
3359.68593 19.867 0.095
3369.68588 19.819 0.094
3377.67227 19.977 0.093
3381.77781 20.054 0.118
3389.66732 20.102 0.147
3394.71291 20.194 0.146
3396.59234 19.817 0.109
3399.62977 19.962 0.103
3402.62810 20.137 0.113
3404.55627 20.090 0.133
3409.53545 20.160 0.153
3414.53079 19.888 0.127
3418.62349 19.884 0.130
3428.60552 20.273 0.193
3434.60310 19.803 0.081
3444.53555 19.986 0.137
3452.49699 19.906 0.140
3570.94738 18.778 0.090
3585.91360 18.731 0.031
3590.93461 18.751 0.036
3592.90651 18.712 0.026
3617.85473 18.837 0.044
3629.76516 18.818 0.049
3633.81238 18.933 0.061
3638.76597 18.959 0.055
3641.80432 18.933 0.046
3646.88349 19.008 0.059
3653.80218 18.914 0.039
3656.85802 19.083 0.045
3660.74393 19.091 0.067
3665.79341 18.995 0.058
3671.75935 18.969 0.054
3675.77438 19.167 0.047
3683.79742 19.223 0.045
3686.84510 19.295 0.051
3689.76296 19.201 0.051
3692.68339 19.205 0.057
3694.86674 19.411 0.118
3698.70963 19.516 0.106
3700.74423 19.411 0.050
3702.83187 19.448 0.048
3705.73871 19.477 0.054
3707.71479 19.683 0.101
3712.81830 19.553 0.068
3715.63599 19.676 0.099
3718.66859 19.711 0.098
3722.62201 19.853 0.106
3725.71891 19.906 0.126
3728.62240 19.865 0.080
3731.69362 19.743 0.069
3734.68654 19.864 0.074
3736.67456 20.017 0.090
3738.62765 20.009 0.103
3740.59799 19.957 0.088
3743.59534 19.927 0.104
3746.59657 20.045 0.130
3748.62491 20.192 0.232
3750.59792 20.016 0.150
3752.61322 20.376 0.136
3754.65136 20.212 0.133
3756.75136 20.325 0.197
3758.67664 20.116 0.182
3761.72289 20.068 0.087
3765.58843 20.310 0.101
3769.69823 20.541 0.128
3772.66631 20.332 0.170
3775.63761 20.647 0.232
3778.63663 20.479 0.170
3781.68240 20.504 0.247
3785.62025 20.871 0.279
3790.58896 20.850 0.205
3797.56922 20.496 0.186
3804.56529 20.435 0.222
3818.51446 21.339 0.484
3937.91698 19.142 0.078
3961.87585 19.006 0.083
3968.85861 18.850 0.045
3974.83220 18.781 0.050
3981.75177 18.701 0.038
3987.87571 18.644 0.039
3995.78251 18.608 0.036
3999.81546 18.601 0.034
4004.80388 18.608 0.030
4007.73647 18.652 0.031
4009.89459 18.440 0.035
4016.84752 18.656 0.040
4023.75082 18.617 0.027
4026.66389 18.611 0.030
4028.79980 18.589 0.026
4030.87709 18.617 0.037
4037.77066 18.654 0.031
4040.76642 18.623 0.035
4042.78182 18.664 0.037
4046.65659 18.578 0.047
4048.74512 18.682 0.035
4051.73568 18.746 0.048
4053.78705 18.724 0.031
4055.73679 18.635 0.040
4057.71574 18.725 0.044
4060.65503 18.838 0.035
4065.70254 18.784 0.029
4067.64100 18.806 0.041
4069.62895 18.718 0.039
4072.66625 18.901 0.047
4077.69853 18.934 0.050
4080.68230 18.971 0.048
4084.71221 19.121 0.057
4087.73912 19.109 0.047
4092.79494 19.131 0.041
4100.85135 19.045 0.051
4104.75517 19.209 0.086
4107.72786 19.455 0.069
4117.65595 19.389 0.075
4122.64771 19.477 0.057
4124.62284 19.410 0.048
4126.69249 19.730 0.110
4131.54544 19.564 0.123
4149.63729 19.833 0.134
4153.57801 19.889 0.114
4164.55654 19.968 0.153
4177.54397 20.249 0.184
4345.87215 19.451 0.080
4350.83403 19.445 0.065
4355.85421 19.368 0.078
4361.81498 19.229 0.087
4364.79942 19.170 0.061
4366.82186 19.138 0.071
4370.76720 19.126 0.074
4373.76713 19.085 0.049
4376.80625 19.168 0.064
4379.81184 19.057 0.057
4383.81694 19.007 0.053
4388.75664 19.003 0.056
4392.78175 18.996 0.038
4397.79222 18.919 0.050
4402.86769 18.937 0.053
4410.82653 18.901 0.046
4416.85003 18.857 0.038
4425.70661 18.842 0.058
4431.76492 18.856 0.049
4435.79920 18.856 0.061
4439.68713 18.867 0.053
4442.75473 18.898 0.049
4448.71344 18.830 0.050
4450.72380 18.862 0.055
4453.70032 18.874 0.036
4457.66991 18.935 0.057
4459.64920 18.868 0.046
4464.64739 18.885 0.036
4467.65772 18.912 0.043
4471.64648 18.941 0.035
4474.70068 18.892 0.041
4478.71437 18.960 0.048
4481.74351 18.952 0.038
4484.65711 18.929 0.071
4487.71987 18.926 0.058
4490.71536 19.041 0.088
4494.64466 18.922 0.059
4499.58997 19.085 0.049
4502.62208 19.109 0.056
4507.62162 19.103 0.053
4509.61553 19.162 0.067
4520.58969 19.367 0.095
4523.52108 19.326 0.070
4530.51655 19.259 0.081
4533.53829 19.473 0.089
4537.53398 19.457 0.084
4540.55774 19.626 0.120
4544.50357 19.522 0.129
4547.59915 19.679 0.125
4558.54942 19.592 0.081
4564.49530 19.886 0.150
4570.53701 19.658 0.097
4583.47297 19.957 0.194
4598.47733 20.247 0.216
4672.93868 20.680 0.335
4675.94124 20.924 0.402
4677.92171 20.765 0.194
4691.84226 21.024 0.468
4703.90781 20.787 0.259
4704.87294 20.396 0.219
4716.86293 20.553 0.159
4722.80075 20.424 0.148
4726.79939 20.044 0.135
4731.84338 20.181 0.117
4747.79212 20.097 0.124
4750.86569 20.246 0.145
4755.87599 19.940 0.114
4759.81031 19.916 0.085
4762.77010 19.817 0.087
4768.74816 19.773 0.100
4771.78997 19.766 0.090
4774.74205 19.728 0.085
4776.82383 19.870 0.159
4779.86064 19.667 0.080
4783.72677 19.358 0.060
4788.66147 19.513 0.088
4790.83668 19.367 0.051
4793.73993 19.222 0.064
4795.75420 19.377 0.064
4799.71558 19.255 0.061
4802.72333 19.085 0.049
4805.69223 19.209 0.053
4807.70556 19.301 0.074
4810.70398 19.168 0.054
4813.69080 18.983 0.069
4815.69552 19.080 0.061
4817.70155 19.186 0.057
4819.69402 19.062 0.039
4821.75823 19.023 0.036
4825.74648 19.009 0.048
4831.79133 19.035 0.057
4834.72163 18.967 0.056
4836.72411 19.002 0.040
4840.65214 18.985 0.061
4842.65005 18.953 0.046
4844.64941 18.980 0.041
4847.71613 18.976 0.051
4849.70877 18.947 0.064
4851.78186 18.896 0.048
4853.71386 18.983 0.051
4855.70133 18.860 0.047
4863.63336 18.853 0.037
4866.64643 18.921 0.043
4869.59818 18.878 0.048
4871.62844 18.854 0.047
4873.62372 18.935 0.048
4875.55734 18.818 0.044
4875.63968 18.856 0.043
4878.58466 18.805 0.035
4882.63919 18.974 0.057
4884.57359 18.822 0.045
4887.61047 18.816 0.033
4899.65354 18.682 0.050
4900.53127 18.902 0.055
4905.55596 18.816 0.050
4919.52361 18.974 0.050
4925.53273 19.047 0.058
4929.50650 19.059 0.080
4933.53151 19.022 0.060
4936.50579 19.088 0.055
4940.52064 19.097 0.058
4945.51431 19.042 0.057
4951.49402 19.100 0.087
