 457.64975 16.653 0.007
 457.70839 16.649 0.007
 457.82566 16.652 0.007
 458.68221 16.617 0.008
 459.64553 16.631 0.007
 459.85118 16.644 0.008
 461.65412 16.615 0.007
 461.78231 16.605 0.007
 462.61088 16.603 0.007
 465.85415 16.583 0.007
 466.84962 16.574 0.007
 468.77854 16.556 0.007
 469.78746 16.536 0.007
 470.80535 16.520 0.008
 472.82326 16.546 0.008
 475.58379 16.532 0.007
 477.80136 16.531 0.007
 478.80704 16.518 0.007
 479.80731 16.531 0.007
 480.64377 16.523 0.007
 481.54160 16.522 0.007
 482.83427 16.530 0.008
 483.53974 16.526 0.008
 484.53793 16.537 0.008
 485.54250 16.525 0.007
 486.53466 16.513 0.007
 487.56203 16.530 0.007
 488.57442 16.503 0.007
 489.53446 16.515 0.007
 490.54314 16.526 0.006
 491.54472 16.519 0.007
 492.52987 16.513 0.008
 493.53299 16.521 0.007
 494.52796 16.513 0.007
 494.78744 16.518 0.006
 495.53003 16.513 0.007
 496.52523 16.519 0.007
 496.74160 16.519 0.009
 498.52455 16.521 0.008
 499.78696 16.539 0.008
 500.78444 16.499 0.010
 501.54900 16.504 0.007
 507.53516 16.525 0.007
 508.57780 16.538 0.008
 509.53235 16.516 0.007
 510.56305 16.535 0.008
 510.72827 16.538 0.009
 511.62768 16.528 0.008
 512.56201 16.554 0.007
 513.54614 16.521 0.009
 513.65793 16.535 0.006
 514.52577 16.527 0.008
 514.62123 16.531 0.007
 515.52240 16.524 0.007
 516.52593 16.515 0.007
 517.52546 16.512 0.008
 518.56232 16.521 0.007
 519.51535 16.516 0.007
 519.66490 16.515 0.007
 519.74271 16.510 0.008
 520.68158 16.495 0.008
 521.51751 16.519 0.008
 521.65506 16.510 0.008
 521.71882 16.499 0.009
 523.52284 16.512 0.007
 524.50824 16.523 0.008
 524.54832 16.531 0.007
 526.51163 16.521 0.008
 526.60740 16.506 0.007
 527.50640 16.516 0.007
 528.56624 16.534 0.008
 530.54617 16.514 0.008
 530.64374 16.493 0.010
 531.51919 16.510 0.008
 531.61820 16.516 0.008
 532.50781 16.522 0.009
 533.50684 16.524 0.008
 533.63277 16.533 0.009
 534.51607 16.538 0.008
 535.52051 16.526 0.006
 536.66954 16.509 0.009
 540.50770 16.503 0.008
 552.61945 16.510 0.007
 554.53387 16.543 0.009
 558.52691 16.557 0.011
 560.54926 16.555 0.011
 561.48975 16.574 0.009
 562.48183 16.563 0.010
 564.49072 16.556 0.011
 573.48194 16.624 0.011
 673.83654 17.457 0.014
 689.86281 17.610 0.016
 699.80887 17.727 0.019
 701.80612 17.736 0.021
 704.84793 17.771 0.019
 706.79426 17.713 0.027
 707.84759 17.755 0.027
 715.81348 17.896 0.021
 720.79359 17.761 0.026
 722.82404 17.965 0.021
 726.78207 18.004 0.022
 728.82179 18.022 0.019
 729.87663 18.037 0.026
 733.77750 17.923 0.031
 741.87227 18.099 0.024
 744.87776 18.051 0.029
 745.71945 18.141 0.022
 747.78645 18.173 0.022
 748.74056 18.160 0.024
 751.72378 18.120 0.029
 755.68403 18.032 0.031
 759.79716 18.274 0.024
 760.77361 18.207 0.027
 761.85854 18.195 0.026
 765.80017 18.274 0.031
 769.79095 18.264 0.031
 774.79750 18.283 0.028
 778.78085 18.251 0.032
 780.85165 18.254 0.027
 781.78569 18.213 0.024
 788.79674 18.301 0.023
 789.75319 18.214 0.026
 792.79324 18.247 0.030
 795.85491 18.303 0.028
 796.85559 18.147 0.031
 797.85309 18.298 0.029
 798.85016 18.224 0.029
 805.77549 18.214 0.033
 816.71783 18.112 0.024
 817.82408 18.173 0.024
 818.86001 18.120 0.022
 819.85402 18.039 0.028
 822.78220 18.124 0.020
 825.74151 18.023 0.026
 827.65196 18.079 0.021
 828.83653 18.050 0.022
 829.67103 17.946 0.023
 830.80243 18.037 0.023
 831.64765 17.939 0.023
 832.72383 18.042 0.020
 833.65664 17.968 0.017
 834.77098 17.917 0.028
 837.81597 17.953 0.016
 839.60279 17.867 0.019
 841.82477 17.894 0.021
 842.78994 17.779 0.021
 844.65799 17.829 0.022
 850.67901 17.783 0.022
 854.73977 17.785 0.022
 856.73108 17.746 0.024
 858.61237 17.730 0.019
 860.75900 17.730 0.023
 864.69843 17.702 0.021
 875.59410 17.607 0.014
 880.51112 17.633 0.017
 887.59137 17.625 0.019
 892.67533 17.593 0.017
 895.49768 17.592 0.017
 897.49641 17.571 0.015
 918.49126 17.175 0.017
 922.47976 17.113 0.011
 928.49828 16.953 0.013
 931.52075 16.856 0.012
 934.49293 16.815 0.011
 950.49533 16.573 0.009
 952.48700 16.577 0.009
1053.91660 16.317 0.007
1065.91277 16.321 0.008
1068.80415 16.353 0.008
1069.79836 16.351 0.007
1071.79720 16.386 0.010
1077.82371 16.384 0.008
1083.77290 16.404 0.008
1088.84174 16.419 0.008
1092.87429 16.464 0.008
1102.76609 16.501 0.008
1106.82311 16.561 0.008
1112.80463 16.574 0.008
1116.78087 16.618 0.008
1126.68064 16.694 0.009
1129.72779 16.730 0.009
1132.77798 16.768 0.010
1136.81130 16.812 0.009
1142.70355 16.873 0.009
1151.79812 16.985 0.010
1154.80597 17.016 0.011
1157.79926 17.048 0.012
1160.83273 17.084 0.011
1163.77417 17.090 0.013
1166.80813 17.151 0.014
1169.78866 17.207 0.013
1171.83710 17.260 0.011
1174.76344 17.269 0.011
1175.84474 17.233 0.013
1179.83871 17.319 0.015
1183.73352 17.352 0.013
1185.84827 17.361 0.012
1187.80380 17.420 0.012
1189.82679 17.459 0.014
1191.83224 17.431 0.012
1194.73956 17.434 0.014
1196.62006 17.409 0.016
1201.75477 17.471 0.017
1204.74038 17.569 0.016
1207.63320 17.608 0.017
1211.71354 17.578 0.018
1214.60669 17.650 0.018
1217.66008 17.636 0.017
1219.71590 17.659 0.018
1223.58419 17.666 0.019
1226.67690 17.695 0.018
1228.65068 17.630 0.020
1231.59215 17.699 0.021
1234.66964 17.735 0.019
1236.66051 17.671 0.022
1239.69035 17.763 0.020
1241.70693 17.705 0.020
1243.51390 17.649 0.019
1245.59862 17.767 0.018
1247.69806 17.770 0.020
1248.66576 17.722 0.019
1254.51724 17.729 0.020
1259.50962 17.730 0.018
1264.50383 17.705 0.022
1267.52300 17.679 0.022
1273.52917 17.588 0.023
1275.50818 17.714 0.019
1278.54070 17.630 0.020
1288.48550 17.639 0.019
1290.61520 17.618 0.021
1298.52675 17.585 0.019
1301.53203 17.511 0.020
1306.47332 17.489 0.018
1312.46624 17.486 0.019
1316.48161 17.494 0.010
1319.52219 17.430 0.015
1320.46220 17.402 0.017
1330.45925 17.354 0.019
1331.46202 17.328 0.017
1331.50944 17.314 0.021
1332.45745 17.336 0.017
1333.46305 17.336 0.019
1335.45942 17.296 0.016
1336.45881 17.254 0.020
1336.47493 17.301 0.020
1336.48298 17.286 0.019
1338.48068 17.238 0.023
1338.48862 17.300 0.024
1339.45604 17.298 0.021
1339.46597 17.279 0.019
1340.45416 17.268 0.020
1340.47878 17.297 0.018
1342.45877 17.318 0.016
1343.47471 17.248 0.015
1346.47742 17.208 0.033
1348.46121 17.228 0.018
1349.46271 17.258 0.022
1350.46368 17.261 0.017
1354.94169 17.245 0.017
1360.94319 17.221 0.017
1365.94296 17.200 0.018
1375.93340 17.172 0.015
1395.90867 17.063 0.013
1400.89452 17.007 0.012
1412.90491 16.824 0.011
1415.91423 16.752 0.013
1430.86901 16.396 0.008
1432.86621 16.347 0.008
1433.90354 16.328 0.008
1435.77020 16.287 0.009
1437.76390 16.247 0.008
1440.81039 16.175 0.007
1443.85343 16.123 0.007
1446.88560 16.084 0.008
1448.77666 16.062 0.008
1454.79622 16.067 0.010
1458.81227 15.991 0.007
1459.83973 15.990 0.006
1462.75107 15.973 0.007
1470.79141 15.953 0.006
1475.79106 15.960 0.007
1477.67561 15.957 0.007
1479.71648 15.954 0.007
1484.73218 15.933 0.007
1487.75786 15.950 0.006
1491.68599 15.948 0.007
1493.83790 15.945 0.007
1494.73147 15.938 0.007
1497.78736 15.956 0.006
1499.69514 15.949 0.007
1502.69044 15.960 0.007
1503.84034 15.964 0.006
1505.73083 15.961 0.007
1507.80203 15.983 0.007
1510.77809 15.969 0.006
1512.73711 15.989 0.007
1514.84834 15.983 0.007
1515.70246 15.988 0.007
1517.73414 15.997 0.006
1518.83908 15.983 0.006
1521.69321 15.995 0.006
1523.64022 16.014 0.008
1525.74422 16.004 0.006
1527.73694 16.000 0.006
1528.81607 16.001 0.006
1529.68023 16.011 0.007
1531.79759 16.006 0.007
1538.75386 16.027 0.007
1542.67772 16.039 0.007
1544.72036 16.046 0.007
1547.79270 16.040 0.007
1548.77043 16.049 0.006
1549.78916 16.048 0.006
1552.68828 16.069 0.007
1553.76397 16.071 0.007
1554.77919 16.059 0.006
1555.76620 16.065 0.007
1561.55933 16.093 0.007
1562.76555 16.101 0.007
1564.65444 16.113 0.007
1567.61196 16.138 0.007
1570.57910 16.162 0.007
1573.61939 16.173 0.007
1576.60473 16.184 0.007
1579.66768 16.213 0.008
1581.71937 16.239 0.008
1583.71825 16.228 0.008
1585.65336 16.270 0.007
1588.60353 16.279 0.008
1591.68125 16.298 0.010
1593.60021 16.327 0.008
1595.70562 16.329 0.009
1599.67787 16.373 0.007
1600.69141 16.394 0.009
1604.54206 16.431 0.009
1606.51680 16.443 0.010
1609.61741 16.469 0.009
1610.58027 16.479 0.009
1611.65090 16.490 0.009
1613.55687 16.514 0.009
1615.50313 16.521 0.008
1617.50258 16.537 0.009
1619.52512 16.573 0.011
1621.49768 16.579 0.010
1623.49612 16.590 0.010
1625.49810 16.611 0.010
1627.49823 16.624 0.010
1629.54315 16.652 0.010
1630.55199 16.643 0.010
1632.49851 16.670 0.010
1634.53860 16.688 0.009
1635.61010 16.710 0.010
1643.53007 16.755 0.010
1645.48722 16.790 0.012
1650.54542 16.780 0.014
1653.54285 16.834 0.012
1655.51655 16.848 0.011
1657.50792 16.859 0.012
1660.53311 16.904 0.013
1662.48402 16.930 0.011
1664.49883 16.933 0.011
1667.55258 16.948 0.013
1671.48195 16.992 0.013
1676.48668 17.041 0.014
1690.49065 17.124 0.016
1768.90792 17.314 0.015
1769.84035 17.320 0.015
1771.87062 17.300 0.018
1773.89346 17.306 0.014
1775.91354 17.320 0.014
1784.90065 17.225 0.013
1789.89513 17.207 0.011
1790.85711 17.223 0.011
1803.88659 17.141 0.012
1809.81267 17.112 0.010
1812.83590 17.092 0.011
1814.85078 17.073 0.011
1818.84368 17.043 0.011
1822.83604 17.023 0.011
1828.86120 17.006 0.011
1829.83245 16.999 0.012
1830.84590 16.994 0.012
1834.88484 16.951 0.013
1846.81136 16.932 0.010
1846.86235 16.933 0.010
1850.79198 16.919 0.011
1851.86731 16.932 0.015
1855.83410 16.938 0.010
1859.76007 16.937 0.010
1863.74187 16.920 0.011
1865.79654 16.900 0.010
1867.76546 16.904 0.010
1869.73884 16.873 0.010
1870.76923 16.873 0.009
1871.85337 16.899 0.010
1873.81305 16.859 0.010
2115.93631 16.836 0.014
2116.93721 16.864 0.013
2122.92136 16.928 0.012
2128.92746 16.970 0.016
2130.91232 16.998 0.013
2131.91416 17.021 0.015
2132.90885 17.037 0.013
2134.91389 17.044 0.015
2135.92482 17.056 0.013
2140.91357 17.126 0.015
2142.90189 17.144 0.018
2143.90948 17.149 0.014
2144.91230 17.154 0.013
2156.88489 17.255 0.017
2161.84991 17.290 0.018
2173.86441 17.480 0.015
2190.80163 17.614 0.017
2192.83588 17.619 0.018
2201.82236 17.679 0.017
2214.80394 17.785 0.023
2224.75954 17.721 0.024
2227.66215 17.806 0.023
2229.67561 17.787 0.021
2232.83934 17.779 0.021
2234.83415 17.801 0.017
2237.75457 17.813 0.020
2241.67984 17.742 0.022
2243.73371 17.782 0.022
2248.81430 17.732 0.016
2250.80101 17.799 0.019
2252.66525 17.765 0.020
2254.65634 17.705 0.020
2257.66301 17.706 0.019
2260.66970 17.692 0.018
2266.66121 17.738 0.020
2270.65907 17.642 0.017
2271.80926 17.680 0.015
2272.81721 17.626 0.020
2274.64733 17.617 0.020
2276.76481 17.636 0.019
2277.81814 17.592 0.016
2279.83576 17.621 0.018
2280.80929 17.613 0.016
2282.69479 17.559 0.016
2283.86006 17.589 0.017
2288.76751 17.533 0.017
2290.80371 17.532 0.018
2292.77783 17.524 0.021
2296.76981 17.509 0.023
2298.72650 17.506 0.018
2300.73701 17.478 0.018
2302.71364 17.454 0.019
2315.64475 17.419 0.015
2327.57405 17.414 0.018
2333.58404 17.428 0.021
2339.56040 17.447 0.017
2345.52147 17.415 0.019
2351.49958 17.440 0.018
2369.49709 17.265 0.019
2385.48276 17.102 0.017
2529.82839 16.492 0.010
2539.83086 16.542 0.011
2545.80153 16.566 0.011
2552.85406 16.612 0.011
2556.84544 16.646 0.010
2560.75386 16.697 0.010
2564.86210 16.703 0.010
2578.78433 16.827 0.012
2583.83871 16.862 0.013
2590.74381 16.944 0.012
2596.75643 16.996 0.014
2605.78368 17.082 0.013
2609.75581 17.135 0.016
2614.71785 17.169 0.016
2618.77304 17.197 0.014
2621.69576 17.275 0.013
2624.60386 17.267 0.017
2627.69980 17.302 0.018
2629.72274 17.344 0.018
2635.69591 17.378 0.015
2638.66690 17.415 0.016
2640.76380 17.434 0.017
2642.72260 17.395 0.019
2644.72530 17.460 0.018
2646.70083 17.503 0.017
2650.73508 17.501 0.020
2652.78900 17.560 0.018
2654.75142 17.568 0.020
2656.66072 17.610 0.021
2658.62247 17.582 0.023
2660.64079 17.643 0.020
2662.65173 17.655 0.023
2664.63042 17.653 0.022
2666.69516 17.752 0.018
2668.68128 17.712 0.021
2670.64338 17.704 0.026
2672.78217 17.794 0.020
2674.68293 17.779 0.021
2676.67201 17.769 0.023
2678.72530 17.793 0.022
2680.63604 17.824 0.022
2682.68467 17.855 0.027
2687.56098 17.863 0.030
2693.52022 17.910 0.027
2696.55689 17.914 0.026
2701.53850 17.910 0.030
2707.54029 17.868 0.029
2714.53240 17.985 0.032
2839.90897 17.160 0.015
2867.88000 16.985 0.014
2885.85768 16.724 0.011
2892.88620 16.612 0.011
2897.85516 16.531 0.010
2903.90095 16.448 0.008
2907.77537 16.366 0.009
2911.81281 16.305 0.008
2916.86323 16.248 0.008
2922.84691 16.190 0.008
2926.77861 16.151 0.008
2930.84830 16.125 0.008
2934.75027 16.078 0.008
2940.72982 16.037 0.007
2943.73540 16.018 0.008
2947.74402 15.995 0.008
2953.70121 15.976 0.008
2956.72656 15.958 0.007
2958.75289 15.950 0.008
2962.76465 15.937 0.007
2965.78840 15.936 0.007
2968.65427 15.926 0.008
2973.67310 15.929 0.007
2975.85720 15.926 0.008
2976.79163 15.917 0.007
2978.69928 15.935 0.007
2980.71172 15.926 0.007
2982.70444 15.950 0.007
2984.75158 15.923 0.007
2988.80462 15.934 0.007
2989.75988 15.937 0.007
2991.65507 15.926 0.007
2993.64237 15.946 0.007
2995.74333 15.939 0.007
2997.72100 15.947 0.007
2999.68517 15.944 0.006
3001.77999 15.956 0.007
3003.75071 15.963 0.007
3005.71257 15.958 0.007
3007.63393 15.965 0.007
3009.63178 15.974 0.008
3011.73134 16.003 0.009
3013.73553 15.991 0.007
3017.73687 16.021 0.008
3019.66492 16.034 0.008
3021.78349 16.025 0.007
3023.64525 16.039 0.007
3024.84636 16.038 0.007
3027.66252 16.064 0.007
3029.64752 16.067 0.007
3031.71748 16.074 0.007
3033.78111 16.082 0.007
3035.78796 16.100 0.007
3038.76558 16.116 0.008
3041.60606 16.144 0.009
3043.64014 16.144 0.009
3045.70306 16.182 0.008
3047.65678 16.184 0.008
3048.58553 16.181 0.007
3050.60386 16.202 0.007
3052.60101 16.209 0.008
3054.60161 16.218 0.009
3056.59893 16.234 0.008
3058.59295 16.276 0.008
3060.64252 16.278 0.008
3068.52842 16.353 0.009
3070.58935 16.366 0.010
3073.62057 16.392 0.011
3076.52054 16.441 0.011
3078.62954 16.443 0.009
3082.60738 16.485 0.009
3085.50843 16.537 0.010
3087.64667 16.554 0.010
3090.61065 16.575 0.010
3096.52864 16.636 0.012
3099.59791 16.674 0.012
3102.57706 16.736 0.012
3104.56377 16.719 0.011
3110.54551 16.828 0.013
3113.52340 16.853 0.014
3128.49523 17.030 0.014
3140.50295 17.147 0.015
3216.86713 17.382 0.021
3241.91011 17.190 0.013
3248.85229 17.132 0.015
3257.88065 17.085 0.011
3264.80199 17.023 0.010
3270.86874 16.975 0.011
3274.75445 16.939 0.013
3277.87644 16.976 0.011
3281.89645 16.952 0.012
3287.75817 16.888 0.009
3295.71655 16.901 0.009
3301.77009 16.893 0.012
3304.83042 16.919 0.011
3307.70395 16.938 0.014
3309.73618 16.934 0.011
3311.73419 16.953 0.011
3320.77710 16.989 0.010
3327.74911 16.983 0.011
3330.70775 16.994 0.012
3334.80665 17.011 0.014
3338.85512 16.995 0.011
3339.75445 16.974 0.012
3354.77038 16.832 0.010
3358.81657 16.698 0.010
3361.84744 16.607 0.009
3365.74913 16.476 0.009
3372.76554 16.235 0.007
3378.67818 16.082 0.007
3391.74596 15.883 0.007
3395.70854 15.825 0.007
3399.71476 15.779 0.006
3403.70206 15.737 0.006
3406.67091 15.690 0.006
3410.62464 15.678 0.006
3415.62184 15.635 0.006
3427.58554 15.631 0.006
3433.60812 15.648 0.006
3438.53736 15.650 0.006
3446.49445 15.653 0.007
3461.51188 15.672 0.006
3473.47115 15.672 0.007
3575.92977 16.428 0.009
3592.92165 16.641 0.008
3601.92169 16.742 0.010
3619.82363 16.922 0.010
3629.89711 17.002 0.011
3633.86213 17.034 0.012
3639.77461 17.076 0.010
3644.81122 17.099 0.011
3651.75357 17.121 0.012
3654.80191 17.169 0.012
3658.76593 17.169 0.014
3661.83667 17.175 0.014
3668.80936 17.186 0.013
3672.79764 17.188 0.012
3676.75441 17.191 0.013
3684.81644 17.212 0.013
3687.79089 17.228 0.012
3690.71071 17.223 0.014
3693.74476 17.221 0.013
3695.77753 17.191 0.011
3698.75926 17.220 0.014
3700.78785 17.206 0.013
3703.71872 17.179 0.011
3705.78588 17.174 0.011
3708.77382 17.165 0.014
3712.73146 17.169 0.011
3714.80167 17.151 0.012
3717.66413 17.154 0.012
3719.83664 17.105 0.014
3721.79756 17.112 0.012
3726.69340 17.102 0.014
3730.72572 17.069 0.011
3732.71776 17.064 0.010
3734.84860 17.044 0.011
3737.74958 17.010 0.010
3739.81957 16.999 0.010
3741.83248 16.968 0.013
3743.72961 16.949 0.012
3746.77208 16.924 0.012
3748.72533 16.917 0.012
3749.73036 16.907 0.012
3751.74223 16.916 0.011
3753.69377 16.928 0.011
3755.69410 16.885 0.011
3757.68462 16.868 0.010
3759.74932 16.869 0.010
3762.77094 16.834 0.011
3765.75804 16.817 0.010
3770.63047 16.792 0.009
3773.69656 16.784 0.010
3776.66687 16.787 0.010
3779.62144 16.791 0.012
3782.73236 16.787 0.012
3787.59826 16.772 0.010
3792.54899 16.788 0.010
3800.53095 16.807 0.011
3809.53824 16.810 0.013
3823.49828 16.743 0.011
3946.92046 15.713 0.007
3964.87699 15.809 0.006
3969.90105 15.855 0.007
3980.91751 15.930 0.006
3981.87562 15.931 0.007
3989.90419 16.008 0.007
3998.86793 16.064 0.007
3999.83042 16.089 0.007
4001.87946 16.112 0.006
4004.84342 16.140 0.007
4005.85738 16.136 0.007
4008.72368 16.168 0.007
4011.89053 16.202 0.007
4018.85329 16.283 0.007
4023.88564 16.335 0.009
4026.79383 16.370 0.007
4029.74303 16.386 0.008
4031.81642 16.422 0.008
4038.72442 16.498 0.008
4041.68572 16.539 0.009
4043.69057 16.567 0.010
4046.78230 16.588 0.011
4048.87171 16.662 0.014
4049.65326 16.654 0.009
4052.71462 16.681 0.008
4056.75944 16.715 0.010
4058.79177 16.762 0.009
4063.69041 16.834 0.009
4065.86357 16.851 0.012
4066.74772 16.875 0.010
4068.65259 16.888 0.010
4070.67770 16.935 0.010
4073.85150 16.929 0.012
4074.74531 16.945 0.013
4077.79378 16.990 0.012
4079.83872 17.002 0.014
4083.68433 17.038 0.013
4085.75003 17.086 0.013
4093.73455 17.154 0.011
4102.84709 17.245 0.016
4105.80714 17.246 0.014
4109.77704 17.321 0.012
4113.73274 17.354 0.011
4120.76305 17.393 0.014
4122.71956 17.428 0.012
4125.77379 17.417 0.015
4132.66151 17.496 0.017
4142.71242 17.527 0.024
4156.54752 17.613 0.018
4168.50215 17.613 0.027
4197.48146 17.625 0.022
4341.91385 16.362 0.010
4347.86379 16.213 0.008
4353.79875 16.115 0.008
4358.89707 16.047 0.008
4364.86151 16.004 0.008
4367.88597 15.971 0.007
4371.75122 15.953 0.008
4377.80607 15.942 0.007
4380.82259 15.950 0.007
4386.79827 15.945 0.008
4390.76021 15.947 0.007
4394.71634 15.925 0.007
4399.73431 15.936 0.009
4404.73250 15.955 0.008
4412.71281 15.949 0.008
4418.80622 15.937 0.007
4421.85201 15.930 0.007
4426.74994 15.920 0.008
4429.85639 15.936 0.009
4430.67642 15.947 0.009
4432.73652 15.932 0.007
4436.77642 15.933 0.007
4439.84150 15.942 0.008
4443.72136 15.958 0.009
4449.69242 15.975 0.007
4451.70214 15.989 0.008
4455.70128 15.999 0.008
4457.73173 16.007 0.008
4460.80337 16.026 0.008
4463.72163 16.037 0.007
4466.71063 16.056 0.007
4470.65806 16.072 0.007
4473.70083 16.099 0.008
4477.75926 16.124 0.008
4482.76311 16.167 0.009
4486.74015 16.201 0.009
4491.71438 16.252 0.009
4494.65968 16.260 0.009
4498.69331 16.312 0.008
4501.69057 16.337 0.009
4506.62467 16.388 0.010
4508.64771 16.415 0.009
4510.71642 16.431 0.009
4517.65064 16.490 0.010
4521.63026 16.519 0.010
4524.59385 16.533 0.010
4530.61735 16.642 0.010
4532.64558 16.646 0.010
4535.61458 16.678 0.012
4536.61782 16.690 0.010
4539.49980 16.702 0.012
4541.60896 16.732 0.012
4545.53900 16.783 0.011
4556.57502 16.896 0.013
4561.56610 16.980 0.012
4568.52068 17.022 0.015
4580.50646 17.151 0.016
4588.47165 17.259 0.014
4606.46924 17.429 0.015
4683.91626 17.458 0.019
4697.87299 17.370 0.020
4708.85056 17.342 0.015
4720.78909 17.279 0.015
4724.84238 17.228 0.016
4728.83632 17.197 0.015
4733.83980 17.204 0.014
4748.79860 17.150 0.012
4752.87875 17.157 0.013
4757.76920 17.175 0.014
4760.77107 17.159 0.012
4763.82985 17.172 0.016
4769.69966 17.112 0.016
4772.71875 17.151 0.013
4773.72641 17.165 0.013
4773.85447 17.156 0.015
4774.66774 17.125 0.015
4775.74904 17.189 0.014
4776.64497 17.136 0.017
4777.76295 17.155 0.013
4781.79234 17.150 0.015
4784.71369 17.086 0.019
4788.81016 17.119 0.012
4791.82049 17.094 0.011
4791.85789 17.101 0.013
4794.79218 17.063 0.012
4796.67108 17.071 0.012
4797.81150 17.052 0.013
4800.78810 17.028 0.011
4803.63390 17.001 0.014
4805.73217 16.980 0.011
4807.83878 16.969 0.012
4809.71629 16.931 0.011
4812.75282 16.880 0.013
4814.75319 16.841 0.012
4816.74997 16.810 0.011
4818.77758 16.786 0.010
4820.75497 16.765 0.010
4823.78129 16.704 0.010
4826.69825 16.667 0.009
4833.70855 16.552 0.009
4835.69474 16.527 0.010
4836.65289 16.512 0.010
4836.79990 16.512 0.008
4837.69573 16.498 0.010
4837.74311 16.509 0.010
4839.79337 16.497 0.009
4841.75977 16.464 0.009
4843.75901 16.436 0.010
4846.72761 16.423 0.009
4848.73523 16.429 0.008
4853.75737 16.399 0.008
4855.77281 16.413 0.010
4857.75102 16.405 0.009
4859.74070 16.377 0.009
4865.72722 16.405 0.009
4868.72023 16.411 0.009
4871.64339 16.422 0.009
4874.58370 16.413 0.009
4876.55375 16.410 0.008
4878.66019 16.419 0.008
4879.63307 16.415 0.008
4885.56437 16.439 0.008
4888.64769 16.462 0.008
4899.52302 16.476 0.009
4900.70141 16.484 0.010
4901.53211 16.503 0.011
4901.65366 16.499 0.011
4908.60165 16.511 0.009
4917.54679 16.544 0.009
4921.56849 16.565 0.009
4927.56294 16.600 0.011
4931.57020 16.639 0.011
4935.53694 16.660 0.010
4939.54393 16.702 0.010
4943.54114 16.701 0.011
4948.52431 16.792 0.011
4953.51680 16.806 0.013
