2167.88288 16.292 0.009
2186.85692 16.344 0.010
2190.84230 16.391 0.009
2193.80647 16.416 0.007
2202.80586 16.445 0.009
2215.75906 16.544 0.010
2224.80721 16.569 0.009
2227.71805 16.596 0.010
2229.72382 16.618 0.010
2231.69206 16.624 0.010
2233.66035 16.651 0.010
2237.57974 16.643 0.012
2239.64076 16.655 0.010
2241.73243 16.680 0.010
2243.79745 16.720 0.010
2248.65651 16.739 0.010
2250.74450 16.767 0.010
2252.71776 16.751 0.010
2254.70881 16.776 0.010
2257.71284 16.760 0.010
2260.72099 16.806 0.010
2265.76275 16.809 0.011
2266.73816 16.840 0.010
2270.78377 16.848 0.010
2272.63331 16.862 0.011
2274.76066 16.834 0.011
2276.81859 16.834 0.012
2278.77543 16.843 0.011
2280.75817 16.865 0.011
2282.75542 16.865 0.010
2289.81785 16.886 0.010
2291.80389 16.834 0.011
2293.77279 16.824 0.012
2295.79665 16.857 0.010
2297.78269 16.835 0.011
2300.80772 16.704 0.012
2302.76898 16.847 0.012
2315.69270 16.785 0.011
2324.55343 16.753 0.011
2328.53899 16.698 0.012
2334.53218 16.680 0.010
2340.52881 16.617 0.011
2347.52609 16.572 0.011
2373.48119 16.405 0.011
2385.54426 16.322 0.010
2534.87700 15.372 0.007
2539.88417 15.331 0.007
2545.85323 15.240 0.007
2557.81227 15.104 0.007
2560.80676 15.072 0.007
2561.81035 15.055 0.007
2565.81365 15.027 0.007
2574.77587 14.945 0.007
2578.83226 14.933 0.007
2584.72808 14.892 0.007
2590.80389 14.887 0.007
2596.81034 14.863 0.007
2606.70685 14.849 0.007
2609.81542 14.857 0.007
2614.78967 14.860 0.007
2619.66572 14.853 0.007
2621.79369 14.871 0.007
2624.69070 14.879 0.007
2627.77568 14.889 0.007
2629.80249 14.908 0.007
2632.69657 14.920 0.007
2635.79714 14.945 0.007
2638.79026 14.968 0.007
2641.75848 14.995 0.007
2643.77096 15.005 0.007
2645.76038 15.023 0.007
2647.68943 15.049 0.007
2650.77740 15.079 0.007
2653.64325 15.090 0.007
2655.69439 15.115 0.007
2657.63474 15.122 0.007
2659.78853 15.158 0.007
2660.69098 15.159 0.007
2662.70478 15.174 0.007
2664.72018 15.192 0.007
2666.77405 15.202 0.007
2668.76556 15.219 0.007
2675.79263 15.265 0.007
2679.79825 15.278 0.007
2682.72678 15.313 0.007
2687.61888 15.343 0.007
2692.55213 15.367 0.007
2696.60901 15.381 0.007
2702.50683 15.418 0.007
2708.53072 15.446 0.007
2724.50535 15.546 0.007
2871.89405 15.381 0.007
2884.85648 15.292 0.007
2890.87847 15.263 0.007
2896.83127 15.210 0.007
2902.76585 15.169 0.007
2911.87446 15.101 0.007
2917.77801 15.045 0.007
2923.77739 15.008 0.007
2926.83325 14.980 0.007
2931.76174 14.956 0.007
2934.80218 14.936 0.007
2940.78263 14.920 0.007
2943.78677 14.902 0.007
2947.79537 14.899 0.007
2950.70929 14.895 0.007
2954.73259 14.873 0.007
2956.77816 14.885 0.007
2958.82276 14.875 0.007
2962.81703 14.876 0.007
2964.83546 14.867 0.007
2967.76600 14.868 0.007
2970.81998 14.855 0.007
2974.75801 14.860 0.007
2976.64751 14.847 0.007
2979.63088 14.854 0.007
2981.65226 14.867 0.007
2983.75902 14.858 0.007
2985.80675 14.850 0.007
2987.70551 14.860 0.007
2989.64820 14.850 0.007
2991.71612 14.857 0.007
2993.72814 14.845 0.007
2995.80171 14.847 0.007
2997.77227 14.837 0.007
2998.71981 14.834 0.007
3000.72236 14.834 0.007
3002.70968 14.816 0.007
3004.71314 14.809 0.007
3006.70606 14.796 0.007
3008.72050 14.769 0.007
3010.76232 14.769 0.007
3011.78327 14.754 0.007
3016.71690 14.714 0.007
3018.74732 14.693 0.007
3020.81108 14.665 0.007
3021.83499 14.655 0.007
3023.69700 14.633 0.007
3025.66859 14.624 0.007
3027.71402 14.591 0.007
3029.69889 14.579 0.007
3031.76925 14.565 0.007
3034.60058 14.522 0.007
3036.63094 14.501 0.007
3039.57284 14.475 0.007
3042.68039 14.444 0.007
3044.61978 14.435 0.007
3046.60574 14.411 0.007
3047.70807 14.397 0.007
3048.63925 14.394 0.007
3049.66279 14.386 0.007
3051.63205 14.367 0.007
3053.60724 14.358 0.007
3055.62429 14.332 0.007
3057.64946 14.328 0.007
3059.59406 14.311 0.007
3061.58638 14.302 0.007
3066.55590 14.291 0.007
3068.58372 14.284 0.007
3070.65411 14.287 0.007
3073.67234 14.280 0.007
3076.59611 14.292 0.007
3078.68264 14.281 0.007
3082.66436 14.309 0.007
3085.56487 14.322 0.007
3088.52514 14.330 0.007
3091.50747 14.352 0.007
3096.55649 14.389 0.007
3099.62417 14.412 0.007
3100.48407 14.420 0.007
3103.50573 14.433 0.007
3106.52701 14.456 0.007
3109.51257 14.484 0.007
3112.56436 14.505 0.007
3116.54609 14.546 0.007
3127.54319 14.626 0.007
3133.50236 14.685 0.007
3223.90200 15.715 0.007
3242.85295 15.980 0.007
3248.90692 16.066 0.007
3258.88770 16.217 0.007
3264.85400 16.283 0.007
3271.79702 16.346 0.009
3274.80573 16.384 0.009
3278.87880 16.481 0.009
3282.76078 16.502 0.007
3287.80994 16.571 0.007
3295.76772 16.656 0.007
3301.82128 16.700 0.010
3305.73031 16.786 0.010
3307.75514 16.784 0.012
3309.79157 16.815 0.010
3311.78520 16.822 0.011
3320.84866 16.920 0.010
3323.76268 16.898 0.011
3327.80113 16.929 0.010
3330.77718 16.956 0.012
3336.62956 17.026 0.013
3339.80806 17.038 0.012
3350.74560 17.209 0.011
3353.80090 17.189 0.011
3357.74243 17.234 0.012
3360.71917 17.318 0.012
3365.83857 17.414 0.015
3373.80265 17.365 0.015
3378.72945 17.430 0.012
3394.61256 17.428 0.016
3395.78529 17.548 0.020
3399.76630 17.571 0.018
3403.75333 17.538 0.015
3408.67649 17.630 0.015
3413.52286 17.632 0.020
3417.61671 17.648 0.015
3427.53934 17.575 0.017
3434.50452 17.782 0.021
3440.51420 17.720 0.017
3447.49779 17.774 0.024
3456.52335 17.792 0.021
3469.47820 17.975 0.025
3478.47067 17.934 0.025
3579.92884 17.444 0.016
3601.88114 17.241 0.013
3619.88395 17.153 0.011
3630.76537 17.144 0.015
3634.86311 17.128 0.013
3640.77276 17.141 0.011
3651.80667 17.169 0.011
3654.85289 17.189 0.011
3658.81660 17.214 0.012
3661.86233 17.171 0.013
3665.83551 17.202 0.012
3670.80516 17.245 0.013
3673.81545 17.253 0.011
3676.81557 17.278 0.012
3685.75498 17.300 0.012
3687.84172 17.279 0.011
3690.76367 17.244 0.013
3693.79932 17.257 0.012
3695.83045 17.265 0.012
3698.82007 17.266 0.012
3701.68904 17.279 0.012
3703.77280 17.268 0.011
3705.83699 17.277 0.011
3708.82474 17.280 0.012
3712.78228 17.293 0.012
3715.74294 17.272 0.013
3718.68377 17.271 0.015
3720.83355 17.285 0.015
3724.75120 17.314 0.012
3728.72922 17.239 0.013
3731.79226 17.268 0.011
3733.65286 17.269 0.012
3735.64290 17.295 0.011
3737.80141 17.293 0.011
3740.76468 17.285 0.012
3742.77081 17.197 0.015
3745.80731 17.234 0.012
3747.81000 17.226 0.016
3749.75733 17.196 0.015
3751.77114 17.155 0.012
3753.72055 17.185 0.012
3755.72064 17.127 0.013
3757.71034 17.119 0.011
3759.80064 17.083 0.011
3763.67262 17.101 0.010
3766.68922 17.051 0.012
3770.71677 16.992 0.012
3773.74803 16.967 0.012
3776.72240 16.959 0.012
3779.67309 16.958 0.012
3783.58958 16.858 0.010
3788.56378 16.827 0.010
3793.56930 16.763 0.010
3801.50507 16.704 0.010
3810.53986 16.621 0.010
3826.48066 16.405 0.010
3950.93793 15.691 0.007
3958.86680 15.635 0.007
3965.84071 15.600 0.007
3970.86082 15.567 0.007
3982.81164 15.438 0.007
3990.91645 15.331 0.007
3993.76437 15.297 0.007
3999.85591 15.226 0.007
4003.73180 15.170 0.007
4006.75301 15.145 0.007
4008.77393 15.124 0.007
4013.78555 15.067 0.007
4019.78674 15.030 0.007
4024.77982 15.009 0.007
4026.84876 14.999 0.007
4029.79313 14.990 0.007
4032.82974 14.992 0.007
4038.77582 14.980 0.007
4041.73572 14.972 0.007
4043.74076 14.972 0.007
4046.83392 14.966 0.007
4049.70402 14.969 0.007
4052.76536 14.965 0.007
4056.81065 14.974 0.007
4058.85778 14.982 0.007
4064.77311 15.007 0.007
4066.77305 14.998 0.007
4069.72613 15.017 0.007
4071.65409 15.013 0.007
4076.72632 15.040 0.007
4079.76781 15.055 0.007
4082.80939 15.069 0.007
4084.78094 15.071 0.007
4086.80596 15.077 0.007
4093.85879 15.122 0.007
4103.63059 15.185 0.007
4106.56242 15.205 0.007
4111.78473 15.246 0.007
4117.72534 15.292 0.007
4121.70328 15.327 0.007
4127.65390 15.364 0.007
4132.74280 15.422 0.007
4143.52994 15.531 0.007
4157.52165 15.687 0.007
4168.56290 15.839 0.007
4198.51545 16.206 0.009
4343.84838 16.054 0.009
4348.81730 16.010 0.007
4353.84869 15.986 0.007
4358.80078 15.958 0.009
4364.88713 15.923 0.007
4367.86096 15.917 0.007
4370.88263 15.894 0.007
4373.83866 15.884 0.007
4377.89056 15.876 0.007
4381.73028 15.856 0.007
4386.84819 15.871 0.007
4390.81020 15.876 0.007
4394.85676 15.877 0.007
4399.78451 15.906 0.007
4407.81381 15.965 0.007
4412.77199 15.992 0.007
4418.85762 16.038 0.007
4423.72235 16.084 0.007
4427.72442 16.102 0.007
4430.72774 16.118 0.009
4433.74524 16.135 0.007
4436.83998 16.141 0.009
4440.68749 16.156 0.009
4443.77996 16.154 0.009
4449.75092 16.159 0.009
4451.78653 16.159 0.007
4455.75189 16.142 0.009
4457.78308 16.109 0.009
4459.75033 16.095 0.007
4463.74705 16.070 0.007
4465.76382 16.051 0.007
4468.72809 16.024 0.007
4470.68363 16.000 0.007
4473.72677 15.979 0.007
4476.74766 15.958 0.007
4482.78853 15.902 0.007
4485.77894 15.858 0.007
4490.62614 15.813 0.007
4494.69217 15.777 0.007
4498.71712 15.750 0.007
4501.71447 15.729 0.007
4506.64846 15.705 0.007
4508.67534 15.707 0.007
4509.73943 15.706 0.007
4512.70834 15.692 0.007
4518.64854 15.660 0.007
4521.68906 15.667 0.007
4523.66809 15.662 0.007
4525.63271 15.657 0.007
4531.61641 15.654 0.007
4534.54528 15.654 0.007
4537.66102 15.660 0.007
4539.58026 15.664 0.007
4542.49767 15.678 0.007
4545.59496 15.686 0.007
4547.56302 15.695 0.007
4552.53757 15.700 0.007
4559.58038 15.751 0.007
4568.54854 15.786 0.007
4575.52543 15.835 0.007
4589.48768 15.943 0.009
4616.45952 16.244 0.010
4685.87831 17.144 0.013
4699.84144 17.314 0.016
4708.90083 17.394 0.015
4720.83914 17.492 0.015
4725.77969 17.506 0.017
4728.89084 17.493 0.016
4734.85377 17.517 0.016
4748.89240 17.621 0.022
4753.80094 17.450 0.021
4757.81970 17.546 0.017
4760.82126 17.576 0.015
4765.85457 17.543 0.018
4769.75065 17.497 0.016
4772.78276 17.525 0.016
4775.80038 17.506 0.017
4777.81392 17.507 0.015
4782.66386 17.473 0.017
4784.76382 17.495 0.018
4789.67273 17.477 0.015
4792.84917 17.436 0.016
4796.72553 17.441 0.013
4798.67285 17.405 0.016
4801.63874 17.416 0.016
4803.68433 17.444 0.015
4805.78466 17.432 0.013
4808.71921 17.376 0.016
4810.77920 17.418 0.013
4813.76001 17.340 0.018
4815.74379 17.405 0.016
4817.74129 17.376 0.013
4819.75032 17.391 0.013
4822.73016 17.376 0.013
4824.74817 17.365 0.012
4826.76108 17.371 0.012
4833.76382 17.339 0.013
4835.77437 17.345 0.013
4837.77347 17.265 0.016
4839.72478 17.296 0.013
4841.78911 17.340 0.015
4843.78890 17.295 0.017
4846.77887 17.286 0.015
4848.80873 17.319 0.013
4852.76522 17.213 0.015
4854.76649 17.304 0.013
4856.77327 17.295 0.015
4861.72826 17.183 0.015
4866.69368 17.197 0.012
4867.69223 17.165 0.012
4869.66122 17.197 0.013
4870.70535 17.130 0.013
4871.66882 17.135 0.016
4874.60905 17.112 0.012
4875.65475 17.143 0.012
4877.67985 17.115 0.011
4879.68657 17.078 0.012
4882.70527 17.082 0.013
4885.66711 17.071 0.012
4889.62515 17.071 0.012
4902.62340 16.988 0.013
4911.64213 17.014 0.011
4915.56132 16.974 0.012
4919.56648 16.980 0.011
4925.58030 16.977 0.011
4929.54749 16.921 0.013
4932.58266 16.972 0.013
4935.56049 16.928 0.012
4939.56734 16.887 0.012
4944.53284 16.874 0.011
4949.52641 16.848 0.010
4954.52504 16.766 0.012
