 726.80957 19.924 0.119
 726.81872 19.896 0.110
 728.87286 19.801 0.116
 728.88255 19.886 0.130
 729.85576 19.928 0.151
 739.84045 20.190 0.268
 739.85253 20.040 0.203
 742.85273 20.077 0.191
 744.76085 20.020 0.154
 744.82560 20.097 0.178
 745.83515 20.017 0.142
 745.84547 20.148 0.134
 746.83135 20.226 0.155
 746.87321 20.247 0.199
 747.69260 20.077 0.156
 747.72678 20.059 0.143
 748.66999 20.279 0.201
 748.67882 20.191 0.165
 750.75028 20.113 0.170
 750.79175 20.185 0.156
 751.78077 20.000 0.167
 751.79253 20.278 0.187
 752.84217 20.121 0.172
 752.85036 19.987 0.155
 754.79661 19.939 0.186
 754.85045 20.267 0.295
 755.75429 20.191 0.209
 755.77456 20.243 0.197
 759.70044 20.178 0.145
 759.75086 20.229 0.170
 760.80536 20.292 0.187
 761.78163 20.167 0.173
 762.82610 20.053 0.177
 766.83132 20.457 0.305
 769.83849 20.125 0.226
 773.78687 20.321 0.213
 773.82590 20.237 0.213
 776.81206 20.257 0.197
 776.85190 20.289 0.250
 778.84147 20.146 0.257
 779.79283 20.446 0.250
 780.77242 20.062 0.157
 781.80936 20.235 0.218
 782.80106 20.683 0.293
 783.81778 20.558 0.189
 788.82029 20.261 0.180
 788.82849 20.385 0.189
 790.83503 20.242 0.164
 792.73853 20.353 0.230
 795.79174 20.444 0.231
 798.78701 20.653 0.315
 816.84268 20.262 0.194
 817.74637 20.443 0.188
 817.78515 20.584 0.298
 819.82302 20.536 0.347
 824.69371 20.486 0.296
 824.73254 20.373 0.258
 826.72920 20.053 0.180
 826.78635 20.375 0.242
 827.67526 20.810 0.276
 827.68312 20.342 0.160
 828.73468 20.373 0.262
 828.74278 20.450 0.217
 829.69039 20.346 0.209
 829.79921 20.553 0.309
 830.74851 20.308 0.228
 831.58575 20.057 0.172
 831.62427 20.426 0.241
 832.56837 20.252 0.166
 832.74717 20.530 0.271
 832.75537 20.393 0.193
 833.57494 20.395 0.185
 833.67996 20.576 0.173
 834.70959 20.458 0.212
 834.73299 20.234 0.263
 835.70017 20.729 0.256
 835.79667 20.217 0.143
 836.66896 20.292 0.204
 837.65051 20.156 0.119
 837.65858 20.409 0.144
 838.77813 20.017 0.301
 839.64915 20.301 0.197
 839.65699 20.192 0.160
 840.76956 20.222 0.176
 841.74601 20.355 0.172
 842.68165 20.290 0.220
 842.73597 20.342 0.214
 844.62937 20.468 0.285
 845.65446 20.284 0.151
 846.76280 20.710 0.287
 850.72550 20.242 0.251
 850.75362 20.304 0.192
 854.76295 20.562 0.442
 854.77084 20.329 0.356
 855.70052 20.485 0.573
 855.74757 20.728 0.544
 856.65492 20.199 0.250
 856.66251 20.249 0.250
 857.71319 20.135 0.258
 857.72118 20.636 0.342
 858.66704 20.435 0.272
 858.68435 20.329 0.230
 859.74295 20.488 0.308
 859.75109 20.335 0.212
 860.64404 20.216 0.192
 860.68411 20.194 0.262
 865.55182 20.107 0.256
 867.60725 20.430 0.209
 867.61645 20.116 0.236
 874.68010 20.296 0.142
 874.71882 20.382 0.204
 876.58795 20.337 0.167
 876.59616 20.638 0.202
 876.68814 21.237 0.419
 876.69864 20.974 0.293
 878.68619 20.393 0.234
 880.61162 20.285 0.212
 880.62049 20.575 0.241
 885.57961 20.022 0.266
 885.61829 19.877 0.315
 887.65661 20.272 0.342
 887.66472 20.628 0.333
 890.68022 20.218 0.326
 890.68833 19.949 0.220
 892.53510 20.537 0.220
 892.57374 20.365 0.268
 893.70133 20.270 0.264
 895.61712 20.714 0.360
 896.50305 20.097 0.167
 898.59478 19.448 0.074
 900.55652 20.179 0.198
 919.55842 20.772 0.502
 925.51149 19.994 0.236
 931.56950 19.933 0.221
 934.51830 19.740 0.176
 950.51152 19.986 0.167
 951.49647 20.136 0.180
 951.50502 20.062 0.151
1041.91068 19.403 0.092
1072.88627 19.071 0.073
1072.89464 19.130 0.063
1079.80304 19.109 0.058
1079.82910 19.023 0.068
1080.80662 19.188 0.058
1081.82272 19.100 0.073
1083.81716 19.208 0.078
1083.89097 19.062 0.065
1084.80460 19.130 0.070
1084.81260 19.141 0.060
1086.82489 19.175 0.081
1086.84062 19.090 0.062
1089.78794 19.055 0.078
1090.76829 19.221 0.094
1090.80974 19.192 0.102
1091.86789 19.120 0.092
1091.87609 19.036 0.070
1092.81868 19.267 0.080
1092.86625 19.189 0.084
1093.83074 19.043 0.063
1106.75966 19.122 0.052
1108.78066 19.205 0.060
1109.80457 19.027 0.081
1113.86802 19.111 0.110
1114.79010 19.186 0.047
1116.81225 19.186 0.054
1119.83334 19.156 0.064
1120.73788 19.115 0.080
1126.71399 19.048 0.068
1126.75767 19.126 0.070
1129.81273 19.161 0.069
1129.82197 19.147 0.062
1131.82792 19.182 0.087
1132.81752 19.164 0.069
1134.82232 19.120 0.060
1137.79969 19.220 0.065
1138.84100 19.206 0.062
1142.76767 19.258 0.054
1152.72527 19.198 0.114
1154.74079 19.126 0.063
1155.69702 19.144 0.071
1157.75090 19.288 0.092
1159.75659 19.071 0.060
1161.82060 19.192 0.054
1163.82249 19.253 0.076
1164.83740 19.209 0.055
1166.75488 19.145 0.076
1167.74377 19.052 0.075
1167.78110 19.281 0.108
1168.75479 19.041 0.086
1168.76374 19.092 0.075
1171.72263 19.188 0.064
1171.73263 19.263 0.060
1174.85045 19.164 0.058
1175.72999 19.219 0.054
1178.76841 19.219 0.078
1179.77938 19.389 0.114
1181.73396 19.391 0.107
1181.74287 19.202 0.083
1183.76751 19.127 0.073
1183.82778 19.303 0.074
1185.81644 19.326 0.076
1185.82515 19.124 0.055
1187.76968 19.112 0.067
1187.78046 19.173 0.058
1189.71689 19.180 0.052
1189.75807 19.306 0.074
1191.75558 19.251 0.053
1191.82295 19.176 0.062
1192.81437 19.290 0.054
1192.85370 19.098 0.062
1193.80629 19.250 0.059
1194.67321 19.307 0.075
1194.68193 19.243 0.071
1196.69011 19.212 0.087
1201.77042 19.283 0.074
1202.69548 19.166 0.081
1202.76454 19.313 0.078
1204.67561 19.274 0.096
1204.68614 19.305 0.086
1206.78631 19.208 0.075
1207.68839 19.263 0.095
1207.69654 19.314 0.087
1211.67306 19.320 0.089
1211.68070 19.343 0.107
1213.63649 19.294 0.092
1213.71495 19.291 0.103
1214.71524 19.448 0.108
1214.72287 19.343 0.112
1215.54132 19.357 0.085
1215.54897 19.423 0.086
1216.60940 19.331 0.064
1216.61703 19.235 0.074
1217.67701 19.477 0.110
1217.68462 19.311 0.095
1219.61424 19.186 0.085
1219.62187 19.381 0.105
1221.58488 19.425 0.097
1221.59253 19.299 0.092
1223.67502 19.377 0.078
1223.68269 19.452 0.105
1224.55470 19.464 0.101
1224.56231 19.261 0.100
1226.56295 19.377 0.068
1226.57060 19.352 0.083
1227.57001 19.372 0.081
1227.57764 19.386 0.090
1232.65961 19.372 0.085
1232.66727 19.394 0.087
1235.56844 19.422 0.091
1237.54469 19.453 0.164
1237.55235 19.830 0.269
1238.64671 19.412 0.134
1238.65435 19.447 0.143
1241.54694 19.538 0.110
1241.55455 19.493 0.126
1242.61793 19.469 0.100
1243.56405 19.600 0.118
1243.57168 19.402 0.101
1245.53261 19.546 0.119
1245.54024 19.467 0.117
1247.66698 19.617 0.113
1247.67465 19.484 0.119
1248.63470 19.636 0.139
1248.64236 19.469 0.139
1251.58926 19.558 0.130
1251.59692 19.730 0.181
1254.54313 19.528 0.123
1254.55081 19.514 0.121
1255.57613 19.632 0.162
1255.58381 19.510 0.154
1257.60778 19.654 0.126
1257.61543 19.665 0.150
1260.59384 19.674 0.094
1260.60149 19.572 0.095
1264.58426 19.679 0.135
1264.59189 19.518 0.191
1266.58600 19.812 0.192
1266.59368 19.505 0.171
1267.60211 19.940 0.187
1267.60975 19.944 0.229
1274.58515 19.873 0.186
1275.52452 19.763 0.137
1275.53218 19.706 0.170
1278.50716 19.950 0.172
1278.51482 19.648 0.153
1281.51523 19.831 0.185
1281.52287 19.860 0.198
1290.48496 19.879 0.215
1290.49259 19.901 0.239
1296.57583 20.090 0.212
1296.58350 19.911 0.205
1300.52194 19.937 0.203
1300.52958 19.911 0.231
1305.50037 20.009 0.178
1305.50800 20.200 0.236
1308.53136 20.289 0.218
1308.53899 20.070 0.252
1315.49058 20.346 0.309
1315.49820 20.423 0.470
1318.47326 19.970 0.221
1318.48090 20.369 0.360
1320.52309 19.972 0.234
1329.45889 20.377 0.376
1331.47790 19.938 0.218
1331.48554 20.083 0.298
1431.82124 20.317 0.171
1433.81781 20.248 0.194
1435.86571 20.228 0.198
1437.85843 20.358 0.209
1440.89740 20.126 0.191
1443.78873 20.026 0.228
1447.76248 20.372 0.359
1447.77009 20.708 0.568
1448.85324 20.199 0.229
1453.77327 19.875 0.249
1453.78274 19.846 0.253
1454.88928 19.942 0.193
1455.77142 19.931 0.253
1455.77903 20.478 0.429
1458.75739 20.117 0.226
1458.76496 20.546 0.440
1459.87894 19.726 0.111
1460.75956 19.834 0.145
1460.76717 19.859 0.192
1461.72530 19.928 0.160
1471.73575 19.994 0.185
1475.83017 19.885 0.137
1478.75489 19.970 0.146
1481.81710 19.987 0.151
1484.82141 19.863 0.108
1487.81420 20.017 0.151
1488.86226 19.915 0.122
1491.75294 20.073 0.201
1493.69486 19.735 0.122
1493.70250 20.001 0.300
1495.73828 19.970 0.133
1498.65946 20.070 0.202
1498.66707 19.969 0.202
1500.79999 19.831 0.097
1503.69028 19.928 0.182
1505.79712 20.053 0.180
1507.69312 19.754 0.146
1507.70076 19.769 0.213
1508.80977 19.835 0.128
1509.67126 19.870 0.138
1510.63678 19.886 0.118
1511.71945 19.871 0.134
1512.75345 20.123 0.185
1514.76792 19.734 0.133
1516.81371 19.608 0.097
1517.84562 19.892 0.118
1518.68555 19.813 0.114
1520.71087 19.837 0.118
1522.71155 19.821 0.127
1523.71173 19.818 0.161
1525.68767 19.925 0.171
1527.75301 19.823 0.112
1527.76064 19.886 0.121
1528.67894 19.917 0.128
1528.68658 20.135 0.262
1529.80439 19.815 0.108
1531.69633 19.806 0.124
1531.70396 19.968 0.151
1538.65346 19.888 0.129
1538.66108 19.682 0.118
1541.60928 19.789 0.096
1542.76364 19.595 0.108
1542.77127 19.768 0.142
1544.66596 19.720 0.107
1544.67358 19.802 0.110
1546.67518 19.812 0.137
1546.69064 19.807 0.189
1546.69825 19.742 0.182
1547.69223 19.660 0.078
1547.69991 19.660 0.084
1548.66940 19.643 0.096
1548.67704 19.655 0.128
1551.69875 19.706 0.084
1552.63170 19.587 0.094
1553.65541 19.549 0.085
1553.66303 19.705 0.105
1554.63401 19.626 0.096
1555.65845 19.731 0.112
1555.66611 19.517 0.112
1556.63261 19.598 0.116
1556.64026 19.584 0.124
1560.62434 19.692 0.122
1560.63197 19.712 0.154
1564.54347 19.535 0.146
1564.55111 19.482 0.161
1568.62017 19.606 0.126
1568.62779 19.448 0.113
1571.62982 19.608 0.089
1571.63745 19.674 0.111
1575.64422 19.479 0.087
1575.65185 19.346 0.102
1578.68452 19.486 0.107
1578.69216 19.440 0.134
1580.69531 19.623 0.094
1580.70295 19.599 0.100
1582.62982 19.480 0.089
1582.63746 19.419 0.098
1585.62062 19.442 0.083
1585.62824 19.375 0.108
1588.62384 19.452 0.113
1588.63150 19.456 0.119
1591.58768 19.173 0.137
1591.59535 19.364 0.166
1595.58093 19.240 0.089
1595.58859 19.406 0.165
1599.64694 19.304 0.075
1599.65456 19.295 0.089
1600.59983 19.206 0.098
1600.62146 19.651 0.289
1601.60695 19.155 0.097
1601.61460 19.210 0.119
1602.68104 19.104 0.090
1604.60501 19.271 0.075
1604.61263 19.135 0.078
1606.56198 19.156 0.068
1606.56963 19.174 0.084
1609.51821 19.155 0.089
1609.52584 19.170 0.105
1610.53310 19.204 0.100
1610.54077 19.176 0.112
1611.59325 19.332 0.103
1611.60086 19.141 0.086
1613.57359 19.146 0.083
1613.58124 19.073 0.073
1614.64466 19.307 0.089
1614.65233 19.111 0.124
1616.50228 19.126 0.065
1616.50994 19.138 0.070
1618.64781 19.060 0.078
1618.65916 19.115 0.087
1619.54153 19.082 0.100
1619.54920 18.958 0.095
1621.53769 19.113 0.086
1621.54533 19.076 0.094
1623.63485 19.076 0.094
1623.64250 19.023 0.097
1625.61590 19.052 0.078
1625.62354 19.034 0.090
1627.58616 19.016 0.100
1627.59381 19.152 0.114
1628.52605 19.002 0.064
1628.53374 18.960 0.079
1630.49775 19.057 0.103
1630.50538 19.023 0.118
1631.49553 19.045 0.065
1631.50318 19.016 0.069
1633.61096 19.080 0.064
1633.61863 19.083 0.079
1635.49397 19.021 0.085
1635.50163 18.999 0.081
1643.56997 19.093 0.106
1643.57760 19.043 0.138
1644.49697 19.012 0.058
1645.50307 19.099 0.105
1645.51071 19.236 0.196
1653.48838 18.979 0.087
1653.49604 19.186 0.128
1655.53234 18.960 0.079
1655.53997 19.149 0.106
1657.54179 19.009 0.083
1657.54943 19.096 0.103
1660.51666 18.988 0.074
1660.52428 19.022 0.086
1662.52401 19.076 0.081
1662.53162 19.049 0.080
1664.54707 19.030 0.076
1664.55471 19.064 0.096
1669.51699 19.119 0.084
1669.52462 19.076 0.110
1672.48965 18.958 0.076
1672.49732 18.969 0.087
1687.48734 19.341 0.161
1687.49497 19.050 0.137
1695.47270 19.261 0.101
1695.48030 19.094 0.100
1766.86545 19.600 0.139
1768.85110 19.673 0.145
1768.85871 19.595 0.150
1773.90945 19.852 0.129
1773.91704 19.662 0.124
1782.84066 19.696 0.130
1782.84826 19.611 0.124
1788.84908 19.899 0.156
1788.85670 19.587 0.117
1804.84435 19.917 0.137
1811.86490 20.057 0.126
1811.87249 20.091 0.157
1815.84107 19.840 0.134
1815.84867 20.145 0.178
1818.88339 20.015 0.128
1822.72277 19.941 0.145
1822.73037 19.966 0.161
1829.87203 20.114 0.181
1829.87963 20.142 0.223
1844.77986 20.026 0.127
1844.78747 20.158 0.146
1850.76122 20.324 0.231
1854.81826 20.076 0.127
1854.82587 20.195 0.151
1858.76533 19.987 0.185
1860.80771 20.675 0.324
1863.78081 20.488 0.237
1866.73152 20.729 0.251
1868.71261 20.268 0.159
1870.83367 20.377 0.258
1870.84127 20.732 0.422
1872.84948 20.574 0.282
1872.85710 20.140 0.257
1874.75441 20.500 0.207
1874.76205 20.495 0.217
2166.85603 18.808 0.046
2183.89928 18.936 0.119
2189.86169 18.812 0.057
2192.76512 18.780 0.037
2201.77532 18.734 0.036
2212.80960 18.662 0.042
2217.79400 18.818 0.058
2223.81457 18.713 0.043
2226.78894 18.751 0.043
2228.83237 18.697 0.046
2232.76604 18.766 0.041
2234.75998 18.725 0.037
2238.71065 18.679 0.038
2240.83957 18.809 0.047
2242.84532 18.766 0.059
2248.72657 18.828 0.040
2251.75620 18.810 0.037
2253.77380 18.786 0.035
2255.70212 18.891 0.053
2258.70157 18.787 0.037
2269.78308 18.853 0.047
2271.73138 18.881 0.047
2273.82172 18.936 0.057
2275.79519 18.893 0.053
2277.79798 19.041 0.048
2279.79480 19.008 0.046
2281.75763 18.926 0.040
2283.81483 18.932 0.038
2289.75169 18.935 0.051
2291.75780 18.986 0.068
2293.72615 18.993 0.068
2295.74721 19.056 0.047
2297.73813 18.896 0.054
2299.77055 19.023 0.055
2303.67136 19.300 0.092
2326.58006 19.218 0.062
2332.52346 19.285 0.096
2338.54603 19.402 0.067
2355.51150 19.466 0.108
2387.50181 19.534 0.151
2524.86659 19.147 0.071
2542.83342 19.093 0.058
2544.89157 19.006 0.071
2551.88179 18.897 0.044
2559.81971 18.853 0.052
2563.86494 18.842 0.060
2577.85446 18.673 0.043
2583.75090 18.645 0.044
2589.79143 18.558 0.033
2594.80826 18.578 0.064
2599.86307 18.625 0.055
2609.66930 18.450 0.042
2611.67318 18.479 0.048
2617.81982 18.428 0.037
2620.78884 18.414 0.026
2623.76207 18.349 0.031
2626.68715 18.294 0.031
2627.62896 18.366 0.049
2628.85428 18.333 0.040
2630.84300 18.286 0.044
2632.63371 18.241 0.031
2635.62855 18.222 0.026
2637.76871 18.222 0.026
2639.78496 18.177 0.021
2641.65923 18.148 0.025
2643.67113 18.128 0.024
2645.66274 18.104 0.022
2647.58948 18.097 0.025
2651.65775 18.016 0.022
2653.68248 17.970 0.027
2655.66680 17.937 0.021
2657.80052 17.935 0.026
2659.66856 17.878 0.019
2661.69244 17.864 0.019
2665.79432 17.838 0.022
2671.80025 17.816 0.024
2675.73071 17.787 0.016
2677.76561 17.763 0.024
2679.75614 17.750 0.024
2686.60786 17.735 0.022
2691.53462 17.758 0.026
2695.59196 17.714 0.021
2700.54296 17.671 0.021
2713.52806 17.601 0.024
2841.93229 17.892 0.027
2868.89484 18.209 0.031
2890.83797 18.418 0.044
2895.87369 18.491 0.031
2900.82936 18.522 0.033
2906.86035 18.540 0.031
2910.89370 18.611 0.031
2915.89384 18.652 0.036
2922.77399 18.712 0.059
2925.86239 18.762 0.044
2930.77496 18.736 0.046
2933.81939 18.826 0.036
2939.82779 18.764 0.044
2941.84585 18.818 0.036
2943.72065 18.863 0.051
2946.82369 18.895 0.053
2948.81400 18.809 0.044
2952.81004 18.786 0.046
2956.65345 18.923 0.044
2958.68024 18.915 0.057
2962.69116 18.891 0.049
2965.70820 18.928 0.048
2967.80754 18.996 0.044
2970.77316 18.955 0.038
2974.71272 18.980 0.052
2976.74657 18.962 0.043
2978.64111 18.991 0.057
2980.66754 18.944 0.053
2982.62670 18.867 0.049
2984.66783 18.943 0.049
2986.75567 18.888 0.048
2988.72364 18.979 0.054
2990.65706 18.900 0.041
2992.74668 18.905 0.041
2994.65446 18.898 0.042
2996.74478 18.986 0.046
2998.69950 18.891 0.043
2999.79153 18.947 0.048
3001.67025 18.923 0.040
3003.66591 18.884 0.043
3005.62290 18.919 0.055
3007.74138 18.964 0.052
3009.67720 18.922 0.044
3011.62277 18.829 0.063
3013.65343 18.922 0.051
3017.62873 18.963 0.037
3018.72056 18.943 0.052
3020.79577 18.896 0.049
3022.82226 18.902 0.049
3024.77083 18.905 0.041
3026.76814 18.885 0.038
3028.77561 18.890 0.036
3030.78048 18.825 0.038
3033.70778 18.823 0.031
3035.71407 18.843 0.037
3038.69244 18.896 0.057
3040.69207 18.746 0.047
3042.63561 18.917 0.055
3044.56952 18.837 0.049
3046.58501 18.877 0.041
3048.56996 18.816 0.032
3050.58882 18.801 0.035
3052.58585 18.807 0.035
3054.58670 18.766 0.041
3056.58389 18.748 0.035
3058.57764 18.837 0.049
3060.59812 18.732 0.036
3064.60266 18.779 0.058
3067.65963 18.765 0.038
3069.61973 18.748 0.047
3073.53451 18.794 0.054
3075.62386 18.691 0.037
3078.54370 18.784 0.049
3082.53269 18.706 0.047
3084.60863 18.735 0.032
3087.57091 18.720 0.037
3090.52586 18.741 0.053
3093.50719 18.793 0.062
3098.61612 18.863 0.055
3101.57380 18.844 0.078
3104.54703 18.887 0.055
3111.52055 18.783 0.059
3114.51449 18.787 0.044
3115.53883 18.776 0.048
3126.47895 18.771 0.049
3144.49424 18.674 0.058
3224.89441 18.357 0.040
3239.92839 18.402 0.032
3247.89934 18.328 0.030
3256.87762 18.395 0.030
3263.85244 18.430 0.022
3268.86819 18.437 0.025
3273.83980 18.515 0.035
3276.85787 18.471 0.037
3281.82281 18.565 0.029
3289.83626 18.628 0.038
3294.83441 18.618 0.030
3296.83976 18.720 0.031
3298.87030 18.567 0.030
3301.69067 18.771 0.060
3303.85970 18.714 0.046
3306.83430 18.800 0.042
3308.85131 18.672 0.040
3311.66143 18.879 0.051
3320.69457 18.840 0.044
3323.64754 18.976 0.053
3329.82359 19.013 0.036
3334.72342 19.279 0.078
3338.77916 19.086 0.046
3349.79543 19.399 0.065
3351.78025 19.222 0.052
3354.74839 19.288 0.065
3358.63470 19.378 0.052
3361.73051 19.392 0.060
3363.72064 19.401 0.074
3372.69294 19.733 0.076
3377.72913 19.740 0.107
3386.75491 19.740 0.063
3391.60024 19.789 0.107
3395.66433 19.913 0.128
3398.71203 20.244 0.142
3402.65731 19.933 0.090
3404.58514 20.451 0.183
3408.53859 19.953 0.111
3412.58388 20.016 0.117
3414.61543 20.093 0.143
3419.58627 20.456 0.197
3426.52178 20.267 0.182
3433.57297 20.345 0.187
3443.54356 20.645 0.201
3453.50992 20.653 0.218
3575.91504 20.952 0.328
3589.88650 20.722 0.217
3617.88345 21.127 0.316
3629.82294 20.282 0.171
3634.78906 20.401 0.185
3639.89930 20.399 0.165
3641.83294 20.176 0.140
3650.82828 20.139 0.110
3653.85629 20.379 0.129
3657.80679 20.485 0.139
3660.77250 20.300 0.201
3664.80795 20.203 0.126
3668.74426 20.166 0.166
3672.75379 20.266 0.126
3676.85520 20.246 0.151
3684.79940 20.178 0.111
3687.71841 20.023 0.106
3689.81701 19.933 0.097
3692.74143 20.081 0.135
3694.81541 19.880 0.103
3696.69067 19.844 0.091
3699.70289 20.095 0.106
3701.75378 19.844 0.084
3704.72029 19.720 0.074
3706.77450 19.849 0.078
3711.66549 19.804 0.100
3713.67915 19.734 0.078
3716.72821 19.896 0.149
3719.75596 19.877 0.155
3722.81417 19.888 0.111
3726.67840 19.647 0.085
3728.65116 19.739 0.065
3731.75173 19.439 0.059
3733.63789 19.661 0.075
3734.74087 19.646 0.064
3736.75974 19.520 0.070
3737.64838 19.549 0.060
3739.71048 19.576 0.060
3741.81675 19.525 0.100
3743.71464 19.554 0.079
3746.75703 19.516 0.101
3748.70965 19.406 0.083
3750.71584 19.585 0.075
3752.72390 19.538 0.069
3754.74520 19.593 0.076
3755.66495 19.513 0.086
3757.63905 19.623 0.078
3759.60469 19.243 0.078
3762.68957 19.512 0.063
3765.71149 19.407 0.042
3769.75209 19.406 0.055
3772.72040 19.391 0.062
3775.71235 19.373 0.094
3778.69084 19.497 0.080
3782.59896 19.414 0.080
3786.57503 19.435 0.069
3791.57135 19.249 0.057
3798.57104 19.360 0.055
3805.55825 19.547 0.084
3820.50359 19.362 0.076
3944.93718 19.932 0.150
3961.93382 20.187 0.188
3968.91590 19.669 0.089
3974.91186 19.754 0.117
3981.80487 19.508 0.089
3988.88677 20.286 0.230
3995.83979 20.215 0.146
4002.83592 19.776 0.086
4005.78595 19.811 0.084
4007.79015 19.777 0.079
4011.77058 19.829 0.107
4018.75615 19.987 0.145
4023.80965 19.871 0.090
4026.72027 19.643 0.084
4028.85634 19.671 0.065
4031.74407 19.799 0.117
4037.85294 19.900 0.091
4040.82029 19.778 0.095
4042.83507 19.762 0.086
4046.71089 19.792 0.108
4048.79982 19.588 0.094
4052.64272 19.487 0.062
4053.84042 19.448 0.059
4056.68396 19.396 0.090
4059.67118 19.300 0.060
4064.63570 19.261 0.048
4066.61526 19.203 0.062
4069.68265 19.385 0.063
4071.60771 19.242 0.068
4076.67949 19.195 0.079
4079.69607 19.175 0.069
4082.68643 19.013 0.046
4084.76629 19.003 0.053
4087.68574 19.020 0.043
4093.77473 19.015 0.041
4102.66298 18.968 0.063
4104.80976 18.870 0.057
4109.67063 18.913 0.037
4113.68923 18.854 0.036
4119.62746 18.730 0.044
4122.67632 18.733 0.032
4125.72371 18.668 0.038
4129.72315 18.635 0.035
4142.58138 18.643 0.044
4150.55790 18.651 0.031
4154.55284 18.566 0.052
4166.51621 18.585 0.048
4184.50575 18.488 0.048
4340.90636 17.098 0.011
4346.89446 17.107 0.013
4350.91303 17.140 0.012
4357.84665 17.186 0.015
4363.77509 17.217 0.015
4365.79873 17.248 0.018
4369.79431 17.279 0.018
4372.76899 17.291 0.014
4376.85956 17.357 0.016
4379.86611 17.338 0.015
4383.87017 17.405 0.015
4388.86416 17.441 0.018
4393.73804 17.500 0.015
4398.81323 17.546 0.016
4403.75385 17.554 0.022
4411.74903 17.661 0.016
4417.83186 17.720 0.016
4421.74427 17.740 0.016
4425.81749 17.768 0.022
4429.72824 17.828 0.032
4432.76980 17.817 0.019
4436.69631 17.900 0.024
4439.74045 17.894 0.022
4442.71785 17.901 0.024
4448.77353 17.960 0.019
4450.77821 18.021 0.025
4453.75404 18.005 0.021
4456.76737 18.054 0.027
4459.67739 18.071 0.025
4462.67940 18.107 0.026
4465.71963 18.116 0.020
4469.67275 18.176 0.030
4474.67479 18.204 0.025
4478.77756 18.191 0.026
4481.77634 18.218 0.027
4484.68607 18.200 0.032
4487.74844 18.218 0.038
4492.70101 18.231 0.029
4494.73545 18.286 0.032
4499.61693 18.283 0.030
4502.68978 18.281 0.031
4507.64852 18.278 0.029
4509.64579 18.423 0.037
4522.55334 18.504 0.040
4524.56735 18.483 0.040
4530.57253 18.426 0.037
4532.56459 18.449 0.046
4537.56265 18.404 0.035
4540.61139 18.511 0.041
4549.56779 18.523 0.038
4560.50634 18.600 0.043
4567.51790 18.534 0.049
4574.53894 18.489 0.040
4592.47660 18.599 0.055
4681.92998 18.075 0.021
4691.89567 18.035 0.025
4702.90760 17.976 0.024
4719.82313 17.950 0.024
4722.91191 17.939 0.024
4726.89753 17.956 0.021
4731.87386 17.864 0.018
4747.84624 17.787 0.018
4751.89253 17.657 0.021
4756.81659 17.748 0.021
4759.86364 17.664 0.016
4762.82342 17.672 0.018
4768.80136 17.604 0.016
4771.84351 17.592 0.019
4774.85290 17.513 0.016
4777.69031 17.442 0.014
4780.83925 17.382 0.015
4783.80917 17.362 0.014
4788.73856 17.282 0.013
4791.71597 17.263 0.012
4794.72026 17.176 0.012
4797.70169 17.155 0.013
4800.74493 17.138 0.011
4802.77657 17.151 0.012
4804.80070 17.159 0.012
4805.82379 17.154 0.012
4807.77465 17.111 0.012
4810.73259 17.120 0.012
4812.79218 17.157 0.018
4814.68178 17.137 0.014
4816.67859 17.173 0.013
4818.70074 17.152 0.012
4820.70755 17.156 0.012
4823.72117 17.145 0.012
4825.80835 17.166 0.013
4831.85071 17.204 0.014
4832.81094 17.198 0.012
4834.78003 17.202 0.014
4837.68005 17.205 0.015
4839.70857 17.210 0.013
4841.74490 17.235 0.013
4843.74413 17.234 0.016
4846.71007 17.279 0.015
4850.72811 17.294 0.013
4852.72214 17.332 0.013
4855.72956 17.336 0.015
4857.70773 17.392 0.019
4866.67487 17.406 0.015
4868.67294 17.426 0.014
4870.66239 17.410 0.016
4873.69304 17.476 0.016
4875.59007 17.458 0.014
4876.62073 17.502 0.014
4878.64564 17.477 0.014
4882.56491 17.555 0.018
4884.62731 17.540 0.018
4888.54375 17.578 0.015
4900.57538 17.708 0.022
4904.60111 17.811 0.025
4913.57893 17.856 0.024
4918.55556 17.851 0.021
4924.57517 18.004 0.020
4928.56497 18.058 0.026
4930.51620 18.143 0.033
4934.51302 18.205 0.035
4938.50428 18.173 0.033
4942.52085 18.228 0.032
4947.51422 18.399 0.033
