 726.80032 15.039 0.007
 728.86360 15.032 0.007
 729.84648 15.025 0.007
 739.83117 14.980 0.007
 742.84349 14.974 0.007
 744.81633 14.957 0.007
 745.82588 14.956 0.007
 746.86398 14.932 0.007
 747.68336 14.942 0.007
 748.66071 14.933 0.007
 750.74100 14.924 0.007
 751.77150 14.905 0.007
 752.83287 14.898 0.007
 754.84117 14.866 0.007
 755.73842 14.881 0.007
 759.74164 14.857 0.007
 760.79613 14.860 0.007
 762.81684 14.848 0.007
 769.82924 14.810 0.007
 773.81665 14.788 0.007
 776.84267 14.770 0.007
 779.78356 14.749 0.007
 781.80014 14.744 0.007
 783.80855 14.712 0.007
 788.81100 14.686 0.007
 790.82578 14.682 0.007
 795.78250 14.642 0.007
 798.77778 14.617 0.007
 805.83937 14.586 0.007
 816.83343 14.496 0.007
 817.77590 14.482 0.007
 824.72329 14.440 0.007
 826.69558 14.435 0.007
 827.66603 14.427 0.007
 828.72546 14.424 0.007
 829.78998 14.410 0.007
 830.60703 14.407 0.007
 831.61504 14.394 0.007
 832.73788 14.385 0.007
 833.67067 14.362 0.007
 834.72375 14.361 0.007
 835.69091 14.348 0.007
 836.65976 14.336 0.007
 837.64126 14.322 0.007
 838.76892 14.319 0.007
 839.63991 14.298 0.007
 840.76034 14.280 0.007
 842.67241 14.251 0.007
 844.62015 14.227 0.007
 845.64524 14.211 0.007
 850.71628 14.135 0.007
 854.75372 14.081 0.007
 855.73833 14.069 0.007
 856.64569 14.059 0.007
 857.70397 14.056 0.007
 858.65779 14.062 0.007
 859.73371 14.032 0.007
 860.67491 14.028 0.007
 865.54258 13.992 0.007
 867.59803 13.980 0.007
 874.70954 13.924 0.007
 876.57871 13.906 0.007
 876.67890 13.905 0.007
 878.71558 13.890 0.007
 880.60236 13.881 0.007
 885.60905 13.860 0.007
 887.64738 13.856 0.007
 890.67094 13.834 0.007
 892.56450 13.823 0.007
 895.60785 13.822 0.007
 898.58552 13.830 0.007
 918.60076 13.872 0.007
 922.50505 13.889 0.007
 928.56697 13.933 0.007
 933.52924 13.977 0.007
 951.48717 14.178 0.007
1041.90136 14.795 0.007
1072.84969 14.639 0.007
1078.80983 14.582 0.007
1080.86406 14.560 0.007
1081.81345 14.560 0.007
1083.88169 14.543 0.007
1084.79530 14.538 0.007
1086.81563 14.505 0.007
1089.77868 14.483 0.007
1090.80045 14.466 0.007
1091.85862 14.464 0.007
1092.85697 14.448 0.007
1102.86263 14.400 0.007
1107.84560 14.385 0.007
1109.79533 14.382 0.007
1113.85876 14.370 0.007
1116.80300 14.351 0.007
1126.70475 14.290 0.007
1129.80349 14.274 0.007
1131.80816 14.264 0.007
1132.80002 14.250 0.007
1134.81308 14.244 0.007
1142.75040 14.169 0.007
1151.84505 14.077 0.007
1153.71667 14.050 0.007
1155.67236 14.043 0.007
1157.73295 14.022 0.007
1159.73793 13.997 0.007
1161.80300 13.976 0.007
1163.79964 13.963 0.007
1165.79983 13.949 0.007
1167.73454 13.941 0.007
1168.74554 13.940 0.007
1171.71339 13.909 0.007
1174.84122 13.878 0.007
1178.75919 13.866 0.007
1181.72475 13.846 0.007
1183.75828 13.855 0.007
1185.80720 13.833 0.007
1187.76046 13.816 0.007
1189.74882 13.817 0.007
1191.81372 13.811 0.007
1192.84449 13.807 0.007
1194.66399 13.805 0.007
1196.68085 13.805 0.007
1202.68623 13.792 0.007
1204.66638 13.788 0.007
1207.67915 13.783 0.007
1211.69028 13.781 0.007
1213.72097 13.783 0.007
1214.72887 13.785 0.007
1215.55500 13.786 0.007
1216.62306 13.793 0.007
1217.69067 13.787 0.007
1219.62788 13.798 0.007
1221.59857 13.797 0.007
1223.68872 13.806 0.007
1224.56837 13.817 0.007
1226.57662 13.804 0.007
1227.58368 13.820 0.007
1232.67325 13.846 0.007
1235.57444 13.859 0.007
1237.55837 13.882 0.007
1238.66037 13.876 0.007
1241.56060 13.894 0.007
1242.63396 13.905 0.007
1243.60153 13.907 0.007
1245.54627 13.930 0.007
1247.68066 13.941 0.007
1248.64839 13.954 0.007
1251.60293 13.994 0.007
1254.55680 14.008 0.007
1255.58982 14.014 0.007
1258.58712 14.048 0.007
1260.61424 14.064 0.007
1266.59966 14.144 0.007
1268.52080 14.170 0.007
1275.53820 14.260 0.007
1278.52081 14.299 0.007
1281.52886 14.335 0.007
1290.49858 14.452 0.007
1296.58948 14.515 0.007
1300.53557 14.554 0.007
1305.51398 14.622 0.007
1308.54497 14.648 0.007
1315.50415 14.726 0.007
1318.48687 14.752 0.007
1320.52905 14.770 0.007
1331.49149 14.863 0.007
1431.83481 14.522 0.007
1433.83138 14.520 0.007
1435.87929 14.504 0.007
1437.87199 14.494 0.007
1441.84813 14.485 0.007
1443.80232 14.482 0.007
1447.77607 14.467 0.007
1448.86679 14.466 0.007
1453.78874 14.463 0.007
1455.78505 14.449 0.007
1458.77095 14.410 0.007
1460.78273 14.372 0.007
1461.73891 14.394 0.007
1471.74935 14.294 0.007
1475.84379 14.232 0.007
1478.76851 14.192 0.007
1481.83073 14.162 0.007
1484.83506 14.124 0.007
1487.82783 14.089 0.007
1491.76658 14.056 0.007
1493.70849 14.044 0.007
1495.75194 14.021 0.007
1498.67309 14.014 0.007
1500.81360 13.996 0.007
1503.70391 13.978 0.007
1505.81075 13.965 0.007
1507.70681 13.966 0.007
1508.82339 13.960 0.007
1509.68492 13.955 0.007
1510.65044 13.950 0.007
1511.73305 13.946 0.007
1512.76708 13.938 0.007
1514.78158 13.939 0.007
1516.82734 13.929 0.007
1518.69924 13.920 0.007
1520.72454 13.903 0.007
1522.72523 13.902 0.007
1523.72538 13.894 0.007
1525.70132 13.901 0.007
1527.76666 13.889 0.007
1528.69259 13.896 0.007
1529.81803 13.882 0.007
1531.70998 13.886 0.007
1538.66710 13.896 0.007
1541.62293 13.904 0.007
1542.77730 13.906 0.007
1544.67963 13.919 0.007
1546.70432 13.925 0.007
1547.70593 13.935 0.007
1548.68309 13.928 0.007
1551.71245 13.951 0.007
1552.64537 13.964 0.007
1553.66906 13.954 0.007
1554.64767 13.972 0.007
1555.67215 13.981 0.007
1556.64629 13.987 0.007
1560.63801 14.004 0.007
1564.55714 14.036 0.007
1568.63381 14.066 0.007
1571.64350 14.094 0.007
1575.65788 14.130 0.007
1578.69819 14.147 0.007
1580.70899 14.166 0.007
1582.64347 14.182 0.007
1588.63752 14.247 0.007
1591.60138 14.297 0.007
1595.59461 14.334 0.007
1599.66060 14.374 0.007
1600.62746 14.382 0.007
1601.62061 14.400 0.007
1602.68706 14.412 0.007
1604.61866 14.435 0.007
1606.57562 14.457 0.007
1609.53187 14.492 0.007
1610.54679 14.495 0.007
1611.60687 14.517 0.007
1613.58726 14.540 0.007
1614.65831 14.547 0.007
1616.51597 14.567 0.007
1618.66516 14.607 0.007
1619.55520 14.607 0.007
1621.55134 14.629 0.007
1623.64849 14.659 0.007
1625.62954 14.690 0.007
1627.59984 14.714 0.007
1628.53975 14.709 0.007
1630.51138 14.743 0.007
1631.50921 14.746 0.007
1633.62462 14.789 0.007
1635.50760 14.809 0.007
1643.58362 14.893 0.007
1645.51670 14.902 0.007
1653.50204 14.971 0.007
1655.54594 14.976 0.007
1657.55543 14.984 0.007
1659.57004 14.991 0.007
1662.53762 14.999 0.007
1664.56069 14.993 0.007
1669.53060 14.982 0.007
1672.50332 14.996 0.007
1687.50093 14.923 0.007
1695.48628 14.905 0.007
1766.87904 14.515 0.007
1768.86466 14.505 0.007
1773.92298 14.462 0.007
1782.85422 14.375 0.007
1788.86266 14.302 0.007
1804.85789 14.102 0.007
1811.87846 14.012 0.007
1815.85465 13.965 0.007
1822.73635 13.894 0.007
1829.88562 13.860 0.007
1844.79353 13.842 0.007
1850.77486 13.841 0.007
1854.83186 13.851 0.007
1858.77899 13.856 0.007
1860.82133 13.869 0.007
1863.79448 13.880 0.007
1866.74517 13.877 0.007
1868.72626 13.887 0.007
1870.84730 13.901 0.007
1874.76810 13.913 0.007
2166.89956 13.857 0.007
2173.81998 13.847 0.007
2189.89136 13.903 0.007
2192.79375 13.926 0.007
2201.80654 14.002 0.007
2212.83820 14.096 0.007
2223.84281 14.216 0.007
2226.82280 14.241 0.007
2228.85981 14.264 0.007
2232.79308 14.316 0.007
2234.78727 14.334 0.007
2238.75098 14.382 0.007
2241.63430 14.422 0.007
2243.69273 14.440 0.007
2248.76063 14.517 0.007
2251.72256 14.561 0.007
2253.80666 14.590 0.007
2255.68162 14.615 0.007
2261.70187 14.704 0.007
2269.81635 14.796 0.007
2271.76374 14.818 0.007
2273.84879 14.845 0.007
2274.63345 14.871 0.007
2276.74058 14.888 0.007
2278.63909 14.896 0.007
2280.63730 14.927 0.007
2282.64586 14.961 0.007
2289.77951 15.034 0.007
2291.78759 15.060 0.007
2293.75335 15.075 0.007
2295.77527 15.086 0.007
2297.76860 15.096 0.007
2299.80916 15.106 0.007
2301.70327 15.116 0.007
2303.69947 15.117 0.007
2327.52864 15.077 0.007
2332.56153 15.051 0.007
2333.52559 15.052 0.007
2339.51379 15.010 0.007
2347.50846 14.937 0.007
2402.50247 14.662 0.007
2524.89819 14.000 0.007
2537.89815 14.097 0.007
2542.86048 14.138 0.007
2552.80779 14.254 0.007
2556.80103 14.300 0.007
2559.84920 14.343 0.007
2563.89447 14.390 0.007
2564.81717 14.403 0.007
2578.74295 14.588 0.007
2583.77842 14.643 0.007
2589.82139 14.700 0.007
2596.70963 14.781 0.007
2605.71088 14.843 0.007
2609.70163 14.883 0.007
2614.63639 14.903 0.007
2618.69412 14.916 0.007
2620.82200 14.930 0.007
2623.79288 14.925 0.007
2627.65745 14.943 0.007
2629.68099 14.943 0.007
2631.70096 14.948 0.007
2634.72923 14.939 0.007
2635.60118 14.939 0.007
2637.80023 14.950 0.007
2639.62614 14.931 0.007
2641.69181 14.932 0.007
2643.70058 14.927 0.007
2645.68981 14.917 0.007
2647.64754 14.914 0.007
2650.86314 14.911 0.007
2651.60211 14.898 0.007
2653.62912 14.899 0.007
2655.74240 14.886 0.007
2657.59509 14.875 0.007
2659.61008 14.869 0.007
2661.82808 14.855 0.007
2663.84215 14.840 0.007
2665.84805 14.836 0.007
2668.59704 14.822 0.007
2670.60218 14.821 0.007
2672.58876 14.808 0.007
2674.61015 14.803 0.007
2676.59663 14.796 0.007
2678.66939 14.787 0.007
2680.59512 14.776 0.007
2682.64410 14.773 0.007
2686.63864 14.766 0.007
2695.62102 14.731 0.007
2700.57515 14.719 0.007
2706.59396 14.688 0.007
2713.55904 14.633 0.007
2840.93682 13.970 0.007
2868.87654 14.157 0.007
2885.84151 14.292 0.007
2892.87107 14.339 0.007
2897.84039 14.373 0.007
2903.88620 14.418 0.007
2906.88933 14.437 0.007
2911.76914 14.473 0.007
2916.81318 14.508 0.007
2922.80307 14.541 0.007
2925.89160 14.550 0.007
2930.80421 14.572 0.007
2933.84857 14.576 0.007
2939.85686 14.583 0.007
2942.80646 14.593 0.007
2944.85089 14.585 0.007
2946.85280 14.585 0.007
2949.76744 14.593 0.007
2952.84332 14.585 0.007
2956.68254 14.589 0.007
2958.70925 14.583 0.007
2962.72012 14.567 0.007
2965.73920 14.567 0.007
2967.83876 14.559 0.007
2970.80410 14.550 0.007
2974.74194 14.528 0.007
2976.77661 14.525 0.007
2978.75671 14.507 0.007
2980.69677 14.495 0.007
2982.65616 14.488 0.007
2984.70675 14.467 0.007
2986.79003 14.452 0.007
2988.75408 14.443 0.007
2990.62624 14.429 0.007
2992.77684 14.413 0.007
2994.62311 14.394 0.007
2995.63267 14.393 0.007
2997.64165 14.384 0.007
2999.76136 14.366 0.007
3001.73316 14.361 0.007
3003.70670 14.341 0.007
3005.69746 14.336 0.007
3007.71188 14.328 0.007
3009.70994 14.316 0.007
3011.67926 14.310 0.007
3013.68248 14.298 0.007
3017.69291 14.275 0.007
3019.62047 14.268 0.007
3021.73963 14.254 0.007
3023.60160 14.243 0.007
3024.80263 14.236 0.007
3026.79893 14.223 0.007
3028.81091 14.210 0.007
3031.67288 14.191 0.007
3033.73681 14.180 0.007
3035.74317 14.168 0.007
3038.72155 14.146 0.007
3041.58973 14.124 0.007
3043.62513 14.100 0.007
3045.65881 14.073 0.007
3047.61289 14.054 0.007
3049.61850 14.025 0.007
3051.58578 13.999 0.007
3053.58090 13.971 0.007
3055.58005 13.950 0.007
3057.60487 13.919 0.007
3060.62738 13.876 0.007
3064.63170 13.827 0.007
3067.68869 13.781 0.007
3070.53704 13.755 0.007
3073.60455 13.731 0.007
3075.65295 13.699 0.007
3078.57307 13.682 0.007
3082.56244 13.663 0.007
3084.63936 13.653 0.007
3087.60102 13.643 0.007
3090.56480 13.640 0.007
3099.49965 13.637 0.007
3102.53126 13.647 0.007
3105.56506 13.637 0.007
3108.54352 13.648 0.007
3112.51488 13.674 0.007
3116.50217 13.705 0.007
3126.50789 13.758 0.007
3146.47041 13.919 0.007
3241.89543 14.915 0.007
3256.90680 14.931 0.007
3263.88165 14.922 0.007
3268.89723 14.899 0.007
3273.87249 14.892 0.007
3277.86169 14.863 0.007
3281.85180 14.857 0.007
3287.71335 14.829 0.007
3289.86552 14.819 0.007
3294.86098 14.784 0.007
3296.86873 14.769 0.007
3301.71972 14.743 0.007
3304.78236 14.727 0.007
3306.86337 14.715 0.007
3308.88016 14.707 0.007
3311.69048 14.702 0.007
3320.73326 14.663 0.007
3327.70228 14.650 0.007
3329.85289 14.638 0.007
3334.75886 14.608 0.007
3338.80898 14.577 0.007
3350.64080 14.518 0.007
3354.64096 14.498 0.007
3358.69444 14.461 0.007
3361.79990 14.428 0.007
3363.74966 14.406 0.007
3367.70345 14.351 0.007
3372.72188 14.284 0.007
3378.63462 14.186 0.007
3382.61281 14.137 0.007
3391.70218 14.030 0.007
3395.69360 14.002 0.007
3399.66970 13.982 0.007
3402.68655 13.967 0.007
3404.61712 13.957 0.007
3408.56773 13.932 0.007
3412.61316 13.937 0.007
3416.59656 13.928 0.007
3424.59964 13.937 0.007
3431.50128 13.959 0.007
3437.51229 13.986 0.007
3445.51702 13.997 0.007
3453.53876 14.015 0.007
3462.51404 14.053 0.007
3582.92064 15.040 0.007
3589.92743 15.003 0.007
3617.91283 14.828 0.007
3629.85249 14.768 0.007
3634.81785 14.746 0.007
3639.87075 14.728 0.007
3641.86165 14.742 0.007
3650.85697 14.727 0.007
3653.88483 14.722 0.007
3657.83807 14.723 0.007
3661.82193 14.704 0.007
3666.81814 14.691 0.007
3671.85100 14.655 0.007
3675.83358 14.615 0.007
3683.85468 14.492 0.007
3687.74740 14.420 0.007
3689.84788 14.370 0.007
3692.77174 14.302 0.007
3694.78665 14.257 0.007
3696.72911 14.205 0.007
3699.73167 14.157 0.007
3701.78467 14.123 0.007
3704.69173 14.086 0.007
3706.82053 14.055 0.007
3711.69418 14.005 0.007
3713.70793 13.991 0.007
3716.80707 13.968 0.007
3719.78797 13.950 0.007
3725.77965 13.932 0.007
3727.75444 13.931 0.007
3730.64976 13.920 0.007
3732.67426 13.925 0.007
3734.77223 13.925 0.007
3736.78863 13.928 0.007
3737.67718 13.934 0.007
3739.77619 13.933 0.007
3742.59918 13.929 0.007
3745.71066 13.938 0.007
3747.74024 13.950 0.007
3749.62305 13.945 0.007
3751.72719 13.960 0.007
3753.59883 13.969 0.007
3755.63638 13.968 0.007
3757.66982 13.983 0.007
3759.73347 13.991 0.007
3762.72180 14.003 0.007
3765.74033 14.024 0.007
3770.58185 14.055 0.007
3773.58921 14.074 0.007
3776.58825 14.088 0.007
3779.57829 14.110 0.007
3782.62802 14.135 0.007
3787.55289 14.172 0.007
3791.60009 14.202 0.007
3799.52460 14.273 0.007
3821.50264 14.483 0.007
3945.92731 14.536 0.007
3963.92344 14.423 0.007
3969.85388 14.389 0.007
3975.90392 14.358 0.007
3981.83314 14.329 0.007
3995.88353 14.207 0.007
4001.83662 14.131 0.007
4005.81447 14.088 0.007
4007.81852 14.060 0.007
4011.81867 14.022 0.007
4018.81020 13.939 0.007
4023.84229 13.888 0.007
4026.74864 13.858 0.007
4028.88479 13.850 0.007
4031.77256 13.843 0.007
4037.88166 13.781 0.007
4040.84855 13.776 0.007
4042.86429 13.766 0.007
4046.73927 13.750 0.007
4048.82882 13.748 0.007
4052.67097 13.725 0.007
4053.86861 13.738 0.007
4056.71550 13.730 0.007
4058.65356 13.718 0.007
4063.64759 13.708 0.007
4066.64538 13.695 0.007
4069.71101 13.693 0.007
4071.63962 13.663 0.007
4076.71188 13.672 0.007
4079.72459 13.682 0.007
4083.64150 13.687 0.007
4085.70678 13.696 0.007
4092.82410 13.732 0.007
4104.87092 13.827 0.007
4112.69561 13.917 0.007
4117.68446 13.985 0.007
4121.66051 14.033 0.007
4124.74335 14.083 0.007
4129.75593 14.144 0.007
4142.61494 14.364 0.007
4150.60341 14.504 0.007
4155.51674 14.594 0.007
4166.54560 14.817 0.007
4196.49509 15.315 0.007
4341.87111 14.574 0.007
4347.82102 14.466 0.007
4351.86695 14.396 0.007
4357.87887 14.309 0.007
4363.80351 14.229 0.007
4366.85409 14.184 0.007
4369.89463 14.151 0.007
4372.79756 14.120 0.007
4376.88794 14.092 0.007
4379.89436 14.074 0.007
4386.75550 14.051 0.007
4393.76644 14.047 0.007
4398.84267 14.055 0.007
4403.84909 14.064 0.007
4411.77803 14.096 0.007
4411.83973 14.099 0.007
4418.72885 14.137 0.007
4422.82544 14.168 0.007
4429.75668 14.235 0.007
4432.69361 14.268 0.007
4436.73301 14.316 0.007
4439.79870 14.354 0.007
4443.66839 14.405 0.007
4448.82239 14.474 0.007
4451.66260 14.518 0.007
4455.66139 14.560 0.007
4457.71692 14.625 0.007
4460.74699 14.669 0.007
4464.70967 14.732 0.007
4467.70218 14.790 0.007
4471.70390 14.846 0.007
4476.67094 14.926 0.007
4480.67072 14.988 0.007
4484.74976 15.042 0.007
4488.67228 15.101 0.007
4493.67441 15.159 0.007
4498.65269 15.217 0.007
4501.64573 15.260 0.007
4506.58384 15.279 0.007
4508.59383 15.317 0.007
4510.67312 15.322 0.007
4516.62286 15.349 0.007
4519.69439 15.355 0.007
4521.53803 15.354 0.007
4530.60267 15.349 0.007
4532.63096 15.348 0.007
4537.59260 15.323 0.007
4540.64377 15.283 0.007
4544.59775 15.288 0.007
4547.54033 15.277 0.007
4556.55600 15.196 0.007
4561.53348 15.159 0.007
4568.48816 15.082 0.007
4575.51108 14.988 0.007
4592.50832 14.812 0.007
4600.49182 14.762 0.007
4682.91567 13.977 0.007
4691.92401 13.955 0.007
4719.85195 14.020 0.007
4724.79813 14.015 0.007
4727.88871 14.030 0.007
4733.89497 14.051 0.007
4747.87662 14.139 0.007
4752.83586 14.175 0.007
4754.77596 14.195 0.007
4755.77855 14.204 0.007
4756.84510 14.217 0.007
4757.76495 14.225 0.007
4757.88601 14.221 0.007
4758.73594 14.224 0.007
4758.88321 14.244 0.007
4759.77074 14.241 0.007
4759.88173 14.234 0.007
4760.72796 14.251 0.007
4761.74864 14.257 0.007
4762.70151 14.267 0.007
4762.85174 14.275 0.007
4768.82966 14.335 0.007
4771.87199 14.376 0.007
4775.70536 14.422 0.007
4777.71993 14.444 0.007
4781.68327 14.499 0.007
4783.83751 14.526 0.007
4788.76709 14.602 0.007
4791.77759 14.640 0.007
4794.74895 14.679 0.007
4797.73017 14.731 0.007
4800.69166 14.764 0.007
4802.80496 14.800 0.007
4804.82939 14.826 0.007
4805.85218 14.846 0.007
4807.80724 14.875 0.007
4809.84501 14.900 0.007
4812.69405 14.938 0.007
4814.71012 14.970 0.007
4816.70701 14.995 0.007
4818.76301 15.020 0.007
4820.74057 15.054 0.007
4823.76690 15.088 0.007
4825.84045 15.113 0.007
4833.65344 15.194 0.007
4835.67054 15.206 0.007
4837.72836 15.232 0.007
4840.69399 15.251 0.007
4842.67869 15.261 0.007
4844.67787 15.263 0.007
4847.74482 15.291 0.007
4849.74177 15.294 0.007
4850.65579 15.317 0.007
4851.81343 15.324 0.007
4852.75060 15.322 0.007
4853.66993 15.332 0.007
4854.72673 15.324 0.007
4854.75762 15.332 0.007
4855.65741 15.336 0.007
4856.72203 15.344 0.007
4857.63346 15.347 0.007
4865.68788 15.367 0.007
4867.67765 15.380 0.007
4870.69084 15.368 0.007
4873.72160 15.374 0.007
4875.69339 15.366 0.007
4877.61548 15.372 0.007
4879.67213 15.357 0.007
4884.68456 15.347 0.007
4888.57220 15.304 0.007
4902.60853 15.129 0.007
4911.61787 15.014 0.007
4919.55210 14.884 0.007
4925.56215 14.788 0.007
4929.53351 14.719 0.007
4932.56888 14.694 0.007
4936.53295 14.655 0.007
4938.53152 14.631 0.007
4941.48869 14.602 0.007
4942.49245 14.580 0.007
4943.50413 14.587 0.007
4944.48600 14.574 0.007
4945.48941 14.570 0.007
4946.48788 14.560 0.007
4947.54577 14.549 0.007
4948.47414 14.539 0.007
4949.47260 14.531 0.007
4950.46697 14.515 0.007
4951.46480 14.511 0.007
4953.49464 14.483 0.007
4954.46984 14.478 0.007
