2166.85243 14.278 0.006
2172.90243 14.234 0.006
2183.89570 14.158 0.006
2189.85811 14.118 0.006
2192.76180 14.094 0.006
2201.77173 14.026 0.006
2212.80630 13.914 0.006
2217.79070 13.852 0.006
2223.81128 13.787 0.006
2226.78564 13.768 0.006
2228.82907 13.743 0.006
2232.76274 13.724 0.006
2234.75669 13.712 0.006
2238.70735 13.701 0.006
2240.83629 13.697 0.006
2242.84203 13.694 0.006
2248.72329 13.694 0.006
2251.75292 13.686 0.006
2253.77052 13.688 0.006
2255.69883 13.691 0.006
2258.69829 13.703 0.006
2269.77979 13.759 0.006
2271.72327 13.774 0.006
2273.81842 13.791 0.006
2275.79191 13.812 0.006
2277.79467 13.822 0.006
2279.79152 13.841 0.006
2281.75434 13.861 0.006
2283.81153 13.883 0.006
2291.75449 13.969 0.006
2295.74391 14.023 0.006
2297.73483 14.043 0.006
2299.76725 14.071 0.006
2301.67267 14.095 0.006
2303.66804 14.124 0.006
2326.57647 14.412 0.006
2332.51987 14.507 0.006
2338.54243 14.575 0.006
2355.50784 14.791 0.006
2387.49816 15.106 0.007
2521.91793 14.093 0.006
2542.83008 14.003 0.006
2544.88798 14.007 0.006
2551.87821 13.997 0.006
2559.81612 14.001 0.006
2563.86136 14.009 0.006
2577.85114 14.063 0.006
2583.74762 14.108 0.006
2589.78788 14.160 0.006
2594.80471 14.199 0.006
2599.85951 14.248 0.006
2609.66576 14.337 0.006
2611.66969 14.352 0.006
2617.81636 14.406 0.006
2620.78536 14.436 0.006
2623.75858 14.470 0.006
2626.68368 14.495 0.006
2627.62546 14.510 0.006
2628.85077 14.520 0.006
2630.83952 14.548 0.006
2632.63025 14.555 0.006
2635.62525 14.586 0.006
2639.78166 14.626 0.006
2641.65595 14.650 0.006
2643.66764 14.664 0.006
2645.65943 14.693 0.006
2647.58618 14.716 0.006
2651.65425 14.749 0.006
2653.67846 14.761 0.006
2655.66349 14.778 0.006
2657.79724 14.806 0.006
2659.66443 14.813 0.006
2661.68910 14.828 0.006
2665.79103 14.841 0.006
2671.79696 14.865 0.006
2673.72989 14.884 0.006
2675.72739 14.865 0.006
2679.75284 14.871 0.006
2682.61117 14.878 0.006
2686.58562 14.868 0.006
2691.53109 14.878 0.006
2695.58845 14.846 0.006
2700.53944 14.828 0.006
2706.52086 14.794 0.006
2713.52449 14.723 0.006
2841.92868 13.799 0.006
2890.83442 14.097 0.006
2895.87016 14.147 0.006
2900.82580 14.202 0.006
2906.85681 14.270 0.006
2910.89015 14.318 0.006
2915.89032 14.383 0.006
2921.88904 14.463 0.006
2925.85887 14.519 0.006
2930.77145 14.595 0.006
2933.81586 14.625 0.006
2939.82428 14.709 0.006
2941.84237 14.716 0.006
2943.71714 14.752 0.006
2946.82019 14.775 0.006
2948.81049 14.809 0.006
2952.80653 14.853 0.006
2955.86143 14.876 0.006
2958.67671 14.916 0.006
2962.68767 14.922 0.006
2965.70470 14.957 0.006
2967.80407 14.950 0.006
2970.71726 14.979 0.006
2974.70924 14.989 0.006
2976.74308 14.989 0.006
2978.63762 15.016 0.006
2980.66403 15.016 0.006
2982.62321 15.012 0.006
2984.66437 15.011 0.006
2986.75219 15.025 0.006
2988.72017 15.034 0.006
2990.65356 15.022 0.006
2992.74008 15.037 0.006
2994.65094 15.026 0.006
2996.74125 15.021 0.006
2998.69603 15.018 0.006
2999.78805 15.023 0.006
3001.66679 15.015 0.006
3003.66244 15.001 0.006
3005.61941 14.995 0.006
3007.73787 14.988 0.006
3009.67371 14.966 0.006
3011.61927 14.965 0.006
3013.64994 14.935 0.006
3017.62523 14.906 0.006
3018.71707 14.904 0.006
3020.79227 14.892 0.006
3022.81879 14.856 0.006
3024.76732 14.840 0.006
3026.76465 14.819 0.006
3028.77213 14.800 0.006
3030.77700 14.779 0.006
3033.70429 14.750 0.006
3035.71058 14.738 0.006
3038.68892 14.714 0.006
3040.68855 14.686 0.006
3042.63209 14.671 0.006
3044.56602 14.656 0.006
3046.58150 14.618 0.006
3048.56644 14.587 0.006
3050.58532 14.562 0.006
3052.58234 14.533 0.006
3054.58317 14.507 0.006
3056.58038 14.476 0.006
3060.59462 14.425 0.006
3064.59248 14.367 0.006
3067.65611 14.320 0.006
3069.61620 14.299 0.006
3073.52559 14.273 0.006
3075.62030 14.249 0.006
3078.54017 14.235 0.006
3082.52915 14.215 0.006
3084.60509 14.196 0.006
3087.56664 14.185 0.006
3090.52229 14.169 0.006
3093.50363 14.155 0.006
3098.61256 14.112 0.006
3101.57025 14.103 0.006
3104.54347 14.077 0.006
3111.51695 14.045 0.006
3114.51093 14.032 0.006
3115.53524 14.020 0.006
3126.47537 13.999 0.006
3144.49066 14.048 0.006
3224.89084 14.634 0.006
3239.92483 14.758 0.006
3247.89578 14.842 0.006
3256.87408 14.904 0.006
3263.84102 14.923 0.006
3268.86468 14.941 0.006
3273.83630 14.961 0.006
3276.85436 14.944 0.006
3281.81929 14.943 0.006
3289.83275 14.903 0.006
3294.83092 14.867 0.006
3296.83625 14.845 0.006
3298.86679 14.813 0.006
3301.68717 14.801 0.006
3303.85619 14.764 0.006
3306.83080 14.727 0.006
3308.84782 14.705 0.006
3311.65796 14.670 0.006
3320.69107 14.559 0.006
3323.64405 14.530 0.006
3329.82011 14.469 0.006
3334.71994 14.422 0.006
3338.77568 14.395 0.006
3349.79197 14.279 0.006
3351.77677 14.259 0.006
3354.74493 14.233 0.006
3358.63123 14.194 0.006
3361.72701 14.170 0.006
3363.71716 14.138 0.006
3367.67068 14.099 0.006
3372.68946 14.054 0.006
3377.72562 14.020 0.006
3380.74126 14.012 0.006
3386.75142 13.977 0.006
3391.59674 13.971 0.006
3395.66081 13.963 0.006
3398.70850 13.956 0.006
3402.65380 13.948 0.006
3404.58162 13.949 0.006
3408.53507 13.937 0.006
3412.58041 13.945 0.006
3414.61197 13.948 0.006
3419.57919 13.961 0.006
3426.51831 13.977 0.006
3433.56944 13.997 0.006
3443.54003 14.035 0.006
3453.50640 14.075 0.006
3574.94128 14.596 0.006
3588.93195 14.461 0.006
3589.88298 14.453 0.006
3614.92326 14.319 0.006
3617.87994 14.294 0.006
3629.81943 14.218 0.006
3634.78555 14.200 0.006
3639.89581 14.159 0.006
3641.82945 14.150 0.006
3650.82481 14.093 0.006
3653.85276 14.073 0.006
3657.80330 14.036 0.006
3660.76904 14.024 0.006
3664.80449 13.975 0.006
3668.74079 13.952 0.006
3671.87635 13.922 0.006
3676.85174 13.891 0.006
3684.79592 13.868 0.006
3687.71498 13.870 0.006
3689.81356 13.875 0.006
3692.73796 13.881 0.006
3694.81188 13.891 0.006
3696.68720 13.902 0.006
3699.69946 13.898 0.006
3701.75031 13.921 0.006
3704.71686 13.924 0.006
3706.77105 13.940 0.006
3711.66204 13.965 0.006
3713.67571 13.983 0.006
3716.72476 13.990 0.006
3719.75251 14.012 0.006
3722.81072 14.026 0.006
3726.67498 14.051 0.006
3728.64773 14.066 0.006
3731.74829 14.089 0.006
3733.63444 14.106 0.006
3734.73741 14.115 0.006
3736.75630 14.135 0.006
3737.64489 14.149 0.006
3739.70703 14.169 0.006
3743.71119 14.215 0.006
3746.75358 14.255 0.006
3748.70620 14.278 0.006
3750.71237 14.311 0.006
3752.72044 14.328 0.006
3754.74170 14.373 0.006
3755.66149 14.378 0.006
3757.63560 14.406 0.006
3759.60122 14.434 0.006
3762.68609 14.481 0.006
3765.70802 14.682 0.006
3769.74861 14.583 0.006
3772.71691 14.636 0.006
3775.70885 14.675 0.006
3778.68736 14.705 0.006
3782.59548 14.758 0.006
3786.57153 14.818 0.006
3791.56787 14.877 0.006
3798.56754 14.948 0.006
3805.55472 15.022 0.006
3820.50005 15.069 0.006
3944.93363 14.335 0.006
3961.93035 14.231 0.006
3968.91241 14.192 0.006
3974.90838 14.167 0.006
3981.80140 14.129 0.006
3988.87734 14.115 0.006
3995.83634 14.101 0.006
4002.83245 14.116 0.006
4005.78249 14.118 0.006
4007.78669 14.130 0.006
4011.76713 14.142 0.006
4018.75270 14.178 0.006
4023.80621 14.208 0.006
4026.71686 14.227 0.006
4028.85290 14.248 0.006
4031.74063 14.275 0.006
4037.84952 14.321 0.006
4040.81687 14.344 0.006
4042.83166 14.359 0.006
4046.70748 14.401 0.006
4048.79642 14.412 0.006
4052.63931 14.456 0.006
4053.83699 14.463 0.006
4059.66778 14.534 0.006
4064.63228 14.578 0.006
4066.61187 14.603 0.006
4069.67925 14.631 0.006
4071.60432 14.661 0.006
4076.65741 14.718 0.006
4079.69266 14.751 0.006
4082.68301 14.791 0.006
4084.76287 14.817 0.006
4087.68233 14.845 0.006
4093.77135 14.891 0.006
4102.65956 14.968 0.006
4104.80636 14.981 0.006
4109.66723 14.983 0.006
4113.68582 14.985 0.006
4119.62403 14.973 0.006
4122.67291 14.955 0.006
4125.72028 14.963 0.006
4129.71974 14.934 0.006
4142.57797 14.830 0.006
4150.55444 14.722 0.006
4154.53619 14.678 0.006
4165.58216 14.545 0.006
4184.50226 14.463 0.006
4340.90288 14.264 0.006
4346.89097 14.347 0.006
4350.90956 14.398 0.006
4357.84318 14.500 0.006
4363.77162 14.583 0.006
4365.79526 14.615 0.006
4369.79087 14.650 0.006
4372.76555 14.680 0.006
4376.85610 14.721 0.006
4379.86266 14.736 0.006
4383.86674 14.768 0.006
4388.86071 14.805 0.006
4393.73461 14.807 0.006
4398.80981 14.824 0.006
4403.75043 14.851 0.006
4411.74560 14.818 0.006
4417.82846 14.789 0.006
4421.74085 14.769 0.006
4425.81407 14.745 0.006
4429.72482 14.722 0.006
4432.76637 14.697 0.006
4436.69288 14.670 0.006
4439.73706 14.651 0.006
4442.71444 14.630 0.006
4448.77012 14.592 0.006
4450.77481 14.595 0.006
4453.75062 14.567 0.006
4456.76396 14.550 0.006
4459.67398 14.543 0.006
4462.67597 14.533 0.006
4465.71621 14.520 0.006
4469.66935 14.528 0.006
4474.67137 14.493 0.006
4478.77413 14.484 0.006
4481.77292 14.470 0.006
4484.68265 14.470 0.006
4487.74501 14.449 0.006
4492.69759 14.439 0.006
4494.73202 14.433 0.006
4499.61366 14.402 0.006
4502.68649 14.389 0.006
4507.64524 14.337 0.006
4509.64251 14.303 0.006
4522.54988 14.175 0.006
4524.56389 14.159 0.006
4530.56906 14.100 0.006
4532.56110 14.097 0.006
4537.55915 14.053 0.006
4540.60790 14.034 0.006
4549.56432 13.989 0.006
4560.50283 13.991 0.006
4567.51440 14.013 0.006
4574.53542 14.045 0.006
4592.47308 14.126 0.006
4681.92649 14.890 0.006
4691.89218 14.906 0.006
4702.90411 14.900 0.006
4719.81967 14.813 0.006
4722.90844 14.781 0.006
4726.89406 14.753 0.006
4731.87042 14.720 0.006
4747.84281 14.618 0.006
4751.88911 14.599 0.006
4756.81316 14.550 0.006
4759.86023 14.543 0.006
4762.82000 14.520 0.006
4768.79795 14.498 0.006
4771.84008 14.499 0.006
4774.84947 14.482 0.006
4777.68690 14.467 0.006
4780.83586 14.461 0.006
4783.80575 14.441 0.006
4788.73515 14.449 0.006
4791.71255 14.432 0.006
4794.71687 14.421 0.006
4797.69831 14.407 0.006
4800.74153 14.386 0.006
4802.77315 14.373 0.006
4804.79728 14.348 0.006
4805.82038 14.345 0.006
4807.77124 14.323 0.006
4810.72919 14.283 0.006
4812.78876 14.270 0.006
4814.67835 14.233 0.006
4816.67515 14.207 0.006
4818.69733 14.167 0.006
4820.70416 14.137 0.006
4823.71776 14.092 0.006
4825.80495 14.069 0.006
4831.84732 13.993 0.006
4832.80754 13.994 0.006
4834.77663 13.964 0.006
4837.67662 13.953 0.006
4839.70517 13.935 0.006
4841.74149 13.919 0.006
4843.74071 13.907 0.006
4846.70666 13.906 0.006
4850.72470 13.898 0.006
4852.71874 13.892 0.006
4855.72614 13.900 0.006
4857.70429 13.899 0.006
4863.65834 13.944 0.006
4866.67143 13.947 0.006
4868.66951 13.959 0.006
4870.65897 13.980 0.006
4873.68958 13.992 0.006
4875.58661 14.003 0.006
4876.61728 13.997 0.006
4878.64221 14.025 0.006
4882.56145 14.051 0.006
4884.62388 14.073 0.006
4888.54030 14.103 0.006
4900.57193 14.200 0.006
4904.59766 14.244 0.006
4913.57544 14.329 0.006
4918.55204 14.371 0.006
4924.56625 14.446 0.006
4928.56164 14.502 0.006
4930.51286 14.538 0.006
4934.50967 14.610 0.006
4938.50091 14.679 0.006
4942.51750 14.755 0.006
4947.51084 14.859 0.006
