 831.63457 18.499 0.037
 831.68318 18.534 0.054
 832.78108 18.470 0.033
 833.71369 18.393 0.023
 834.74357 18.473 0.040
 836.68035 18.432 0.029
 837.71020 18.418 0.023
 838.75723 18.493 0.049
 839.71171 18.416 0.034
 840.69689 18.457 0.036
 841.77164 18.431 0.039
 842.69239 18.552 0.036
 843.69793 18.416 0.026
 844.69197 18.444 0.034
 845.80153 18.434 0.029
 846.75736 18.442 0.031
 850.73601 18.454 0.030
 854.78102 18.517 0.058
 855.72638 18.436 0.052
 856.68836 18.438 0.045
 857.69218 18.499 0.040
 858.71065 18.401 0.031
 859.66729 18.452 0.033
 860.69726 18.460 0.042
 866.58191 18.386 0.031
 867.56219 18.542 0.036
 874.56294 18.489 0.033
 875.61663 18.551 0.039
 876.55297 18.518 0.033
 877.50855 18.493 0.036
 878.60077 18.603 0.036
 879.58434 18.596 0.040
 880.57838 18.524 0.035
 881.51666 18.558 0.036
 885.54943 18.603 0.078
 887.51493 18.574 0.046
 890.52948 18.677 0.037
 891.51619 18.603 0.053
 892.50546 18.640 0.046
 893.65924 18.510 0.048
 895.63029 18.579 0.037
 896.63697 18.610 0.036
 900.60845 18.616 0.040
 918.56167 18.749 0.078
 920.52635 18.841 0.064
 922.52699 18.862 0.048
 925.61645 19.112 0.095
 934.51296 19.045 0.084
1074.82717 21.025 0.409
1080.74990 20.779 0.277
1083.86984 20.581 0.211
1084.86547 20.591 0.190
1087.88959 20.803 0.282
1090.73317 20.845 0.353
1091.79710 20.897 0.376
1092.84476 21.137 0.394
1093.79284 20.846 0.269
1106.81625 20.933 0.212
1108.83176 20.445 0.166
1116.77232 21.333 0.364
1126.72617 21.007 0.307
1131.79546 21.066 0.407
1132.86664 20.700 0.417
1136.85297 20.577 0.191
1137.84899 20.541 0.208
1141.72225 20.625 0.306
1142.81665 20.520 0.146
1152.77473 20.478 0.226
1154.79962 20.690 0.284
1156.72749 20.325 0.172
1158.79982 20.116 0.167
1159.78272 20.264 0.168
1160.85203 20.224 0.168
1161.84657 20.303 0.132
1163.84988 19.949 0.115
1165.82651 20.005 0.118
1167.80982 21.135 0.590
1168.79286 19.879 0.176
1171.78343 20.371 0.121
1175.78241 19.892 0.107
1179.83257 20.372 0.252
1182.85519 20.039 0.108
1183.85344 20.247 0.161
1186.85692 20.466 0.161
1192.74032 20.055 0.101
1193.68273 20.173 0.145
1194.73359 20.140 0.124
1195.69453 20.029 0.158
1196.66874 19.820 0.139
1202.75825 19.993 0.126
1204.73494 19.763 0.094
1207.74587 20.146 0.178
1211.75700 19.654 0.127
1214.67109 19.899 0.143
1215.57588 19.868 0.096
1216.65232 19.825 0.097
1217.73403 19.597 0.082
1219.64772 19.770 0.107
1220.75573 19.589 0.131
1221.62153 19.949 0.142
1223.71016 19.786 0.120
1224.59011 19.613 0.101
1226.59977 19.493 0.074
1227.60458 19.592 0.113
1230.66938 19.502 0.083
1233.56542 19.553 0.090
1235.70320 19.534 0.086
1237.58549 20.059 0.308
1238.62574 19.475 0.104
1240.70149 19.428 0.101
1242.51941 19.418 0.088
1244.65591 19.370 0.088
1247.51372 19.452 0.106
1248.61394 19.259 0.076
1251.56844 19.338 0.094
1254.58296 19.359 0.092
1255.61621 19.305 0.085
1256.62024 19.278 0.073
1258.60740 19.071 0.054
1261.51320 19.260 0.077
1261.61622 19.204 0.053
1262.61474 19.136 0.076
1263.55182 19.083 0.079
1263.58367 19.188 0.078
1264.52424 19.154 0.078
1265.57154 19.023 0.054
1266.55003 19.006 0.076
1267.54579 19.060 0.077
1268.54135 19.065 0.077
1270.54250 19.136 0.091
1272.52608 18.935 0.064
1273.55253 19.105 0.086
1274.54387 18.917 0.072
1275.55830 19.022 0.078
1276.54863 18.994 0.063
1277.55365 19.014 0.054
1278.55992 19.013 0.072
1279.54272 19.014 0.063
1290.52407 18.871 0.065
1296.60964 18.832 0.061
1298.50059 18.771 0.061
1301.57499 18.854 0.077
1306.49199 18.674 0.043
1315.52439 18.576 0.054
1318.50691 18.639 0.054
1320.49967 18.605 0.047
1330.50987 18.462 0.053
1431.86244 18.950 0.052
1433.85739 18.985 0.067
1435.89918 19.088 0.073
1437.89408 18.992 0.054
1439.84915 18.989 0.051
1441.86781 19.173 0.061
1447.82051 19.100 0.088
1449.86233 19.291 0.131
1453.80978 19.160 0.122
1454.87586 19.305 0.089
1455.80710 19.619 0.176
1459.74303 19.338 0.088
1462.82064 19.530 0.092
1471.81832 19.478 0.080
1476.70997 19.524 0.100
1478.78829 19.403 0.076
1484.77646 19.529 0.090
1487.84731 19.592 0.082
1489.75838 19.607 0.068
1491.78709 19.787 0.124
1493.72909 19.791 0.113
1496.62596 19.611 0.115
1498.69305 19.854 0.115
1500.83326 19.653 0.082
1503.66858 19.759 0.148
1505.77583 19.939 0.144
1507.72686 20.065 0.168
1508.67957 19.947 0.112
1509.70480 19.879 0.103
1511.69809 20.036 0.134
1512.80281 19.811 0.119
1514.74644 19.859 0.144
1517.71156 19.874 0.088
1519.66513 19.954 0.131
1522.74530 19.836 0.116
1523.69024 20.039 0.202
1525.66670 20.060 0.134
1527.78619 19.910 0.106
1528.79459 20.107 0.120
1529.83775 19.956 0.131
1531.81592 20.153 0.142
1538.77228 19.898 0.127
1541.81347 19.891 0.120
1542.79683 20.038 0.131
1544.73872 19.965 0.106
1547.81134 20.184 0.125
1548.82083 20.044 0.115
1549.83076 20.145 0.132
1552.70734 19.974 0.121
1553.78233 20.156 0.136
1554.79761 20.206 0.108
1555.78599 20.053 0.148
1555.83903 20.179 0.160
1561.57891 20.079 0.192
1562.78370 20.268 0.220
1566.63165 20.205 0.180
1568.65457 20.037 0.154
1571.71782 20.340 0.197
1575.68064 20.483 0.240
1577.74768 20.228 0.154
1579.71761 20.372 0.188
1581.66555 19.897 0.116
1584.64167 20.112 0.138
1586.65053 20.066 0.132
1590.60384 20.037 0.131
1593.54174 20.067 0.236
1595.61432 20.048 0.140
1596.72775 19.663 0.122
1599.71958 19.962 0.143
1600.64740 20.044 0.191
1600.70978 19.998 0.192
1601.72559 20.288 0.212
1602.70698 20.265 0.193
1604.69926 20.062 0.234
1606.67357 20.048 0.164
1609.68702 20.415 0.204
1610.70460 19.829 0.118
1611.68185 19.969 0.174
1613.67257 20.153 0.196
1615.68261 19.811 0.115
1616.61956 20.074 0.150
1617.66273 19.697 0.094
1618.50407 19.657 0.142
1620.52761 20.536 0.306
1620.67747 19.892 0.164
1622.67194 19.781 0.120
1624.66999 19.939 0.205
1625.64966 19.880 0.125
1627.66614 19.799 0.113
1629.64109 19.927 0.131
1630.65811 19.838 0.098
1633.49557 19.875 0.125
1634.61489 19.792 0.110
1635.62845 19.535 0.124
1643.60363 19.864 0.228
1644.55496 19.704 0.091
1650.48587 19.780 0.174
1653.52194 19.442 0.109
1654.57349 19.688 0.120
1655.51119 19.693 0.124
1655.57564 19.486 0.103
1656.50185 19.763 0.102
1656.59017 19.881 0.154
1657.49955 19.528 0.113
1657.57619 19.972 0.210
1658.52539 19.462 0.097
1658.56685 19.529 0.106
1659.50919 19.604 0.098
1659.56483 19.781 0.120
1660.50339 19.935 0.169
1661.49707 19.567 0.089
1661.58810 19.713 0.107
1662.50275 19.730 0.116
1662.55781 19.491 0.092
1663.49053 19.587 0.092
1663.55832 19.714 0.097
1664.51763 19.496 0.097
1664.58101 19.681 0.107
1665.53815 19.770 0.150
1665.58526 19.559 0.138
1667.49825 19.817 0.170
1667.57135 19.631 0.126
1669.51143 19.740 0.132
1669.55962 19.600 0.148
1670.49744 19.623 0.112
1671.50075 19.681 0.132
1671.56292 19.809 0.164
1672.52372 19.517 0.109
1672.56570 19.558 0.113
1682.47401 19.882 0.275
1684.47223 19.707 0.166
1687.48017 19.735 0.184
1690.48361 19.477 0.126
1691.48728 19.752 0.158
1694.47423 19.529 0.114
1698.47579 19.494 0.142
1700.47645 19.705 0.149
1701.48585 19.500 0.173
1702.47848 19.352 0.098
1782.89743 18.443 0.039
1783.88856 18.349 0.034
1790.87543 18.301 0.026
1813.80965 18.254 0.026
1818.86203 18.343 0.033
1823.87871 18.231 0.023
1826.86164 18.268 0.027
1843.79761 18.246 0.027
1844.81270 18.260 0.026
1845.70371 18.249 0.026
1850.71500 18.301 0.035
1855.78929 18.278 0.031
1860.76296 18.212 0.035
1864.74920 18.270 0.026
1866.78774 18.249 0.026
1868.74582 18.289 0.023
1869.78019 18.287 0.026
1874.78764 18.272 0.023
2156.89973 19.325 0.119
2161.86670 19.289 0.109
2173.87993 19.419 0.064
2186.81692 19.230 0.118
2192.84923 18.996 0.057
2201.83569 19.014 0.049
2214.81724 18.943 0.067
2221.76014 18.818 0.055
2224.77284 18.776 0.046
2227.67546 18.819 0.048
2229.68893 18.697 0.049
2232.85270 18.754 0.059
2234.84745 18.701 0.040
2237.76791 18.551 0.040
2241.69318 18.640 0.047
2243.74700 18.556 0.043
2247.82887 18.520 0.039
2248.83149 18.515 0.034
2250.81888 18.471 0.035
2252.67856 18.391 0.035
2254.66962 18.479 0.034
2257.67630 18.447 0.030
2260.68302 18.320 0.029
2266.67450 18.317 0.030
2270.68220 18.269 0.028
2271.82256 18.260 0.024
2272.83051 18.154 0.033
2274.67217 18.267 0.034
2276.77813 18.219 0.030
2277.83142 18.207 0.027
2279.84903 18.157 0.026
2280.82257 18.149 0.031
2282.71945 18.122 0.027
2288.78081 18.150 0.036
2290.81808 18.080 0.031
2292.79113 18.064 0.033
2296.78308 18.118 0.045
2298.73978 18.012 0.030
2300.75028 17.951 0.029
2302.72695 18.024 0.034
2327.58879 17.838 0.024
2333.59882 17.779 0.028
2345.53630 17.782 0.023
2351.51443 17.772 0.021
2369.51289 17.827 0.023
2385.49765 17.932 0.031
2529.84322 19.341 0.083
2539.84565 19.339 0.085
2545.81488 19.415 0.102
2552.86886 19.321 0.083
2556.86022 19.251 0.065
2560.76930 19.399 0.078
2564.87687 19.253 0.078
2578.79762 19.259 0.077
2583.85202 19.182 0.085
2590.75854 19.204 0.068
2596.77115 19.353 0.085
2605.80110 19.065 0.055
2609.77052 19.064 0.070
2614.72878 19.140 0.082
2618.78375 18.980 0.061
2621.70884 19.032 0.045
2624.61480 19.175 0.080
2627.71307 19.159 0.097
2629.73603 19.020 0.059
2632.66197 19.044 0.052
2635.70921 19.055 0.049
2638.68018 18.995 0.051
2640.77707 19.078 0.058
2642.73355 19.131 0.089
2644.73626 19.016 0.054
2646.69022 19.015 0.059
2650.74604 19.098 0.071
2652.80794 19.032 0.048
2654.76860 18.959 0.066
2656.67402 19.079 0.068
2658.63577 18.982 0.055
2660.65409 19.161 0.066
2662.66505 19.090 0.053
2664.64510 19.096 0.063
2666.70849 19.195 0.052
2668.69461 19.086 0.066
2670.65673 19.134 0.077
2672.79550 19.113 0.068
2674.69625 19.116 0.065
2676.68537 19.283 0.082
2678.73862 19.240 0.066
2680.64937 19.111 0.055
2682.69568 19.122 0.083
2687.57551 19.312 0.100
2693.53472 19.126 0.057
2696.57146 19.246 0.082
2701.55311 19.122 0.082
2707.55983 18.945 0.058
2714.54700 18.840 0.061
2839.92365 17.733 0.023
2867.89465 17.877 0.024
2885.87230 18.010 0.024
2892.90082 18.106 0.034
2897.86973 18.132 0.031
2907.78994 18.194 0.027
2911.82733 18.203 0.024
2916.87773 18.252 0.028
2922.86142 18.367 0.045
2926.79309 18.419 0.034
2930.86279 18.434 0.035
2934.76485 18.497 0.034
2940.74559 18.499 0.034
2943.74985 18.618 0.043
2947.75850 18.602 0.037
2949.84849 18.683 0.035
2953.71563 18.644 0.052
2956.74097 18.757 0.040
2958.76731 18.828 0.058
2962.77983 18.869 0.041
2965.80286 18.919 0.047
2968.67015 18.919 0.061
2973.79364 19.001 0.047
2976.80607 19.082 0.052
2978.71374 19.124 0.067
2980.72616 19.135 0.060
2982.71886 19.113 0.060
2984.76598 19.206 0.064
2986.84865 19.205 0.086
2988.81903 19.355 0.068
2989.77434 19.296 0.059
2991.66946 19.254 0.063
2993.68993 19.299 0.077
2995.76304 19.337 0.060
2997.73544 19.390 0.086
2999.69961 19.471 0.070
3001.79447 19.386 0.071
3003.76516 19.556 0.089
3005.72698 19.400 0.074
3007.64840 19.498 0.072
3009.64622 19.579 0.089
3011.74582 19.664 0.119
3017.75131 19.621 0.094
3019.67935 19.731 0.102
3021.79793 19.631 0.091
3023.65971 19.730 0.080
3025.62762 19.640 0.066
3027.67699 19.692 0.082
3029.66205 19.734 0.094
3031.73194 19.657 0.098
3033.79559 19.904 0.092
3035.80239 19.788 0.100
3038.78002 20.153 0.172
3041.62057 20.048 0.199
3043.65461 19.726 0.138
3045.71753 20.007 0.151
3047.67127 19.990 0.149
3048.60005 19.929 0.082
3050.61956 19.853 0.085
3052.62078 19.980 0.104
3054.62097 20.000 0.130
3056.61344 19.985 0.106
3058.60743 20.005 0.120
3060.65701 20.068 0.132
3068.54294 20.005 0.169
3070.60391 19.778 0.193
3073.63506 19.911 0.162
3078.64407 19.985 0.149
3082.62191 20.028 0.097
3085.52300 20.163 0.169
3087.66121 20.199 0.185
3096.54321 20.242 0.228
3099.61299 20.465 0.367
3102.59162 20.333 0.204
3104.57833 20.162 0.181
3110.56011 20.131 0.179
3113.53802 20.304 0.227
3140.51755 20.046 0.158
3216.88175 19.453 0.121
3241.92466 19.153 0.068
3248.86684 19.128 0.076
3257.89520 18.886 0.043
3264.81654 18.829 0.035
3270.88330 18.679 0.037
3274.76893 18.628 0.055
3277.89098 18.622 0.040
3287.77261 18.511 0.029
3295.73102 18.489 0.027
3301.78454 18.474 0.041
3304.84487 18.364 0.034
3307.71840 18.436 0.047
3309.75064 18.361 0.030
3311.74862 18.364 0.029
3320.79158 18.401 0.028
3323.73771 18.430 0.031
3327.76356 18.256 0.028
3330.72218 18.304 0.037
3334.82110 18.282 0.034
3339.76890 18.312 0.030
3354.78480 18.306 0.033
3358.83350 18.338 0.024
3372.77996 18.286 0.034
3378.69262 18.403 0.029
3391.76036 18.512 0.040
3395.72294 18.377 0.046
3399.72917 18.500 0.039
3403.71653 18.518 0.036
3406.68604 18.585 0.027
3410.63895 18.600 0.029
3415.63616 18.705 0.034
3420.62595 18.607 0.041
3427.59991 18.713 0.041
3433.62253 18.762 0.042
3438.55175 18.896 0.042
3446.50890 18.975 0.055
3461.52631 19.113 0.061
3473.48562 19.195 0.072
3619.83807 20.096 0.126
3629.91154 20.331 0.252
3639.78902 20.028 0.098
3644.82564 20.145 0.116
3651.76878 19.970 0.108
3654.81631 20.069 0.108
3661.85103 20.204 0.205
3668.82376 19.974 0.127
3672.81200 19.851 0.106
3676.76881 19.845 0.115
3684.83078 19.911 0.086
3687.80518 19.977 0.101
3690.72505 20.362 0.210
3693.75906 20.020 0.128
3695.79183 19.788 0.082
3698.77359 19.724 0.110
3700.80217 19.846 0.085
3703.73303 19.791 0.082
3705.80020 19.823 0.082
3708.78813 19.877 0.125
3712.74575 19.784 0.084
3714.81598 19.678 0.077
3717.67843 19.795 0.119
3719.85097 19.731 0.133
3721.81192 19.618 0.088
3726.70775 19.423 0.082
3730.73999 19.688 0.074
3732.73210 19.489 0.055
3735.63149 19.392 0.051
3737.76386 19.398 0.049
3739.83384 19.354 0.067
3741.84678 19.277 0.082
3743.74394 19.332 0.065
3746.78646 19.130 0.070
3748.73962 19.149 0.066
3749.74524 19.149 0.071
3751.75658 19.101 0.061
3753.70807 19.115 0.053
3755.70908 19.021 0.052
3757.69895 18.940 0.048
3759.76373 18.859 0.040
3762.78524 19.030 0.065
3765.77233 18.930 0.039
3770.64484 18.835 0.040
3773.71093 18.804 0.047
3776.68125 18.807 0.059
3779.63581 18.869 0.073
3782.74944 18.750 0.049
3787.61265 18.675 0.041
3792.56336 18.565 0.036
3800.54536 18.540 0.034
3810.50296 18.516 0.052
3823.51272 18.587 0.042
3964.89127 19.324 0.053
3969.92208 19.453 0.078
3981.88987 19.546 0.107
3989.91847 19.713 0.228
3998.88216 19.701 0.094
3999.84465 19.924 0.097
4001.89365 19.923 0.100
4004.85764 19.801 0.079
4005.87160 19.956 0.109
4008.73784 19.902 0.090
4013.77460 20.244 0.196
4018.86752 20.013 0.112
4024.73495 20.109 0.104
4026.80802 20.089 0.101
4029.75725 19.967 0.124
4032.77252 19.769 0.143
4038.73859 19.874 0.115
4041.69985 20.539 0.217
4043.70471 20.341 0.192
4046.79640 19.851 0.151
4049.66735 20.134 0.143
4052.72875 20.392 0.162
4056.77361 20.604 0.193
4063.70450 20.137 0.126
4066.76183 20.367 0.146
4068.66671 20.337 0.139
4070.69180 20.312 0.182
4074.75943 20.185 0.162
4077.80798 20.615 0.232
4079.85284 20.130 0.132
4083.69842 20.656 0.294
4085.76415 20.718 0.278
4093.74871 20.591 0.154
4102.86120 20.487 0.230
4105.82123 20.108 0.164
4109.79111 20.324 0.146
4113.74694 20.278 0.121
4120.77717 20.288 0.126
4122.73366 20.253 0.140
4125.78789 20.039 0.157
4132.67566 20.225 0.182
4142.72668 20.129 0.179
4156.56178 20.060 0.112
4168.51643 20.029 0.150
4197.49574 19.819 0.132
4341.92814 18.523 0.078
4347.87968 18.475 0.036
4353.81301 18.475 0.035
4358.91131 18.444 0.052
4364.87574 18.542 0.047
4367.90019 18.511 0.045
4371.76548 18.518 0.039
4377.82183 18.471 0.040
4380.83675 18.563 0.036
4386.81248 18.585 0.047
4390.77441 18.552 0.035
4394.73053 18.589 0.035
4399.74850 18.636 0.055
4407.71153 18.663 0.051
4412.72696 18.757 0.053
4418.82034 18.731 0.035
4426.76406 18.804 0.065
4430.69145 19.039 0.078
4432.75063 18.945 0.043
4436.79056 18.903 0.068
4439.85567 18.924 0.080
4443.74370 19.192 0.089
4449.70655 19.069 0.048
4451.71628 19.087 0.072
4455.71540 19.410 0.110
4457.74584 19.111 0.068
4460.81749 19.312 0.101
4463.73578 19.180 0.058
4466.72477 19.301 0.053
4470.67224 19.320 0.086
4473.71496 19.387 0.088
4477.77347 19.507 0.086
4482.77725 19.299 0.109
4486.75508 19.500 0.102
4492.65022 19.551 0.085
4494.67400 19.584 0.120
4498.70652 19.757 0.107
4501.70383 19.700 0.113
4506.63791 19.778 0.118
4508.66475 19.720 0.101
4510.73072 19.952 0.130
4517.66496 19.951 0.179
4521.64549 19.902 0.122
4524.60820 20.091 0.152
4530.63419 20.241 0.161
4532.65993 20.171 0.160
4536.63219 19.954 0.112
4539.51416 20.209 0.178
4545.55341 20.038 0.138
4556.58940 20.326 0.198
4561.58046 20.225 0.145
4568.53513 20.030 0.140
4588.48612 20.278 0.217
4683.93072 19.892 0.142
4697.88740 19.860 0.180
4708.86496 19.801 0.092
4720.80348 19.785 0.089
4724.85676 19.730 0.119
4728.85068 19.795 0.119
4733.85412 19.456 0.082
4747.74864 19.205 0.058
4748.81292 19.312 0.057
4753.81991 19.193 0.084
4757.78353 19.192 0.061
4760.78534 19.020 0.048
4763.84417 19.066 0.068
4769.71395 18.891 0.061
4772.73306 18.925 0.051
4775.76330 18.955 0.054
4777.77730 18.873 0.048
4781.80659 18.877 0.066
4784.72790 18.927 0.077
4788.82439 18.843 0.040
4791.83478 18.853 0.045
4792.69547 18.845 0.054
4794.80640 18.730 0.045
4796.68534 18.797 0.045
4797.77786 18.897 0.052
4797.82574 18.732 0.047
4800.80231 18.719 0.033
4803.64817 18.649 0.045
4805.74638 18.707 0.036
4807.84962 18.637 0.035
4809.73156 18.734 0.040
4812.76708 18.786 0.078
4814.76745 18.648 0.046
4816.76427 18.690 0.043
4818.79184 18.659 0.042
4820.76921 18.705 0.037
4821.72476 18.623 0.027
4823.79557 18.694 0.036
4826.71250 18.602 0.036
4833.72278 18.591 0.029
4835.70903 18.605 0.040
4837.75740 18.634 0.047
4839.80762 18.645 0.037
4841.77771 18.652 0.045
4843.77329 18.592 0.054
4846.74184 18.535 0.037
4848.74956 18.675 0.040
4853.77165 18.576 0.041
4855.78706 18.690 0.054
4857.76528 18.656 0.049
4859.75500 18.772 0.054
4865.74147 18.676 0.051
4868.73453 18.617 0.041
4870.57468 18.633 0.041
4871.58952 18.700 0.049
4871.65770 18.637 0.048
4872.62497 18.726 0.061
4874.59805 18.650 0.039
4876.56802 18.690 0.036
4878.67451 18.738 0.039
4879.64740 18.690 0.036
4885.57866 18.763 0.045
4888.66200 18.733 0.045
4895.53531 18.765 0.051
4896.52972 18.750 0.041
4901.66802 18.805 0.072
4908.61606 18.773 0.052
4917.56115 18.908 0.047
4921.58291 18.791 0.048
4927.57626 19.122 0.094
4931.58357 18.925 0.073
4935.55030 18.985 0.066
4939.55727 19.156 0.071
4943.49657 19.317 0.079
4944.49392 19.240 0.078
4945.47810 19.018 0.060
4946.48023 19.057 0.074
4947.47857 19.067 0.073
4948.53767 19.099 0.070
4953.53020 19.220 0.071
