2167.87173 14.984 0.006
2186.84550 14.921 0.006
2190.83091 14.927 0.006
2192.87354 14.920 0.006
2193.79512 14.924 0.006
2202.79458 14.853 0.006
2214.84223 14.683 0.006
2221.78422 14.566 0.006
2224.79666 14.510 0.006
2227.70753 14.463 0.006
2229.71301 14.424 0.006
2231.68136 14.401 0.006
2233.64970 14.370 0.006
2236.66205 14.333 0.006
2239.63007 14.300 0.006
2241.71700 14.286 0.006
2243.78688 14.280 0.006
2247.85258 14.247 0.006
2248.85526 14.237 0.006
2250.78760 14.228 0.006
2252.70639 14.194 0.006
2254.69754 14.192 0.006
2257.70181 14.164 0.006
2260.70724 14.128 0.006
2266.69861 14.082 0.006
2270.76576 14.063 0.006
2271.84682 14.053 0.006
2272.75196 14.057 0.006
2274.74351 14.053 0.006
2276.80490 14.045 0.006
2278.66914 14.053 0.006
2280.74750 14.038 0.006
2282.74340 14.043 0.006
2289.80686 14.034 0.006
2292.82331 14.058 0.006
2296.81211 14.082 0.006
2298.80576 14.062 0.006
2300.78337 14.076 0.006
2302.75649 14.078 0.006
2315.68225 14.121 0.006
2324.54046 14.177 0.006
2328.52739 14.201 0.006
2334.52069 14.248 0.006
2340.51749 14.312 0.006
2364.51016 14.600 0.006
2385.52764 14.917 0.006
2529.87176 14.642 0.006
2539.87173 14.509 0.006
2545.83858 14.409 0.006
2552.89744 14.317 0.006
2556.88611 14.248 0.006
2560.79534 14.218 0.006
2561.79685 14.211 0.006
2565.80298 14.196 0.006
2574.75304 14.151 0.006
2578.82138 14.136 0.006
2586.74377 14.108 0.006
2590.79205 14.094 0.006
2596.79876 14.087 0.006
2605.83855 14.102 0.006
2609.80359 14.109 0.006
2610.63614 14.104 0.006
2610.74162 14.115 0.006
2610.84798 14.113 0.006
2611.64822 14.114 0.006
2611.71853 14.125 0.006
2613.62940 14.120 0.006
2613.70724 14.133 0.006
2614.67741 14.131 0.006
2614.76078 14.134 0.006
2614.85236 14.125 0.006
2615.66143 14.139 0.006
2615.78356 14.134 0.006
2615.84128 14.142 0.006
2617.74454 14.136 0.006
2617.85300 14.150 0.006
2618.66671 14.141 0.006
2618.76029 14.143 0.006
2619.62341 14.150 0.006
2619.73018 14.144 0.006
2619.85452 14.144 0.006
2620.65334 14.150 0.006
2620.73853 14.154 0.006
2620.85526 14.148 0.006
2621.68750 14.168 0.006
2621.76301 14.158 0.006
2621.85622 14.154 0.006
2622.65331 14.159 0.006
2622.73472 14.167 0.006
2622.85562 14.156 0.006
2623.65204 14.170 0.006
2623.74012 14.172 0.006
2623.85144 14.165 0.006
2624.68260 14.173 0.006
2624.75370 14.175 0.006
2624.84850 14.171 0.006
2625.66762 14.173 0.006
2625.71950 14.165 0.006
2626.63646 14.174 0.006
2627.74422 14.195 0.006
2627.76500 14.187 0.006
2627.81813 14.188 0.006
2628.66101 14.190 0.006
2628.73807 14.202 0.006
2628.80515 14.191 0.006
2629.65673 14.195 0.006
2629.76509 14.197 0.006
2629.78595 14.192 0.006
2629.84486 14.192 0.006
2630.64460 14.202 0.006
2630.72411 14.209 0.006
2630.80450 14.219 0.006
2631.65608 14.225 0.006
2631.73886 14.217 0.006
2631.84821 14.220 0.006
2632.61205 14.220 0.006
2632.68576 14.215 0.006
2632.73882 14.208 0.006
2632.81937 14.212 0.006
2634.61085 14.225 0.006
2634.70087 14.227 0.006
2635.66104 14.232 0.006
2635.73837 14.232 0.006
2635.78639 14.227 0.006
2635.84131 14.229 0.006
2636.68893 14.235 0.006
2636.76930 14.233 0.006
2636.84899 14.236 0.006
2637.65097 14.245 0.006
2637.72956 14.237 0.006
2637.83268 14.245 0.006
2638.63223 14.251 0.006
2638.70419 14.246 0.006
2638.73317 14.247 0.006
2638.83262 14.246 0.006
2639.60532 14.253 0.006
2639.68566 14.254 0.006
2639.84171 14.257 0.006
2640.61426 14.257 0.006
2640.75625 14.270 0.006
2641.61439 14.274 0.006
2641.75081 14.267 0.006
2641.86162 14.271 0.006
2642.61252 14.275 0.006
2642.71428 14.281 0.006
2643.61944 14.286 0.006
2643.76310 14.285 0.006
2644.60207 14.292 0.006
2644.71262 14.296 0.006
2645.61691 14.302 0.011
2645.75295 14.300 0.006
2645.85934 14.313 0.006
2646.62173 14.314 0.006
2646.71780 14.307 0.006
2646.74698 14.306 0.006
2649.61911 14.337 0.006
2649.71156 14.334 0.006
2650.63929 14.343 0.006
2650.70085 14.353 0.006
2650.81063 14.346 0.006
2651.63533 14.354 0.006
2651.73111 14.352 0.006
2652.60050 14.364 0.006
2652.67946 14.372 0.006
2652.77704 14.366 0.006
2652.86345 14.363 0.006
2653.60835 14.379 0.006
2653.78515 14.381 0.006
2654.62699 14.389 0.006
2654.70403 14.386 0.006
2654.79249 14.386 0.006
2654.84465 14.382 0.006
2655.61263 14.397 0.006
2655.81616 14.389 0.006
2656.62411 14.402 0.006
2656.69796 14.402 0.006
2656.77310 14.407 0.006
2656.87038 14.404 0.006
2657.62650 14.410 0.006
2657.86684 14.412 0.006
2658.58802 14.432 0.006
2658.66041 14.421 0.006
2658.68757 14.424 0.006
2658.76857 14.431 0.006
2659.64605 14.432 0.006
2659.78121 14.450 0.006
2660.60075 14.442 0.006
2660.67957 14.451 0.006
2660.75408 14.451 0.006
2661.60582 14.452 0.006
2661.65961 14.451 0.006
2661.86454 14.453 0.006
2662.64451 14.459 0.006
2662.69413 14.459 0.006
2662.78016 14.469 0.006
2663.65913 14.470 0.006
2664.66913 14.479 0.006
2664.70682 14.488 0.006
2665.69457 14.495 0.006
2665.82669 14.497 0.006
2666.64895 14.504 0.006
2666.73859 14.504 0.006
2666.76674 14.499 0.006
2666.83277 14.503 0.006
2667.68391 14.510 0.006
2668.72558 14.522 0.006
2668.75827 14.512 0.006
2670.71135 14.550 0.006
2671.69385 14.554 0.006
2672.67099 14.559 0.006
2672.77502 14.561 0.006
2672.81930 14.560 0.006
2674.67588 14.581 0.006
2674.72516 14.581 0.006
2674.79798 14.588 0.006
2675.65463 14.596 0.006
2675.76145 14.594 0.006
2676.71434 14.599 0.006
2676.74402 14.599 0.006
2677.66138 14.613 0.006
2677.72009 14.608 0.006
2678.63444 14.613 0.006
2678.76615 14.616 0.006
2678.78669 14.621 0.006
2679.65496 14.629 0.006
2679.79087 14.623 0.006
2680.67344 14.631 0.006
2680.77692 14.634 0.006
2681.61547 14.642 0.006
2681.72698 14.650 0.006
2682.59286 14.652 0.006
2683.62802 14.661 0.006
2687.60744 14.690 0.006
2692.62115 14.715 0.006
2696.59736 14.732 0.006
2701.58905 14.757 0.006
2708.51874 14.782 0.006
2715.51437 14.796 0.006
2870.93268 14.012 0.006
2890.86718 14.055 0.006
2895.90302 14.051 0.006
2900.86726 14.050 0.006
2911.85264 14.043 0.006
2917.76660 14.042 0.006
2922.88880 14.036 0.006
2926.82169 14.049 0.006
2931.74994 14.037 0.006
2934.79076 14.033 0.006
2940.77126 14.025 0.006
2943.77543 14.028 0.006
2947.78408 14.029 0.006
2950.69786 14.029 0.006
2954.72120 14.034 0.006
2956.76655 14.033 0.006
2958.80821 14.031 0.006
2962.80535 14.043 0.006
2965.82836 14.050 0.006
2968.69607 14.055 0.006
2973.76954 14.084 0.006
2976.63599 14.093 0.006
2978.83706 14.103 0.006
2980.75201 14.113 0.006
2982.76011 14.137 0.006
2984.79168 14.139 0.006
2987.67309 14.168 0.006
2989.63150 14.189 0.006
2991.70359 14.199 0.006
2993.71549 14.214 0.006
2995.79031 14.244 0.006
2997.76092 14.258 0.006
2999.66062 14.281 0.006
3000.70954 14.289 0.006
3002.69782 14.312 0.006
3004.69869 14.338 0.006
3006.64215 14.361 0.006
3008.79708 14.382 0.006
3010.71666 14.412 0.006
3011.77162 14.437 0.006
3015.78919 14.471 0.006
3017.77687 14.499 0.006
3019.73059 14.528 0.006
3021.82355 14.542 0.006
3023.68565 14.564 0.006
3025.65709 14.592 0.006
3027.70264 14.614 0.006
3029.68757 14.639 0.006
3031.75763 14.659 0.006
3033.82121 14.685 0.006
3036.61972 14.721 0.006
3039.56157 14.748 0.006
3041.66962 14.769 0.006
3043.68033 14.793 0.006
3045.74318 14.809 0.006
3047.69687 14.826 0.006
3048.62809 14.835 0.006
3050.64507 14.860 0.006
3052.64648 14.875 0.006
3054.65099 14.891 0.006
3056.63910 14.906 0.006
3058.63308 14.920 0.006
3060.68271 14.938 0.006
3066.54467 14.969 0.006
3068.56857 14.980 0.006
3073.66066 14.992 0.006
3076.58451 15.002 0.006
3078.67132 15.002 0.006
3082.64830 14.997 0.006
3085.55181 14.997 0.006
3088.51376 14.999 0.006
3090.65546 14.991 0.006
3093.53808 14.978 0.006
3099.52499 14.940 0.006
3102.61808 14.918 0.006
3105.62382 14.885 0.006
3111.55016 14.827 0.006
3129.49250 14.644 0.006
3134.51336 14.609 0.006
3216.90720 13.989 0.006
3242.84194 13.951 0.006
3248.89468 13.944 0.006
3258.87124 13.921 0.006
3264.84231 13.918 0.006
3274.79435 13.934 0.006
3278.84929 13.941 0.006
3282.82547 13.955 0.006
3287.79885 13.974 0.006
3295.75647 14.006 0.006
3301.81005 14.051 0.006
3304.87451 14.070 0.006
3307.74391 14.106 0.006
3309.77604 14.109 0.006
3311.77401 14.122 0.006
3320.82164 14.202 0.006
3327.78955 14.262 0.006
3330.74793 14.305 0.006
3334.84739 14.337 0.006
3339.79524 14.387 0.006
3353.84150 14.553 0.006
3357.63257 14.585 0.006
3360.67065 14.616 0.006
3363.77888 14.642 0.006
3369.85618 14.691 0.006
3375.79256 14.735 0.006
3378.71812 14.758 0.006
3394.60123 14.868 0.006
3396.65207 14.885 0.006
3399.75467 14.902 0.006
3403.74202 14.907 0.006
3408.62649 14.903 0.006
3413.58146 14.899 0.006
3417.59855 14.893 0.006
3425.60670 14.865 0.006
3431.59469 14.840 0.006
3437.57025 14.812 0.006
3446.53935 14.746 0.006
3456.51928 14.671 0.006
3474.48751 14.526 0.006
3603.92968 13.849 0.006
3619.87270 13.960 0.006
3633.84916 14.084 0.006
3639.81562 14.151 0.006
3644.85167 14.206 0.006
3651.79411 14.280 0.006
3654.84186 14.328 0.006
3658.80545 14.375 0.006
3660.83027 14.403 0.006
3665.82423 14.469 0.006
3670.79397 14.532 0.006
3673.80408 14.572 0.006
3676.80412 14.610 0.006
3684.85811 14.724 0.006
3687.83047 14.753 0.006
3690.75042 14.798 0.006
3693.78793 14.825 0.006
3695.81923 14.865 0.006
3698.80881 14.889 0.006
3700.82742 14.910 0.006
3703.76151 14.942 0.006
3705.82569 14.960 0.006
3708.81351 14.971 0.006
3712.77102 14.995 0.006
3714.84181 15.013 0.006
3717.73419 15.002 0.006
3720.82225 15.008 0.006
3724.73992 14.990 0.006
3727.81450 14.972 0.006
3728.77725 14.972 0.006
3731.78078 14.957 0.006
3732.76387 14.954 0.006
3735.62029 14.933 0.006
3737.79018 14.927 0.006
3740.75207 14.901 0.006
3742.75945 14.903 0.006
3745.79535 14.886 0.006
3747.79798 14.893 0.006
3748.76518 14.881 0.006
3750.77589 14.877 0.006
3752.78540 14.867 0.006
3754.80319 14.865 0.006
3757.58418 14.862 0.006
3759.78925 14.862 0.006
3763.66121 14.848 0.006
3766.61761 14.848 0.006
3770.70413 14.837 0.006
3773.73690 14.835 0.006
3776.70862 14.826 0.006
3779.66191 14.809 0.006
3783.57853 14.789 0.006
3788.55130 14.756 0.006
3792.58876 14.718 0.006
3800.57065 14.638 0.006
3810.52871 14.545 0.006
3824.49893 14.350 0.006
3950.92248 14.158 0.006
3964.92123 14.272 0.006
3970.84609 14.312 0.006
3981.91465 14.370 0.006
3990.90335 14.451 0.006
3998.90716 14.527 0.006
4003.72081 14.569 0.006
4005.89654 14.593 0.006
4006.74210 14.606 0.006
4008.76290 14.622 0.006
4013.76344 14.688 0.006
4019.87248 14.758 0.006
4024.75994 14.813 0.006
4026.83761 14.839 0.006
4029.78216 14.867 0.006
4032.81301 14.910 0.006
4038.76475 14.954 0.006
4041.72472 14.976 0.006
4043.72965 14.990 0.006
4046.82303 15.005 0.006
4049.69219 15.018 0.006
4052.75351 15.034 0.006
4056.79949 15.043 0.006
4058.84661 15.045 0.006
4063.72945 15.036 0.006
4065.85260 15.036 0.006
4067.69448 15.040 0.006
4070.71670 15.015 0.006
4074.78544 14.997 0.006
4077.83422 14.975 0.006
4080.71082 14.967 0.006
4084.63914 14.938 0.006
4086.79486 14.935 0.006
4093.83624 14.888 0.006
4105.85446 14.811 0.006
4111.77357 14.755 0.006
4117.71400 14.716 0.006
4121.69195 14.685 0.006
4124.77422 14.659 0.006
4132.73012 14.580 0.006
4142.75187 14.461 0.006
4156.58702 14.251 0.006
4168.54752 14.137 0.006
4198.50169 13.995 0.006
4343.83767 15.201 0.006
4347.90472 15.251 0.006
4353.83788 15.315 0.006
4358.78929 15.369 0.006
4363.83180 15.404 0.006
4367.79158 15.418 0.006
4370.82836 15.418 0.006
4373.82779 15.424 0.006
4377.84678 15.425 0.006
4380.89144 15.431 0.006
4386.83730 15.423 0.006
4390.79929 15.411 0.006
4394.81686 15.383 0.006
4399.77346 15.359 0.006
4407.73639 15.308 0.006
4412.75999 15.277 0.006
4418.84551 15.225 0.006
4422.73760 15.212 0.006
4427.71325 15.185 0.006
4430.71659 15.167 0.006
4433.73420 15.160 0.006
4436.81555 15.171 0.006
4440.67644 15.153 0.006
4443.76888 15.148 0.006
4449.73151 15.167 0.006
4451.77109 15.159 0.006
4452.75040 15.159 0.006
4455.74057 15.168 0.006
4457.77080 15.164 0.006
4459.73547 15.157 0.006
4462.71327 15.159 0.006
4464.78361 15.146 0.006
4467.75934 15.132 0.006
4471.81728 15.103 0.006
4472.64669 15.093 0.006
4476.70020 15.052 0.006
4480.80368 14.990 0.006
4483.79199 14.954 0.006
4486.81825 14.915 0.006
4492.67607 14.838 0.006
4497.73753 14.784 0.006
4500.61060 14.750 0.006
4502.72039 14.741 0.006
4507.72328 14.678 0.006
4509.67497 14.661 0.006
4518.63743 14.593 0.006
4521.67184 14.587 0.006
4523.65688 14.576 0.006
4525.62153 14.570 0.006
4531.59968 14.551 0.006
4533.59989 14.544 0.006
4537.64996 14.535 0.006
4539.56912 14.536 0.006
4541.65133 14.538 0.006
4545.57872 14.532 0.006
4547.62840 14.523 0.006
4559.56910 14.574 0.006
4565.50996 14.602 0.006
4580.49588 14.709 0.006
4609.47396 15.014 0.006
4697.91890 15.718 0.007
4708.88993 15.702 0.006
4720.82831 15.670 0.006
4725.76814 15.662 0.006
4728.87582 15.653 0.006
4734.83704 15.640 0.006
4748.86023 15.518 0.006
4753.86052 15.487 0.006
4757.80870 15.431 0.006
4760.81028 15.409 0.006
4763.86924 15.380 0.006
4769.73950 15.326 0.006
4772.77162 15.311 0.006
4777.80223 15.280 0.006
4781.86040 15.235 0.006
4784.75278 15.213 0.006
4789.75817 15.156 0.006
4792.74563 15.140 0.006
4794.84871 15.110 0.006
4797.85081 15.065 0.006
4799.74456 15.033 0.006
4801.67746 15.000 0.006
4803.67313 14.968 0.006
4805.77139 14.915 0.006
4808.67178 14.857 0.006
4810.76372 14.807 0.006
4813.74876 14.736 0.006
4815.73261 14.699 0.006
4817.73017 14.663 0.006
4819.73915 14.633 0.006
4822.71901 14.603 0.006
4824.71615 14.573 0.006
4826.75001 14.545 0.006
4833.75246 14.483 0.006
4835.76287 14.470 0.006
4838.76755 14.448 0.006
4840.75052 14.456 0.006
4842.73860 14.455 0.006
4844.73489 14.456 0.006
4846.76696 14.468 0.006
4848.79080 14.476 0.006
4853.81260 14.480 0.006
4861.70353 14.511 0.006
4865.63417 14.521 0.006
4868.75946 14.535 0.006
4870.73209 14.540 0.006
4873.75013 14.554 0.006
4875.72178 14.553 0.006
4877.66887 14.557 0.006
4879.72533 14.570 0.006
4885.64058 14.583 0.006
4889.61422 14.613 0.006
4896.61046 14.650 0.006
4900.64893 14.663 0.006
4907.60624 14.709 0.006
4917.58612 14.784 0.006
4921.55791 14.810 0.006
4927.55280 14.858 0.006
4932.53340 14.895 0.006
4936.56001 14.929 0.006
4940.57488 14.954 0.006
4945.54163 14.991 0.006
4950.52346 15.026 0.006
4955.51692 15.070 0.006
