2167.86446 18.798 0.046
2190.82369 18.462 0.030
2192.86690 18.360 0.030
2193.78846 18.332 0.024
2201.85453 18.084 0.022
2202.78795 18.059 0.025
2214.83563 17.836 0.025
2221.77762 17.818 0.024
2224.79006 17.803 0.021
2227.70093 17.793 0.021
2229.70640 17.765 0.022
2231.67480 17.782 0.022
2233.64310 17.734 0.020
2236.65544 17.747 0.022
2239.62349 17.763 0.024
2241.71043 17.724 0.022
2243.76412 17.668 0.021
2247.84603 17.627 0.017
2248.84868 17.668 0.016
2250.77870 17.659 0.016
2252.69570 17.660 0.016
2254.68697 17.600 0.016
2257.69518 17.626 0.016
2260.70066 17.608 0.016
2266.69201 17.563 0.017
2270.73280 17.558 0.017
2271.83993 17.575 0.013
2274.73272 17.525 0.017
2276.79830 17.531 0.018
2278.66255 17.512 0.017
2280.74090 17.510 0.016
2282.73680 17.510 0.015
2289.80028 17.453 0.015
2292.81670 17.439 0.018
2296.80551 17.424 0.024
2298.79913 17.391 0.018
2300.77677 17.386 0.018
2302.74988 17.413 0.018
2315.67560 17.374 0.014
2324.53319 17.376 0.021
2328.52009 17.403 0.021
2334.51340 17.345 0.018
2340.51020 17.422 0.027
2364.50284 17.455 0.022
2385.52029 17.576 0.024
2529.86450 18.277 0.030
2539.86448 18.189 0.036
2545.83192 18.143 0.031
2552.89019 18.082 0.030
2556.87890 18.056 0.024
2560.78812 18.055 0.027
2561.78963 18.036 0.030
2565.79636 18.010 0.029
2574.74640 17.953 0.022
2578.81476 17.940 0.025
2583.86940 17.875 0.031
2590.78486 17.802 0.025
2596.79160 17.780 0.023
2605.83138 17.755 0.022
2609.79644 17.683 0.023
2614.77383 17.639 0.023
2618.80429 17.562 0.021
2621.72962 17.491 0.016
2624.64914 17.438 0.018
2627.75843 17.358 0.018
2629.77936 17.306 0.017
2632.67919 17.294 0.014
2635.77980 17.228 0.014
2638.69760 17.160 0.015
2640.79429 17.151 0.020
2642.75235 17.089 0.015
2644.75134 17.056 0.013
2646.71121 17.002 0.013
2650.76230 16.942 0.013
2652.85689 16.909 0.012
2654.78589 16.885 0.013
2656.69138 16.867 0.014
2658.65378 16.826 0.012
2660.67297 16.817 0.012
2662.68755 16.772 0.013
2664.66254 16.746 0.012
2666.72807 16.750 0.011
2668.71895 16.729 0.012
2672.81267 16.701 0.011
2674.71854 16.723 0.012
2676.70356 16.740 0.014
2678.78007 16.682 0.010
2680.66681 16.670 0.011
2682.71193 16.704 0.012
2687.60034 16.677 0.012
2692.59902 16.723 0.013
2696.59026 16.675 0.011
2701.58192 16.687 0.013
2708.51158 16.715 0.014
2715.50720 16.736 0.015
2870.92550 17.636 0.024
2890.86000 17.793 0.030
2895.89589 17.839 0.021
2900.86012 17.883 0.023
2911.84555 17.930 0.021
2917.75951 17.956 0.025
2922.88168 17.996 0.034
2926.81462 18.012 0.027
2931.74287 18.041 0.025
2934.78364 18.005 0.023
2940.76418 18.034 0.025
2943.76839 18.057 0.027
2947.77702 18.018 0.023
2949.86686 18.012 0.027
2950.69083 18.059 0.029
2954.71418 18.016 0.030
2956.75946 18.029 0.025
2958.80117 18.026 0.025
2962.79829 18.024 0.022
2965.82136 17.978 0.022
2968.68904 17.942 0.027
2973.76251 17.960 0.022
2976.62900 17.954 0.029
2978.83003 17.969 0.023
2980.74503 17.952 0.023
2982.75308 17.946 0.022
2984.78467 17.940 0.023
2987.66604 17.931 0.023
2989.62271 17.895 0.022
2991.68813 17.908 0.021
2993.70847 17.897 0.027
2995.78330 17.881 0.023
2997.75392 17.867 0.022
2999.65357 17.860 0.021
3000.70249 17.891 0.022
3002.69078 17.828 0.021
3004.69165 17.809 0.018
3006.63513 17.806 0.021
3008.79004 17.800 0.022
3010.70961 17.788 0.025
3011.76457 17.741 0.025
3015.78214 17.760 0.027
3017.76983 17.734 0.021
3019.72354 17.714 0.021
3021.81653 17.724 0.020
3023.67861 17.709 0.016
3025.65003 17.682 0.016
3027.69559 17.703 0.017
3029.68054 17.651 0.017
3033.81415 17.606 0.017
3036.61264 17.573 0.016
3039.55454 17.523 0.020
3041.66255 17.509 0.024
3043.67327 17.463 0.022
3045.73615 17.415 0.018
3047.68978 17.368 0.016
3048.62100 17.364 0.013
3050.63801 17.327 0.013
3052.63942 17.303 0.015
3054.64387 17.275 0.014
3056.63202 17.225 0.014
3058.62594 17.161 0.014
3060.67560 17.147 0.014
3066.52187 17.087 0.017
3068.56143 17.033 0.015
3070.63368 16.961 0.015
3073.65353 16.920 0.014
3076.57737 16.896 0.014
3078.66414 16.848 0.012
3082.64117 16.782 0.010
3085.54361 16.765 0.012
3088.50659 16.745 0.012
3090.64831 16.712 0.012
3093.53086 16.718 0.013
3098.64020 16.637 0.011
3102.61091 16.607 0.012
3105.61664 16.597 0.012
3108.59459 16.565 0.010
3111.54296 16.558 0.012
3129.48526 16.460 0.012
3134.50612 16.413 0.010
3216.89999 16.431 0.011
3242.83473 16.658 0.011
3248.88753 16.699 0.011
3258.86411 16.809 0.010
3264.83518 16.867 0.011
3270.90187 16.926 0.012
3274.78725 16.975 0.014
3278.84220 17.019 0.013
3282.81838 17.076 0.012
3287.79177 17.152 0.010
3295.74942 17.239 0.011
3301.80298 17.332 0.016
3304.86742 17.343 0.015
3307.73687 17.377 0.021
3309.76903 17.368 0.015
3311.76698 17.459 0.016
3320.81461 17.523 0.015
3327.78252 17.594 0.016
3330.74088 17.599 0.021
3334.84036 17.618 0.023
3339.78820 17.629 0.017
3350.72456 17.654 0.014
3353.83450 17.726 0.021
3357.62479 17.707 0.020
3360.66363 17.709 0.017
3363.77189 17.727 0.018
3369.84919 17.717 0.021
3375.78551 17.709 0.021
3378.71103 17.683 0.016
3392.67574 17.647 0.018
3393.75685 17.682 0.030
3394.59414 17.687 0.021
3396.64501 17.640 0.018
3399.74762 17.629 0.023
3403.73498 17.616 0.017
3408.61941 17.628 0.016
3412.65350 17.623 0.022
3417.59151 17.546 0.016
3425.59966 17.564 0.024
3431.58766 17.537 0.015
3437.56317 17.522 0.016
3446.53227 17.513 0.016
3456.49380 17.501 0.020
3474.48037 17.560 0.023
3596.93354 16.523 0.010
3603.92049 16.543 0.010
3619.86442 16.603 0.010
3633.84209 16.660 0.011
3639.80857 16.682 0.009
3644.84463 16.709 0.009
3651.78707 16.770 0.010
3654.83482 16.777 0.010
3658.79846 16.839 0.011
3660.82325 16.863 0.013
3665.81723 16.888 0.012
3670.78698 16.985 0.012
3673.79706 17.048 0.012
3676.78898 17.062 0.013
3684.85115 17.180 0.013
3687.82351 17.206 0.013
3690.74344 17.243 0.015
3693.77743 17.287 0.014
3695.81017 17.344 0.013
3698.80187 17.380 0.016
3700.82046 17.447 0.017
3703.75453 17.491 0.013
3705.81875 17.510 0.014
3708.80654 17.549 0.016
3712.76406 17.646 0.015
3714.83483 17.694 0.016
3717.72721 17.731 0.021
3720.81529 17.811 0.023
3724.73296 17.905 0.018
3727.80477 17.898 0.023
3731.77384 17.997 0.020
3732.75050 18.008 0.018
3735.61332 18.097 0.021
3737.78320 18.123 0.020
3740.74512 18.188 0.024
3742.75245 18.216 0.038
3745.78840 18.205 0.028
3747.79101 18.277 0.045
3748.75819 18.230 0.034
3750.76840 18.349 0.031
3752.77845 18.349 0.036
3754.79623 18.279 0.030
3757.57718 18.374 0.034
3759.78228 18.456 0.029
3763.65423 18.514 0.022
3766.61061 18.492 0.029
3770.69713 18.502 0.034
3773.72992 18.571 0.038
3776.70160 18.789 0.062
3779.65490 18.638 0.056
3783.57152 18.742 0.041
3788.54424 18.758 0.034
3792.58171 18.794 0.044
3800.56359 18.812 0.046
3810.52162 18.861 0.059
3824.49179 18.747 0.054
3950.91543 17.499 0.016
3964.91420 17.263 0.012
3970.83907 17.168 0.013
3981.90763 17.048 0.013
3990.89639 17.059 0.011
3998.90017 17.034 0.012
4003.71387 17.045 0.011
4005.88958 17.046 0.011
4006.73519 17.066 0.011
4008.75595 17.025 0.011
4013.75649 17.083 0.013
4018.88906 17.114 0.012
4024.75305 17.104 0.012
4026.83068 17.136 0.011
4029.77527 17.172 0.013
4032.80611 17.209 0.015
4038.75786 17.171 0.013
4041.71783 17.228 0.013
4043.72277 17.240 0.014
4046.81615 17.227 0.014
4049.68530 17.221 0.013
4052.74664 17.256 0.012
4056.79260 17.283 0.013
4058.83974 17.247 0.014
4063.72257 17.260 0.013
4065.84572 17.266 0.013
4067.68762 17.275 0.013
4070.70988 17.278 0.013
4074.77859 17.303 0.014
4077.82739 17.276 0.014
4080.70396 17.298 0.015
4084.63226 17.344 0.015
4086.78800 17.332 0.015
4093.82938 17.421 0.016
4105.84759 17.535 0.018
4111.76670 17.589 0.015
4117.70712 17.636 0.017
4121.68505 17.602 0.023
4124.76734 17.717 0.016
4132.72324 17.886 0.025
4142.74495 17.996 0.032
4156.58004 18.207 0.029
4168.54051 18.479 0.034
4198.49465 18.729 0.055
4343.83063 18.175 0.034
4347.89773 18.050 0.027
4353.83090 17.887 0.021
4358.78231 17.780 0.028
4363.82481 17.685 0.025
4367.78460 17.660 0.023
4370.82140 17.622 0.021
4373.82083 17.599 0.018
4377.83983 17.539 0.018
4380.88450 17.523 0.017
4386.83036 17.455 0.021
4390.79236 17.415 0.017
4394.80995 17.360 0.014
4399.76655 17.339 0.020
4407.72950 17.226 0.015
4412.75311 17.214 0.017
4418.83862 17.104 0.012
4422.73073 17.051 0.012
4427.70638 17.030 0.013
4430.70967 17.010 0.014
4433.72732 16.962 0.013
4436.80870 16.916 0.013
4440.66957 16.906 0.013
4443.76203 16.881 0.014
4449.72466 16.846 0.011
4451.76424 16.817 0.012
4452.74355 16.824 0.012
4455.73371 16.826 0.013
4457.76391 16.804 0.014
4459.72859 16.789 0.011
4462.70642 16.773 0.011
4464.77673 16.772 0.012
4467.75250 16.767 0.010
4471.81041 16.762 0.011
4472.63978 16.754 0.010
4476.69333 16.758 0.010
4480.79680 16.738 0.010
4483.78510 16.738 0.012
4486.81138 16.728 0.013
4492.66913 16.767 0.012
4497.73097 16.773 0.011
4500.57264 16.805 0.012
4502.71383 16.830 0.013
4507.71669 16.845 0.013
4509.66840 16.860 0.012
4517.69602 16.965 0.016
4521.66487 16.986 0.013
4523.64989 17.003 0.014
4525.61455 17.041 0.013
4531.59055 17.134 0.012
4533.59291 17.133 0.013
4537.64300 17.183 0.014
4539.56211 17.208 0.015
4541.64428 17.267 0.016
4545.57172 17.322 0.015
4547.62141 17.324 0.021
4559.56212 17.525 0.018
4565.50291 17.571 0.021
4571.55169 17.681 0.024
4579.53657 17.726 0.027
4580.48880 17.783 0.030
4600.51378 17.974 0.034
4609.46689 18.132 0.044
4684.93307 18.687 0.050
4697.91185 18.647 0.059
4708.88292 18.628 0.044
4720.82133 18.585 0.032
4724.90753 18.643 0.043
4728.86887 18.523 0.043
4734.83010 18.584 0.035
4748.85326 18.533 0.030
4753.85362 18.521 0.039
4757.80174 18.428 0.037
4760.80335 18.401 0.030
4763.86233 18.404 0.046
4769.73260 18.349 0.041
4772.75113 18.346 0.029
4775.78216 18.247 0.037
4777.79534 18.178 0.028
4781.85353 18.065 0.025
4784.74593 17.999 0.032
4788.84283 17.895 0.020
4792.73873 17.825 0.022
4794.84179 17.741 0.018
4797.84395 17.729 0.020
4799.73767 17.685 0.021
4801.67059 17.635 0.018
4803.66625 17.629 0.020
4805.76453 17.595 0.016
4808.66491 17.540 0.017
4810.75684 17.484 0.015
4813.74191 17.439 0.021
4815.72574 17.417 0.017
4817.72332 17.348 0.015
4819.73227 17.358 0.013
4822.71216 17.285 0.013
4824.70929 17.275 0.014
4826.74317 17.223 0.013
4833.74557 17.158 0.012
4835.75603 17.142 0.013
4838.76068 17.089 0.012
4840.74366 17.055 0.013
4842.73171 17.034 0.014
4844.72799 16.988 0.013
4846.76002 17.017 0.013
4848.78389 16.999 0.013
4853.80566 16.923 0.012
4861.69661 16.831 0.012
4865.62728 16.800 0.011
4868.75255 16.771 0.011
4870.72514 16.756 0.012
4873.74318 16.733 0.013
4875.71484 16.729 0.011
4877.66195 16.743 0.010
4879.71836 16.704 0.012
4885.63363 16.720 0.011
4889.60726 16.746 0.011
4896.60346 16.772 0.012
4900.64192 16.765 0.013
4907.59924 16.815 0.012
4917.57908 16.911 0.011
4921.55089 16.940 0.012
4927.54611 17.032 0.015
4932.52668 17.080 0.017
4936.55332 17.124 0.015
4940.56818 17.157 0.014
4945.53493 17.258 0.014
4950.52002 17.347 0.023
4955.51018 17.447 0.018
