2166.83748 16.068 0.007
2172.88623 16.108 0.007
2189.84343 16.252 0.008
2212.79165 16.437 0.008
2217.77657 16.485 0.009
2223.79686 16.512 0.009
2226.77167 16.553 0.009
2228.81518 16.571 0.008
2232.74882 16.607 0.008
2234.74264 16.596 0.008
2238.69340 16.643 0.009
2240.82234 16.649 0.009
2242.82814 16.640 0.011
2249.76134 16.733 0.009
2251.79384 16.734 0.009
2253.75428 16.751 0.009
2256.72961 16.772 0.010
2258.67093 16.803 0.009
2261.65657 16.791 0.010
2265.75860 16.832 0.010
2271.70452 16.853 0.010
2273.67123 16.860 0.011
2275.77768 16.877 0.011
2277.77244 16.870 0.010
2279.77750 16.900 0.010
2281.79140 16.911 0.010
2283.79454 16.907 0.009
2289.72371 16.905 0.010
2291.73116 16.878 0.013
2293.70325 16.877 0.012
2295.73002 16.911 0.009
2297.72087 16.917 0.010
2299.74326 16.917 0.010
2302.59445 16.905 0.010
2317.64009 16.884 0.010
2326.55999 16.924 0.012
2338.52768 16.851 0.011
2344.52051 16.861 0.010
2354.52229 16.819 0.014
2368.50633 16.898 0.017
2401.50848 16.874 0.013
2520.91714 15.996 0.007
2521.89652 15.996 0.007
2537.84983 15.846 0.008
2539.82390 15.838 0.007
2542.81624 15.797 0.007
2545.79791 15.773 0.007
2551.86336 15.692 0.007
2555.88740 15.655 0.007
2559.79629 15.615 0.007
2563.84651 15.568 0.007
2577.83528 15.443 0.006
2580.86474 15.404 0.006
2589.77257 15.325 0.006
2594.78968 15.290 0.006
2599.83307 15.266 0.006
2609.64554 15.221 0.006
2617.80153 15.209 0.006
2620.76956 15.187 0.005
2623.71394 15.187 0.006
2627.61011 15.190 0.006
2629.63417 15.175 0.006
2631.68345 15.190 0.006
2634.67835 15.177 0.005
2637.70436 15.184 0.005
2639.81916 15.192 0.005
2641.64179 15.196 0.006
2643.65282 15.200 0.006
2645.64554 15.213 0.005
2646.67298 15.213 0.006
2650.73012 15.228 0.006
2652.72025 15.241 0.006
2654.82401 15.245 0.005
2657.74250 15.258 0.006
2659.70755 15.259 0.006
2661.80725 15.269 0.005
2665.77723 15.283 0.005
2667.81113 15.302 0.006
2671.72300 15.304 0.006
2673.68642 15.306 0.006
2675.71335 15.306 0.005
2677.74802 15.315 0.006
2679.73873 15.309 0.006
2681.75607 15.312 0.006
2686.56479 15.338 0.006
2690.64303 15.342 0.006
2695.57361 15.362 0.006
2700.52470 15.361 0.006
2712.55909 15.398 0.006
2735.48926 15.477 0.007
2884.85213 15.433 0.006
2890.81992 15.443 0.007
2895.85556 15.447 0.006
2900.81121 15.447 0.006
2906.84218 15.435 0.006
2910.87563 15.442 0.006
2915.87181 15.432 0.006
2921.87412 15.429 0.006
2925.81959 15.421 0.006
2929.86420 15.413 0.006
2933.80112 15.413 0.006
2939.80964 15.389 0.006
2942.78503 15.393 0.006
2946.80546 15.369 0.006
2948.85057 15.355 0.006
2952.78982 15.330 0.006
2955.84684 15.308 0.007
2957.77439 15.309 0.006
2961.75771 15.280 0.006
2963.81598 15.267 0.006
2966.75531 15.242 0.005
2970.76943 15.213 0.005
2974.68407 15.182 0.005
2975.80922 15.181 0.006
2979.84567 15.146 0.005
2983.75366 15.123 0.005
2986.73614 15.104 0.005
2988.70308 15.089 0.005
2990.72774 15.084 0.005
2992.72452 15.073 0.005
2994.81527 15.054 0.005
2996.69078 15.047 0.005
2998.68137 15.031 0.005
3000.69087 15.020 0.005
3002.67862 15.007 0.005
3004.67782 15.000 0.005
3006.62356 14.983 0.005
3010.69811 14.950 0.005
3012.79358 14.936 0.005
3016.71227 14.913 0.005
3018.70212 14.899 0.005
3020.77749 14.886 0.005
3022.80392 14.875 0.005
3024.75257 14.854 0.005
3026.72167 14.852 0.005
3028.75735 14.835 0.005
3030.76235 14.837 0.005
3033.68881 14.795 0.005
3035.69051 14.772 0.005
3038.67415 14.752 0.005
3041.57130 14.731 0.005
3043.60115 14.716 0.005
3045.64016 14.702 0.005
3047.59434 14.685 0.005
3049.60003 14.682 0.005
3050.57063 14.679 0.005
3052.56497 14.664 0.005
3054.56660 14.655 0.005
3056.56578 14.648 0.005
3058.55882 14.646 0.005
3060.57993 14.643 0.005
3067.64162 14.621 0.005
3069.60016 14.612 0.005
3073.51014 14.609 0.005
3075.60287 14.603 0.005
3078.52501 14.601 0.005
3081.67770 14.607 0.005
3084.58994 14.616 0.005
3087.55172 14.624 0.005
3089.65514 14.621 0.005
3092.59315 14.634 0.005
3098.59529 14.646 0.005
3101.55561 14.655 0.005
3104.52703 14.665 0.005
3110.53540 14.695 0.005
3113.51905 14.695 0.005
3125.51654 14.736 0.005
3135.48243 14.798 0.005
3229.89656 15.381 0.005
3239.91042 15.430 0.006
3247.88130 15.478 0.005
3256.85796 15.507 0.006
3268.85013 15.538 0.006
3273.80892 15.542 0.006
3276.89442 15.546 0.006
3281.80461 15.562 0.005
3289.81829 15.573 0.005
3294.81623 15.578 0.005
3296.82162 15.566 0.005
3298.85221 15.565 0.005
3301.67247 15.578 0.006
3303.84156 15.566 0.006
3306.81630 15.553 0.006
3308.83315 15.564 0.006
3310.86546 15.551 0.006
3314.83297 15.535 0.006
3329.80481 15.469 0.005
3334.70094 15.446 0.006
3338.75700 15.436 0.005
3352.64367 15.400 0.005
3355.66553 15.396 0.006
3359.72451 15.402 0.005
3363.70248 15.391 0.005
3369.76939 15.384 0.005
3372.67450 15.369 0.005
3377.70863 15.363 0.006
3386.79126 15.317 0.005
3391.58205 15.298 0.005
3395.63681 15.286 0.005
3398.69364 15.270 0.005
3403.66875 15.269 0.005
3406.60276 15.280 0.005
3410.62036 15.283 0.005
3415.59210 15.290 0.005
3421.58049 15.303 0.005
3428.57948 15.333 0.005
3436.57381 15.381 0.006
3443.51655 15.435 0.006
3452.53640 15.515 0.006
3574.92713 15.621 0.006
3588.91748 15.645 0.006
3590.91936 15.660 0.006
3614.90854 15.748 0.006
3629.80389 15.827 0.006
3634.76201 15.872 0.006
3640.75832 15.890 0.006
3644.90067 15.927 0.007
3650.81034 15.968 0.006
3653.83825 15.981 0.007
3657.78888 16.012 0.007
3661.80058 16.036 0.007
3666.79773 16.081 0.007
3671.79611 16.119 0.007
3675.81053 16.151 0.007
3683.83368 16.222 0.007
3687.69548 16.167 0.007
3689.79908 16.295 0.007
3692.71966 16.305 0.007
3694.85194 16.337 0.007
3696.67242 16.337 0.007
3699.68469 16.383 0.007
3701.73581 16.381 0.007
3704.75719 16.416 0.007
3706.75623 16.429 0.007
3711.64744 16.494 0.007
3713.66103 16.523 0.008
3716.69449 16.524 0.009
3719.67175 16.543 0.008
3725.75511 16.624 0.009
3727.70307 16.631 0.008
3730.63130 16.644 0.007
3733.62006 16.683 0.008
3734.72290 16.710 0.008
3736.74183 16.693 0.008
3738.66378 16.687 0.009
3740.69875 16.734 0.008
3743.66427 16.739 0.009
3746.73822 16.754 0.010
3748.69151 16.772 0.010
3750.58305 16.751 0.010
3752.70435 16.803 0.009
3754.69276 16.789 0.010
3758.71362 16.825 0.010
3762.67174 16.830 0.009
3765.66228 16.823 0.007
3769.73428 16.839 0.008
3772.70243 16.855 0.008
3778.67291 16.853 0.009
3781.73392 16.876 0.011
3786.55702 16.840 0.009
3791.55265 16.833 0.009
3798.55296 16.821 0.009
3805.53818 16.802 0.010
3819.51713 16.783 0.009
3938.93494 16.172 0.007
3961.91187 16.045 0.007
3968.89435 16.014 0.007
3974.87994 16.021 0.007
3981.78737 16.023 0.007
3987.91136 16.010 0.007
3995.81896 16.012 0.006
4002.81834 16.023 0.006
4004.83956 16.002 0.006
4007.77218 16.033 0.006
4011.75290 16.016 0.007
4018.79225 16.012 0.007
4023.78666 15.988 0.006
4026.70261 15.986 0.006
4028.83859 15.968 0.006
4031.72633 15.957 0.006
4037.83526 15.924 0.006
4040.80199 15.926 0.006
4042.81747 15.910 0.006
4046.69226 15.889 0.007
4048.78165 15.884 0.006
4051.77127 15.875 0.007
4053.82255 15.860 0.006
4056.64241 15.845 0.007
4059.65340 15.827 0.006
4064.67608 15.828 0.006
4067.67653 15.812 0.006
4069.66466 15.803 0.006
4072.70181 15.793 0.006
4076.77226 15.785 0.006
4079.64714 15.775 0.006
4082.66778 15.764 0.006
4084.74823 15.771 0.006
4087.66804 15.753 0.006
4093.81639 15.739 0.006
4102.62266 15.716 0.006
4104.79137 15.731 0.006
4109.65264 15.727 0.006
4113.67151 15.719 0.005
4118.57843 15.724 0.007
4120.66456 15.753 0.005
4124.69528 15.760 0.006
4127.64924 15.758 0.005
4132.62724 15.770 0.006
4142.56227 15.830 0.007
4150.53933 15.870 0.007
4154.51775 15.884 0.008
4165.54574 15.940 0.007
4183.50211 16.028 0.008
4341.84888 16.520 0.011
4345.90798 16.494 0.010
4350.88238 16.490 0.009
4355.88996 16.515 0.009
4361.85070 16.515 0.011
4364.85751 16.557 0.010
4367.76999 16.541 0.010
4370.80688 16.554 0.010
4376.84194 16.618 0.010
4379.84828 16.659 0.010
4383.85254 16.668 0.010
4388.79243 16.686 0.010
4392.84668 16.685 0.008
4398.79546 16.706 0.010
4403.73524 16.697 0.011
4410.86233 16.705 0.010
4417.75029 16.736 0.009
4421.72627 16.755 0.009
4421.78217 16.736 0.009
4425.74630 16.732 0.010
4429.71045 16.734 0.011
4431.85028 16.739 0.014
4436.71470 16.766 0.010
4439.72276 16.755 0.011
4442.70008 16.739 0.010
4448.75352 16.760 0.010
4450.76040 16.760 0.011
4453.73604 16.762 0.009
4456.74940 16.745 0.011
4458.69703 16.751 0.010
4461.64710 16.751 0.009
4465.66793 16.767 0.009
4468.69869 16.738 0.008
4473.63501 16.720 0.009
4477.72255 16.731 0.009
4479.74417 16.711 0.009
4483.70407 16.677 0.010
4486.70251 16.675 0.011
4490.70075 16.661 0.010
4493.77158 16.639 0.010
4498.63551 16.574 0.008
4501.62863 16.572 0.009
4505.59917 16.544 0.009
4508.57668 16.521 0.009
4510.65490 16.529 0.008
4516.53559 16.454 0.010
4520.62560 16.421 0.010
4523.60915 16.424 0.009
4530.55256 16.351 0.009
4532.54627 16.337 0.009
4535.60374 16.311 0.008
4538.62430 16.308 0.008
4540.59362 16.298 0.008
4544.55953 16.254 0.008
4546.61151 16.247 0.009
4559.54016 16.176 0.008
4566.56254 16.168 0.007
4574.52097 16.189 0.008
4591.48450 16.179 0.008
4681.91261 16.544 0.008
4691.87813 16.551 0.009
4704.90887 16.584 0.010
4717.87467 16.553 0.007
4722.89427 16.537 0.008
4726.83514 16.544 0.008
4730.85704 16.520 0.008
4747.82818 16.520 0.008
4752.80705 16.489 0.009
4756.79890 16.459 0.008
4759.84601 16.462 0.007
4762.80574 16.469 0.008
4768.78376 16.455 0.008
4771.82564 16.456 0.008
4774.80639 16.454 0.008
4776.86007 16.439 0.009
4780.79310 16.423 0.009
4783.79099 16.414 0.007
4788.71754 16.401 0.008
4791.69395 16.402 0.007
4794.66376 16.398 0.007
4797.68105 16.376 0.008
4800.72713 16.397 0.007
4802.75881 16.376 0.007
4805.72820 16.381 0.007
4807.69078 16.349 0.008
4809.68355 16.351 0.007
4812.67115 16.352 0.008
4814.65915 16.316 0.008
4816.66082 16.323 0.007
4818.68294 16.331 0.007
4820.68989 16.310 0.007
4823.70303 16.300 0.007
4825.78230 16.289 0.008
4831.82424 16.288 0.008
4834.75745 16.249 0.008
4836.75981 16.267 0.007
4838.71038 16.243 0.007
4841.72699 16.261 0.007
4843.72627 16.247 0.008
4846.69221 16.250 0.007
4848.71810 16.273 0.007
4850.71020 16.266 0.007
4852.70440 16.276 0.007
4854.70777 16.260 0.007
4856.70395 16.266 0.007
4865.72321 16.280 0.007
4867.65947 16.283 0.007
4870.64496 16.276 0.007
4873.66743 16.290 0.007
4875.62543 16.282 0.008
4877.65078 16.293 0.007
4879.57924 16.268 0.007
4882.67236 16.251 0.007
4884.52218 16.245 0.008
4884.60990 16.248 0.007
4884.65813 16.261 0.008
4885.52304 16.224 0.007
4885.61472 16.237 0.007
4885.65517 16.227 0.007
4886.52185 16.207 0.007
4886.61977 16.228 0.007
4886.66446 16.245 0.007
4886.69604 16.233 0.007
4887.52144 16.238 0.007
4887.58855 16.253 0.007
4887.64625 16.241 0.007
4887.65382 16.230 0.006
4888.51857 16.250 0.008
4888.59044 16.257 0.007
4888.63437 16.243 0.007
4889.52339 16.235 0.008
4889.58817 16.240 0.007
4889.65377 16.251 0.007
4890.51627 16.233 0.007
4890.62455 16.237 0.007
4890.66511 16.227 0.007
4891.53292 16.226 0.007
4891.59398 16.228 0.007
4891.65407 16.231 0.007
4892.52085 16.201 0.007
4892.59306 16.223 0.007
4892.66164 16.222 0.007
4893.53533 16.203 0.007
4893.59979 16.202 0.008
4894.55377 16.216 0.007
4894.61881 16.217 0.007
4894.65032 16.207 0.007
4895.51920 16.196 0.007
4895.60235 16.200 0.007
4895.66405 16.217 0.007
4896.50765 16.187 0.007
4896.57507 16.201 0.007
4897.50946 16.177 0.007
4897.56614 16.200 0.007
4897.61463 16.195 0.007
4898.53129 16.173 0.008
4898.58348 16.166 0.008
4899.51011 16.169 0.007
4899.60640 16.187 0.007
4900.50894 16.155 0.008
4900.55003 16.162 0.008
4900.59417 16.163 0.007
4901.51150 16.158 0.009
4901.64944 16.160 0.008
4902.55457 16.140 0.008
4903.50684 16.137 0.008
4904.51543 16.138 0.008
4904.57109 16.146 0.008
4904.64520 16.138 0.007
4905.50033 16.136 0.008
4907.56199 16.114 0.007
4908.49878 16.103 0.007
4908.59700 16.117 0.007
4909.59620 16.110 0.007
4911.55889 16.102 0.007
4913.49803 16.073 0.007
4914.55151 16.068 0.007
4916.50936 16.068 0.007
4916.54198 16.065 0.007
4917.49430 16.042 0.007
4918.49430 16.050 0.007
4919.49373 16.029 0.007
4920.53251 16.019 0.007
4920.57286 16.021 0.007
4921.49205 16.010 0.007
4924.49084 15.978 0.007
4925.48946 15.979 0.007
4926.52968 15.966 0.007
4928.51671 15.954 0.007
4931.51201 15.936 0.007
4931.56649 15.934 0.007
4934.48890 15.922 0.007
4935.53317 15.913 0.007
4937.48366 15.903 0.006
4939.54012 15.883 0.007
4940.49709 15.874 0.007
4943.47743 15.870 0.007
4946.49959 15.862 0.007
4948.51663 15.837 0.007
4949.49193 15.839 0.007
4955.49984 15.806 0.007
