 726.80361 17.433 0.012
 728.86689 17.397 0.012
 729.84977 17.369 0.014
 739.83446 17.364 0.015
 742.84677 17.371 0.014
 744.81962 17.335 0.013
 745.82917 17.352 0.013
 746.86726 17.344 0.012
 747.68664 17.348 0.013
 748.66399 17.342 0.014
 750.74429 17.307 0.013
 751.77479 17.303 0.013
 752.83616 17.320 0.013
 754.84446 17.354 0.016
 755.74171 17.338 0.016
 759.74492 17.280 0.012
 760.79942 17.296 0.013
 762.82013 17.300 0.015
 769.83253 17.239 0.013
 773.81994 17.210 0.012
 776.84595 17.184 0.012
 779.78685 17.155 0.012
 781.80343 17.134 0.013
 783.81183 17.130 0.010
 788.81429 17.025 0.010
 790.82907 17.012 0.010
 795.78578 16.942 0.010
 798.78107 16.893 0.011
 805.84265 16.803 0.016
 816.83672 16.590 0.008
 817.77919 16.566 0.009
 824.72657 16.492 0.008
 826.69887 16.453 0.008
 827.66931 16.447 0.007
 828.72875 16.437 0.007
 829.79327 16.448 0.009
 830.61031 16.478 0.011
 831.61833 16.413 0.008
 832.74117 16.376 0.008
 833.67395 16.371 0.007
 834.72704 16.369 0.008
 835.69420 16.341 0.007
 836.66305 16.317 0.007
 837.64455 16.302 0.006
 838.77221 16.310 0.009
 839.64320 16.292 0.008
 840.76362 16.254 0.007
 842.67570 16.252 0.008
 844.62343 16.239 0.008
 845.64852 16.209 0.006
 850.71956 16.162 0.007
 854.75701 16.106 0.008
 855.74161 16.086 0.008
 856.64897 16.073 0.007
 857.70726 16.068 0.007
 858.66108 16.055 0.008
 859.73700 16.021 0.007
 860.67819 16.012 0.007
 865.54586 15.953 0.007
 867.60132 15.935 0.006
 874.71283 15.860 0.005
 876.58200 15.832 0.005
 876.68218 15.844 0.005
 878.71887 15.832 0.006
 880.60564 15.804 0.006
 885.61233 15.793 0.008
 887.65066 15.785 0.007
 890.67423 15.788 0.006
 892.56779 15.770 0.005
 895.61114 15.748 0.005
 898.58880 15.765 0.005
 918.60405 15.742 0.007
 922.50834 15.757 0.006
 928.57025 15.800 0.008
 933.53253 15.793 0.006
 951.49046 15.894 0.006
1041.90465 16.942 0.010
1072.85298 17.399 0.012
1078.81311 17.448 0.013
1080.86735 17.451 0.013
1081.81673 17.490 0.014
1083.88497 17.544 0.014
1084.79859 17.485 0.014
1086.81892 17.503 0.014
1089.78196 17.544 0.015
1090.80374 17.557 0.017
1091.86191 17.532 0.018
1092.86026 17.564 0.015
1102.86591 17.603 0.012
1107.84888 17.683 0.016
1109.79861 17.704 0.019
1113.86205 17.711 0.015
1116.80628 17.746 0.013
1126.70803 17.746 0.018
1129.80678 17.726 0.015
1131.81145 17.783 0.020
1132.80331 17.713 0.016
1134.81637 17.739 0.014
1142.75369 17.708 0.013
1151.84834 17.655 0.016
1153.71996 17.651 0.014
1155.67565 17.589 0.017
1157.73623 17.638 0.024
1159.74121 17.569 0.014
1161.80629 17.582 0.013
1163.80292 17.525 0.015
1165.80311 17.555 0.014
1167.73783 17.528 0.015
1168.74883 17.490 0.015
1171.71667 17.478 0.012
1174.84451 17.447 0.012
1178.76247 17.347 0.012
1181.72803 17.314 0.014
1183.76157 17.292 0.011
1185.81049 17.245 0.011
1187.76374 17.238 0.011
1189.75211 17.218 0.011
1191.81700 17.189 0.011
1192.84777 17.176 0.011
1194.66728 17.140 0.011
1196.68414 17.135 0.013
1202.68952 17.067 0.012
1204.66967 17.050 0.014
1207.68243 17.073 0.012
1211.69357 17.067 0.012
1213.72426 17.038 0.012
1214.73216 17.060 0.012
1215.55829 17.056 0.011
1216.62634 17.053 0.011
1217.69396 17.055 0.011
1219.63116 17.034 0.011
1221.60185 17.056 0.011
1223.69200 17.118 0.012
1224.57165 17.092 0.014
1226.57990 17.076 0.011
1227.58696 17.093 0.011
1232.67654 17.103 0.011
1235.57773 17.111 0.012
1237.56166 17.154 0.021
1238.66366 17.140 0.014
1241.56388 17.093 0.013
1242.63724 17.118 0.013
1243.60481 17.121 0.012
1245.54955 17.137 0.013
1247.68394 17.138 0.013
1248.65168 17.127 0.013
1251.60621 17.156 0.015
1254.56009 17.140 0.014
1255.59310 17.139 0.013
1258.59041 17.164 0.012
1260.61753 17.159 0.011
1266.60295 17.165 0.015
1268.52408 17.163 0.015
1275.54149 17.178 0.016
1278.52409 17.165 0.014
1281.53215 17.180 0.015
1290.50187 17.218 0.016
1296.59276 17.235 0.015
1300.53885 17.249 0.016
1305.51727 17.296 0.016
1308.54825 17.333 0.015
1315.50744 17.382 0.020
1318.49015 17.378 0.017
1320.53234 17.441 0.020
1331.49478 17.607 0.023
1431.83810 19.202 0.048
1433.83467 19.137 0.070
1435.88258 19.123 0.058
1437.87528 19.331 0.070
1441.85142 19.313 0.056
1443.80560 19.160 0.098
1447.77936 19.378 0.109
1448.87008 19.288 0.079
1453.79203 19.441 0.111
1455.78834 19.405 0.116
1458.77423 19.240 0.105
1460.78601 19.499 0.088
1461.74220 19.546 0.084
1471.75263 19.392 0.075
1475.84708 19.520 0.080
1478.77180 19.461 0.078
1481.83402 19.356 0.075
1484.83834 19.417 0.058
1487.83112 19.475 0.072
1491.76986 19.411 0.077
1493.71178 19.420 0.079
1495.75523 19.299 0.060
1498.67637 19.439 0.077
1500.81688 19.467 0.069
1503.70719 19.291 0.080
1505.81403 19.202 0.067
1507.71009 19.249 0.085
1508.82668 19.278 0.058
1509.68821 19.367 0.062
1510.65372 19.344 0.054
1511.73634 19.211 0.064
1512.77037 19.227 0.063
1514.78486 19.277 0.065
1516.83063 19.182 0.053
1518.70252 19.216 0.056
1520.72783 19.282 0.061
1522.72851 19.211 0.061
1523.72867 19.239 0.074
1525.70461 19.234 0.054
1527.76995 19.216 0.057
1528.69588 19.280 0.056
1529.82132 19.191 0.049
1531.71327 19.114 0.054
1538.67039 19.011 0.047
1541.62622 18.852 0.036
1542.78059 19.026 0.048
1544.68292 18.932 0.036
1546.70761 18.884 0.059
1547.70922 18.906 0.032
1548.68638 18.968 0.038
1551.71574 18.877 0.032
1552.64865 18.833 0.039
1553.67235 18.826 0.039
1554.65095 18.726 0.032
1555.67544 18.766 0.042
1556.64958 18.769 0.037
1560.64130 18.644 0.049
1564.56042 18.529 0.042
1568.63709 18.516 0.035
1571.64679 18.505 0.030
1575.66116 18.423 0.033
1578.70148 18.366 0.031
1580.71227 18.391 0.026
1582.64676 18.354 0.028
1585.63753 18.325 0.029
1588.64081 18.298 0.033
1591.60466 18.302 0.046
1595.59790 18.248 0.031
1599.66389 18.185 0.025
1600.63075 18.166 0.033
1601.62390 18.130 0.030
1602.69035 18.203 0.027
1604.62195 18.149 0.024
1606.57891 18.161 0.027
1609.53515 18.157 0.029
1610.55007 18.113 0.029
1611.61016 18.125 0.025
1613.59054 18.141 0.026
1614.66160 18.070 0.035
1616.51926 18.081 0.020
1618.66844 18.104 0.029
1619.55848 18.026 0.030
1621.55462 18.035 0.029
1623.65177 18.114 0.031
1625.63283 18.112 0.026
1627.60312 18.012 0.029
1628.54304 18.030 0.023
1630.51467 17.979 0.033
1631.51250 18.052 0.023
1633.62790 18.080 0.021
1635.51089 18.028 0.025
1643.58690 18.064 0.039
1645.51998 18.114 0.047
1653.50532 18.065 0.031
1655.54923 18.090 0.028
1657.55871 18.060 0.032
1659.57332 18.108 0.030
1662.54091 18.060 0.024
1664.56398 18.137 0.031
1669.53389 18.090 0.038
1672.50661 18.205 0.033
1687.50422 18.218 0.044
1695.48957 18.289 0.036
1766.88232 18.841 0.067
1768.86794 18.738 0.047
1773.92627 18.802 0.041
1782.85751 18.931 0.051
1788.86594 19.007 0.042
1804.86118 18.920 0.050
1811.88175 19.080 0.046
1815.85794 18.942 0.042
1822.73963 18.986 0.047
1829.88890 19.003 0.081
1844.79681 18.952 0.041
1850.77815 18.869 0.051
1854.83515 18.925 0.038
1858.78228 18.727 0.051
1860.82462 18.808 0.047
1863.79776 18.788 0.035
1866.74845 18.734 0.035
1868.72954 18.728 0.029
1870.85059 18.857 0.056
1874.77138 18.693 0.032
2166.89599 18.337 0.031
2173.81641 18.434 0.030
2189.88779 18.341 0.035
2192.79042 18.351 0.026
2201.80321 18.248 0.021
2212.83488 18.229 0.027
2217.81969 18.158 0.030
2223.83950 18.218 0.027
2226.81951 18.101 0.027
2228.85650 18.121 0.026
2232.78980 18.115 0.029
2234.78398 18.178 0.026
2238.74766 18.162 0.024
2240.86385 18.031 0.042
2243.68943 18.059 0.028
2248.75732 18.121 0.024
2251.71927 18.063 0.021
2253.80337 17.992 0.020
2255.67832 18.013 0.024
2261.69858 17.937 0.020
2269.81304 17.855 0.020
2271.76044 17.828 0.017
2273.84552 17.783 0.023
2274.63016 17.816 0.026
2276.73728 17.784 0.020
2278.63580 17.705 0.017
2280.63400 17.659 0.017
2282.64257 17.619 0.018
2289.77622 17.398 0.015
2291.78431 17.333 0.017
2293.75006 17.335 0.018
2295.77197 17.255 0.013
2297.76528 17.176 0.014
2299.80585 17.080 0.015
2301.69995 17.037 0.015
2303.69614 16.987 0.015
2327.52508 16.647 0.011
2332.55796 16.612 0.012
2333.52201 16.621 0.012
2339.51019 16.570 0.010
2347.50489 16.540 0.010
2402.49883 16.593 0.012
2524.89464 17.679 0.020
2537.89458 17.689 0.026
2542.85715 17.741 0.018
2552.80423 17.640 0.019
2556.79747 17.723 0.019
2559.84565 17.688 0.019
2563.89091 17.693 0.027
2564.81361 17.677 0.019
2578.73963 17.617 0.021
2583.77512 17.572 0.019
2589.81785 17.536 0.015
2596.70611 17.470 0.021
2605.70737 17.390 0.015
2609.69811 17.324 0.016
2614.63292 17.274 0.013
2618.69058 17.213 0.014
2620.81853 17.173 0.012
2623.78941 17.153 0.013
2627.65416 17.049 0.016
2629.67768 17.036 0.013
2634.72577 16.927 0.011
2635.59788 16.906 0.010
2637.79694 16.858 0.014
2639.62284 16.831 0.009
2641.68833 16.773 0.010
2643.69711 16.721 0.010
2645.68652 16.691 0.009
2647.64424 16.631 0.009
2650.85967 16.571 0.009
2653.62582 16.523 0.009
2655.73911 16.517 0.009
2657.59178 16.464 0.009
2659.60678 16.437 0.009
2661.82478 16.414 0.010
2663.83883 16.401 0.011
2665.84374 16.388 0.010
2668.59373 16.338 0.009
2670.59888 16.308 0.008
2672.58545 16.303 0.009
2674.60683 16.264 0.008
2676.59330 16.248 0.008
2678.66224 16.214 0.008
2678.66608 16.217 0.008
2680.59179 16.197 0.007
2682.64062 16.178 0.008
2686.63517 16.142 0.008
2695.61752 16.065 0.008
2700.57163 16.040 0.007
2706.59047 16.028 0.008
2713.55552 16.035 0.008
2840.93324 16.696 0.012
2868.87300 16.963 0.012
2885.83797 17.088 0.012
2892.86754 17.097 0.015
2897.83688 17.129 0.014
2903.88267 17.149 0.012
2906.88582 17.147 0.012
2911.76562 17.167 0.012
2916.80970 17.135 0.012
2922.79958 17.092 0.015
2925.88810 17.092 0.015
2930.80074 17.073 0.012
2933.84509 17.072 0.011
2939.85337 17.021 0.013
2942.80300 17.029 0.011
2944.84740 17.014 0.012
2946.84931 17.005 0.012
2948.86575 17.000 0.012
2952.83984 16.978 0.012
2956.67909 16.959 0.013
2958.70580 16.957 0.012
2962.71666 16.930 0.011
2965.73576 16.890 0.010
2967.83530 16.886 0.010
2970.80067 16.855 0.010
2974.73847 16.813 0.010
2976.77317 16.801 0.010
2978.73700 16.789 0.011
2978.75326 16.781 0.011
2980.69331 16.763 0.010
2982.65272 16.742 0.010
2984.70328 16.702 0.010
2986.78138 16.683 0.010
2988.75065 16.630 0.010
2990.62281 16.634 0.009
2992.77338 16.591 0.009
2994.61962 16.564 0.010
2995.62923 16.562 0.008
2997.63820 16.528 0.008
2999.75792 16.489 0.009
3001.72973 16.486 0.009
3003.70325 16.445 0.008
3005.69401 16.445 0.009
3007.70843 16.406 0.009
3009.70649 16.381 0.008
3011.67580 16.339 0.009
3013.67904 16.299 0.008
3017.68944 16.194 0.009
3019.61701 16.171 0.008
3021.73616 16.108 0.007
3023.59814 16.056 0.007
3024.79918 16.028 0.007
3026.79549 15.979 0.007
3028.80746 15.946 0.007
3031.66940 15.909 0.006
3033.73335 15.884 0.006
3035.73969 15.875 0.007
3038.71808 15.831 0.006
3041.58627 15.810 0.008
3043.62165 15.787 0.007
3045.65533 15.765 0.006
3047.60940 15.753 0.006
3049.61502 15.731 0.006
3051.58229 15.719 0.006
3053.57742 15.697 0.006
3055.57656 15.683 0.006
3057.60141 15.671 0.006
3060.62389 15.661 0.006
3064.62822 15.654 0.006
3067.68520 15.632 0.006
3070.53355 15.635 0.006
3073.60023 15.648 0.007
3075.64945 15.619 0.006
3078.56956 15.619 0.006
3082.55893 15.620 0.006
3084.63584 15.612 0.006
3087.59750 15.595 0.006
3090.56129 15.610 0.006
3099.49610 15.575 0.006
3102.52290 15.582 0.006
3105.56152 15.600 0.007
3108.53999 15.555 0.006
3112.51134 15.562 0.006
3116.49862 15.564 0.006
3126.50434 15.539 0.006
3146.46686 15.578 0.006
3241.89188 16.416 0.009
3247.92472 16.467 0.010
3256.90326 16.527 0.009
3263.87815 16.551 0.008
3268.89372 16.560 0.008
3273.86898 16.555 0.009
3277.85820 16.546 0.008
3281.84830 16.567 0.008
3287.70986 16.559 0.008
3289.86205 16.563 0.008
3294.85751 16.522 0.007
3296.86526 16.526 0.008
3301.71622 16.493 0.009
3304.77888 16.484 0.009
3306.85991 16.453 0.008
3308.87668 16.423 0.010
3311.68702 16.401 0.008
3320.72981 16.360 0.007
3327.69884 16.301 0.007
3329.84946 16.284 0.007
3334.75540 16.260 0.008
3338.80552 16.215 0.007
3350.63179 16.068 0.006
3354.63752 16.041 0.007
3358.69099 15.978 0.006
3361.79126 15.941 0.006
3363.74620 15.929 0.006
3367.70002 15.878 0.006
3372.71844 15.794 0.006
3378.63118 15.708 0.006
3382.60937 15.618 0.006
3391.69874 15.430 0.005
3395.69015 15.350 0.005
3399.66622 15.290 0.005
3402.68308 15.247 0.005
3404.61366 15.209 0.005
3408.56428 15.153 0.005
3412.60970 15.135 0.005
3416.59310 15.125 0.005
3424.59620 15.122 0.005
3430.57060 15.096 0.005
3437.50882 15.095 0.005
3445.51352 15.090 0.005
3453.53527 15.071 0.005
3462.51053 15.074 0.005
3582.91714 15.982 0.007
3589.92391 16.113 0.006
3617.90935 16.465 0.008
3629.84900 16.586 0.009
3634.81437 16.611 0.009
3639.86729 16.608 0.008
3641.85818 16.605 0.009
3650.85351 16.633 0.008
3653.88138 16.622 0.008
3657.83462 16.592 0.008
3661.81848 16.600 0.009
3666.81470 16.597 0.008
3671.84757 16.577 0.008
3675.83014 16.544 0.008
3683.85126 16.504 0.008
3687.74397 16.505 0.008
3689.84444 16.491 0.008
3692.76833 16.476 0.008
3694.78323 16.484 0.008
3696.72570 16.466 0.007
3699.72826 16.424 0.007
3701.77935 16.410 0.007
3704.68831 16.372 0.007
3706.81709 16.353 0.008
3711.69077 16.291 0.008
3713.70448 16.244 0.007
3716.80364 16.213 0.007
3719.78457 16.158 0.009
3725.77623 16.025 0.007
3727.75101 15.986 0.006
3730.64632 15.937 0.006
3732.67083 15.895 0.006
3734.76881 15.852 0.006
3736.78519 15.813 0.006
3737.67376 15.802 0.006
3739.77278 15.760 0.006
3742.59574 15.716 0.006
3745.70724 15.654 0.005
3747.73680 15.632 0.007
3749.61964 15.588 0.006
3751.72376 15.562 0.005
3753.59539 15.535 0.006
3755.63292 15.497 0.006
3757.66639 15.485 0.005
3759.73001 15.450 0.005
3762.71833 15.410 0.005
3765.73690 15.358 0.005
3770.57841 15.302 0.005
3773.58578 15.241 0.005
3776.58481 15.186 0.005
3779.57482 15.129 0.005
3782.62457 15.075 0.005
3787.54942 15.007 0.005
3791.59664 14.962 0.005
3799.52113 14.962 0.005
3821.49913 14.984 0.005
3945.92378 16.368 0.007
3963.91997 16.609 0.009
3969.85043 16.657 0.009
3975.90048 16.733 0.009
3981.82968 16.793 0.011
3995.88010 16.906 0.011
4001.83320 16.932 0.010
4005.81104 16.958 0.010
4007.81512 16.941 0.010
4011.81525 16.951 0.011
4018.80678 16.973 0.011
4023.83887 16.978 0.010
4026.74525 16.987 0.010
4028.88141 16.949 0.011
4031.76915 16.944 0.011
4037.87825 16.963 0.012
4040.84518 16.941 0.011
4042.86089 16.916 0.010
4046.73590 16.951 0.011
4048.82544 16.934 0.012
4052.66760 16.946 0.009
4053.86523 16.923 0.011
4056.71213 16.907 0.011
4058.65019 16.919 0.010
4063.64422 16.932 0.010
4066.64202 16.884 0.011
4069.70764 16.894 0.010
4071.63625 16.913 0.011
4076.70850 16.912 0.010
4079.72118 16.918 0.011
4083.63811 16.879 0.012
4085.70340 16.870 0.010
4092.82072 16.792 0.008
4104.86755 16.543 0.011
4112.69221 16.322 0.006
4117.68108 16.197 0.007
4121.65711 16.119 0.007
4124.73996 16.063 0.006
4129.75252 16.002 0.006
4142.61154 15.955 0.008
4150.59997 15.871 0.007
4155.51331 15.824 0.007
4166.54214 15.765 0.007
4196.49164 15.768 0.007
4341.86766 18.006 0.028
4347.81760 18.078 0.028
4351.86353 18.127 0.027
4363.80010 18.149 0.031
4366.85066 18.121 0.030
4369.89119 18.180 0.030
4372.79414 18.189 0.025
4376.88451 18.087 0.031
4379.89095 18.170 0.032
4386.75208 18.147 0.023
4388.88998 18.117 0.053
4393.76303 18.148 0.023
4398.83929 18.054 0.023
4403.84570 18.042 0.028
4411.77465 18.021 0.023
4411.83632 18.031 0.024
4418.72549 17.987 0.018
4422.82207 17.979 0.020
4429.75329 17.811 0.032
4432.69022 17.890 0.021
4436.72963 17.796 0.021
4439.79532 17.742 0.025
4443.66502 17.781 0.023
4448.81901 17.717 0.017
4451.65924 17.650 0.017
4455.65801 17.597 0.020
4457.71355 17.587 0.018
4460.74363 17.549 0.018
4464.70630 17.457 0.013
4467.69881 17.417 0.014
4471.70053 17.326 0.013
4476.66756 17.280 0.012
4480.66735 17.193 0.012
4484.74637 17.112 0.014
4488.66889 17.048 0.013
4493.67102 16.919 0.012
4498.64941 16.879 0.010
4501.64245 16.790 0.010
4506.58054 16.751 0.011
4508.59055 16.701 0.010
4510.66970 16.678 0.010
4516.61943 16.589 0.012
4519.68586 16.554 0.010
4521.53463 16.534 0.010
4524.51980 16.514 0.011
4530.59925 16.449 0.009
4532.62750 16.445 0.009
4537.58916 16.405 0.009
4540.64034 16.408 0.009
4544.59430 16.408 0.010
4547.53686 16.425 0.010
4556.55255 16.447 0.009
4561.53002 16.481 0.009
4568.48471 16.517 0.009
4575.50762 16.546 0.009
4592.50484 16.587 0.012
4600.48834 16.641 0.011
4682.91221 17.388 0.015
4691.92055 17.486 0.017
4704.92588 17.447 0.027
4719.84851 17.555 0.018
4724.79472 17.626 0.019
4727.88529 17.545 0.018
4733.89155 17.613 0.018
4741.81394 17.617 0.015
4747.75664 17.593 0.015
4747.87322 17.627 0.016
4748.78121 17.616 0.016
4749.70738 17.545 0.019
4752.83245 17.537 0.018
4756.84169 17.541 0.016
4760.72456 17.516 0.015
4762.84835 17.533 0.015
4768.82628 17.463 0.014
4771.86861 17.413 0.018
4775.70196 17.409 0.015
4777.71656 17.391 0.014
4779.69390 17.364 0.015
4780.70591 17.349 0.015
4781.67991 17.351 0.015
4782.64039 17.316 0.016
4782.84297 17.326 0.015
4783.67218 17.318 0.014
4783.83414 17.305 0.013
4783.85184 17.330 0.014
4784.67486 17.261 0.020
4784.85821 17.281 0.016
4786.68744 17.259 0.013
4787.67342 17.263 0.019
4788.76370 17.246 0.013
4791.77421 17.187 0.011
4794.74559 17.128 0.012
4797.72680 17.087 0.012
4800.68830 17.034 0.011
4801.63490 17.006 0.012
4802.65536 17.004 0.011
4802.80158 16.998 0.011
4803.62463 16.990 0.011
4804.82600 16.980 0.010
4805.84879 16.925 0.010
4807.80385 16.893 0.010
4809.84162 16.870 0.010
4812.69064 16.817 0.013
4814.70675 16.773 0.011
4816.70363 16.750 0.011
4818.75964 16.720 0.009
4820.73717 16.674 0.009
4823.76352 16.659 0.009
4825.83706 16.611 0.010
4835.66718 16.416 0.009
4837.72498 16.387 0.009
4840.69061 16.305 0.008
4842.67533 16.263 0.007
4844.67447 16.195 0.007
4847.74148 16.124 0.007
4849.73838 16.091 0.008
4852.74719 16.019 0.007
4854.72322 15.984 0.007
4856.71864 15.928 0.007
4857.62540 15.916 0.007
4858.67475 15.902 0.007
4859.62194 15.886 0.007
4861.67713 15.845 0.006
4861.71884 15.844 0.007
4865.68448 15.765 0.006
4867.67424 15.735 0.006
4870.68744 15.684 0.006
4873.71817 15.640 0.006
4875.68999 15.639 0.006
4877.61207 15.635 0.006
4879.66871 15.602 0.006
4884.68116 15.568 0.006
4888.56878 15.552 0.006
4902.60510 15.502 0.006
4911.61445 15.514 0.006
4914.53025 15.543 0.006
4915.49134 15.555 0.007
4915.58625 15.548 0.006
4916.49717 15.548 0.006
4916.57419 15.547 0.006
4917.50647 15.547 0.006
4918.50591 15.554 0.006
4919.54865 15.565 0.006
4925.55882 15.581 0.006
4929.48474 15.630 0.007
4929.53016 15.608 0.007
4930.48016 15.633 0.007
4931.48049 15.647 0.007
4932.56553 15.634 0.007
4936.52960 15.667 0.006
4938.52817 15.684 0.007
4942.54445 15.698 0.006
4949.51273 15.747 0.006
4954.46621 15.789 0.008
